FPR,TPR,Threshold
0.0,0.0,1.96282160282135
0.0,0.000925925925925926,0.9628216028213501
0.0,0.4842592592592593,0.7697444558143616
0.0007575757575757576,0.4842592592592593,0.7695754170417786
0.0007575757575757576,0.4888888888888889,0.768056333065033
0.0015151515151515152,0.4888888888888889,0.767735481262207
0.0015151515151515152,0.4962962962962963,0.7662351131439209
0.0022727272727272726,0.4962962962962963,0.7660483717918396
0.0022727272727272726,0.49722222222222223,0.7656741738319397
0.0030303030303030303,0.49722222222222223,0.7656358480453491
0.0030303030303030303,0.5268518518518519,0.7586898803710938
0.003787878787878788,0.5268518518518519,0.7583365440368652
0.003787878787878788,0.5333333333333333,0.7559567093849182
0.004545454545454545,0.5333333333333333,0.7558308243751526
0.004545454545454545,0.5398148148148149,0.7537221908569336
0.005303030303030303,0.5398148148148149,0.7531172633171082
0.005303030303030303,0.5407407407407407,0.752610445022583
0.006060606060606061,0.5407407407407407,0.7525413036346436
0.006060606060606061,0.5435185185185185,0.7514681220054626
0.006818181818181818,0.5435185185185185,0.7503789663314819
0.006818181818181818,0.5444444444444444,0.7503648996353149
0.007575757575757576,0.5444444444444444,0.7498580813407898
0.007575757575757576,0.5555555555555556,0.7445951700210571
0.008333333333333333,0.5555555555555556,0.7445244789123535
0.008333333333333333,0.5583333333333333,0.743681013584137
0.00909090909090909,0.5583333333333333,0.7433536648750305
0.00909090909090909,0.5592592592592592,0.7432942390441895
0.010606060606060607,0.5592592592592592,0.7427774667739868
0.010606060606060607,0.5611111111111111,0.7412669062614441
0.011363636363636364,0.5611111111111111,0.7411637902259827
0.011363636363636364,0.562962962962963,0.740851640701294
0.015151515151515152,0.562962962962963,0.7385550141334534
0.015151515151515152,0.5638888888888889,0.7382687330245972
0.016666666666666666,0.5638888888888889,0.7366499900817871
0.016666666666666666,0.5657407407407408,0.7353149652481079
0.017424242424242425,0.5657407407407408,0.7351115345954895
0.017424242424242425,0.5685185185185185,0.7342482805252075
0.01893939393939394,0.5685185185185185,0.7341400980949402
0.01893939393939394,0.5694444444444444,0.7341205477714539
0.022727272727272728,0.5694444444444444,0.7317667603492737
0.022727272727272728,0.5740740740740741,0.726203441619873
0.023484848484848483,0.5740740740740741,0.7257062196731567
0.023484848484848483,0.575,0.7238903641700745
0.025,0.575,0.7229790687561035
0.025,0.5768518518518518,0.7227575182914734
0.02727272727272727,0.5768518518518518,0.71941077709198
0.02727272727272727,0.5777777777777777,0.7180599570274353
0.02878787878787879,0.5777777777777777,0.7150641083717346
0.02878787878787879,0.5824074074074074,0.7124425172805786
0.030303030303030304,0.5824074074074074,0.7120826244354248
0.030303030303030304,0.6425925925925926,0.6769657731056213
0.03106060606060606,0.6425925925925926,0.6705276370048523
0.03106060606060606,0.6453703703703704,0.6675865650177002
0.031818181818181815,0.6453703703703704,0.6671347618103027
0.031818181818181815,0.6481481481481481,0.6662639379501343
0.035606060606060606,0.6481481481481481,0.6650170683860779
0.035606060606060606,0.649074074074074,0.6643205285072327
0.03636363636363636,0.649074074074074,0.6640145182609558
0.03636363636363636,0.6509259259259259,0.6633571982383728
0.04090909090909091,0.6509259259259259,0.6587142944335938
0.04090909090909091,0.6518518518518519,0.6584124565124512
0.045454545454545456,0.6518518518518519,0.6550265550613403
0.045454545454545456,0.775,0.5875272154808044
0.04772727272727273,0.775,0.585401177406311
0.04772727272727273,0.7796296296296297,0.5814853310585022
0.048484848484848485,0.7796296296296297,0.5804972052574158
0.048484848484848485,0.7824074074074074,0.5769967436790466
0.05075757575757576,0.7824074074074074,0.5751749873161316
0.05075757575757576,0.7833333333333333,0.5739466547966003
0.05303030303030303,0.7833333333333333,0.571937084197998
0.05303030303030303,0.7842592592592592,0.5718405246734619
0.056818181818181816,0.7842592592592592,0.5679178237915039
0.056818181818181816,0.787962962962963,0.5636969208717346
0.05757575757575758,0.787962962962963,0.5635579228401184
0.05757575757575758,0.7898148148148149,0.5624308586120605
0.06060606060606061,0.7898148148148149,0.560521125793457
0.06060606060606061,0.7907407407407407,0.5544912219047546
0.06515151515151515,0.7907407407407407,0.546607255935669
0.06515151515151515,0.7916666666666666,0.5449955463409424
0.06893939393939394,0.7916666666666666,0.5412826538085938
0.06893939393939394,0.7935185185185185,0.5409175157546997
0.0696969696969697,0.7935185185185185,0.5406531691551208
0.0696969696969697,0.7944444444444444,0.540209949016571
0.07272727272727272,0.7944444444444444,0.5371346473693848
0.07272727272727272,0.7953703703703704,0.5362919569015503
0.07348484848484849,0.7953703703703704,0.5361585021018982
0.07348484848484849,0.7962962962962963,0.5350440740585327
0.07424242424242425,0.7962962962962963,0.5335463881492615
0.07424242424242425,0.7972222222222223,0.5329396724700928
0.07575757575757576,0.7972222222222223,0.5314263105392456
0.07575757575757576,0.8148148148148148,0.5017571449279785
0.12196969696969696,0.8148148148148148,0.4294184148311615
0.12196969696969696,0.8166666666666667,0.42878469824790955
0.12424242424242424,0.8166666666666667,0.42633572220802307
0.12424242424242424,0.8175925925925925,0.4262470602989197
0.12575757575757576,0.8175925925925925,0.4243656098842621
0.12575757575757576,0.8185185185185185,0.4233068525791168
0.12727272727272726,0.8185185185185185,0.42223402857780457
0.12727272727272726,0.8194444444444444,0.4208132326602936
0.12803030303030302,0.8194444444444444,0.4205993413925171
0.12803030303030302,0.8203703703703704,0.4200079143047333
0.12954545454545455,0.8203703703703704,0.41916611790657043
0.12954545454545455,0.8212962962962963,0.41898930072784424
0.13333333333333333,0.8212962962962963,0.4173729121685028
0.13333333333333333,0.8240740740740741,0.41642531752586365
0.13787878787878788,0.8240740740740741,0.4138173758983612
0.13787878787878788,0.825,0.4133590757846832
0.13863636363636364,0.825,0.4133206605911255
0.13863636363636364,0.8268518518518518,0.41328591108322144
0.14015151515151514,0.8268518518518518,0.41297322511672974
0.14015151515151514,0.8287037037037037,0.41211867332458496
0.1409090909090909,0.8287037037037037,0.41109326481819153
0.1409090909090909,0.8296296296296296,0.4110398590564728
0.14166666666666666,0.8296296296296296,0.41081467270851135
0.14166666666666666,0.8305555555555556,0.41054344177246094
0.14393939393939395,0.8305555555555556,0.4102493226528168
0.14393939393939395,0.8314814814814815,0.4101179540157318
0.14469696969696969,0.8314814814814815,0.40979164838790894
0.14469696969696969,0.8333333333333334,0.40813398361206055
0.15757575757575756,0.8333333333333334,0.3940529227256775
0.15757575757575756,0.8342592592592593,0.39376869797706604
0.15833333333333333,0.8342592592592593,0.39339718222618103
0.15833333333333333,0.8351851851851851,0.39333558082580566
0.15984848484848485,0.8351851851851851,0.3919828236103058
0.15984848484848485,0.8388888888888889,0.3907250761985779
0.1606060606060606,0.8388888888888889,0.39041072130203247
0.1606060606060606,0.8407407407407408,0.38981977105140686
0.16136363636363638,0.8407407407407408,0.3896898329257965
0.16136363636363638,0.8444444444444444,0.38875964283943176
0.16515151515151516,0.8444444444444444,0.3872084617614746
0.16515151515151516,0.8462962962962963,0.38657742738723755
0.16666666666666666,0.8462962962962963,0.3858274519443512
0.16666666666666666,0.8481481481481481,0.38510698080062866
0.16742424242424242,0.8481481481481481,0.3839236795902252
0.16742424242424242,0.8490740740740741,0.3837769031524658
0.17196969696969697,0.8490740740740741,0.38122129440307617
0.17196969696969697,0.850925925925926,0.3808799088001251
0.17272727272727273,0.850925925925926,0.38076168298721313
0.17272727272727273,0.8527777777777777,0.3806268572807312
0.1734848484848485,0.8527777777777777,0.3804625868797302
0.1734848484848485,0.8555555555555555,0.37663954496383667
0.17424242424242425,0.8555555555555555,0.37548843026161194
0.17424242424242425,0.8574074074074074,0.3743813931941986
0.175,0.8574074074074074,0.37403103709220886
0.175,0.8583333333333333,0.37331709265708923
0.17727272727272728,0.8583333333333333,0.37243664264678955
0.17727272727272728,0.8629629629629629,0.3695277273654938
0.17803030303030304,0.8629629629629629,0.36914268136024475
0.17803030303030304,0.8638888888888889,0.36831989884376526
0.17954545454545454,0.8638888888888889,0.36768853664398193
0.17954545454545454,0.8657407407407407,0.3670491874217987
0.18106060606060606,0.8657407407407407,0.3668464124202728
0.18106060606060606,0.8666666666666667,0.3663564920425415
0.18181818181818182,0.8666666666666667,0.36613574624061584
0.18181818181818182,0.8685185185185185,0.3657732605934143
0.18409090909090908,0.8685185185185185,0.3650009036064148
0.18409090909090908,0.8703703703703703,0.3633365035057068
0.18787878787878787,0.8703703703703703,0.36052581667900085
0.18787878787878787,0.8722222222222222,0.36020511388778687
0.18863636363636363,0.8722222222222222,0.36016711592674255
0.18863636363636363,0.8731481481481481,0.3591974377632141
0.19015151515151515,0.8731481481481481,0.35870617628097534
0.19015151515151515,0.8740740740740741,0.358698308467865
0.20075757575757575,0.8740740740740741,0.35484492778778076
0.20075757575757575,0.8768518518518519,0.35466304421424866
0.20681818181818182,0.8768518518518519,0.3521149456501007
0.20681818181818182,0.8777777777777778,0.3519521653652191
0.20757575757575758,0.8777777777777778,0.3511570394039154
0.20757575757575758,0.8787037037037037,0.35099974274635315
0.20984848484848484,0.8787037037037037,0.34815678000450134
0.20984848484848484,0.8796296296296297,0.3473540246486664
0.2106060606060606,0.8796296296296297,0.3467884957790375
0.2106060606060606,0.8824074074074074,0.34557896852493286
0.21212121212121213,0.8824074074074074,0.3447560966014862
0.21212121212121213,0.8962962962962963,0.327900230884552
0.2128787878787879,0.8962962962962963,0.32279494404792786
0.2128787878787879,0.9,0.31891149282455444
0.21363636363636362,0.9,0.31842419505119324
0.21363636363636362,0.9009259259259259,0.3180418908596039
0.21515151515151515,0.9009259259259259,0.31303152441978455
0.21515151515151515,0.9138888888888889,0.3048483729362488
0.2159090909090909,0.9138888888888889,0.3041830360889435
0.2159090909090909,0.9203703703703704,0.3010886013507843
0.21666666666666667,0.9203703703703704,0.3007608652114868
0.21666666666666667,0.9231481481481482,0.2996521592140198
0.21742424242424244,0.9231481481481482,0.29939818382263184
0.21742424242424244,0.925,0.29915863275527954
0.21818181818181817,0.925,0.2986167073249817
0.21818181818181817,0.9296296296296296,0.295497328042984
0.2196969696969697,0.9296296296296296,0.29391056299209595
0.2196969696969697,0.9314814814814815,0.29311665892601013
0.22196969696969698,0.9314814814814815,0.29218918085098267
0.22196969696969698,0.9324074074074075,0.2916022837162018
0.22272727272727272,0.9324074074074075,0.29109111428260803
0.22272727272727272,0.9333333333333333,0.2908240258693695
0.22727272727272727,0.9333333333333333,0.28874897956848145
0.22727272727272727,0.9342592592592592,0.2887211740016937
0.23333333333333334,0.9342592592592592,0.28471556305885315
0.23333333333333334,0.9351851851851852,0.2842659056186676
0.23787878787878788,0.9351851851851852,0.2831656336784363
0.23787878787878788,0.9361111111111111,0.2825985550880432
0.24015151515151514,0.9361111111111111,0.2817847728729248
0.24015151515151514,0.937962962962963,0.2812075614929199
0.24242424242424243,0.937962962962963,0.28067198395729065
0.24242424242424243,0.9388888888888889,0.28050944209098816
0.24393939393939393,0.9388888888888889,0.28036561608314514
0.24393939393939393,0.9398148148148148,0.27967366576194763
0.24545454545454545,0.9398148148148148,0.2796282172203064
0.24545454545454545,0.9407407407407408,0.2794060707092285
0.24772727272727274,0.9407407407407408,0.27638164162635803
0.24772727272727274,0.9425925925925925,0.2760884463787079
0.24924242424242424,0.9425925925925925,0.2755555212497711
0.24924242424242424,0.9444444444444444,0.27452147006988525
0.25303030303030305,0.9444444444444444,0.27233099937438965
0.25303030303030305,0.9462962962962963,0.27178189158439636
0.2545454545454545,0.9462962962962963,0.27147719264030457
0.2545454545454545,0.9472222222222222,0.27104660868644714
0.25606060606060604,0.9472222222222222,0.27049267292022705
0.25606060606060604,0.9490740740740741,0.2695983946323395
0.2606060606060606,0.9490740740740741,0.2683141827583313
0.2606060606060606,0.950925925925926,0.26801130175590515
0.2643939393939394,0.950925925925926,0.2658018469810486
0.2643939393939394,0.9527777777777777,0.2652192711830139
0.26666666666666666,0.9527777777777777,0.264659583568573
0.26666666666666666,0.9537037037037037,0.2646578252315521
0.2681818181818182,0.9537037037037037,0.2639077603816986
0.2681818181818182,0.9574074074074074,0.2622050940990448
0.2689393939393939,0.9574074074074074,0.26181164383888245
0.2689393939393939,0.9583333333333334,0.2611641585826874
0.271969696969697,0.9583333333333334,0.2592027187347412
0.271969696969697,0.9592592592592593,0.258646696805954
0.2727272727272727,0.9592592592592593,0.2580704987049103
0.2727272727272727,0.9611111111111111,0.2555769681930542
0.27424242424242423,0.9611111111111111,0.25456318259239197
0.27424242424242423,0.962037037037037,0.2537817358970642
0.275,0.962037037037037,0.2535484731197357
0.275,0.9629629629629629,0.25336912274360657
0.30757575757575756,0.9629629629629629,0.23349906504154205
0.30757575757575756,0.9638888888888889,0.23346222937107086
0.31212121212121213,0.9638888888888889,0.22798475623130798
0.31212121212121213,0.9648148148148148,0.2279755175113678
0.31666666666666665,0.9648148148148148,0.2230108380317688
0.31666666666666665,0.9657407407407408,0.22294151782989502
0.3212121212121212,0.9657407407407408,0.22107183933258057
0.3212121212121212,0.9666666666666667,0.2209962159395218
0.3287878787878788,0.9666666666666667,0.21653246879577637
0.3287878787878788,0.9675925925925926,0.21460291743278503
0.3333333333333333,0.9675925925925926,0.21074172854423523
0.3333333333333333,0.9703703703703703,0.20603325963020325
0.33560606060606063,0.9703703703703703,0.19982212781906128
0.33560606060606063,0.9712962962962963,0.19960109889507294
0.3386363636363636,0.9712962962962963,0.19672812521457672
0.3386363636363636,0.9722222222222222,0.1965377777814865
0.35075757575757577,0.9722222222222222,0.19177007675170898
0.35075757575757577,0.9731481481481481,0.1917370855808258
0.35454545454545455,0.9731481481481481,0.19046102464199066
0.35454545454545455,0.9740740740740741,0.19022808969020844
0.3621212121212121,0.9740740740740741,0.18725799024105072
0.3621212121212121,0.975925925925926,0.18619081377983093
0.36742424242424243,0.975925925925926,0.1854063719511032
0.36742424242424243,0.9768518518518519,0.1853523999452591
0.3696969696969697,0.9768518518518519,0.18512415885925293
0.3696969696969697,0.9787037037037037,0.1845853179693222
0.3712121212121212,0.9787037037037037,0.18422405421733856
0.3712121212121212,0.9796296296296296,0.184197798371315
0.37575757575757573,0.9796296296296296,0.182911679148674
0.37575757575757573,0.9805555555555555,0.18228957056999207
0.3765151515151515,0.9805555555555555,0.18226933479309082
0.3765151515151515,0.9824074074074074,0.18078160285949707
0.37727272727272726,0.9824074074074074,0.1806774139404297
0.37727272727272726,0.9833333333333333,0.18025539815425873
0.3886363636363636,0.9833333333333333,0.1757640540599823
0.3886363636363636,0.9842592592592593,0.1751081943511963
0.396969696969697,0.9842592592592593,0.17234189808368683
0.396969696969697,0.9851851851851852,0.17221124470233917
0.44772727272727275,0.9851851851851852,0.16327229142189026
0.44772727272727275,0.9861111111111112,0.16291289031505585
0.47424242424242424,0.9861111111111112,0.15668727457523346
0.47424242424242424,0.987037037037037,0.15613165497779846
0.47575757575757577,0.987037037037037,0.15557152032852173
0.47575757575757577,0.9879629629629629,0.15551260113716125
0.4765151515151515,0.9879629629629629,0.1550498753786087
0.4765151515151515,0.9888888888888889,0.15459378063678741
0.4962121212121212,0.9888888888888889,0.15042074024677277
0.4962121212121212,0.9898148148148148,0.1503915786743164
0.5083333333333333,0.9898148148148148,0.1489192098379135
0.5083333333333333,0.9907407407407407,0.14890111982822418
0.5295454545454545,0.9907407407407407,0.144990012049675
0.5295454545454545,0.9916666666666667,0.14487795531749725
0.5356060606060606,0.9916666666666667,0.1436207890510559
0.5356060606060606,0.9925925925925926,0.14310048520565033
0.5507575757575758,0.9925925925925926,0.14042069017887115
0.5507575757575758,0.9944444444444445,0.14019523561000824
0.5522727272727272,0.9944444444444445,0.13984203338623047
0.5522727272727272,0.9953703703703703,0.13972990214824677
0.5553030303030303,0.9953703703703703,0.1383192539215088
0.5553030303030303,0.9962962962962963,0.1382819414138794
0.5568181818181818,0.9962962962962963,0.13770383596420288
0.5568181818181818,0.9972222222222222,0.13762444257736206
0.5583333333333333,0.9972222222222222,0.13705822825431824
0.5583333333333333,0.9981481481481481,0.13634565472602844
0.5606060606060606,0.9981481481481481,0.1352442055940628
0.5606060606060606,1.0,0.1350664347410202
0.6840909090909091,1.0,0.09207658469676971
0.6856060606060606,1.0,0.09206729382276535
1.0,1.0,0.016627870500087738
