FPR,TPR,Threshold
0.0,0.0,1.9872370958328247
0.0,0.000925925925925926,0.9872370958328247
0.0,0.26944444444444443,0.8952039480209351
0.0007575757575757576,0.26944444444444443,0.8950696587562561
0.0007575757575757576,0.27870370370370373,0.8905689120292664
0.0015151515151515152,0.27870370370370373,0.8898901343345642
0.0015151515151515152,0.2898148148148148,0.8861870765686035
0.0022727272727272726,0.2898148148148148,0.8856699466705322
0.0022727272727272726,0.29444444444444445,0.8839151263237
0.0030303030303030303,0.29444444444444445,0.8838348388671875
0.0030303030303030303,0.3194444444444444,0.8756819367408752
0.003787878787878788,0.3194444444444444,0.8756566643714905
0.003787878787878788,0.32685185185185184,0.8742191195487976
0.004545454545454545,0.32685185185185184,0.8740527033805847
0.004545454545454545,0.3314814814814815,0.8719161748886108
0.005303030303030303,0.3314814814814815,0.8688645958900452
0.005303030303030303,0.33611111111111114,0.8678389191627502
0.006060606060606061,0.33611111111111114,0.8677279353141785
0.006060606060606061,0.337037037037037,0.8676725625991821
0.006818181818181818,0.337037037037037,0.8675543665885925
0.006818181818181818,0.3388888888888889,0.8667534589767456
0.007575757575757576,0.3388888888888889,0.8659763336181641
0.007575757575757576,0.34444444444444444,0.8649426102638245
0.008333333333333333,0.34444444444444444,0.8640177249908447
0.008333333333333333,0.3453703703703704,0.863960325717926
0.009848484848484848,0.3453703703703704,0.8636004328727722
0.009848484848484848,0.3527777777777778,0.8618518114089966
0.010606060606060607,0.3527777777777778,0.8616793751716614
0.010606060606060607,0.36203703703703705,0.8587498664855957
0.011363636363636364,0.36203703703703705,0.8586381673812866
0.011363636363636364,0.3648148148148148,0.8568636775016785
0.012121212121212121,0.3648148148148148,0.8562772870063782
0.012121212121212121,0.3712962962962963,0.853567361831665
0.012878787878787878,0.3712962962962963,0.8531767725944519
0.012878787878787878,0.37592592592592594,0.8510761260986328
0.013636363636363636,0.37592592592592594,0.8510716557502747
0.013636363636363636,0.3814814814814815,0.8485581874847412
0.014393939393939395,0.3814814814814815,0.8483353853225708
0.014393939393939395,0.38796296296296295,0.8452873826026917
0.015151515151515152,0.38796296296296295,0.8452383279800415
0.015151515151515152,0.3907407407407407,0.8444643616676331
0.015909090909090907,0.3907407407407407,0.844413697719574
0.015909090909090907,0.39444444444444443,0.8436928391456604
0.016666666666666666,0.39444444444444443,0.8435599207878113
0.016666666666666666,0.3962962962962963,0.842681884765625
0.017424242424242425,0.3962962962962963,0.842677891254425
0.017424242424242425,0.39814814814814814,0.8411245346069336
0.01893939393939394,0.39814814814814814,0.8400550484657288
0.01893939393939394,0.3990740740740741,0.8396887183189392
0.019696969696969695,0.3990740740740741,0.8396457433700562
0.019696969696969695,0.4,0.8395916819572449
0.020454545454545454,0.4,0.8389553427696228
0.020454545454545454,0.40185185185185185,0.8387424945831299
0.021212121212121213,0.40185185185185185,0.8386090397834778
0.021212121212121213,0.4046296296296296,0.8383607864379883
0.02196969696969697,0.4046296296296296,0.838288426399231
0.02196969696969697,0.4074074074074074,0.8379940986633301
0.022727272727272728,0.4074074074074074,0.8378081917762756
0.022727272727272728,0.4101851851851852,0.8364653587341309
0.023484848484848483,0.4101851851851852,0.8363381028175354
0.023484848484848483,0.4166666666666667,0.8345441818237305
0.024242424242424242,0.4166666666666667,0.8345396518707275
0.024242424242424242,0.42592592592592593,0.8312380909919739
0.025,0.42592592592592593,0.8307802081108093
0.025,0.4324074074074074,0.8286935687065125
0.025757575757575757,0.4324074074074074,0.8285360932350159
0.025757575757575757,0.43796296296296294,0.8263018727302551
0.026515151515151516,0.43796296296296294,0.8262156844139099
0.026515151515151516,0.4388888888888889,0.8260675072669983
0.02727272727272727,0.4388888888888889,0.8257763981819153
0.02727272727272727,0.44074074074074077,0.8251914381980896
0.02803030303030303,0.44074074074074077,0.8250026106834412
0.02803030303030303,0.44722222222222224,0.8222379684448242
0.02878787878787879,0.44722222222222224,0.8216285705566406
0.02878787878787879,0.45185185185185184,0.8195298314094543
0.029545454545454545,0.45185185185185184,0.8194915652275085
0.029545454545454545,0.4527777777777778,0.8194624781608582
0.030303030303030304,0.4527777777777778,0.8193419575691223
0.030303030303030304,0.45925925925925926,0.8170518279075623
0.03106060606060606,0.45925925925925926,0.8166466355323792
0.03106060606060606,0.4601851851851852,0.8164270520210266
0.031818181818181815,0.4601851851851852,0.8162903785705566
0.031818181818181815,0.46574074074074073,0.8153481483459473
0.03257575757575758,0.46574074074074073,0.814912736415863
0.03257575757575758,0.4675925925925926,0.8147436380386353
0.03333333333333333,0.4675925925925926,0.8146502375602722
0.03333333333333333,0.47129629629629627,0.8134247064590454
0.03409090909090909,0.47129629629629627,0.8134000897407532
0.03409090909090909,0.475,0.8122236132621765
0.03484848484848485,0.475,0.8121768832206726
0.03484848484848485,0.47962962962962963,0.8115957379341125
0.035606060606060606,0.47962962962962963,0.8112075328826904
0.035606060606060606,0.48148148148148145,0.8110944628715515
0.03636363636363636,0.48148148148148145,0.8109944462776184
0.03636363636363636,0.5055555555555555,0.8052719235420227
0.037121212121212124,0.5055555555555555,0.8050929307937622
0.037121212121212124,0.5203703703703704,0.7985438704490662
0.03787878787878788,0.5203703703703704,0.798276960849762
0.03787878787878788,0.5287037037037037,0.7958333492279053
0.038636363636363635,0.5287037037037037,0.7956836819648743
0.038636363636363635,0.5481481481481482,0.790231466293335
0.03939393939393939,0.5481481481481482,0.7901756167411804
0.03939393939393939,0.55,0.7885660529136658
0.04015151515151515,0.55,0.7879310250282288
0.04015151515151515,0.5518518518518518,0.7872768044471741
0.04090909090909091,0.5518518518518518,0.7870126366615295
0.04090909090909091,0.5611111111111111,0.7818675637245178
0.041666666666666664,0.5611111111111111,0.7817229628562927
0.041666666666666664,0.5638888888888889,0.7796898484230042
0.04242424242424243,0.5638888888888889,0.7796117067337036
0.04242424242424243,0.5657407407407408,0.7790082097053528
0.04393939393939394,0.5657407407407408,0.7781350016593933
0.04393939393939394,0.5675925925925925,0.7765267491340637
0.0446969696969697,0.5675925925925925,0.7759720087051392
0.0446969696969697,0.5694444444444444,0.7746409177780151
0.045454545454545456,0.5694444444444444,0.7745383381843567
0.045454545454545456,0.5722222222222222,0.7739112377166748
0.04621212121212121,0.5722222222222222,0.7736679911613464
0.04621212121212121,0.5787037037037037,0.7699616551399231
0.04696969696969697,0.5787037037037037,0.7695574164390564
0.04696969696969697,0.5814814814814815,0.7687523365020752
0.04772727272727273,0.5814814814814815,0.7683970928192139
0.04772727272727273,0.5842592592592593,0.7663590908050537
0.048484848484848485,0.5842592592592593,0.7656335830688477
0.048484848484848485,0.587037037037037,0.7644879817962646
0.04924242424242424,0.587037037037037,0.7640440464019775
0.04924242424242424,0.5888888888888889,0.7628757953643799
0.05,0.5888888888888889,0.7623468041419983
0.05,0.5898148148148148,0.7621923685073853
0.051515151515151514,0.5898148148148148,0.7601292133331299
0.051515151515151514,0.5944444444444444,0.7579823136329651
0.05227272727272727,0.5944444444444444,0.7579717636108398
0.05227272727272727,0.6,0.7534964680671692
0.05303030303030303,0.6,0.7530913352966309
0.05303030303030303,0.6064814814814815,0.7494378089904785
0.05454545454545454,0.6064814814814815,0.7489070296287537
0.05454545454545454,0.6092592592592593,0.7477412223815918
0.05606060606060606,0.6092592592592593,0.7471398115158081
0.05606060606060606,0.6101851851851852,0.7463315725326538
0.05757575757575758,0.6101851851851852,0.7458996176719666
0.05757575757575758,0.6175925925925926,0.7434149980545044
0.058333333333333334,0.6175925925925926,0.7425000667572021
0.058333333333333334,0.6203703703703703,0.7414997220039368
0.05909090909090909,0.6203703703703703,0.7408101558685303
0.05909090909090909,0.6268518518518519,0.7348845601081848
0.059848484848484845,0.6268518518518519,0.7348571419715881
0.059848484848484845,0.6277777777777778,0.7337722778320312
0.06060606060606061,0.6277777777777778,0.7335042953491211
0.06060606060606061,0.6296296296296297,0.7326343655586243
0.06136363636363636,0.6296296296296297,0.7323439121246338
0.06136363636363636,0.6342592592592593,0.7297764420509338
0.06212121212121212,0.6342592592592593,0.7295249700546265
0.06212121212121212,0.6444444444444445,0.725256085395813
0.06287878787878788,0.6444444444444445,0.725106418132782
0.06287878787878788,0.6509259259259259,0.7215552926063538
0.06363636363636363,0.6509259259259259,0.7215045094490051
0.06363636363636363,0.6768518518518518,0.707034707069397
0.06439393939393939,0.6768518518518518,0.7059838771820068
0.06439393939393939,0.6805555555555556,0.7038562297821045
0.06515151515151515,0.6805555555555556,0.7034929394721985
0.06515151515151515,0.6962962962962963,0.6932820081710815
0.0659090909090909,0.6962962962962963,0.6927550435066223
0.0659090909090909,0.6981481481481482,0.6926762461662292
0.06666666666666667,0.6981481481481482,0.6917914748191833
0.06666666666666667,0.7111111111111111,0.6867205500602722
0.06742424242424243,0.7111111111111111,0.686616063117981
0.06742424242424243,0.7138888888888889,0.6849812865257263
0.06893939393939394,0.7138888888888889,0.6845936179161072
0.06893939393939394,0.7157407407407408,0.6842478513717651
0.0696969696969697,0.7157407407407408,0.6831035614013672
0.0696969696969697,0.7212962962962963,0.6792392730712891
0.07045454545454545,0.7212962962962963,0.679020345211029
0.07045454545454545,0.7222222222222222,0.6786763668060303
0.07121212121212121,0.7222222222222222,0.678032636642456
0.07121212121212121,0.725925925925926,0.6736298203468323
0.07348484848484849,0.725925925925926,0.6728469133377075
0.07348484848484849,0.7314814814814815,0.6718311905860901
0.07424242424242425,0.7314814814814815,0.6714937090873718
0.07424242424242425,0.7333333333333333,0.6710368990898132
0.075,0.7333333333333333,0.6707161068916321
0.075,0.7388888888888889,0.6652304530143738
0.07575757575757576,0.7388888888888889,0.6639514565467834
0.07575757575757576,0.7435185185185185,0.6630147099494934
0.07727272727272727,0.7435185185185185,0.6606274843215942
0.07727272727272727,0.7453703703703703,0.6571972966194153
0.07803030303030303,0.7453703703703703,0.6563704013824463
0.07803030303030303,0.7481481481481481,0.655436098575592
0.07878787878787878,0.7481481481481481,0.6546144485473633
0.07878787878787878,0.7490740740740741,0.6532041430473328
0.07954545454545454,0.7490740740740741,0.6529819369316101
0.07954545454545454,0.75,0.6529293656349182
0.0803030303030303,0.75,0.6527553796768188
0.0803030303030303,0.7555555555555555,0.6494019627571106
0.08181818181818182,0.7555555555555555,0.6478271484375
0.08181818181818182,0.7574074074074074,0.6467977166175842
0.08484848484848485,0.7574074074074074,0.6447815299034119
0.08484848484848485,0.7583333333333333,0.6443888545036316
0.0856060606060606,0.7583333333333333,0.6441821455955505
0.0856060606060606,0.7601851851851852,0.6435465812683105
0.08712121212121213,0.7601851851851852,0.6422212719917297
0.08712121212121213,0.762962962962963,0.6416485905647278
0.08787878787878788,0.762962962962963,0.6409702897071838
0.08787878787878788,0.7638888888888888,0.6398922801017761
0.08863636363636364,0.7638888888888888,0.6393316388130188
0.08863636363636364,0.7648148148148148,0.6391247510910034
0.0893939393939394,0.7648148148148148,0.638989269733429
0.0893939393939394,0.7657407407407407,0.6370908617973328
0.09090909090909091,0.7657407407407407,0.6368675231933594
0.09090909090909091,0.7675925925925926,0.633634090423584
0.09242424242424242,0.7675925925925926,0.6322241425514221
0.09242424242424242,0.7703703703703704,0.6291221976280212
0.09318181818181819,0.7703703703703704,0.6288655996322632
0.09318181818181819,0.7722222222222223,0.6272314190864563
0.0946969696969697,0.7722222222222223,0.6267247200012207
0.0946969696969697,0.7731481481481481,0.6243340373039246
0.09545454545454546,0.7731481481481481,0.6243265271186829
0.09545454545454546,0.774074074074074,0.6239703893661499
0.09621212121212121,0.774074074074074,0.6233692169189453
0.09621212121212121,0.7759259259259259,0.6228782534599304
0.09696969696969697,0.7759259259259259,0.6224244832992554
0.09696969696969697,0.7796296296296297,0.6184906959533691
0.09848484848484848,0.7796296296296297,0.617239236831665
0.09848484848484848,0.7833333333333333,0.6150038838386536
0.1,0.7833333333333333,0.6146599054336548
0.1,0.7842592592592592,0.6144933104515076
0.10227272727272728,0.7842592592592592,0.6118381023406982
0.10227272727272728,0.7861111111111111,0.6104992628097534
0.10303030303030303,0.7861111111111111,0.6102117896080017
0.10303030303030303,0.7870370370370371,0.6100319027900696
0.10378787878787879,0.7870370370370371,0.6098047494888306
0.10378787878787879,0.787962962962963,0.6094662547111511
0.1053030303030303,0.787962962962963,0.6089838147163391
0.1053030303030303,0.7888888888888889,0.6087843775749207
0.10757575757575757,0.7888888888888889,0.6077523231506348
0.10757575757575757,0.7925925925925926,0.6056522130966187
0.10833333333333334,0.7925925925925926,0.6050810217857361
0.10833333333333334,0.7944444444444444,0.6028514504432678
0.10984848484848485,0.7944444444444444,0.6017900109291077
0.10984848484848485,0.7953703703703704,0.6015534400939941
0.11060606060606061,0.7953703703703704,0.6009414792060852
0.11060606060606061,0.7962962962962963,0.6005587577819824
0.1159090909090909,0.7962962962962963,0.5950716137886047
0.1159090909090909,0.799074074074074,0.5927139520645142
0.11742424242424243,0.799074074074074,0.5913062691688538
0.11742424242424243,0.8009259259259259,0.5897596478462219
0.11893939393939394,0.8009259259259259,0.5889797806739807
0.11893939393939394,0.8018518518518518,0.5882569551467896
0.12045454545454545,0.8018518518518518,0.5866628289222717
0.12045454545454545,0.8064814814814815,0.5851506590843201
0.12196969696969696,0.8064814814814815,0.5837461948394775
0.12196969696969696,0.8074074074074075,0.583648681640625
0.12272727272727273,0.8074074074074075,0.5835985541343689
0.12272727272727273,0.8092592592592592,0.5829434990882874
0.12424242424242424,0.8092592592592592,0.5818155407905579
0.12424242424242424,0.8111111111111111,0.5798484086990356
0.125,0.8111111111111111,0.5794760584831238
0.125,0.812962962962963,0.5791181325912476
0.12575757575757576,0.812962962962963,0.5790780782699585
0.12575757575757576,0.8148148148148148,0.57841956615448
0.12651515151515152,0.8148148148148148,0.5782787799835205
0.12651515151515152,0.8166666666666667,0.5760119557380676
0.12727272727272726,0.8166666666666667,0.5757535099983215
0.12727272727272726,0.8203703703703704,0.5715537071228027
0.12803030303030302,0.8203703703703704,0.5710627436637878
0.12803030303030302,0.8222222222222222,0.5708195567131042
0.12878787878787878,0.8222222222222222,0.5707846879959106
0.12878787878787878,0.825925925925926,0.5690740942955017
0.12954545454545455,0.825925925925926,0.5687558054924011
0.12954545454545455,0.8268518518518518,0.5683301687240601
0.1318181818181818,0.8268518518518518,0.5638812184333801
0.1318181818181818,0.8277777777777777,0.5631809830665588
0.13333333333333333,0.8277777777777777,0.5582037568092346
0.13333333333333333,0.8287037037037037,0.5581161379814148
0.13560606060606062,0.8287037037037037,0.5577918887138367
0.13560606060606062,0.8314814814814815,0.556679904460907
0.13636363636363635,0.8314814814814815,0.5558341145515442
0.13636363636363635,0.8324074074074074,0.555292546749115
0.13712121212121212,0.8324074074074074,0.5528637766838074
0.13712121212121212,0.8379629629629629,0.5486828088760376
0.13787878787878788,0.8379629629629629,0.5485689043998718
0.13787878787878788,0.8388888888888889,0.5483261346817017
0.14015151515151514,0.8388888888888889,0.5473971962928772
0.14015151515151514,0.8407407407407408,0.5464705228805542
0.1409090909090909,0.8407407407407408,0.5458419919013977
0.1409090909090909,0.8435185185185186,0.5443823933601379
0.14242424242424243,0.8435185185185186,0.5435943603515625
0.14242424242424243,0.8453703703703703,0.5432298183441162
0.1431818181818182,0.8453703703703703,0.5423991680145264
0.1431818181818182,0.85,0.538500189781189
0.14393939393939395,0.85,0.5378249883651733
0.14393939393939395,0.850925925925926,0.5368511080741882
0.14545454545454545,0.850925925925926,0.5334461331367493
0.14545454545454545,0.8518518518518519,0.5322793126106262
0.1462121212121212,0.8518518518518519,0.5320727229118347
0.1462121212121212,0.8527777777777777,0.5318312644958496
0.15151515151515152,0.8527777777777777,0.5268818140029907
0.15151515151515152,0.8555555555555555,0.5240907073020935
0.15303030303030302,0.8555555555555555,0.5235941410064697
0.15303030303030302,0.8564814814814815,0.5218867659568787
0.15378787878787878,0.8564814814814815,0.5215691924095154
0.15378787878787878,0.8583333333333333,0.5206200480461121
0.15454545454545454,0.8583333333333333,0.5195580124855042
0.15454545454545454,0.8592592592592593,0.5195408463478088
0.15757575757575756,0.8592592592592593,0.5185947418212891
0.15757575757575756,0.862037037037037,0.515071451663971
0.1606060606060606,0.862037037037037,0.5136005878448486
0.1606060606060606,0.8629629629629629,0.5133287906646729
0.16363636363636364,0.8629629629629629,0.5113504528999329
0.16363636363636364,0.8638888888888889,0.5098767876625061
0.1643939393939394,0.8638888888888889,0.5097177028656006
0.1643939393939394,0.8648148148148148,0.5094321966171265
0.16590909090909092,0.8648148148148148,0.5089268088340759
0.16590909090909092,0.8666666666666667,0.5084681510925293
0.16666666666666666,0.8666666666666667,0.5065101385116577
0.16666666666666666,0.8675925925925926,0.5063967108726501
0.16893939393939394,0.8675925925925926,0.5017204880714417
0.16893939393939394,0.8685185185185185,0.5009832978248596
0.17196969696969697,0.8685185185185185,0.49984192848205566
0.17196969696969697,0.8703703703703703,0.4992009103298187
0.17272727272727273,0.8703703703703703,0.499080628156662
0.17272727272727273,0.8712962962962963,0.4981377124786377
0.1734848484848485,0.8712962962962963,0.49683383107185364
0.1734848484848485,0.8722222222222222,0.49681028723716736
0.17424242424242425,0.8722222222222222,0.4965415596961975
0.17424242424242425,0.8731481481481481,0.495578408241272
0.1765151515151515,0.8731481481481481,0.4940965473651886
0.1765151515151515,0.8740740740740741,0.4940267503261566
0.17727272727272728,0.8740740740740741,0.49399369955062866
0.17727272727272728,0.8759259259259259,0.49308857321739197
0.17803030303030304,0.8759259259259259,0.4927350878715515
0.17803030303030304,0.8768518518518519,0.4915215075016022
0.17954545454545454,0.8768518518518519,0.4876660108566284
0.17954545454545454,0.8777777777777778,0.48703518509864807
0.18106060606060606,0.8777777777777778,0.48554548621177673
0.18106060606060606,0.8796296296296297,0.4824109375476837
0.18181818181818182,0.8796296296296297,0.4820002615451813
0.18181818181818182,0.8805555555555555,0.4815973937511444
0.18409090909090908,0.8805555555555555,0.47947975993156433
0.18409090909090908,0.8814814814814815,0.4790104925632477
0.1856060606060606,0.8814814814814815,0.47811487317085266
0.1856060606060606,0.8833333333333333,0.47563251852989197
0.18636363636363637,0.8833333333333333,0.4755432605743408
0.18636363636363637,0.8842592592592593,0.474989652633667
0.18787878787878787,0.8842592592592593,0.4745173156261444
0.18787878787878787,0.8851851851851852,0.47438329458236694
0.18863636363636363,0.8851851851851852,0.4737791121006012
0.18863636363636363,0.8861111111111111,0.47246891260147095
0.1893939393939394,0.8861111111111111,0.4724554419517517
0.1893939393939394,0.8870370370370371,0.472281277179718
0.19015151515151515,0.8870370370370371,0.4721534252166748
0.19015151515151515,0.887962962962963,0.4710312783718109
0.19242424242424241,0.887962962962963,0.4692193269729614
0.19242424242424241,0.8888888888888888,0.46568983793258667
0.19545454545454546,0.8888888888888888,0.46407803893089294
0.19545454545454546,0.8898148148148148,0.463630735874176
0.19696969696969696,0.8898148148148148,0.4618282616138458
0.19696969696969696,0.8907407407407407,0.46175768971443176
0.19772727272727272,0.8907407407407407,0.46157023310661316
0.19772727272727272,0.8916666666666667,0.46074292063713074
0.1984848484848485,0.8916666666666667,0.4604727029800415
0.1984848484848485,0.8935185185185185,0.45977503061294556
0.19924242424242425,0.8935185185185185,0.4597272574901581
0.19924242424242425,0.8944444444444445,0.45854803919792175
0.2,0.8944444444444445,0.4585179090499878
0.2,0.8962962962962963,0.45753592252731323
0.20227272727272727,0.8962962962962963,0.45640042424201965
0.20227272727272727,0.899074074074074,0.4542410373687744
0.20303030303030303,0.899074074074074,0.45363354682922363
0.20303030303030303,0.9,0.4531581401824951
0.2037878787878788,0.9,0.45266595482826233
0.2037878787878788,0.9009259259259259,0.45262011885643005
0.2053030303030303,0.9009259259259259,0.451639860868454
0.2053030303030303,0.9037037037037037,0.45084816217422485
0.20606060606060606,0.9037037037037037,0.45031672716140747
0.20606060606060606,0.9046296296296297,0.44931963086128235
0.20909090909090908,0.9046296296296297,0.4468691647052765
0.20909090909090908,0.9055555555555556,0.44609928131103516
0.21136363636363636,0.9055555555555556,0.4446735382080078
0.21136363636363636,0.9064814814814814,0.44436055421829224
0.21363636363636362,0.9064814814814814,0.44307905435562134
0.21363636363636362,0.9083333333333333,0.4424405097961426
0.2159090909090909,0.9083333333333333,0.4417247772216797
0.2159090909090909,0.9092592592592592,0.44153812527656555
0.21742424242424244,0.9092592592592592,0.44123199582099915
0.21742424242424244,0.9101851851851852,0.4411659836769104
0.21818181818181817,0.9101851851851852,0.4399445652961731
0.21818181818181817,0.9120370370370371,0.43868139386177063
0.22121212121212122,0.9120370370370371,0.4365537762641907
0.22121212121212122,0.912962962962963,0.43639203906059265
0.22272727272727272,0.912962962962963,0.4358185827732086
0.22272727272727272,0.9148148148148149,0.4340225160121918
0.225,0.9148148148148149,0.43287086486816406
0.225,0.9157407407407407,0.4322802722454071
0.22575757575757577,0.9157407407407407,0.4317988157272339
0.22575757575757577,0.9185185185185185,0.4314849376678467
0.2265151515151515,0.9185185185185185,0.43127715587615967
0.2265151515151515,0.9203703703703704,0.4310470521450043
0.2287878787878788,0.9203703703703704,0.42956939339637756
0.2287878787878788,0.9212962962962963,0.42884597182273865
0.23106060606060605,0.9212962962962963,0.4275670051574707
0.23106060606060605,0.924074074074074,0.4267919659614563
0.2340909090909091,0.924074074074074,0.4252358376979828
0.2340909090909091,0.9259259259259259,0.42440080642700195
0.23484848484848486,0.9259259259259259,0.424087792634964
0.23484848484848486,0.9277777777777778,0.4230192303657532
0.23939393939393938,0.9277777777777778,0.4207383990287781
0.23939393939393938,0.9305555555555556,0.41863641142845154
0.24772727272727274,0.9305555555555556,0.41417691111564636
0.24772727272727274,0.9324074074074075,0.4138847589492798
0.24924242424242424,0.9324074074074075,0.4132911264896393
0.24924242424242424,0.9333333333333333,0.4127125144004822
0.2553030303030303,0.9333333333333333,0.40943995118141174
0.2553030303030303,0.9351851851851852,0.40876930952072144
0.25757575757575757,0.9351851851851852,0.40857940912246704
0.25757575757575757,0.9361111111111111,0.4079591929912567
0.2643939393939394,0.9361111111111111,0.4020470082759857
0.2643939393939394,0.937962962962963,0.40164101123809814
0.26590909090909093,0.937962962962963,0.4006795585155487
0.26590909090909093,0.9388888888888889,0.4004529118537903
0.26666666666666666,0.9388888888888889,0.4002625644207001
0.26666666666666666,0.9407407407407408,0.3982080817222595
0.2674242424242424,0.9407407407407408,0.39788728952407837
0.2674242424242424,0.9416666666666667,0.39742928743362427
0.2734848484848485,0.9416666666666667,0.39539003372192383
0.2734848484848485,0.9425925925925925,0.3950952887535095
0.278030303030303,0.9425925925925925,0.391691654920578
0.278030303030303,0.9444444444444444,0.39145520329475403
0.28484848484848485,0.9444444444444444,0.38959336280822754
0.28484848484848485,0.9453703703703704,0.38947972655296326
0.2863636363636364,0.9453703703703704,0.3889899253845215
0.2863636363636364,0.9462962962962963,0.3888191282749176
0.2878787878787879,0.9462962962962963,0.38772663474082947
0.2878787878787879,0.9472222222222222,0.38744476437568665
0.2924242424242424,0.9472222222222222,0.384765625
0.2924242424242424,0.9481481481481482,0.3846208453178406
0.3007575757575758,0.9481481481481482,0.37377989292144775
0.3007575757575758,0.9490740740740741,0.37337803840637207
0.32575757575757575,0.9490740740740741,0.35807937383651733
0.32575757575757575,0.95,0.35755982995033264
0.33636363636363636,0.95,0.35127151012420654
0.33636363636363636,0.950925925925926,0.35100623965263367
0.3446969696969697,0.950925925925926,0.34713461995124817
0.3446969696969697,0.9518518518518518,0.34700050950050354
0.346969696969697,0.9518518518518518,0.34523749351501465
0.346969696969697,0.9527777777777777,0.3446117639541626
0.353030303030303,0.9527777777777777,0.3407684564590454
0.353030303030303,0.9537037037037037,0.33934450149536133
0.3568181818181818,0.9537037037037037,0.33770641684532166
0.3568181818181818,0.9546296296296296,0.3367660641670227
0.35833333333333334,0.9546296296296296,0.3346644639968872
0.35833333333333334,0.9555555555555556,0.3342542052268982
0.35909090909090907,0.9555555555555556,0.33409589529037476
0.35909090909090907,0.9564814814814815,0.33405017852783203
0.3765151515151515,0.9564814814814815,0.32087719440460205
0.3765151515151515,0.9574074074074074,0.32011690735816956
0.38181818181818183,0.9574074074074074,0.31892865896224976
0.38181818181818183,0.9583333333333334,0.31810641288757324
0.38484848484848483,0.9583333333333334,0.317134827375412
0.38484848484848483,0.9592592592592593,0.3169246315956116
0.3893939393939394,0.9592592592592593,0.31428614258766174
0.3893939393939394,0.9601851851851851,0.31348541378974915
0.3931818181818182,0.9601851851851851,0.3104633390903473
0.3931818181818182,0.9611111111111111,0.3103993833065033
0.3939393939393939,0.9611111111111111,0.31029585003852844
0.3939393939393939,0.962037037037037,0.3101319670677185
0.39545454545454545,0.962037037037037,0.3086617588996887
0.39545454545454545,0.9629629629629629,0.3086114227771759
0.41818181818181815,0.9629629629629629,0.29064053297042847
0.41818181818181815,0.9638888888888889,0.28966236114501953
0.43863636363636366,0.9638888888888889,0.2792975604534149
0.43863636363636366,0.9648148148148148,0.2787439227104187
0.4484848484848485,0.9648148148148148,0.2702130377292633
0.4484848484848485,0.9657407407407408,0.2701091766357422
0.4583333333333333,0.9657407407407408,0.2662976086139679
0.4583333333333333,0.9666666666666667,0.2659505605697632
0.47954545454545455,0.9666666666666667,0.2531582713127136
0.47954545454545455,0.9675925925925926,0.2531068027019501
0.5060606060606061,0.9675925925925926,0.24292105436325073
0.5060606060606061,0.9685185185185186,0.24265442788600922
0.5136363636363637,0.9685185185185186,0.2385532259941101
0.5136363636363637,0.9694444444444444,0.23740175366401672
0.5204545454545455,0.9694444444444444,0.23528112471103668
0.5204545454545455,0.9703703703703703,0.23524798452854156
0.5363636363636364,0.9703703703703703,0.2277301549911499
0.5363636363636364,0.9712962962962963,0.22749744355678558
0.543939393939394,0.9712962962962963,0.22409209609031677
0.543939393939394,0.9722222222222222,0.22399349510669708
0.5477272727272727,0.9722222222222222,0.22306986153125763
0.5477272727272727,0.9731481481481481,0.22299884259700775
0.553030303030303,0.9731481481481481,0.22161266207695007
0.553030303030303,0.9740740740740741,0.22127437591552734
0.5575757575757576,0.9740740740740741,0.21994063258171082
0.5575757575757576,0.975,0.2197159230709076
0.5787878787878787,0.975,0.2140795737504959
0.5787878787878787,0.975925925925926,0.2138211727142334
0.5863636363636363,0.975925925925926,0.21138575673103333
0.5863636363636363,0.9768518518518519,0.21068215370178223
0.5893939393939394,0.9768518518518519,0.21004202961921692
0.5893939393939394,0.9777777777777777,0.20975327491760254
0.6053030303030303,0.9777777777777777,0.20668353140354156
0.6053030303030303,0.9787037037037037,0.2061643749475479
0.6143939393939394,0.9787037037037037,0.20487849414348602
0.6143939393939394,0.9796296296296296,0.2047317922115326
0.6204545454545455,0.9796296296296296,0.20353762805461884
0.6204545454545455,0.9814814814814815,0.2024058997631073
0.6977272727272728,0.9814814814814815,0.1805621087551117
0.6977272727272728,0.9824074074074074,0.1805017590522766
0.7174242424242424,0.9824074074074074,0.17331361770629883
0.7174242424242424,0.9833333333333333,0.1732112616300583
0.7348484848484849,0.9833333333333333,0.16730879247188568
0.7348484848484849,0.9842592592592593,0.16723990440368652
0.7424242424242424,0.9842592592592593,0.16499590873718262
0.7424242424242424,0.9851851851851852,0.16484962403774261
0.7606060606060606,0.9851851851851852,0.15721675753593445
0.7606060606060606,0.9861111111111112,0.1571839600801468
0.7871212121212121,0.9861111111111112,0.1511027067899704
0.7871212121212121,0.987037037037037,0.14969326555728912
0.7992424242424242,0.987037037037037,0.14602530002593994
0.7992424242424242,0.9879629629629629,0.14600519835948944
0.8022727272727272,0.9879629629629629,0.14477716386318207
0.8022727272727272,0.9888888888888889,0.14438216388225555
0.8098484848484848,0.9888888888888889,0.14053192734718323
0.8098484848484848,0.9898148148148148,0.13915999233722687
0.8121212121212121,0.9898148148148148,0.1386403739452362
0.8121212121212121,0.9907407407407407,0.13856080174446106
0.8143939393939394,0.9907407407407407,0.13643665611743927
0.8143939393939394,0.9916666666666667,0.13642020523548126
0.8196969696969697,0.9916666666666667,0.13516177237033844
0.8196969696969697,0.9925925925925926,0.13449124991893768
0.8204545454545454,0.9925925925925926,0.13380388915538788
0.8204545454545454,0.9935185185185185,0.13349908590316772
0.8212121212121212,0.9935185185185185,0.13323254883289337
0.8212121212121212,0.9944444444444445,0.13277862966060638
0.8234848484848485,0.9944444444444445,0.13126549124717712
0.8234848484848485,0.9953703703703703,0.1307726949453354
0.8325757575757575,0.9953703703703703,0.12831179797649384
0.8325757575757575,0.9962962962962963,0.12749503552913666
0.8356060606060606,0.9962962962962963,0.12665678560733795
0.8356060606060606,0.9972222222222222,0.12613016366958618
0.8363636363636363,0.9972222222222222,0.12579962611198425
0.8363636363636363,0.9990740740740741,0.12489258497953415
0.8409090909090909,0.9990740740740741,0.12353692948818207
0.8409090909090909,1.0,0.1235051304101944
1.0,1.0,0.02409248612821102
