FPR,TPR,Threshold
0.0,0.0,1.999264895915985
0.0,0.0002631578947368421,0.9992648959159851
0.0,0.017631578947368422,0.9986568093299866
0.0,0.018157894736842106,0.9986557364463806
0.0,0.01868421052631579,0.998652994632721
0.0,0.019210526315789473,0.9986521601676941
0.0,0.021842105263157895,0.9986318349838257
0.0,0.02236842105263158,0.9986292123794556
0.0,0.03684210526315789,0.9983525276184082
0.0,0.03736842105263158,0.9983524084091187
0.0,0.05210526315789474,0.9978241920471191
0.0,0.05263157894736842,0.9978225231170654
0.0,0.1563157894736842,0.9886425137519836
0.0,0.1568421052631579,0.988558292388916
0.0,0.2363157894736842,0.9825665354728699
0.0,0.23684210526315788,0.9825471043586731
0.0,0.31026315789473685,0.9756876230239868
0.0,0.3107894736842105,0.975674569606781
0.0,0.3631578947368421,0.9645289182662964
0.0,0.3636842105263158,0.9645110368728638
0.0,0.3831578947368421,0.9631285667419434
0.0,0.3836842105263158,0.9631129503250122
0.0,0.49605263157894736,0.9229333996772766
0.001,0.49605263157894736,0.9228948950767517
0.001,0.4978947368421053,0.9225834012031555
0.002,0.4978947368421053,0.9225311279296875
0.002,0.5410526315789473,0.912973940372467
0.003,0.5410526315789473,0.9129664897918701
0.003,0.5678947368421052,0.9038445353507996
0.004,0.5678947368421052,0.903605580329895
0.004,0.5794736842105264,0.8980964422225952
0.005,0.5794736842105264,0.8980350494384766
0.005,0.5797368421052631,0.8980039954185486
0.006,0.5797368421052631,0.8978776931762695
0.006,0.5821052631578948,0.8968724012374878
0.007,0.5821052631578948,0.8966729640960693
0.007,0.6181578947368421,0.88559490442276
0.008,0.6181578947368421,0.8849443793296814
0.008,0.6197368421052631,0.8823537230491638
0.009,0.6197368421052631,0.8823065757751465
0.009,0.6294736842105263,0.8748835921287537
0.01,0.6294736842105263,0.8748463988304138
0.01,0.6326315789473684,0.8739530444145203
0.011,0.6326315789473684,0.8739458918571472
0.011,0.6328947368421053,0.873883068561554
0.012,0.6328947368421053,0.873777449131012
0.012,0.6331578947368421,0.8737214803695679
0.013,0.6331578947368421,0.8736091256141663
0.013,0.6342105263157894,0.8733946681022644
0.014,0.6342105263157894,0.873356282711029
0.014,0.641578947368421,0.8707852959632874
0.015,0.641578947368421,0.8707561492919922
0.015,0.6421052631578947,0.8707189559936523
0.016,0.6421052631578947,0.8706929087638855
0.016,0.6423684210526316,0.870600163936615
0.017,0.6423684210526316,0.8704297542572021
0.017,0.6428947368421053,0.8702924847602844
0.018,0.6428947368421053,0.8698756098747253
0.018,0.6452631578947369,0.8688518404960632
0.019,0.6452631578947369,0.8687908053398132
0.019,0.6457894736842106,0.868259847164154
0.02,0.6457894736842106,0.8681253790855408
0.02,0.6463157894736842,0.8677309155464172
0.021,0.6463157894736842,0.8676576614379883
0.021,0.646578947368421,0.8676373958587646
0.022,0.646578947368421,0.8674119114875793
0.022,0.6528947368421053,0.8661532402038574
0.023,0.6528947368421053,0.8661448955535889
0.023,0.6542105263157895,0.8658168911933899
0.024,0.6542105263157895,0.8658127188682556
0.024,0.6568421052631579,0.8648298978805542
0.025,0.6568421052631579,0.8648192882537842
0.025,0.658157894736842,0.8638590574264526
0.026,0.658157894736842,0.863690197467804
0.026,0.6586842105263158,0.8635419011116028
0.027,0.6586842105263158,0.8634234666824341
0.027,0.6589473684210526,0.8634117245674133
0.029,0.6589473684210526,0.8633344173431396
0.029,0.6592105263157895,0.8633056879043579
0.036,0.6592105263157895,0.8627437949180603
0.036,0.6607894736842105,0.8621734380722046
0.037,0.6607894736842105,0.8621636033058167
0.037,0.661578947368421,0.8619204759597778
0.039,0.661578947368421,0.8618934750556946
0.039,0.6673684210526316,0.8604118824005127
0.04,0.6673684210526316,0.8603194952011108
0.04,0.6686842105263158,0.8597939610481262
0.041,0.6686842105263158,0.8597136735916138
0.041,0.6871052631578948,0.851842999458313
0.042,0.6871052631578948,0.8517794609069824
0.042,0.6965789473684211,0.8472380638122559
0.043,0.6965789473684211,0.8469976782798767
0.043,0.7005263157894737,0.8444947600364685
0.044,0.7005263157894737,0.8443169593811035
0.044,0.7015789473684211,0.8438025712966919
0.045,0.7015789473684211,0.8436235189437866
0.045,0.7118421052631579,0.83760005235672
0.046,0.7118421052631579,0.8374353051185608
0.046,0.718421052631579,0.8335375785827637
0.047,0.718421052631579,0.8329424262046814
0.047,0.7186842105263158,0.8328765630722046
0.048,0.7186842105263158,0.8326207995414734
0.048,0.7189473684210527,0.8324785232543945
0.049,0.7189473684210527,0.8323063850402832
0.049,0.7210526315789474,0.8310645222663879
0.05,0.7210526315789474,0.8308693170547485
0.05,0.7260526315789474,0.8286306262016296
0.051,0.7260526315789474,0.8286191821098328
0.051,0.7273684210526316,0.8280347585678101
0.052,0.7273684210526316,0.8280069828033447
0.052,0.7307894736842105,0.8255845308303833
0.053,0.7307894736842105,0.8254451155662537
0.053,0.7318421052631578,0.8251770734786987
0.054,0.7318421052631578,0.8250895738601685
0.054,0.7326315789473684,0.8246957659721375
0.055,0.7326315789473684,0.8244590759277344
0.055,0.7352631578947368,0.8238900899887085
0.056,0.7352631578947368,0.8238688707351685
0.056,0.7394736842105263,0.8224211931228638
0.057,0.7394736842105263,0.8223135471343994
0.057,0.7473684210526316,0.8208367824554443
0.058,0.7473684210526316,0.8208341598510742
0.058,0.7505263157894737,0.8195765614509583
0.059,0.7505263157894737,0.8193193674087524
0.059,0.7510526315789474,0.8191803097724915
0.06,0.7510526315789474,0.8189263343811035
0.06,0.751578947368421,0.8180226683616638
0.061,0.751578947368421,0.8175817728042603
0.061,0.7528947368421053,0.8169869780540466
0.062,0.7528947368421053,0.8167046904563904
0.062,0.7557894736842106,0.8157239556312561
0.063,0.7557894736842106,0.8156870007514954
0.063,0.7563157894736842,0.8155757188796997
0.064,0.7563157894736842,0.8151771426200867
0.064,0.7568421052631579,0.8149430751800537
0.065,0.7568421052631579,0.8147300481796265
0.065,0.7578947368421053,0.8146594166755676
0.069,0.7578947368421053,0.8140268921852112
0.069,0.7581578947368421,0.8139910101890564
0.07,0.7581578947368421,0.8139389753341675
0.07,0.758421052631579,0.813931405544281
0.071,0.758421052631579,0.8137624263763428
0.071,0.7586842105263157,0.8137619495391846
0.073,0.7586842105263157,0.8135958909988403
0.073,0.7592105263157894,0.813499927520752
0.074,0.7592105263157894,0.8134350776672363
0.074,0.7594736842105263,0.813154399394989
0.075,0.7594736842105263,0.8130661249160767
0.075,0.76,0.8128196001052856
0.076,0.76,0.8127727508544922
0.076,0.7607894736842106,0.8125416040420532
0.077,0.7607894736842106,0.8124197125434875
0.077,0.7626315789473684,0.8117367625236511
0.078,0.7626315789473684,0.8117226958274841
0.078,0.7655263157894737,0.8084419369697571
0.079,0.7655263157894737,0.8070828914642334
0.079,0.7723684210526316,0.8002153038978577
0.08,0.7723684210526316,0.7997364401817322
0.08,0.7771052631578947,0.7961373925209045
0.081,0.7771052631578947,0.7960880398750305
0.081,0.7826315789473685,0.7916598320007324
0.082,0.7826315789473685,0.7913774251937866
0.082,0.7873684210526316,0.7878367900848389
0.083,0.7873684210526316,0.7877658009529114
0.083,0.8071052631578948,0.7744576334953308
0.084,0.8071052631578948,0.7740259170532227
0.084,0.8089473684210526,0.7712922692298889
0.084,0.8094736842105263,0.771269679069519
0.084,0.8218421052631579,0.7626098990440369
0.085,0.8218421052631579,0.761817991733551
0.085,0.8507894736842105,0.7367096543312073
0.086,0.8507894736842105,0.736686646938324
0.086,0.8636842105263158,0.7248910665512085
0.087,0.8636842105263158,0.7244929671287537
0.087,0.865,0.7238844037055969
0.089,0.865,0.7234472632408142
0.089,0.8686842105263158,0.7203368544578552
0.09,0.8686842105263158,0.7200809717178345
0.09,0.8755263157894737,0.7130614519119263
0.091,0.8755263157894737,0.7122663259506226
0.091,0.8757894736842106,0.7120270729064941
0.094,0.8757894736842106,0.7092520594596863
0.094,0.8771052631578947,0.7024285197257996
0.095,0.8771052631578947,0.6995844841003418
0.095,0.8773684210526316,0.6993996500968933
0.098,0.8773684210526316,0.6985386610031128
0.098,0.878421052631579,0.6963001489639282
0.1,0.878421052631579,0.6950854063034058
0.1,0.8792105263157894,0.694490909576416
0.102,0.8792105263157894,0.6942573189735413
0.102,0.88,0.6925262212753296
0.103,0.88,0.6918249130249023
0.103,0.8802631578947369,0.6911420822143555
0.104,0.8802631578947369,0.6909707188606262
0.104,0.8813157894736842,0.6892929673194885
0.105,0.8813157894736842,0.6892828941345215
0.105,0.881578947368421,0.6879310607910156
0.106,0.881578947368421,0.6876262426376343
0.106,0.8823684210526316,0.687432050704956
0.107,0.8823684210526316,0.6872172355651855
0.107,0.8826315789473684,0.686885416507721
0.114,0.8826315789473684,0.6860191226005554
0.114,0.8828947368421053,0.6859148144721985
0.119,0.8828947368421053,0.6847070455551147
0.119,0.8844736842105263,0.6793710589408875
0.12,0.8844736842105263,0.6791057586669922
0.12,0.8897368421052632,0.6678823232650757
0.121,0.8897368421052632,0.6665332317352295
0.121,0.89,0.6663920879364014
0.122,0.89,0.6649466753005981
0.122,0.8907894736842106,0.662493109703064
0.123,0.8907894736842106,0.6622501611709595
0.123,0.8928947368421053,0.6542931199073792
0.124,0.8928947368421053,0.6540469527244568
0.124,0.9018421052631579,0.6459527015686035
0.125,0.9018421052631579,0.6455158591270447
0.125,0.9084210526315789,0.6315726041793823
0.126,0.9084210526315789,0.6312749981880188
0.126,0.9097368421052632,0.6260703206062317
0.127,0.9097368421052632,0.6258652210235596
0.127,0.9157894736842105,0.6126123070716858
0.128,0.9157894736842105,0.6118953824043274
0.128,0.9207894736842105,0.5949283242225647
0.131,0.9207894736842105,0.5932178497314453
0.131,0.9210526315789473,0.5930860042572021
0.132,0.9210526315789473,0.5925331711769104
0.132,0.9236842105263158,0.5898959040641785
0.133,0.9236842105263158,0.5892869234085083
0.133,0.9247368421052632,0.5881430506706238
0.135,0.9247368421052632,0.5837693810462952
0.135,0.9255263157894736,0.5804758071899414
0.137,0.9255263157894736,0.5794777870178223
0.137,0.9257894736842105,0.5786817669868469
0.141,0.9257894736842105,0.5730575919151306
0.141,0.9260526315789473,0.5714909434318542
0.159,0.9260526315789473,0.5620920062065125
0.159,0.9263157894736842,0.5620094537734985
0.162,0.9263157894736842,0.5599686503410339
0.162,0.9268421052631579,0.5558596253395081
0.165,0.9268421052631579,0.549566924571991
0.165,0.9271052631578948,0.5484051704406738
0.167,0.9271052631578948,0.5408301949501038
0.167,0.9276315789473685,0.5398260354995728
0.173,0.9276315789473685,0.5103868246078491
0.173,0.9278947368421052,0.5084109306335449
0.177,0.9278947368421052,0.4920758008956909
0.177,0.9281578947368421,0.4915161430835724
0.179,0.9281578947368421,0.4906233847141266
0.179,0.9286842105263158,0.4904516339302063
0.181,0.9286842105263158,0.48818644881248474
0.181,0.9289473684210526,0.48433229327201843
0.184,0.9289473684210526,0.48122403025627136
0.184,0.9292105263157895,0.4780983328819275
0.185,0.9292105263157895,0.4774274230003357
0.185,0.9294736842105263,0.4766816794872284
0.186,0.9294736842105263,0.47649797797203064
0.186,0.9297368421052632,0.4763067066669464
0.187,0.9297368421052632,0.47551441192626953
0.187,0.93,0.47446534037590027
0.193,0.93,0.46646392345428467
0.193,0.9305263157894736,0.46548208594322205
0.194,0.9305263157894736,0.4644797444343567
0.194,0.9313157894736842,0.4615922272205353
0.195,0.9313157894736842,0.46156176924705505
0.195,0.9315789473684211,0.46080872416496277
0.206,0.9315789473684211,0.45777201652526855
0.206,0.9321052631578948,0.45732149481773376
0.207,0.9321052631578948,0.4570069909095764
0.207,0.9323684210526316,0.4569907486438751
0.209,0.9323684210526316,0.45600295066833496
0.209,0.9326315789473684,0.45576533675193787
0.211,0.9326315789473684,0.4536842107772827
0.211,0.9328947368421052,0.45305243134498596
0.213,0.9328947368421052,0.45221149921417236
0.213,0.9334210526315789,0.4516676366329193
0.214,0.9334210526315789,0.4516339898109436
0.214,0.9344736842105263,0.4509704113006592
0.215,0.9344736842105263,0.45094263553619385
0.215,0.9365789473684211,0.4490836262702942
0.219,0.9365789473684211,0.44155728816986084
0.219,0.9368421052631579,0.4415057897567749
0.227,0.9368421052631579,0.42997899651527405
0.227,0.9371052631578948,0.4290326237678528
0.232,0.9371052631578948,0.42743200063705444
0.232,0.9373684210526316,0.42701542377471924
0.233,0.9373684210526316,0.42652061581611633
0.233,0.9381578947368421,0.42561548948287964
0.239,0.9381578947368421,0.42147454619407654
0.239,0.9384210526315789,0.42019718885421753
0.252,0.9384210526315789,0.41683229804039
0.252,0.9386842105263158,0.4156784117221832
0.254,0.9386842105263158,0.4150840640068054
0.254,0.9389473684210526,0.41482114791870117
0.259,0.9389473684210526,0.41091570258140564
0.259,0.9392105263157895,0.4095151424407959
0.281,0.9392105263157895,0.39560702443122864
0.281,0.9394736842105263,0.39539214968681335
0.285,0.9394736842105263,0.39040765166282654
0.285,0.9397368421052632,0.38572463393211365
0.288,0.9397368421052632,0.37960460782051086
0.288,0.94,0.37873467803001404
0.291,0.94,0.3727770745754242
0.291,0.9402631578947368,0.37131285667419434
0.293,0.9402631578947368,0.3682807385921478
0.293,0.9413157894736842,0.3609295189380646
0.294,0.9413157894736842,0.3590834140777588
0.294,0.9415789473684211,0.35865697264671326
0.298,0.9415789473684211,0.35544607043266296
0.298,0.9423684210526316,0.35357749462127686
0.302,0.9423684210526316,0.3461320400238037
0.302,0.9434210526315789,0.3450215458869934
0.303,0.9434210526315789,0.34417998790740967
0.303,0.9436842105263158,0.342876672744751
0.304,0.9436842105263158,0.3422563970088959
0.304,0.9442105263157895,0.3406042158603668
0.307,0.9442105263157895,0.3376173973083496
0.307,0.9457894736842105,0.33516356348991394
0.31,0.9457894736842105,0.33342254161834717
0.31,0.9476315789473684,0.3313678801059723
0.311,0.9476315789473684,0.3313375413417816
0.311,0.9489473684210527,0.33052024245262146
0.313,0.9489473684210527,0.3300453722476959
0.313,0.9494736842105264,0.32920750975608826
0.319,0.9494736842105264,0.32549145817756653
0.319,0.9497368421052632,0.3252161741256714
0.32,0.9497368421052632,0.32440027594566345
0.32,0.95,0.32431307435035706
0.337,0.95,0.31854239106178284
0.337,0.9507894736842105,0.31622302532196045
0.341,0.9507894736842105,0.3139686584472656
0.341,0.9510526315789474,0.3137762248516083
0.343,0.9510526315789474,0.312293142080307
0.343,0.9518421052631579,0.3103294372558594
0.344,0.9518421052631579,0.31026649475097656
0.344,0.9526315789473684,0.30840864777565
0.345,0.9526315789473684,0.3064928650856018
0.345,0.9531578947368421,0.3023125231266022
0.347,0.9531578947368421,0.30151891708374023
0.347,0.953421052631579,0.30133554339408875
0.348,0.953421052631579,0.3010250926017761
0.348,0.9539473684210527,0.30059927701950073
0.349,0.9539473684210527,0.30045485496520996
0.349,0.9542105263157895,0.3002760708332062
0.355,0.9542105263157895,0.29736995697021484
0.355,0.955,0.29674506187438965
0.357,0.955,0.2960887849330902
0.357,0.9555263157894737,0.2945418655872345
0.359,0.9555263157894737,0.29388225078582764
0.359,0.9560526315789474,0.29327264428138733
0.36,0.9560526315789474,0.2929515242576599
0.36,0.9576315789473684,0.29056060314178467
0.366,0.9576315789473684,0.28891512751579285
0.366,0.9578947368421052,0.28879833221435547
0.374,0.9578947368421052,0.2880035638809204
0.374,0.9581578947368421,0.2868437170982361
0.376,0.9581578947368421,0.28678032755851746
0.376,0.9623684210526315,0.2843312919139862
0.377,0.9623684210526315,0.28429362177848816
0.377,0.9626315789473684,0.28338921070098877
0.378,0.9626315789473684,0.28270208835601807
0.378,0.9628947368421052,0.28261008858680725
0.379,0.9628947368421052,0.28211650252342224
0.379,0.963421052631579,0.2814777195453644
0.381,0.963421052631579,0.27784043550491333
0.381,0.9642105263157895,0.2768881916999817
0.382,0.9642105263157895,0.27675861120224
0.382,0.9655263157894737,0.27375465631484985
0.383,0.9655263157894737,0.27348777651786804
0.383,0.9676315789473684,0.2721869647502899
0.384,0.9676315789473684,0.2721773386001587
0.384,0.9681578947368421,0.27188825607299805
0.385,0.9681578947368421,0.2717733085155487
0.385,0.968421052631579,0.2717144191265106
0.386,0.968421052631579,0.2706602215766907
0.386,0.9689473684210527,0.27050381898880005
0.388,0.9689473684210527,0.26904910802841187
0.388,0.9697368421052631,0.26567649841308594
0.389,0.9697368421052631,0.2641752362251282
0.389,0.9705263157894737,0.2620401382446289
0.398,0.9705263157894737,0.25546255707740784
0.398,0.9710526315789474,0.2552946209907532
0.403,0.9710526315789474,0.252646267414093
0.403,0.9713157894736842,0.2525022029876709
0.405,0.9713157894736842,0.2508983314037323
0.405,0.9715789473684211,0.25032949447631836
0.41,0.9715789473684211,0.24401426315307617
0.41,0.9721052631578947,0.24351753294467926
0.418,0.9721052631578947,0.2396710067987442
0.418,0.9723684210526315,0.2387150079011917
0.42,0.9723684210526315,0.2378794550895691
0.42,0.973421052631579,0.23628327250480652
0.426,0.973421052631579,0.23454676568508148
0.426,0.9736842105263158,0.23397547006607056
0.427,0.9736842105263158,0.23380377888679504
0.427,0.9739473684210527,0.23377317190170288
0.428,0.9739473684210527,0.23361796140670776
0.428,0.9742105263157895,0.23255375027656555
0.436,0.9742105263157895,0.23189164698123932
0.436,0.9744736842105263,0.23186950385570526
0.442,0.9744736842105263,0.23131895065307617
0.442,0.9747368421052631,0.23128826916217804
0.444,0.9747368421052631,0.2307986617088318
0.444,0.975,0.23071101307868958
0.45,0.975,0.22937646508216858
0.45,0.9752631578947368,0.22893498837947845
0.451,0.9752631578947368,0.22823208570480347
0.451,0.9757894736842105,0.22686821222305298
0.453,0.9757894736842105,0.2265171855688095
0.453,0.9771052631578947,0.2253309041261673
0.455,0.9771052631578947,0.22442416846752167
0.455,0.9776315789473684,0.2239593267440796
0.465,0.9776315789473684,0.22266632318496704
0.465,0.9781578947368421,0.2221308946609497
0.467,0.9781578947368421,0.22186177968978882
0.467,0.9786842105263158,0.22143486142158508
0.468,0.9786842105263158,0.2212940901517868
0.468,0.9797368421052631,0.2208089977502823
0.47,0.9797368421052631,0.22076798975467682
0.47,0.9805263157894737,0.2205580621957779
0.472,0.9805263157894737,0.22040216624736786
0.472,0.9813157894736843,0.22024543583393097
0.475,0.9813157894736843,0.21996347606182098
0.475,0.9815789473684211,0.21995078027248383
0.479,0.9815789473684211,0.21947337687015533
0.479,0.9818421052631578,0.2192654311656952
0.481,0.9818421052631578,0.21901078522205353
0.481,0.9821052631578947,0.2189434915781021
0.49,0.9821052631578947,0.2184225469827652
0.49,0.9823684210526316,0.2181231677532196
0.498,0.9823684210526316,0.21674402058124542
0.498,0.9826315789473684,0.21666978299617767
0.505,0.9826315789473684,0.2147422581911087
0.505,0.9828947368421053,0.21441255509853363
0.508,0.9828947368421053,0.21400029957294464
0.508,0.983421052631579,0.2137395292520523
0.511,0.983421052631579,0.2131868153810501
0.511,0.9836842105263158,0.2130768746137619
0.527,0.9836842105263158,0.21095767617225647
0.527,0.9842105263157894,0.21081888675689697
0.528,0.9842105263157894,0.21076853573322296
0.528,0.9844736842105263,0.2106427550315857
0.534,0.9844736842105263,0.20984986424446106
0.534,0.9847368421052631,0.20983804762363434
0.535,0.9847368421052631,0.20857389271259308
0.535,0.9857894736842105,0.20738506317138672
0.56,0.9857894736842105,0.20547965168952942
0.56,0.9860526315789474,0.2053632140159607
0.563,0.9860526315789474,0.2046058624982834
0.563,0.9863157894736843,0.20453347265720367
0.567,0.9863157894736843,0.20383206009864807
0.567,0.986578947368421,0.20364044606685638
0.568,0.986578947368421,0.2035077065229416
0.568,0.9876315789473684,0.20239907503128052
0.569,0.9876315789473684,0.20233385264873505
0.569,0.9881578947368421,0.2021627277135849
0.57,0.9881578947368421,0.20214253664016724
0.57,0.9894736842105263,0.20123407244682312
0.572,0.9894736842105263,0.2007264494895935
0.572,0.9897368421052631,0.20064173638820648
0.575,0.9897368421052631,0.19733572006225586
0.575,0.99,0.1971723735332489
0.576,0.99,0.19686588644981384
0.576,0.9905263157894737,0.1928318440914154
0.577,0.9905263157894737,0.19270314276218414
0.577,0.9907894736842106,0.1925162971019745
0.59,0.9907894736842106,0.18542368710041046
0.59,0.9910526315789474,0.1850595474243164
0.598,0.9910526315789474,0.18129120767116547
0.598,0.9918421052631579,0.18000923097133636
0.602,0.9918421052631579,0.17841525375843048
0.602,0.9921052631578947,0.17836004495620728
0.605,0.9921052631578947,0.1766197234392166
0.605,0.9923684210526316,0.17604194581508636
0.606,0.9923684210526316,0.1757042109966278
0.606,0.9926315789473684,0.1755373179912567
0.607,0.9926315789473684,0.1754954308271408
0.607,0.9928947368421053,0.17394639551639557
0.611,0.9928947368421053,0.17249999940395355
0.611,0.9931578947368421,0.17237713932991028
0.613,0.9931578947368421,0.17229223251342773
0.613,0.993421052631579,0.17224974930286407
0.615,0.993421052631579,0.1717674881219864
0.615,0.9936842105263158,0.17172789573669434
0.632,0.9936842105263158,0.16945698857307434
0.632,0.9939473684210526,0.16943030059337616
0.637,0.9939473684210526,0.168850377202034
0.637,0.9942105263157894,0.16882432997226715
0.641,0.9942105263157894,0.1673130840063095
0.641,0.9944736842105263,0.16730232536792755
0.642,0.9944736842105263,0.16686801612377167
0.642,0.9947368421052631,0.16659297049045563
0.643,0.9947368421052631,0.16655832529067993
0.643,0.9952631578947368,0.16609589755535126
0.645,0.9952631578947368,0.16558890044689178
0.645,0.9955263157894737,0.16552020609378815
0.646,0.9955263157894737,0.16513065993785858
0.646,0.9957894736842106,0.16433769464492798
0.648,0.9957894736842106,0.1640830785036087
0.648,0.9960526315789474,0.16371667385101318
0.651,0.9960526315789474,0.1631205826997757
0.651,0.9963157894736843,0.1630554497241974
0.652,0.9963157894736843,0.1627979874610901
0.652,0.996578947368421,0.1624361276626587
0.654,0.996578947368421,0.16241343319416046
0.654,0.9968421052631579,0.16241198778152466
0.656,0.9968421052631579,0.16227588057518005
0.656,0.9973684210526316,0.16219283640384674
0.658,0.9973684210526316,0.16205988824367523
0.658,0.9981578947368421,0.16193293035030365
0.662,0.9981578947368421,0.16181589663028717
0.662,0.998421052631579,0.16176414489746094
0.663,0.998421052631579,0.16152580082416534
0.663,0.9986842105263158,0.16141492128372192
0.665,0.9986842105263158,0.16115275025367737
0.665,0.9992105263157894,0.16002075374126434
0.679,0.9992105263157894,0.1538865864276886
0.679,0.9994736842105263,0.15375183522701263
0.684,0.9994736842105263,0.15204904973506927
0.684,0.9997368421052631,0.15186256170272827
0.711,0.9997368421052631,0.1469128131866455
0.711,1.0,0.1458728313446045
1.0,1.0,0.01777551881968975
