FPR,TPR,Threshold
0.0,0.0,1.9992673993110657
0.0,0.0002631578947368421,0.9992673993110657
0.0,0.11421052631578947,0.9940264225006104
0.0,0.11473684210526315,0.9940219521522522
0.0,0.18605263157894736,0.9854252338409424
0.0,0.18657894736842107,0.9853963255882263
0.0,0.23157894736842105,0.9828178882598877
0.0,0.23210526315789473,0.9828053116798401
0.0,0.2723684210526316,0.978985071182251
0.0,0.27289473684210525,0.9789634943008423
0.0,0.4955263157894737,0.9220200181007385
0.001,0.4955263157894737,0.9220179915428162
0.001,0.5326315789473685,0.9089504480361938
0.002,0.5326315789473685,0.9089166522026062
0.002,0.5613157894736842,0.8982304930686951
0.003,0.5613157894736842,0.8980311155319214
0.003,0.5760526315789474,0.8931670784950256
0.004,0.5760526315789474,0.8931455016136169
0.004,0.5955263157894737,0.882247805595398
0.005,0.5955263157894737,0.8819156885147095
0.005,0.5960526315789474,0.8817282319068909
0.006,0.5960526315789474,0.8815869092941284
0.006,0.6,0.8799819350242615
0.008,0.6,0.8798609972000122
0.008,0.61,0.874432384967804
0.009,0.61,0.8739771246910095
0.009,0.6128947368421053,0.8732908964157104
0.01,0.6128947368421053,0.87314373254776
0.01,0.613421052631579,0.8729267716407776
0.011,0.613421052631579,0.8724217414855957
0.011,0.6173684210526316,0.8697207570075989
0.012,0.6173684210526316,0.8697001338005066
0.012,0.6178947368421053,0.8693471550941467
0.013,0.6178947368421053,0.869219958782196
0.013,0.6236842105263158,0.867149829864502
0.014,0.6236842105263158,0.8670874834060669
0.014,0.633421052631579,0.8638423681259155
0.015,0.633421052631579,0.8638116717338562
0.015,0.6392105263157895,0.8618473410606384
0.017,0.6392105263157895,0.861707329750061
0.017,0.6394736842105263,0.8616905212402344
0.019,0.6394736842105263,0.8614878058433533
0.019,0.6402631578947369,0.86126708984375
0.02,0.6402631578947369,0.861258864402771
0.02,0.6405263157894737,0.8611992597579956
0.022,0.6405263157894737,0.86109858751297
0.022,0.6407894736842106,0.8610272407531738
0.023,0.6407894736842106,0.8610171675682068
0.023,0.6426315789473684,0.8608233332633972
0.024,0.6426315789473684,0.8606491088867188
0.024,0.6434210526315789,0.8605065941810608
0.025,0.6434210526315789,0.8602918982505798
0.025,0.6455263157894737,0.8591338992118835
0.026,0.6455263157894737,0.8589358329772949
0.026,0.6478947368421053,0.8577567338943481
0.027,0.6478947368421053,0.8577431440353394
0.027,0.6494736842105263,0.8571470975875854
0.028,0.6494736842105263,0.8571357131004333
0.028,0.6531578947368422,0.853602409362793
0.029,0.6531578947368422,0.8532394170761108
0.029,0.6563157894736842,0.8509407639503479
0.03,0.6563157894736842,0.8508109450340271
0.03,0.6592105263157895,0.8494927883148193
0.031,0.6592105263157895,0.8494871258735657
0.031,0.6707894736842105,0.8454405665397644
0.032,0.6707894736842105,0.845432460308075
0.032,0.6731578947368421,0.8438401222229004
0.033,0.6731578947368421,0.8438320755958557
0.033,0.6810526315789474,0.841479480266571
0.034,0.6810526315789474,0.8412140011787415
0.034,0.6910526315789474,0.8388823866844177
0.035,0.6910526315789474,0.8388219475746155
0.035,0.6955263157894737,0.8374343514442444
0.036,0.6955263157894737,0.8372969627380371
0.036,0.6978947368421052,0.8364083170890808
0.037,0.6978947368421052,0.8364039659500122
0.037,0.7057894736842105,0.8338558077812195
0.038,0.7057894736842105,0.8337919116020203
0.038,0.7068421052631579,0.8335129022598267
0.039,0.7068421052631579,0.8334757089614868
0.039,0.7092105263157895,0.8323613405227661
0.04,0.7092105263157895,0.832356333732605
0.04,0.7176315789473684,0.8270283341407776
0.042,0.7176315789473684,0.8264580965042114
0.042,0.7189473684210527,0.8254681825637817
0.044,0.7189473684210527,0.8252387642860413
0.044,0.7231578947368421,0.8207120895385742
0.045,0.7231578947368421,0.8205589056015015
0.045,0.725,0.8193469047546387
0.046,0.725,0.819136917591095
0.046,0.7292105263157894,0.8169326782226562
0.047,0.7292105263157894,0.8169006705284119
0.047,0.7305263157894737,0.8164709806442261
0.048,0.7305263157894737,0.8164666295051575
0.048,0.7313157894736843,0.8161091804504395
0.049,0.7313157894736843,0.8159561157226562
0.049,0.7321052631578947,0.8155428171157837
0.05,0.7321052631578947,0.8154307007789612
0.05,0.7378947368421053,0.8120864629745483
0.051,0.7378947368421053,0.8119848370552063
0.051,0.7394736842105263,0.8111401200294495
0.052,0.7394736842105263,0.8106599450111389
0.052,0.7421052631578947,0.8089147806167603
0.053,0.7421052631578947,0.8084661960601807
0.053,0.743421052631579,0.8077925443649292
0.054,0.743421052631579,0.8077510595321655
0.054,0.745,0.8063587546348572
0.055,0.745,0.8062418699264526
0.055,0.7452631578947368,0.806186854839325
0.058,0.7452631578947368,0.8059132099151611
0.058,0.7455263157894737,0.805698573589325
0.062,0.7455263157894737,0.8053889274597168
0.062,0.7468421052631579,0.8047016859054565
0.063,0.7468421052631579,0.8046061396598816
0.063,0.7473684210526316,0.8036141991615295
0.064,0.7473684210526316,0.8029126524925232
0.064,0.7494736842105263,0.8018692135810852
0.065,0.7494736842105263,0.8018385767936707
0.065,0.7502631578947369,0.8016051650047302
0.066,0.7502631578947369,0.8014876842498779
0.066,0.7507894736842106,0.801382303237915
0.068,0.7507894736842106,0.8013105988502502
0.068,0.7523684210526316,0.8003604412078857
0.069,0.7523684210526316,0.8003420233726501
0.069,0.756578947368421,0.7968583106994629
0.07,0.756578947368421,0.7968335747718811
0.07,0.76,0.794718325138092
0.071,0.76,0.794581413269043
0.071,0.7623684210526316,0.7918797731399536
0.072,0.7623684210526316,0.7917303442955017
0.072,0.7723684210526316,0.7823134660720825
0.073,0.7723684210526316,0.7821034789085388
0.073,0.7728947368421053,0.7815020680427551
0.074,0.7728947368421053,0.7813336849212646
0.074,0.7739473684210526,0.7806659936904907
0.075,0.7739473684210526,0.7806247472763062
0.075,0.7863157894736842,0.7700167894363403
0.076,0.7863157894736842,0.7700101137161255
0.076,0.7934210526315789,0.7607320547103882
0.077,0.7934210526315789,0.7600522041320801
0.077,0.7978947368421052,0.7556588053703308
0.078,0.7978947368421052,0.7556115388870239
0.078,0.7992105263157895,0.7537202835083008
0.079,0.7992105263157895,0.7530311346054077
0.079,0.7997368421052632,0.7523054480552673
0.08,0.7997368421052632,0.7522322535514832
0.08,0.8223684210526315,0.7317957282066345
0.081,0.8223684210526315,0.7317314147949219
0.081,0.8234210526315789,0.7311051487922668
0.082,0.8234210526315789,0.7310946583747864
0.082,0.8363157894736842,0.7153394222259521
0.083,0.8363157894736842,0.7151014804840088
0.083,0.8452631578947368,0.7091150283813477
0.084,0.8452631578947368,0.7091119289398193
0.084,0.8563157894736843,0.6996873021125793
0.085,0.8563157894736843,0.6994607448577881
0.085,0.8692105263157894,0.6823325157165527
0.086,0.8692105263157894,0.6820655465126038
0.086,0.8721052631578947,0.6789790987968445
0.087,0.8721052631578947,0.6788738965988159
0.087,0.875,0.6763631105422974
0.088,0.875,0.6762562394142151
0.088,0.8771052631578947,0.6715908050537109
0.09,0.8771052631578947,0.6701631546020508
0.09,0.8807894736842106,0.6645196676254272
0.091,0.8807894736842106,0.664434552192688
0.091,0.8818421052631579,0.6630775332450867
0.092,0.8818421052631579,0.6630484461784363
0.092,0.8823684210526316,0.6612428426742554
0.094,0.8823684210526316,0.6605281829833984
0.094,0.8842105263157894,0.6558921337127686
0.095,0.8842105263157894,0.6554226875305176
0.095,0.8871052631578947,0.6492265462875366
0.098,0.8871052631578947,0.6483885645866394
0.098,0.8921052631578947,0.6420894265174866
0.099,0.8921052631578947,0.6420845985412598
0.099,0.8928947368421053,0.6412829756736755
0.1,0.8928947368421053,0.6402109265327454
0.1,0.8942105263157895,0.6387529373168945
0.101,0.8942105263157895,0.638446033000946
0.101,0.8955263157894737,0.6379499435424805
0.102,0.8955263157894737,0.6377747058868408
0.102,0.8960526315789473,0.6377044916152954
0.103,0.8960526315789473,0.6376484632492065
0.103,0.8971052631578947,0.6373472809791565
0.106,0.8971052631578947,0.6369328498840332
0.106,0.8973684210526316,0.6368785500526428
0.109,0.8973684210526316,0.6364621520042419
0.109,0.8976315789473684,0.6362835168838501
0.111,0.8976315789473684,0.6358860731124878
0.111,0.8978947368421053,0.6350144743919373
0.112,0.8978947368421053,0.6341731548309326
0.112,0.8984210526315789,0.6340436339378357
0.113,0.8984210526315789,0.6327845454216003
0.113,0.8986842105263158,0.632253110408783
0.114,0.8986842105263158,0.6321364045143127
0.114,0.8994736842105263,0.6299291849136353
0.118,0.8994736842105263,0.6248566508293152
0.118,0.9021052631578947,0.6158055067062378
0.119,0.9021052631578947,0.6156138777732849
0.119,0.9034210526315789,0.6127286553382874
0.12,0.9034210526315789,0.6123384833335876
0.12,0.9044736842105263,0.6100887656211853
0.121,0.9044736842105263,0.6094285249710083
0.121,0.9057894736842105,0.6072216629981995
0.122,0.9057894736842105,0.6065338253974915
0.122,0.9063157894736842,0.6048521399497986
0.123,0.9063157894736842,0.6044110655784607
0.123,0.906578947368421,0.6020954251289368
0.124,0.906578947368421,0.6009086966514587
0.124,0.9131578947368421,0.588091254234314
0.125,0.9131578947368421,0.5876649022102356
0.125,0.9147368421052632,0.5835044980049133
0.126,0.9147368421052632,0.5833104848861694
0.126,0.9168421052631579,0.5814889669418335
0.128,0.9168421052631579,0.579856276512146
0.128,0.9171052631578948,0.5786976218223572
0.129,0.9171052631578948,0.5784737467765808
0.129,0.9194736842105263,0.569113552570343
0.13,0.9194736842105263,0.5681629180908203
0.13,0.92,0.5662344098091125
0.131,0.92,0.5655792951583862
0.131,0.9202631578947369,0.563664436340332
0.133,0.9202631578947369,0.5602216720581055
0.133,0.9205263157894736,0.5589231252670288
0.134,0.9205263157894736,0.5546124577522278
0.134,0.921578947368421,0.5511792302131653
0.136,0.921578947368421,0.5479449033737183
0.136,0.9221052631578948,0.5441877841949463
0.137,0.9221052631578948,0.5426727533340454
0.137,0.9223684210526316,0.5425992012023926
0.141,0.9223684210526316,0.5367933511734009
0.141,0.9226315789473685,0.5367394685745239
0.147,0.9226315789473685,0.5358439683914185
0.147,0.9228947368421052,0.535468578338623
0.148,0.9228947368421052,0.5345358848571777
0.148,0.9236842105263158,0.5321816802024841
0.153,0.9236842105263158,0.5290689468383789
0.153,0.9244736842105263,0.5253580808639526
0.155,0.9244736842105263,0.5250059962272644
0.155,0.9247368421052632,0.5244148969650269
0.156,0.9247368421052632,0.5206456780433655
0.156,0.925,0.5156641602516174
0.157,0.925,0.5119888186454773
0.157,0.9260526315789473,0.5080684423446655
0.158,0.9260526315789473,0.5073605179786682
0.158,0.9263157894736842,0.5049622654914856
0.162,0.9263157894736842,0.48698076605796814
0.162,0.9271052631578948,0.48540645837783813
0.164,0.9271052631578948,0.478848397731781
0.164,0.9273684210526316,0.475563645362854
0.17,0.9273684210526316,0.46856245398521423
0.17,0.9276315789473685,0.46297982335090637
0.18,0.9276315789473685,0.4433259963989258
0.18,0.9284210526315789,0.4400692880153656
0.182,0.9284210526315789,0.43626999855041504
0.182,0.9289473684210526,0.43399447202682495
0.186,0.9289473684210526,0.42619818449020386
0.186,0.9292105263157895,0.42610278725624084
0.189,0.9292105263157895,0.42566487193107605
0.189,0.9294736842105263,0.42549771070480347
0.193,0.9294736842105263,0.42477676272392273
0.193,0.9297368421052632,0.424688458442688
0.195,0.9297368421052632,0.4234175682067871
0.195,0.9302631578947368,0.4220186471939087
0.201,0.9302631578947368,0.41803625226020813
0.201,0.9305263157894736,0.4180103838443756
0.204,0.9305263157894736,0.41684454679489136
0.204,0.9307894736842105,0.41539105772972107
0.205,0.9307894736842105,0.4146699905395508
0.205,0.9310526315789474,0.41049814224243164
0.206,0.9310526315789474,0.4103985130786896
0.206,0.9315789473684211,0.408492773771286
0.209,0.9315789473684211,0.4069058895111084
0.209,0.9318421052631579,0.4041580855846405
0.21,0.9318421052631579,0.40331777930259705
0.21,0.9321052631578948,0.4017929434776306
0.213,0.9321052631578948,0.3995716869831085
0.213,0.9344736842105263,0.3978656530380249
0.214,0.9344736842105263,0.39768025279045105
0.214,0.9352631578947368,0.39571520686149597
0.215,0.9352631578947368,0.3945724368095398
0.215,0.9357894736842105,0.39354172348976135
0.219,0.9357894736842105,0.3891672194004059
0.219,0.9360526315789474,0.3884929418563843
0.222,0.9360526315789474,0.38530656695365906
0.222,0.9363157894736842,0.3851861357688904
0.231,0.9363157894736842,0.3822464346885681
0.231,0.9365789473684211,0.38222554326057434
0.232,0.9365789473684211,0.3821775019168854
0.232,0.9368421052631579,0.38133275508880615
0.237,0.9368421052631579,0.3774934411048889
0.237,0.9371052631578948,0.377432644367218
0.241,0.9371052631578948,0.374104768037796
0.241,0.9373684210526316,0.37311577796936035
0.243,0.9373684210526316,0.3719444274902344
0.243,0.9376315789473684,0.37156063318252563
0.249,0.9376315789473684,0.3679986894130707
0.249,0.9378947368421052,0.3676932454109192
0.251,0.9378947368421052,0.3663251996040344
0.251,0.9386842105263158,0.362996906042099
0.259,0.9386842105263158,0.3586525022983551
0.259,0.9389473684210526,0.35833749175071716
0.275,0.9389473684210526,0.3482910990715027
0.275,0.9394736842105263,0.34504425525665283
0.278,0.9394736842105263,0.3424569070339203
0.278,0.9397368421052632,0.34148678183555603
0.282,0.9397368421052632,0.33594387769699097
0.282,0.94,0.335913747549057
0.286,0.94,0.33248791098594666
0.286,0.9410526315789474,0.32889729738235474
0.289,0.9410526315789474,0.32608023285865784
0.289,0.9413157894736842,0.3227440118789673
0.29,0.9413157894736842,0.3221594989299774
0.29,0.9421052631578948,0.31716910004615784
0.295,0.9421052631578948,0.31398797035217285
0.295,0.9423684210526316,0.3136540651321411
0.296,0.9423684210526316,0.31219643354415894
0.296,0.9428947368421052,0.31100279092788696
0.297,0.9428947368421052,0.30977535247802734
0.297,0.9431578947368421,0.30895787477493286
0.298,0.9431578947368421,0.3088843822479248
0.298,0.9434210526315789,0.30841976404190063
0.299,0.9434210526315789,0.3077797293663025
0.299,0.9457894736842105,0.30497658252716064
0.3,0.9457894736842105,0.3035934567451477
0.3,0.9471052631578948,0.3015812933444977
0.301,0.9471052631578948,0.3008386790752411
0.301,0.9476315789473684,0.30012455582618713
0.302,0.9476315789473684,0.2999730110168457
0.302,0.9484210526315789,0.2986797094345093
0.303,0.9484210526315789,0.29763370752334595
0.303,0.9489473684210527,0.2966172993183136
0.304,0.9489473684210527,0.2960767447948456
0.304,0.9492105263157895,0.29465389251708984
0.306,0.9492105263157895,0.2899491786956787
0.306,0.9494736842105264,0.28974390029907227
0.307,0.9494736842105264,0.2895505428314209
0.307,0.9497368421052632,0.2895234525203705
0.309,0.9497368421052632,0.28367751836776733
0.309,0.95,0.2836344242095947
0.31,0.95,0.2834232747554779
0.31,0.9502631578947368,0.28335869312286377
0.313,0.9502631578947368,0.2824145555496216
0.313,0.9505263157894737,0.282284677028656
0.314,0.9505263157894737,0.2817753851413727
0.314,0.9510526315789474,0.2784097492694855
0.315,0.9510526315789474,0.2770487070083618
0.315,0.9513157894736842,0.2766053378582001
0.317,0.9513157894736842,0.27617448568344116
0.317,0.9518421052631579,0.2761283814907074
0.32,0.9518421052631579,0.2742951512336731
0.32,0.9521052631578948,0.2739908993244171
0.323,0.9521052631578948,0.27326470613479614
0.323,0.9523684210526315,0.2723463177680969
0.331,0.9523684210526315,0.27090543508529663
0.331,0.9528947368421052,0.27050819993019104
0.332,0.9528947368421052,0.27045387029647827
0.332,0.9531578947368421,0.27034538984298706
0.333,0.9531578947368421,0.27018752694129944
0.333,0.9552631578947368,0.26930704712867737
0.335,0.9552631578947368,0.2686823010444641
0.335,0.9557894736842105,0.26814961433410645
0.336,0.9557894736842105,0.2671014964580536
0.336,0.9560526315789474,0.26651087403297424
0.337,0.9560526315789474,0.2664429545402527
0.337,0.9568421052631579,0.2658897340297699
0.338,0.9568421052631579,0.26573511958122253
0.338,0.9581578947368421,0.26323720812797546
0.34,0.9581578947368421,0.26196640729904175
0.34,0.9586842105263158,0.25949200987815857
0.341,0.9586842105263158,0.25942322611808777
0.341,0.9589473684210527,0.2586130201816559
0.343,0.9589473684210527,0.25813719630241394
0.343,0.9594736842105264,0.2580769956111908
0.35,0.9594736842105264,0.2541959583759308
0.35,0.9597368421052631,0.2541886270046234
0.351,0.9597368421052631,0.25327068567276
0.351,0.96,0.25311747193336487
0.356,0.96,0.2520896792411804
0.356,0.9602631578947368,0.2519853413105011
0.359,0.9602631578947368,0.2518661618232727
0.359,0.9605263157894737,0.25180700421333313
0.361,0.9605263157894737,0.25110629200935364
0.361,0.9607894736842105,0.25093623995780945
0.362,0.9607894736842105,0.250904381275177
0.362,0.9613157894736842,0.2506310045719147
0.368,0.9613157894736842,0.24743255972862244
0.368,0.9615789473684211,0.24604162573814392
0.369,0.9615789473684211,0.2458241581916809
0.369,0.9621052631578947,0.24571093916893005
0.37,0.9621052631578947,0.2451380342245102
0.37,0.9636842105263158,0.2431352585554123
0.371,0.9636842105263158,0.24309681355953217
0.371,0.9642105263157895,0.24307428300380707
0.373,0.9642105263157895,0.24244067072868347
0.373,0.965,0.24194473028182983
0.374,0.965,0.2419040948152542
0.374,0.9652631578947368,0.2415088564157486
0.377,0.9652631578947368,0.24080444872379303
0.377,0.9663157894736842,0.23850466310977936
0.378,0.9663157894736842,0.23847965896129608
0.378,0.9671052631578947,0.23649878799915314
0.379,0.9671052631578947,0.23644039034843445
0.379,0.9673684210526315,0.23627108335494995
0.38,0.9673684210526315,0.2360270768404007
0.38,0.9678947368421053,0.23579047620296478
0.381,0.9678947368421053,0.2357274740934372
0.381,0.9686842105263158,0.23416827619075775
0.383,0.9686842105263158,0.23369017243385315
0.383,0.9692105263157895,0.23332418501377106
0.386,0.9692105263157895,0.2319062203168869
0.386,0.9694736842105263,0.23133967816829681
0.389,0.9694736842105263,0.22767691314220428
0.389,0.97,0.2269587516784668
0.391,0.97,0.22582808136940002
0.391,0.9702631578947368,0.2249039262533188
0.396,0.9702631578947368,0.22379912436008453
0.396,0.9705263157894737,0.22353008389472961
0.398,0.9705263157894737,0.22302435338497162
0.398,0.9710526315789474,0.22283771634101868
0.399,0.9710526315789474,0.22244256734848022
0.399,0.9713157894736842,0.22222550213336945
0.405,0.9713157894736842,0.22027413547039032
0.405,0.9715789473684211,0.2198602855205536
0.406,0.9715789473684211,0.21945980191230774
0.406,0.9718421052631578,0.21930888295173645
0.409,0.9718421052631578,0.218329519033432
0.409,0.9723684210526315,0.21701116859912872
0.41,0.9723684210526315,0.21680933237075806
0.41,0.9731578947368421,0.215677872300148
0.412,0.9731578947368421,0.21503810584545135
0.412,0.9736842105263158,0.21486495435237885
0.413,0.9736842105263158,0.21467074751853943
0.413,0.9752631578947368,0.21334518492221832
0.414,0.9752631578947368,0.21333645284175873
0.414,0.9760526315789474,0.2127007097005844
0.415,0.9760526315789474,0.21228525042533875
0.415,0.9765789473684211,0.21226166188716888
0.419,0.9765789473684211,0.21132893860340118
0.419,0.9771052631578947,0.2110542207956314
0.42,0.9771052631578947,0.21065309643745422
0.42,0.9773684210526316,0.21060673892498016
0.423,0.9773684210526316,0.2097736895084381
0.423,0.9778947368421053,0.20948684215545654
0.424,0.9778947368421053,0.20911210775375366
0.424,0.9781578947368421,0.20904608070850372
0.437,0.9781578947368421,0.20593971014022827
0.437,0.978421052631579,0.20580723881721497
0.438,0.978421052631579,0.20575299859046936
0.438,0.9786842105263158,0.20571491122245789
0.446,0.9786842105263158,0.20500431954860687
0.446,0.9789473684210527,0.20468930900096893
0.457,0.9789473684210527,0.2023744136095047
0.457,0.9792105263157894,0.20225851237773895
0.459,0.9792105263157894,0.20098131895065308
0.459,0.9794736842105263,0.20083685219287872
0.46,0.9794736842105263,0.2003435492515564
0.46,0.98,0.19982096552848816
0.461,0.98,0.1995488703250885
0.461,0.9802631578947368,0.1995438039302826
0.464,0.9802631578947368,0.19788053631782532
0.464,0.9807894736842105,0.1972358226776123
0.478,0.9807894736842105,0.19583368301391602
0.478,0.9810526315789474,0.19581818580627441
0.48,0.9810526315789474,0.19538186490535736
0.48,0.9813157894736843,0.19528789818286896
0.483,0.9813157894736843,0.1947365403175354
0.483,0.9815789473684211,0.1943114846944809
0.484,0.9815789473684211,0.19392791390419006
0.484,0.9818421052631578,0.1936110556125641
0.485,0.9818421052631578,0.19354742765426636
0.485,0.9821052631578947,0.19336889684200287
0.488,0.9821052631578947,0.19232286512851715
0.488,0.9823684210526316,0.19226522743701935
0.489,0.9823684210526316,0.1918369084596634
0.489,0.9826315789473684,0.1917676478624344
0.491,0.9826315789473684,0.19171853363513947
0.491,0.9828947368421053,0.19163797795772552
0.494,0.9828947368421053,0.1907762587070465
0.494,0.9836842105263158,0.19026172161102295
0.495,0.9836842105263158,0.1900116205215454
0.495,0.9847368421052631,0.1897900402545929
0.496,0.9847368421052631,0.18976275622844696
0.496,0.985,0.18972806632518768
0.5,0.985,0.18924519419670105
0.5,0.9852631578947368,0.1892019659280777
0.505,0.9852631578947368,0.18823404610157013
0.505,0.9855263157894737,0.18786107003688812
0.507,0.9855263157894737,0.18752463161945343
0.507,0.9860526315789474,0.1870792806148529
0.514,0.9860526315789474,0.1856037676334381
0.514,0.9863157894736843,0.18555371463298798
0.518,0.9863157894736843,0.18488356471061707
0.518,0.986578947368421,0.18483754992485046
0.522,0.986578947368421,0.18382348120212555
0.522,0.9868421052631579,0.18370738625526428
0.529,0.9868421052631579,0.18102069199085236
0.529,0.9871052631578947,0.1810053288936615
0.53,0.9871052631578947,0.18060225248336792
0.53,0.9873684210526316,0.18046021461486816
0.531,0.9873684210526316,0.18037214875221252
0.531,0.9876315789473684,0.17943288385868073
0.532,0.9876315789473684,0.17938905954360962
0.532,0.9878947368421053,0.1786319464445114
0.547,0.9878947368421053,0.17597253620624542
0.547,0.9881578947368421,0.17594850063323975
0.551,0.9881578947368421,0.17474384605884552
0.551,0.988421052631579,0.17469379305839539
0.553,0.988421052631579,0.1744237095117569
0.553,0.9886842105263158,0.17403624951839447
0.554,0.9886842105263158,0.173638716340065
0.554,0.9889473684210527,0.17362447082996368
0.556,0.9889473684210527,0.17320336401462555
0.556,0.9892105263157894,0.17285968363285065
0.562,0.9892105263157894,0.1708918809890747
0.562,0.9897368421052631,0.1703900247812271
0.564,0.9897368421052631,0.17012111842632294
0.564,0.99,0.17010577023029327
0.566,0.99,0.16835078597068787
0.566,0.9902631578947368,0.16824573278427124
0.572,0.9902631578947368,0.16628876328468323
0.572,0.9905263157894737,0.16607818007469177
0.574,0.9905263157894737,0.16473433375358582
0.574,0.9907894736842106,0.1644587516784668
0.575,0.9907894736842106,0.1636623591184616
0.575,0.9910526315789474,0.16346077620983124
0.576,0.9910526315789474,0.1628759354352951
0.576,0.9913157894736843,0.16240271925926208
0.582,0.9913157894736843,0.16078993678092957
0.582,0.991578947368421,0.16075332462787628
0.591,0.991578947368421,0.1601889431476593
0.591,0.9918421052631579,0.16003677248954773
0.592,0.9918421052631579,0.15942005813121796
0.592,0.9923684210526316,0.15927031636238098
0.595,0.9923684210526316,0.15865501761436462
0.595,0.9926315789473684,0.15823131799697876
0.597,0.9926315789473684,0.15741802752017975
0.597,0.9931578947368421,0.15681704878807068
0.598,0.9931578947368421,0.15679454803466797
0.598,0.995,0.1562572717666626
0.601,0.995,0.1558428555727005
0.601,0.9952631578947368,0.15581685304641724
0.602,0.9952631578947368,0.1555490344762802
0.602,0.9957894736842106,0.15464767813682556
0.604,0.9957894736842106,0.15448184311389923
0.604,0.9960526315789474,0.15409277379512787
0.605,0.9960526315789474,0.15381774306297302
0.605,0.996578947368421,0.15354201197624207
0.607,0.996578947368421,0.15217646956443787
0.607,0.9971052631578947,0.1513182371854782
0.615,0.9971052631578947,0.1492588222026825
0.615,0.9973684210526316,0.1469823718070984
0.618,0.9973684210526316,0.14681899547576904
0.618,0.9976315789473684,0.1462523192167282
0.625,0.9976315789473684,0.14316082000732422
0.625,0.9978947368421053,0.14308889210224152
0.626,0.9978947368421053,0.14213231205940247
0.626,0.9981578947368421,0.14169096946716309
0.654,0.9981578947368421,0.13666515052318573
0.654,0.998421052631579,0.13663575053215027
0.663,0.998421052631579,0.13103139400482178
0.663,0.9986842105263158,0.13082340359687805
0.672,0.9986842105263158,0.12878355383872986
0.672,0.9989473684210526,0.12869031727313995
0.679,0.9989473684210526,0.12668591737747192
0.679,0.9992105263157894,0.12637990713119507
0.687,0.9992105263157894,0.12491922825574875
0.687,0.9994736842105263,0.12463850528001785
0.735,0.9994736842105263,0.11547018587589264
0.735,0.9997368421052631,0.11536604911088943
0.736,0.9997368421052631,0.1146848276257515
0.736,1.0,0.11463487893342972
1.0,1.0,0.013701959513127804
