FPR,TPR,Threshold
0.0,0.0,1.9954234957695007
0.0,0.0005263157894736842,0.9954234957695007
0.0,0.15473684210526314,0.9777513742446899
0.0,0.15578947368421053,0.9776887893676758
0.0,0.2305263157894737,0.9636932015419006
0.01,0.2305263157894737,0.9629994034767151
0.01,0.23157894736842105,0.962626039981842
0.014,0.23157894736842105,0.9625537991523743
0.014,0.2373684210526316,0.9608817100524902
0.016,0.2373684210526316,0.9607040286064148
0.016,0.2542105263157895,0.958644449710846
0.02,0.2542105263157895,0.9584386944770813
0.02,0.26052631578947366,0.9571756720542908
0.022,0.26052631578947366,0.9568281173706055
0.022,0.26894736842105266,0.9547057151794434
0.024,0.26894736842105266,0.9546850919723511
0.024,0.27210526315789474,0.9543328881263733
0.026,0.27210526315789474,0.9540632367134094
0.026,0.2894736842105263,0.9515843391418457
0.028,0.2894736842105263,0.9514901041984558
0.028,0.3026315789473684,0.9493531584739685
0.03,0.3026315789473684,0.9492547512054443
0.03,0.33421052631578946,0.9426112174987793
0.032,0.33421052631578946,0.9425815343856812
0.032,0.3373684210526316,0.941886842250824
0.034,0.3373684210526316,0.9418066740036011
0.034,0.3589473684210526,0.9382776021957397
0.036,0.3589473684210526,0.9382746815681458
0.036,0.36578947368421055,0.936958909034729
0.038,0.36578947368421055,0.9369111061096191
0.038,0.36736842105263157,0.9366612434387207
0.04,0.36736842105263157,0.9365283846855164
0.04,0.5763157894736842,0.8761655688285828
0.042,0.5763157894736842,0.8758227229118347
0.042,0.5778947368421052,0.8755752444267273
0.044,0.5778947368421052,0.8754233717918396
0.044,0.578421052631579,0.8753756880760193
0.046,0.578421052631579,0.8753679394721985
0.046,0.5794736842105264,0.8753025531768799
0.048,0.5794736842105264,0.8751838207244873
0.048,0.5821052631578948,0.8746986985206604
0.05,0.5821052631578948,0.8746966123580933
0.05,0.5847368421052631,0.8742713928222656
0.052,0.5847368421052631,0.8740658760070801
0.052,0.5863157894736842,0.873786211013794
0.054,0.5863157894736842,0.873751163482666
0.054,0.5994736842105263,0.8694409728050232
0.056,0.5994736842105263,0.8691348433494568
0.056,0.6063157894736843,0.8643317818641663
0.058,0.6063157894736843,0.8640689849853516
0.058,0.6147368421052631,0.8610998392105103
0.06,0.6147368421052631,0.8610650897026062
0.06,0.6231578947368421,0.8566230535507202
0.062,0.6231578947368421,0.8561034202575684
0.062,0.628421052631579,0.8529617786407471
0.064,0.628421052631579,0.852565348148346
0.064,0.6368421052631579,0.8494883179664612
0.066,0.6368421052631579,0.849189043045044
0.066,0.6431578947368422,0.8417397141456604
0.068,0.6431578947368422,0.8411785364151001
0.068,0.6452631578947369,0.8389357924461365
0.07,0.6452631578947369,0.8385041952133179
0.07,0.6468421052631579,0.83829665184021
0.078,0.6468421052631579,0.8377970457077026
0.078,0.6489473684210526,0.837151288986206
0.082,0.6489473684210526,0.8368386030197144
0.082,0.6584210526315789,0.8333373069763184
0.086,0.6584210526315789,0.8305512070655823
0.086,0.6636842105263158,0.8281692862510681
0.088,0.6636842105263158,0.8281389474868774
0.088,0.671578947368421,0.8259381651878357
0.092,0.671578947368421,0.8255533576011658
0.092,0.6805263157894736,0.8218445181846619
0.094,0.6805263157894736,0.821481466293335
0.094,0.6810526315789474,0.8214786648750305
0.1,0.6810526315789474,0.8206857442855835
0.1,0.6821052631578948,0.8203235268592834
0.106,0.6821052631578948,0.8193423748016357
0.106,0.6831578947368421,0.8192070722579956
0.108,0.6831578947368421,0.8188695311546326
0.108,0.6905263157894737,0.8152093887329102
0.11,0.6905263157894737,0.8151954412460327
0.11,0.6926315789473684,0.8146935701370239
0.112,0.6926315789473684,0.8144789934158325
0.112,0.6947368421052632,0.8138279318809509
0.114,0.6947368421052632,0.8134229779243469
0.114,0.6994736842105264,0.8112149834632874
0.118,0.6994736842105264,0.8107630610466003
0.118,0.7094736842105264,0.8066229224205017
0.122,0.7094736842105264,0.8062379956245422
0.122,0.7105263157894737,0.8055495619773865
0.124,0.7105263157894737,0.8050333261489868
0.124,0.7173684210526315,0.7999429702758789
0.126,0.7173684210526315,0.7994189858436584
0.126,0.7178947368421053,0.7992063760757446
0.128,0.7178947368421053,0.7988391518592834
0.128,0.718421052631579,0.7985202074050903
0.13,0.718421052631579,0.7984548211097717
0.13,0.7194736842105263,0.7981465458869934
0.132,0.7194736842105263,0.7972283363342285
0.132,0.7252631578947368,0.7919671535491943
0.136,0.7252631578947368,0.7908735275268555
0.136,0.7273684210526316,0.7888330221176147
0.138,0.7273684210526316,0.7879946827888489
0.138,0.7278947368421053,0.7873321175575256
0.14,0.7278947368421053,0.7871475219726562
0.14,0.7378947368421053,0.7795014381408691
0.142,0.7378947368421053,0.7783547639846802
0.142,0.738421052631579,0.7782076001167297
0.144,0.738421052631579,0.7773938179016113
0.144,0.7389473684210527,0.7751598358154297
0.146,0.7389473684210527,0.7748036980628967
0.146,0.74,0.7738595604896545
0.158,0.74,0.7726999521255493
0.158,0.7405263157894737,0.772625744342804
0.162,0.7405263157894737,0.7715941071510315
0.162,0.7452631578947368,0.7689444422721863
0.17,0.7452631578947368,0.7676202654838562
0.17,0.7457894736842106,0.7676023840904236
0.178,0.7457894736842106,0.7657063603401184
0.178,0.7478947368421053,0.7637307047843933
0.18,0.7478947368421053,0.7636319398880005
0.18,0.7547368421052632,0.760497510433197
0.182,0.7547368421052632,0.7595885396003723
0.182,0.7563157894736842,0.756744384765625
0.186,0.7563157894736842,0.7548505663871765
0.186,0.7594736842105263,0.7517633438110352
0.188,0.7594736842105263,0.7516087293624878
0.188,0.761578947368421,0.7501202821731567
0.19,0.761578947368421,0.749968409538269
0.19,0.7631578947368421,0.7493435740470886
0.192,0.7631578947368421,0.7492654919624329
0.192,0.7710526315789473,0.7447239756584167
0.194,0.7710526315789473,0.7437210083007812
0.194,0.7721052631578947,0.7429660558700562
0.196,0.7721052631578947,0.7423151731491089
0.196,0.7763157894736842,0.7381706833839417
0.198,0.7763157894736842,0.7380632162094116
0.198,0.7778947368421053,0.7369709014892578
0.202,0.7778947368421053,0.7356429696083069
0.202,0.7784210526315789,0.7354491353034973
0.204,0.7784210526315789,0.7346796989440918
0.204,0.7842105263157895,0.7311498522758484
0.206,0.7842105263157895,0.7310760021209717
0.206,0.7873684210526316,0.7285271883010864
0.21,0.7873684210526316,0.7260673642158508
0.21,0.7884210526315789,0.7236809730529785
0.214,0.7884210526315789,0.7230466604232788
0.214,0.7889473684210526,0.7222098112106323
0.216,0.7889473684210526,0.7222087383270264
0.216,0.7942105263157895,0.7198628783226013
0.218,0.7942105263157895,0.7163668274879456
0.218,0.7978947368421052,0.713744044303894
0.22,0.7978947368421052,0.7123829126358032
0.22,0.8089473684210526,0.6950500011444092
0.222,0.8089473684210526,0.6933140158653259
0.222,0.8115789473684211,0.687191367149353
0.224,0.8115789473684211,0.6862736344337463
0.224,0.8131578947368421,0.685896635055542
0.226,0.8131578947368421,0.6851013898849487
0.226,0.8147368421052632,0.6804423928260803
0.228,0.8147368421052632,0.6800974607467651
0.228,0.8205263157894737,0.6743096113204956
0.23,0.8205263157894737,0.6740642189979553
0.23,0.8215789473684211,0.6712573170661926
0.232,0.8215789473684211,0.6711885333061218
0.232,0.8226315789473684,0.6704801321029663
0.236,0.8226315789473684,0.6696601510047913
0.236,0.8231578947368421,0.6693069934844971
0.24,0.8231578947368421,0.6689527034759521
0.24,0.8563157894736843,0.633054256439209
0.244,0.8563157894736843,0.6325033903121948
0.244,0.8573684210526316,0.6322791576385498
0.246,0.8573684210526316,0.6321544051170349
0.246,0.8578947368421053,0.6321543455123901
0.252,0.8578947368421053,0.6312711238861084
0.252,0.8589473684210527,0.6306371688842773
0.254,0.8589473684210527,0.6303712725639343
0.254,0.8631578947368421,0.6239869594573975
0.256,0.8631578947368421,0.6237267255783081
0.256,0.8705263157894737,0.617976725101471
0.258,0.8705263157894737,0.6178470253944397
0.258,0.8710526315789474,0.6169965863227844
0.26,0.8710526315789474,0.616456925868988
0.26,0.8721052631578947,0.6152430176734924
0.262,0.8721052631578947,0.6146729588508606
0.262,0.8794736842105263,0.6007717847824097
0.264,0.8794736842105263,0.599911093711853
0.264,0.8805263157894737,0.5982210636138916
0.268,0.8805263157894737,0.5953073501586914
0.268,0.8836842105263157,0.5868031978607178
0.28,0.8836842105263157,0.5849413871765137
0.28,0.8842105263157894,0.5843995809555054
0.284,0.8842105263157894,0.5840255618095398
0.284,0.89,0.5759832859039307
0.286,0.89,0.5758653283119202
0.286,0.8905263157894737,0.5745075941085815
0.288,0.8905263157894737,0.5696340799331665
0.288,0.8910526315789473,0.5690799951553345
0.29,0.8910526315789473,0.5690053701400757
0.29,0.891578947368421,0.5685670971870422
0.292,0.891578947368421,0.56742262840271
0.292,0.8936842105263157,0.566506564617157
0.304,0.8936842105263157,0.5647189021110535
0.304,0.8942105263157895,0.5641356110572815
0.312,0.8942105263157895,0.5626776814460754
0.312,0.8947368421052632,0.5621958374977112
0.318,0.8947368421052632,0.5618420839309692
0.318,0.8952631578947369,0.5611752271652222
0.322,0.8952631578947369,0.560925304889679
0.322,0.8957894736842106,0.560900092124939
0.324,0.8957894736842106,0.5592774152755737
0.324,0.8973684210526316,0.5572725534439087
0.326,0.8973684210526316,0.5549672245979309
0.326,0.901578947368421,0.5504419803619385
0.332,0.901578947368421,0.5484974980354309
0.332,0.9026315789473685,0.5480592250823975
0.334,0.9026315789473685,0.5479496121406555
0.334,0.9031578947368422,0.5475131273269653
0.336,0.9031578947368422,0.5471721291542053
0.336,0.9036842105263158,0.5470568537712097
0.338,0.9036842105263158,0.546722412109375
0.338,0.9042105263157895,0.546637773513794
0.34,0.9042105263157895,0.5455840826034546
0.34,0.9052631578947369,0.5454728007316589
0.342,0.9052631578947369,0.5453511476516724
0.342,0.9057894736842105,0.5452656745910645
0.344,0.9057894736842105,0.5449100732803345
0.344,0.9105263157894737,0.5380308628082275
0.348,0.9105263157894737,0.5371893048286438
0.348,0.9110526315789473,0.5368902087211609
0.352,0.9110526315789473,0.5355844497680664
0.352,0.9178947368421052,0.5286837816238403
0.354,0.9178947368421052,0.5286131501197815
0.354,0.92,0.5258880257606506
0.358,0.92,0.5228066444396973
0.358,0.9205263157894736,0.5222126245498657
0.366,0.9205263157894736,0.5208524465560913
0.366,0.9210526315789473,0.5203690528869629
0.374,0.9210526315789473,0.5171017050743103
0.374,0.921578947368421,0.5159103870391846
0.376,0.921578947368421,0.5136511325836182
0.376,0.9221052631578948,0.513079047203064
0.378,0.9221052631578948,0.5117452144622803
0.378,0.9231578947368421,0.5085700750350952
0.38,0.9231578947368421,0.507921040058136
0.38,0.9236842105263158,0.5077294111251831
0.382,0.9236842105263158,0.5073811411857605
0.382,0.9242105263157895,0.5071470141410828
0.384,0.9242105263157895,0.5068719983100891
0.384,0.9257894736842105,0.5040806531906128
0.39,0.9257894736842105,0.503404974937439
0.39,0.9263157894736842,0.5032708644866943
0.394,0.9263157894736842,0.5028490424156189
0.394,0.9273684210526316,0.5024528503417969
0.396,0.9273684210526316,0.5023458003997803
0.396,0.9284210526315789,0.501917839050293
0.398,0.9284210526315789,0.5018947720527649
0.398,0.9294736842105263,0.5007105469703674
0.4,0.9294736842105263,0.5005888938903809
0.4,0.9305263157894736,0.4994206130504608
0.404,0.9305263157894736,0.49711108207702637
0.404,0.9310526315789474,0.4961194694042206
0.41,0.9310526315789474,0.4949611723423004
0.41,0.9315789473684211,0.4948977530002594
0.426,0.9315789473684211,0.4932505786418915
0.426,0.9326315789473684,0.49171051383018494
0.428,0.9326315789473684,0.4913994371891022
0.428,0.9342105263157895,0.4898378849029541
0.438,0.9342105263157895,0.4845518469810486
0.438,0.9347368421052632,0.48407840728759766
0.44,0.9347368421052632,0.4832842946052551
0.44,0.9363157894736842,0.4814753830432892
0.444,0.9363157894736842,0.47641313076019287
0.444,0.9368421052631579,0.4746120870113373
0.446,0.9368421052631579,0.4734928607940674
0.446,0.9373684210526316,0.47211673855781555
0.472,0.9373684210526316,0.4638987183570862
0.472,0.9378947368421052,0.46219444274902344
0.476,0.9378947368421052,0.4613547623157501
0.476,0.9384210526315789,0.4603019058704376
0.488,0.9384210526315789,0.45423802733421326
0.488,0.9389473684210526,0.4510889947414398
0.49,0.9389473684210526,0.4497711658477783
0.49,0.9394736842105263,0.44971105456352234
0.492,0.9394736842105263,0.44956299662590027
0.492,0.94,0.44908544421195984
0.502,0.94,0.4457951784133911
0.502,0.9405263157894737,0.4454638361930847
0.504,0.9405263157894737,0.4454209804534912
0.504,0.9415789473684211,0.4401818513870239
0.508,0.9415789473684211,0.4361807107925415
0.508,0.9421052631578948,0.4352721869945526
0.514,0.9421052631578948,0.4321625232696533
0.514,0.9436842105263158,0.430911123752594
0.516,0.9436842105263158,0.4299607574939728
0.516,0.9447368421052632,0.427094966173172
0.546,0.9447368421052632,0.41586989164352417
0.546,0.9452631578947368,0.41539260745048523
0.556,0.9452631578947368,0.41002172231674194
0.556,0.9457894736842105,0.40945062041282654
0.564,0.9457894736842105,0.4004426896572113
0.564,0.9463157894736842,0.3984960615634918
0.568,0.9463157894736842,0.3972059488296509
0.568,0.9468421052631579,0.3968776762485504
0.57,0.9468421052631579,0.39643850922584534
0.57,0.9473684210526315,0.3950507342815399
0.572,0.9473684210526315,0.3939441740512848
0.572,0.9510526315789474,0.38314828276634216
0.576,0.9510526315789474,0.3806566894054413
0.576,0.9515789473684211,0.3749547302722931
0.582,0.9515789473684211,0.3681561350822449
0.582,0.9521052631578948,0.3651242256164551
0.584,0.9521052631578948,0.36348915100097656
0.584,0.9526315789473684,0.36168158054351807
0.6,0.9526315789473684,0.3551430404186249
0.6,0.9531578947368421,0.354705274105072
0.62,0.9531578947368421,0.3470996022224426
0.62,0.9542105263157895,0.3430854082107544
0.63,0.9542105263157895,0.3345918357372284
0.63,0.9547368421052631,0.33454471826553345
0.636,0.9547368421052631,0.3273466229438782
0.636,0.9552631578947368,0.32458215951919556
0.654,0.9552631578947368,0.3085513710975647
0.654,0.9557894736842105,0.30031248927116394
0.658,0.9557894736842105,0.2961730360984802
0.658,0.9578947368421052,0.28592902421951294
0.674,0.9578947368421052,0.25492027401924133
0.674,0.9605263157894737,0.24971744418144226
0.676,0.9605263157894737,0.24968288838863373
0.676,0.9615789473684211,0.24896255135536194
0.68,0.9615789473684211,0.24826094508171082
0.68,0.9631578947368421,0.23659980297088623
0.694,0.9631578947368421,0.23454739153385162
0.694,0.9636842105263158,0.23202726244926453
0.696,0.9636842105263158,0.22903399169445038
0.696,0.9647368421052631,0.22265172004699707
0.702,0.9647368421052631,0.2185852825641632
0.702,0.9652631578947368,0.21532920002937317
0.704,0.9652631578947368,0.20953401923179626
0.704,0.9657894736842105,0.20948916673660278
0.71,0.9657894736842105,0.19686990976333618
0.71,0.966842105263158,0.1898663192987442
0.72,0.966842105263158,0.18422634899616241
0.72,0.9678947368421053,0.18382573127746582
0.724,0.9678947368421053,0.18355326354503632
0.724,0.968421052631579,0.1826566755771637
0.766,0.968421052631579,0.16275160014629364
0.766,0.9689473684210527,0.1621280163526535
0.768,0.9689473684210527,0.16206689178943634
0.768,0.9721052631578947,0.16134652495384216
0.772,0.9721052631578947,0.16058962047100067
0.772,0.9726315789473684,0.15723712742328644
0.774,0.9726315789473684,0.1562388837337494
0.774,0.9731578947368421,0.15416772663593292
0.776,0.9731578947368421,0.15361948311328888
0.776,0.9736842105263158,0.15313595533370972
0.778,0.9736842105263158,0.15303686261177063
0.778,0.9742105263157895,0.1525675654411316
0.796,0.9742105263157895,0.1465732455253601
0.796,0.9752631578947368,0.14440490305423737
0.8,0.9752631578947368,0.14234218001365662
0.8,0.9757894736842105,0.14222915470600128
0.804,0.9757894736842105,0.13951930403709412
0.804,0.9763157894736842,0.13929812610149384
0.806,0.9763157894736842,0.13872021436691284
0.806,0.9805263157894737,0.13731162250041962
0.808,0.9805263157894737,0.13713057339191437
0.808,0.9836842105263158,0.13651709258556366
0.812,0.9836842105263158,0.13598361611366272
0.812,0.9842105263157894,0.13487523794174194
0.816,0.9842105263157894,0.13370724022388458
0.816,0.9847368421052631,0.13285094499588013
0.82,0.9847368421052631,0.13187851011753082
0.82,0.9857894736842105,0.1316026747226715
0.822,0.9857894736842105,0.1288512796163559
0.822,0.9868421052631579,0.1286497414112091
0.828,0.9868421052631579,0.12785755097866058
0.828,0.9894736842105263,0.12396250665187836
0.83,0.9894736842105263,0.12391956150531769
0.83,0.9931578947368421,0.11902951449155807
0.844,0.9931578947368421,0.11679910868406296
0.844,0.9942105263157894,0.11446656286716461
0.854,0.9942105263157894,0.10998569428920746
0.854,0.9947368421052631,0.1099206805229187
0.862,0.9947368421052631,0.10696456581354141
0.862,0.9957894736842106,0.1049407348036766
0.866,0.9957894736842106,0.10369163006544113
0.866,0.9973684210526316,0.10163754969835281
0.874,0.9973684210526316,0.10079379379749298
0.874,0.9978947368421053,0.10075990855693817
0.882,0.9978947368421053,0.10035648196935654
0.882,0.998421052631579,0.09842709451913834
0.886,0.998421052631579,0.09760819375514984
0.886,1.0,0.09501636028289795
1.0,1.0,0.036209311336278915
