FPR,TPR,Threshold
0.0,0.0,1.9811672568321228
0.0,0.0004807692307692308,0.9811672568321228
0.0,0.04567307692307692,0.9683131575584412
0.0003676470588235294,0.04567307692307692,0.9681775569915771
0.0003676470588235294,0.04855769230769231,0.9668384194374084
0.0007352941176470588,0.04855769230769231,0.9667621850967407
0.0007352941176470588,0.052884615384615384,0.9660341739654541
0.0011029411764705882,0.052884615384615384,0.9660338759422302
0.0011029411764705882,0.06153846153846154,0.9655823707580566
0.001838235294117647,0.06153846153846154,0.9652954936027527
0.001838235294117647,0.0625,0.9651503562927246
0.004411764705882353,0.0625,0.9649328589439392
0.004411764705882353,0.06298076923076923,0.964922308921814
0.00625,0.06298076923076923,0.9648693799972534
0.00625,0.06346153846153846,0.9648653864860535
0.010294117647058823,0.06346153846153846,0.9647271037101746
0.010294117647058823,0.06394230769230769,0.9647113680839539
0.011029411764705883,0.06394230769230769,0.9645213484764099
0.011029411764705883,0.06442307692307692,0.9644461870193481
0.011764705882352941,0.06442307692307692,0.9643674492835999
0.011764705882352941,0.06490384615384616,0.9642984867095947
0.0125,0.06490384615384616,0.9641652703285217
0.0125,0.06538461538461539,0.9641603827476501
0.022794117647058822,0.06538461538461539,0.962965726852417
0.022794117647058822,0.06586538461538462,0.9625865817070007
0.023161764705882354,0.06586538461538462,0.9625641703605652
0.023161764705882354,0.07355769230769231,0.9616125822067261
0.023529411764705882,0.07355769230769231,0.9616081714630127
0.023529411764705882,0.09759615384615385,0.9585039615631104
0.02463235294117647,0.09759615384615385,0.9562457799911499
0.02463235294117647,0.09807692307692308,0.9560607671737671
0.025735294117647058,0.09807692307692308,0.9534779787063599
0.025735294117647058,0.10048076923076923,0.9527040719985962
0.026470588235294117,0.10048076923076923,0.9526459574699402
0.026470588235294117,0.10096153846153846,0.9523997902870178
0.029044117647058824,0.10096153846153846,0.9519823789596558
0.029044117647058824,0.10144230769230769,0.9519749283790588
0.036397058823529414,0.10144230769230769,0.9506325721740723
0.036397058823529414,0.10288461538461538,0.9499267935752869
0.03713235294117647,0.10288461538461538,0.9498046040534973
0.03713235294117647,0.10576923076923077,0.9486675262451172
0.0375,0.10576923076923077,0.9486535787582397
0.0375,0.13509615384615384,0.9441933035850525
0.03786764705882353,0.13509615384615384,0.9435560703277588
0.03786764705882353,0.13557692307692307,0.9425377249717712
0.03823529411764706,0.13557692307692307,0.9420358538627625
0.03823529411764706,0.1360576923076923,0.9415728449821472
0.03897058823529412,0.1360576923076923,0.9403489232063293
0.03897058823529412,0.15576923076923077,0.9327468872070312
0.039338235294117646,0.15576923076923077,0.9326973557472229
0.039338235294117646,0.20192307692307693,0.9230355620384216
0.039705882352941174,0.20192307692307693,0.9230300784111023
0.039705882352941174,0.20528846153846153,0.9227666854858398
0.04007352941176471,0.20528846153846153,0.9227490425109863
0.04007352941176471,0.2298076923076923,0.9188615679740906
0.04044117647058824,0.2298076923076923,0.9188390374183655
0.04044117647058824,0.23701923076923076,0.9183584451675415
0.040808823529411765,0.23701923076923076,0.9180583953857422
0.040808823529411765,0.23798076923076922,0.9177190065383911
0.04154411764705882,0.23798076923076922,0.9174678921699524
0.04154411764705882,0.23846153846153847,0.9174198508262634
0.04191176470588235,0.23846153846153847,0.9170894622802734
0.04191176470588235,0.2389423076923077,0.9170697331428528
0.04779411764705882,0.2389423076923077,0.9161535501480103
0.04779411764705882,0.23942307692307693,0.9161442518234253
0.05036764705882353,0.23942307692307693,0.9158750772476196
0.05036764705882353,0.23990384615384616,0.9158744812011719
0.05110294117647059,0.23990384615384616,0.9154123663902283
0.05110294117647059,0.2403846153846154,0.9153933525085449
0.05220588235294118,0.2403846153846154,0.9138031005859375
0.05220588235294118,0.24086538461538462,0.9136515259742737
0.052573529411764706,0.24086538461538462,0.9135375618934631
0.052573529411764706,0.24134615384615385,0.913229763507843
0.052941176470588235,0.24134615384615385,0.9130712151527405
0.052941176470588235,0.24326923076923077,0.9119065403938293
0.05330882352941176,0.24326923076923077,0.9116525053977966
0.05330882352941176,0.24903846153846154,0.9054298996925354
0.05367647058823529,0.24903846153846154,0.9050381183624268
0.05367647058823529,0.26153846153846155,0.903860867023468
0.054411764705882354,0.26153846153846155,0.9038058519363403
0.054411764705882354,0.26346153846153847,0.9028924703598022
0.05477941176470588,0.26346153846153847,0.9027799963951111
0.05477941176470588,0.2793269230769231,0.8998197317123413
0.05514705882352941,0.2793269230769231,0.8996870517730713
0.05514705882352941,0.2966346153846154,0.8932607769966125
0.05551470588235294,0.2966346153846154,0.8929844498634338
0.05551470588235294,0.2980769230769231,0.8919611573219299
0.05588235294117647,0.2980769230769231,0.891913890838623
0.05588235294117647,0.29903846153846153,0.8906660676002502
0.05625,0.29903846153846153,0.8902598023414612
0.05625,0.29951923076923076,0.8899686932563782
0.05661764705882353,0.29951923076923076,0.8898037672042847
0.05661764705882353,0.3,0.8896704912185669
0.05698529411764706,0.3,0.8896052241325378
0.05698529411764706,0.3019230769230769,0.8865662217140198
0.05808823529411765,0.3019230769230769,0.8846055269241333
0.05808823529411765,0.3033653846153846,0.8842182159423828
0.058823529411764705,0.3033653846153846,0.8837612867355347
0.058823529411764705,0.3038461538461538,0.8831236958503723
0.05919117647058823,0.3038461538461538,0.8830229043960571
0.05919117647058823,0.30432692307692305,0.8830161094665527
0.07720588235294118,0.30432692307692305,0.8813894987106323
0.07720588235294118,0.30480769230769234,0.8813855648040771
0.07830882352941176,0.30480769230769234,0.8808275461196899
0.07830882352941176,0.30528846153846156,0.8805798292160034
0.07904411764705882,0.30528846153846156,0.8793296813964844
0.07904411764705882,0.3057692307692308,0.8792701363563538
0.07941176470588235,0.3057692307692308,0.8789052963256836
0.07941176470588235,0.30625,0.8788946270942688
0.08014705882352942,0.30625,0.8788167238235474
0.08014705882352942,0.3076923076923077,0.8778151869773865
0.08051470588235295,0.3076923076923077,0.8775048851966858
0.08051470588235295,0.31298076923076923,0.8770905137062073
0.08088235294117647,0.31298076923076923,0.8770564198493958
0.08088235294117647,0.31875,0.876789391040802
0.08125,0.31875,0.8766833543777466
0.08125,0.31971153846153844,0.8762685060501099
0.08345588235294117,0.31971153846153844,0.8759440779685974
0.08345588235294117,0.32067307692307695,0.875896692276001
0.08602941176470588,0.32067307692307695,0.8756462335586548
0.08602941176470588,0.3211538461538462,0.8756448030471802
0.08786764705882352,0.3211538461538462,0.8755096197128296
0.08786764705882352,0.3216346153846154,0.8754937052726746
0.08933823529411765,0.3216346153846154,0.8752408623695374
0.08933823529411765,0.32211538461538464,0.8752242922782898
0.09044117647058823,0.32211538461538464,0.8749693632125854
0.09044117647058823,0.3230769230769231,0.8744019865989685
0.09191176470588236,0.3230769230769231,0.8732768893241882
0.09191176470588236,0.32403846153846155,0.8730659484863281
0.09264705882352942,0.32403846153846155,0.8726142048835754
0.09264705882352942,0.32548076923076924,0.8713741302490234
0.09301470588235294,0.32548076923076924,0.8711681365966797
0.09301470588235294,0.3317307692307692,0.8706955313682556
0.09338235294117647,0.3317307692307692,0.8706833124160767
0.09338235294117647,0.3490384615384615,0.8693554401397705
0.09375,0.3490384615384615,0.8693442940711975
0.09375,0.35096153846153844,0.8679401278495789
0.09411764705882353,0.35096153846153844,0.8678398728370667
0.09411764705882353,0.35192307692307695,0.8676886558532715
0.09448529411764706,0.35192307692307695,0.867668867111206
0.09448529411764706,0.3524038461538462,0.8675514459609985
0.09485294117647058,0.3524038461538462,0.8673752546310425
0.09485294117647058,0.35336538461538464,0.866845965385437
0.09522058823529411,0.35336538461538464,0.8664801120758057
0.09522058823529411,0.3543269230769231,0.8661741614341736
0.09705882352941177,0.3543269230769231,0.8659610748291016
0.09705882352941177,0.35528846153846155,0.8658868074417114
0.09963235294117648,0.35528846153846155,0.8656663298606873
0.09963235294117648,0.3557692307692308,0.8656625151634216
0.10330882352941176,0.3557692307692308,0.8650789260864258
0.10330882352941176,0.36153846153846153,0.8646101355552673
0.1036764705882353,0.36153846153846153,0.864579439163208
0.1036764705882353,0.3639423076923077,0.8644563555717468
0.10404411764705883,0.3639423076923077,0.864417552947998
0.10404411764705883,0.3663461538461538,0.8640797734260559
0.10441176470588236,0.3663461538461538,0.8640705943107605
0.10441176470588236,0.36875,0.8633615374565125
0.10514705882352941,0.36875,0.8632341623306274
0.10514705882352941,0.36923076923076925,0.8631575107574463
0.10588235294117647,0.36923076923076925,0.8630400896072388
0.10588235294117647,0.3697115384615385,0.8630319833755493
0.10625,0.3697115384615385,0.8623108267784119
0.10625,0.3701923076923077,0.8620076775550842
0.10661764705882353,0.3701923076923077,0.8616534471511841
0.10661764705882353,0.37067307692307694,0.8615939617156982
0.10992647058823529,0.37067307692307694,0.8612146973609924
0.10992647058823529,0.37115384615384617,0.8611899018287659
0.11029411764705882,0.37115384615384617,0.8611785769462585
0.11029411764705882,0.3730769230769231,0.8610950708389282
0.11066176470588235,0.3730769230769231,0.8610743880271912
0.11066176470588235,0.3735576923076923,0.8610709309577942
0.11213235294117647,0.3735576923076923,0.8610039353370667
0.11213235294117647,0.37403846153846154,0.8609885573387146
0.11323529411764706,0.37403846153846154,0.8608728051185608
0.11323529411764706,0.37451923076923077,0.8608396649360657
0.11360294117647059,0.37451923076923077,0.8608367443084717
0.11360294117647059,0.37596153846153846,0.8608031868934631
0.11397058823529412,0.37596153846153846,0.860738217830658
0.11397058823529412,0.37884615384615383,0.8605818152427673
0.11470588235294117,0.37884615384615383,0.8605391979217529
0.11470588235294117,0.37932692307692306,0.8604975938796997
0.1150735294117647,0.37932692307692306,0.860377311706543
0.1150735294117647,0.3798076923076923,0.8603463172912598
0.11544117647058824,0.3798076923076923,0.8603162169456482
0.11544117647058824,0.38269230769230766,0.8598449230194092
0.1161764705882353,0.38269230769230766,0.8594247102737427
0.1161764705882353,0.3841346153846154,0.8585347533226013
0.11654411764705883,0.3841346153846154,0.8579898476600647
0.11654411764705883,0.38461538461538464,0.8578875660896301
0.11691176470588235,0.38461538461538464,0.857723593711853
0.11691176470588235,0.3860576923076923,0.8565240502357483
0.11727941176470588,0.3860576923076923,0.8564894795417786
0.11727941176470588,0.3875,0.8559785485267639
0.11801470588235294,0.3875,0.8554767370223999
0.11801470588235294,0.38798076923076924,0.855475664138794
0.12022058823529412,0.38798076923076924,0.853256344795227
0.12022058823529412,0.3889423076923077,0.8529674410820007
0.12830882352941175,0.3889423076923077,0.8504528403282166
0.12830882352941175,0.3894230769230769,0.8504229784011841
0.12904411764705884,0.3894230769230769,0.8501460552215576
0.12904411764705884,0.3908653846153846,0.8493898510932922
0.12941176470588237,0.3908653846153846,0.8492698669433594
0.12941176470588237,0.3918269230769231,0.8485653400421143
0.13014705882352942,0.3918269230769231,0.8480350375175476
0.13014705882352942,0.39375,0.846550703048706
0.13051470588235295,0.39375,0.8463893532752991
0.13051470588235295,0.39471153846153845,0.8461549878120422
0.13161764705882353,0.39471153846153845,0.8451025485992432
0.13161764705882353,0.3951923076923077,0.8448978066444397
0.13198529411764706,0.3951923076923077,0.8448885679244995
0.13198529411764706,0.3956730769230769,0.8443927764892578
0.13602941176470587,0.3956730769230769,0.8438202738761902
0.13602941176470587,0.39615384615384613,0.8438188433647156
0.13676470588235295,0.39615384615384613,0.8437683582305908
0.13676470588235295,0.39807692307692305,0.8436894416809082
0.13713235294117648,0.39807692307692305,0.843687891960144
0.13713235294117648,0.39855769230769234,0.8436753153800964
0.13786764705882354,0.39855769230769234,0.8436180353164673
0.13786764705882354,0.4014423076923077,0.8432815670967102
0.13786764705882354,0.40240384615384617,0.8432767987251282
0.13823529411764707,0.40240384615384617,0.8432726263999939
0.13823529411764707,0.40528846153846154,0.8429974317550659
0.1386029411764706,0.40528846153846154,0.8429697751998901
0.1386029411764706,0.40576923076923077,0.8429480791091919
0.13897058823529412,0.40576923076923077,0.8429365754127502
0.13897058823529412,0.40721153846153846,0.8427334427833557
0.13933823529411765,0.40721153846153846,0.8426277041435242
0.13933823529411765,0.4076923076923077,0.84257572889328
0.13970588235294118,0.4076923076923077,0.842562198638916
0.13970588235294118,0.4081730769230769,0.8425408601760864
0.14080882352941176,0.4081730769230769,0.842247724533081
0.14080882352941176,0.40865384615384615,0.8419351577758789
0.14154411764705882,0.40865384615384615,0.8417708277702332
0.14154411764705882,0.4096153846153846,0.8413820862770081
0.14191176470588235,0.4096153846153846,0.8407695293426514
0.14191176470588235,0.41009615384615383,0.8407622575759888
0.14227941176470588,0.41009615384615383,0.8405547738075256
0.14227941176470588,0.4115384615384615,0.8398516774177551
0.1426470588235294,0.4115384615384615,0.8393369913101196
0.1426470588235294,0.4129807692307692,0.8389837145805359
0.14301470588235293,0.4129807692307692,0.8387371897697449
0.14301470588235293,0.41442307692307695,0.8377431631088257
0.14338235294117646,0.41442307692307695,0.8374238014221191
0.14375,0.4149038461538462,0.8372063040733337
0.14375,0.41634615384615387,0.8369796276092529
0.14411764705882352,0.41634615384615387,0.8369729518890381
0.14411764705882352,0.42740384615384613,0.8349536657333374
0.14448529411764705,0.42740384615384613,0.8348606824874878
0.14448529411764705,0.4283653846153846,0.8341743350028992
0.1448529411764706,0.4283653846153846,0.8340703248977661
0.1448529411764706,0.42980769230769234,0.8333567976951599
0.14522058823529413,0.42980769230769234,0.8331609964370728
0.14522058823529413,0.43028846153846156,0.8328150510787964
0.14558823529411766,0.43028846153846156,0.8326042294502258
0.14558823529411766,0.4341346153846154,0.8292106986045837
0.14595588235294119,0.4341346153846154,0.828665554523468
0.14595588235294119,0.44567307692307695,0.8275271058082581
0.1463235294117647,0.44567307692307695,0.8272605538368225
0.1463235294117647,0.4461538461538462,0.8271749019622803
0.14669117647058824,0.4461538461538462,0.8270883560180664
0.14669117647058824,0.4466346153846154,0.8263025283813477
0.1474264705882353,0.4466346153846154,0.8261858224868774
0.1474264705882353,0.44711538461538464,0.8258498907089233
0.14779411764705883,0.44711538461538464,0.8258052468299866
0.14779411764705883,0.44759615384615387,0.8257498145103455
0.1547794117647059,0.44759615384615387,0.8240823745727539
0.1547794117647059,0.4480769230769231,0.8240748643875122
0.15661764705882353,0.4480769230769231,0.8237916231155396
0.15661764705882353,0.44903846153846155,0.8236831426620483
0.15808823529411764,0.44903846153846155,0.8225793242454529
0.15808823529411764,0.4495192307692308,0.8218675255775452
0.15845588235294117,0.4495192307692308,0.820516049861908
0.15845588235294117,0.45,0.8204496502876282
0.15919117647058822,0.45,0.8203697800636292
0.15919117647058822,0.4514423076923077,0.8196210861206055
0.16066176470588237,0.4514423076923077,0.8175621032714844
0.16066176470588237,0.4528846153846154,0.816817581653595
0.16213235294117648,0.4528846153846154,0.8166470527648926
0.16213235294117648,0.4533653846153846,0.816625714302063
0.1661764705882353,0.4533653846153846,0.8161541223526001
0.1661764705882353,0.45384615384615384,0.8161520957946777
0.16838235294117648,0.45384615384615384,0.8159481883049011
0.16838235294117648,0.4543269230769231,0.8158489465713501
0.16911764705882354,0.4543269230769231,0.8157861232757568
0.16911764705882354,0.4548076923076923,0.81578528881073
0.16948529411764707,0.4548076923076923,0.8157616853713989
0.16948529411764707,0.45721153846153845,0.8155767321586609
0.1698529411764706,0.45721153846153845,0.8154990673065186
0.1698529411764706,0.46298076923076925,0.8149622082710266
0.17022058823529412,0.46298076923076925,0.8147154450416565
0.17022058823529412,0.4658653846153846,0.8141117095947266
0.17058823529411765,0.4658653846153846,0.8137823343276978
0.17058823529411765,0.46634615384615385,0.8134377002716064
0.17095588235294118,0.46634615384615385,0.8126458525657654
0.17095588235294118,0.4673076923076923,0.8114782571792603
0.1713235294117647,0.4673076923076923,0.811372697353363
0.1713235294117647,0.46875,0.8100908398628235
0.17169117647058824,0.46875,0.8094652891159058
0.17169117647058824,0.46923076923076923,0.809278130531311
0.17205882352941176,0.46923076923076923,0.8091123104095459
0.17205882352941176,0.46971153846153846,0.8090940117835999
0.17279411764705882,0.46971153846153846,0.8075324892997742
0.17279411764705882,0.4701923076923077,0.8074724674224854
0.17352941176470588,0.4701923076923077,0.8072180151939392
0.17352941176470588,0.4706730769230769,0.8070471882820129
0.17463235294117646,0.4706730769230769,0.804593563079834
0.17463235294117646,0.47115384615384615,0.8045901656150818
0.1786764705882353,0.47115384615384615,0.8022449016571045
0.1786764705882353,0.4716346153846154,0.8021768927574158
0.17904411764705883,0.4716346153846154,0.8021090626716614
0.17904411764705883,0.4721153846153846,0.8020774126052856
0.18345588235294116,0.4721153846153846,0.8015852570533752
0.18345588235294116,0.47259615384615383,0.8015668988227844
0.18382352941176472,0.47259615384615383,0.8015385866165161
0.18382352941176472,0.47307692307692306,0.8015016913414001
0.18455882352941178,0.47307692307692306,0.8009974360466003
0.18455882352941178,0.48173076923076924,0.7999867796897888
0.1849264705882353,0.48173076923076924,0.7999246120452881
0.1849264705882353,0.48509615384615384,0.7983259558677673
0.18529411764705883,0.48509615384615384,0.7983083724975586
0.18529411764705883,0.4860576923076923,0.7981952428817749
0.18639705882352942,0.4860576923076923,0.7969150543212891
0.18639705882352942,0.4879807692307692,0.7954825758934021
0.18823529411764706,0.4879807692307692,0.7943828701972961
0.18823529411764706,0.48846153846153845,0.7939639091491699
0.1889705882352941,0.48846153846153845,0.7937449216842651
0.1889705882352941,0.4889423076923077,0.7935962080955505
0.19264705882352942,0.4889423076923077,0.7930257320404053
0.19264705882352942,0.4894230769230769,0.7929957509040833
0.1963235294117647,0.4894230769230769,0.7928219437599182
0.1963235294117647,0.48990384615384613,0.7927994728088379
0.20698529411764705,0.48990384615384613,0.7914468050003052
0.20698529411764705,0.49038461538461536,0.7913347482681274
0.20772058823529413,0.49038461538461536,0.7912180423736572
0.20772058823529413,0.4908653846153846,0.7906340956687927
0.20808823529411766,0.4908653846153846,0.7906323671340942
0.20808823529411766,0.49615384615384617,0.7902154922485352
0.20845588235294119,0.49615384615384617,0.7901402115821838
0.20845588235294119,0.5009615384615385,0.789455235004425
0.20919117647058824,0.5009615384615385,0.789355456829071
0.20919117647058824,0.5043269230769231,0.7882634997367859
0.21102941176470588,0.5043269230769231,0.7866415977478027
0.21102941176470588,0.5067307692307692,0.7852491140365601
0.2113970588235294,0.5067307692307692,0.7844869494438171
0.2113970588235294,0.5091346153846154,0.7816625237464905
0.21213235294117647,0.5091346153846154,0.7804672122001648
0.21213235294117647,0.5110576923076923,0.7799106240272522
0.21323529411764705,0.5110576923076923,0.7787611484527588
0.21323529411764705,0.5158653846153847,0.7779295444488525
0.21360294117647058,0.5158653846153847,0.7777805328369141
0.21360294117647058,0.5211538461538462,0.7773829698562622
0.21433823529411763,0.5211538461538462,0.7772899866104126
0.21433823529411763,0.5230769230769231,0.7769789695739746
0.21470588235294116,0.5230769230769231,0.7768862247467041
0.21470588235294116,0.5235576923076923,0.7765434980392456
0.21544117647058825,0.5235576923076923,0.7763643860816956
0.21544117647058825,0.5240384615384616,0.7762648463249207
0.2213235294117647,0.5240384615384616,0.7755498886108398
0.2213235294117647,0.5245192307692308,0.7755305171012878
0.22279411764705884,0.5245192307692308,0.7754757404327393
0.22279411764705884,0.525,0.7754591107368469
0.22977941176470587,0.525,0.7746948599815369
0.22977941176470587,0.5259615384615385,0.7746120691299438
0.2301470588235294,0.5259615384615385,0.7745866179466248
0.2301470588235294,0.5274038461538462,0.7745143175125122
0.23051470588235295,0.5274038461538462,0.7744924426078796
0.23051470588235295,0.5283653846153846,0.77433842420578
0.23125,0.5283653846153846,0.7742578387260437
0.23125,0.5298076923076923,0.7741312384605408
0.23161764705882354,0.5298076923076923,0.7740849256515503
0.23161764705882354,0.5322115384615385,0.7738605737686157
0.23198529411764707,0.5322115384615385,0.7738555669784546
0.23198529411764707,0.5350961538461538,0.7733625769615173
0.2323529411764706,0.5350961538461538,0.7732843160629272
0.2323529411764706,0.5360576923076923,0.7731097340583801
0.23272058823529412,0.5360576923076923,0.773026704788208
0.23272058823529412,0.5379807692307692,0.7728487253189087
0.23308823529411765,0.5379807692307692,0.7728293538093567
0.23308823529411765,0.5384615384615384,0.7726974487304688
0.23419117647058824,0.5384615384615384,0.7724202871322632
0.23419117647058824,0.5394230769230769,0.7718502283096313
0.2349264705882353,0.5394230769230769,0.770651638507843
0.2349264705882353,0.5403846153846154,0.7700515985488892
0.23529411764705882,0.5403846153846154,0.770014226436615
0.23529411764705882,0.5524038461538462,0.768267035484314
0.23566176470588235,0.5524038461538462,0.7680571675300598
0.23566176470588235,0.5543269230769231,0.7671495079994202
0.23602941176470588,0.5543269230769231,0.7671309113502502
0.23602941176470588,0.5548076923076923,0.766939640045166
0.2363970588235294,0.5548076923076923,0.7669017314910889
0.2363970588235294,0.5557692307692308,0.7667773365974426
0.23676470588235293,0.5557692307692308,0.7664279341697693
0.23676470588235293,0.55625,0.7661429047584534
0.2375,0.55625,0.7648355960845947
0.2375,0.5567307692307693,0.7646918892860413
0.23786764705882352,0.5567307692307693,0.7643789649009705
0.23786764705882352,0.5581730769230769,0.7638524770736694
0.23933823529411766,0.5581730769230769,0.7619418501853943
0.23933823529411766,0.5586538461538462,0.7619010210037231
0.2400735294117647,0.5586538461538462,0.7601935267448425
0.2400735294117647,0.5591346153846154,0.7601058483123779
0.24227941176470588,0.5591346153846154,0.7593551278114319
0.24227941176470588,0.5596153846153846,0.7592764496803284
0.2452205882352941,0.5596153846153846,0.7587641477584839
0.2452205882352941,0.5600961538461539,0.7587213516235352
0.25073529411764706,0.5600961538461539,0.7571349740028381
0.25073529411764706,0.5610576923076923,0.7570400238037109
0.2529411764705882,0.5610576923076923,0.7567488551139832
0.2529411764705882,0.5615384615384615,0.7567293047904968
0.25477941176470587,0.5615384615384615,0.756313145160675
0.25477941176470587,0.5620192307692308,0.7562494277954102
0.26029411764705884,0.5620192307692308,0.7546252608299255
0.26029411764705884,0.5625,0.7545688152313232
0.26066176470588237,0.5625,0.7544878721237183
0.26066176470588237,0.5629807692307692,0.7539857029914856
0.2727941176470588,0.5629807692307692,0.7509931921958923
0.2727941176470588,0.5639423076923077,0.750500500202179
0.2735294117647059,0.5639423076923077,0.7501311898231506
0.2735294117647059,0.5644230769230769,0.7499488592147827
0.27389705882352944,0.5644230769230769,0.74943608045578
0.27389705882352944,0.5649038461538461,0.7493010759353638
0.275,0.5649038461538461,0.7481345534324646
0.275,0.5653846153846154,0.7479236125946045
0.2757352941176471,0.5653846153846154,0.7473480105400085
0.2757352941176471,0.5658653846153846,0.7469656467437744
0.27647058823529413,0.5658653846153846,0.7467593550682068
0.27647058823529413,0.5663461538461538,0.7467331290245056
0.27683823529411766,0.5663461538461538,0.7465132474899292
0.27683823529411766,0.5692307692307692,0.742767870426178
0.2772058823529412,0.5692307692307692,0.7427261471748352
0.2772058823529412,0.5716346153846154,0.741759181022644
0.2775735294117647,0.5716346153846154,0.7417539358139038
0.2775735294117647,0.5759615384615384,0.7411981821060181
0.27794117647058825,0.5759615384615384,0.7411474585533142
0.27794117647058825,0.5798076923076924,0.7407776713371277
0.2783088235294118,0.5798076923076924,0.740278422832489
0.2783088235294118,0.5802884615384616,0.7402445673942566
0.28161764705882353,0.5802884615384616,0.7391330003738403
0.28161764705882353,0.5807692307692308,0.7390422224998474
0.28345588235294117,0.5807692307692308,0.7388193607330322
0.28345588235294117,0.58125,0.7387996315956116
0.2852941176470588,0.58125,0.7385872602462769
0.2852941176470588,0.5817307692307693,0.7385716438293457
0.2875,0.5817307692307693,0.7381582856178284
0.2875,0.5822115384615385,0.7380214333534241
0.2889705882352941,0.5822115384615385,0.7377448678016663
0.2889705882352941,0.5826923076923077,0.7373676896095276
0.2893382352941177,0.5826923076923077,0.737366795539856
0.2893382352941177,0.583173076923077,0.7367547154426575
0.29044117647058826,0.583173076923077,0.7364931106567383
0.29044117647058826,0.5836538461538462,0.7364413738250732
0.2908088235294118,0.5836538461538462,0.7361952662467957
0.2908088235294118,0.5841346153846154,0.7352195382118225
0.2911764705882353,0.5841346153846154,0.7339833974838257
0.2911764705882353,0.5846153846153846,0.7337654829025269
0.2922794117647059,0.5846153846153846,0.7332736849784851
0.2922794117647059,0.5913461538461539,0.7325178980827332
0.2926470588235294,0.5913461538461539,0.7324953079223633
0.2926470588235294,0.5923076923076923,0.732479989528656
0.2926470588235294,0.5951923076923077,0.731919527053833
0.29301470588235295,0.5951923076923077,0.7317757606506348
0.29301470588235295,0.5985576923076923,0.7305271625518799
0.2933823529411765,0.5985576923076923,0.7300349473953247
0.2933823529411765,0.5995192307692307,0.7295564413070679
0.29375,0.5995192307692307,0.7293053269386292
0.29375,0.6,0.7291397452354431
0.29411764705882354,0.6,0.7288901209831238
0.29411764705882354,0.6009615384615384,0.7281578183174133
0.29448529411764707,0.6009615384615384,0.7276496291160583
0.29448529411764707,0.6024038461538461,0.7275684475898743
0.2948529411764706,0.6024038461538461,0.7275444865226746
0.2948529411764706,0.6038461538461538,0.7246561646461487
0.2952205882352941,0.6038461538461538,0.7246288657188416
0.2952205882352941,0.604326923076923,0.7240167260169983
0.29558823529411765,0.604326923076923,0.7234699130058289
0.29558823529411765,0.6048076923076923,0.7228032946586609
0.2959558823529412,0.6048076923076923,0.7225990295410156
0.2959558823529412,0.6086538461538461,0.7216389179229736
0.2963235294117647,0.6086538461538461,0.7216280698776245
0.2963235294117647,0.6149038461538462,0.720851480960846
0.29669117647058824,0.6149038461538462,0.7208045721054077
0.29669117647058824,0.6153846153846154,0.7206717729568481
0.29705882352941176,0.6153846153846154,0.7206519246101379
0.29705882352941176,0.6173076923076923,0.7202521562576294
0.2974264705882353,0.6173076923076923,0.7201953530311584
0.2974264705882353,0.6182692307692308,0.7200667858123779
0.2977941176470588,0.6182692307692308,0.719906210899353
0.2977941176470588,0.6201923076923077,0.7184725403785706
0.3025735294117647,0.6201923076923077,0.7158342003822327
0.3025735294117647,0.6206730769230769,0.7158060669898987
0.3058823529411765,0.6206730769230769,0.7151768803596497
0.3058823529411765,0.6211538461538462,0.7151058912277222
0.3084558823529412,0.6211538461538462,0.7142378687858582
0.3084558823529412,0.6225961538461539,0.7140412330627441
0.30919117647058825,0.6225961538461539,0.7136368155479431
0.30919117647058825,0.6230769230769231,0.7135576009750366
0.3095588235294118,0.6230769230769231,0.7132281064987183
0.3095588235294118,0.6235576923076923,0.7128178477287292
0.31029411764705883,0.6235576923076923,0.7119380831718445
0.31029411764705883,0.6240384615384615,0.7119093537330627
0.3113970588235294,0.6240384615384615,0.7104271650314331
0.3113970588235294,0.6269230769230769,0.7076399922370911
0.31213235294117647,0.6269230769230769,0.7073221206665039
0.31213235294117647,0.6283653846153846,0.7063783407211304
0.3125,0.6283653846153846,0.7061798572540283
0.3125,0.6288461538461538,0.7057516574859619
0.31286764705882353,0.6288461538461538,0.7054707407951355
0.31286764705882353,0.6346153846153846,0.7040586471557617
0.31323529411764706,0.6346153846153846,0.7038405537605286
0.31323529411764706,0.6442307692307693,0.7029951214790344
0.3136029411764706,0.6442307692307693,0.7029649019241333
0.3136029411764706,0.6461538461538462,0.7028646469116211
0.3139705882352941,0.6461538461538462,0.7028257250785828
0.3139705882352941,0.66875,0.7016109228134155
0.31433823529411764,0.66875,0.701597273349762
0.31433823529411764,0.6711538461538461,0.7014802098274231
0.31470588235294117,0.6711538461538461,0.7014660835266113
0.31470588235294117,0.6826923076923077,0.6993271708488464
0.3150735294117647,0.6826923076923077,0.6989642977714539
0.3150735294117647,0.6846153846153846,0.6986950039863586
0.3154411764705882,0.6846153846153846,0.6985958814620972
0.3154411764705882,0.6850961538461539,0.6983679533004761
0.3161764705882353,0.6850961538461539,0.6977286338806152
0.3161764705882353,0.6860576923076923,0.6971296072006226
0.31691176470588234,0.6860576923076923,0.6969576478004456
0.31691176470588234,0.6884615384615385,0.6963381171226501
0.31875,0.6884615384615385,0.6961957216262817
0.31875,0.6889423076923077,0.6961928009986877
0.3191176470588235,0.6889423076923077,0.6961899399757385
0.3191176470588235,0.6894230769230769,0.696182906627655
0.3205882352941177,0.6894230769230769,0.6960919499397278
0.3205882352941177,0.6899038461538461,0.6960530281066895
0.32830882352941176,0.6899038461538461,0.6952524781227112
0.32830882352941176,0.6903846153846154,0.6951936483383179
0.3338235294117647,0.6903846153846154,0.6946215629577637
0.3338235294117647,0.69375,0.694208025932312
0.33455882352941174,0.69375,0.6941801905632019
0.33455882352941174,0.6942307692307692,0.6940058469772339
0.33492647058823527,0.6942307692307692,0.6939918398857117
0.33492647058823527,0.6990384615384615,0.6933462619781494
0.3352941176470588,0.6990384615384615,0.6933029294013977
0.3352941176470588,0.7,0.6932197213172913
0.3360294117647059,0.7,0.6930009126663208
0.3360294117647059,0.7038461538461539,0.6922365427017212
0.3371323529411765,0.7038461538461539,0.6913099884986877
0.3371323529411765,0.7048076923076924,0.691162645816803
0.33786764705882355,0.7048076923076924,0.6906527876853943
0.33786764705882355,0.7052884615384616,0.690532922744751
0.3386029411764706,0.7052884615384616,0.6902325749397278
0.3386029411764706,0.7072115384615385,0.6883540153503418
0.33897058823529413,0.7072115384615385,0.688148558139801
0.33897058823529413,0.7110576923076923,0.6868554353713989
0.33933823529411766,0.7110576923076923,0.6867789626121521
0.33933823529411766,0.7120192307692308,0.6865498423576355
0.3397058823529412,0.7120192307692308,0.6863706707954407
0.3397058823529412,0.7163461538461539,0.6859033107757568
0.3400735294117647,0.7163461538461539,0.685899019241333
0.3400735294117647,0.7182692307692308,0.6857574582099915
0.34044117647058825,0.7182692307692308,0.6856940388679504
0.34044117647058825,0.7197115384615385,0.6853458881378174
0.3411764705882353,0.7197115384615385,0.6852138042449951
0.3411764705882353,0.7201923076923077,0.6851779222488403
0.3422794117647059,0.7201923076923077,0.6850571036338806
0.3422794117647059,0.7206730769230769,0.684929370880127
0.3477941176470588,0.7206730769230769,0.6838808059692383
0.3477941176470588,0.7211538461538461,0.6838059425354004
0.34852941176470587,0.7211538461538461,0.6837443709373474
0.34852941176470587,0.7216346153846154,0.6837205290794373
0.3488970588235294,0.7216346153846154,0.6834803223609924
0.3488970588235294,0.7221153846153846,0.6833992600440979
0.35110294117647056,0.7221153846153846,0.6809384822845459
0.35110294117647056,0.7225961538461538,0.6808397173881531
0.3518382352941177,0.7225961538461538,0.680337131023407
0.3518382352941177,0.7240384615384615,0.6783202290534973
0.35294117647058826,0.7240384615384615,0.6776356101036072
0.35294117647058826,0.7283653846153846,0.6768951416015625
0.3533088235294118,0.7283653846153846,0.6767159700393677
0.3533088235294118,0.7360576923076924,0.6757251024246216
0.35404411764705884,0.7360576923076924,0.6755127906799316
0.35404411764705884,0.7384615384615385,0.6722591519355774
0.35441176470588237,0.7384615384615385,0.6721669435501099
0.35441176470588237,0.7509615384615385,0.669002890586853
0.3547794117647059,0.7509615384615385,0.6687346696853638
0.3547794117647059,0.7519230769230769,0.6685945391654968
0.3551470588235294,0.7519230769230769,0.6685034036636353
0.3551470588235294,0.7538461538461538,0.6682503819465637
0.35551470588235295,0.7538461538461538,0.6676052212715149
0.35551470588235295,0.7543269230769231,0.6674045920372009
0.3558823529411765,0.7543269230769231,0.6671056151390076
0.3558823529411765,0.7548076923076923,0.6670324206352234
0.35698529411764707,0.7548076923076923,0.6661420464515686
0.35698529411764707,0.7552884615384615,0.6660021543502808
0.3573529411764706,0.7552884615384615,0.6655129194259644
0.3573529411764706,0.75625,0.664722204208374
0.3584558823529412,0.75625,0.6640812754631042
0.3584558823529412,0.7567307692307692,0.6639072895050049
0.3588235294117647,0.7567307692307692,0.6638249158859253
0.3588235294117647,0.7572115384615384,0.6637557148933411
0.35919117647058824,0.7572115384615384,0.6633666753768921
0.35919117647058824,0.7586538461538461,0.662614107131958
0.36875,0.7586538461538461,0.6601668000221252
0.36875,0.7591346153846154,0.6600825786590576
0.36911764705882355,0.7591346153846154,0.6600775718688965
0.36911764705882355,0.7596153846153846,0.6600741744041443
0.37279411764705883,0.7596153846153846,0.6598690748214722
0.37279411764705883,0.7600961538461538,0.6598670482635498
0.3790441176470588,0.7600961538461538,0.6579892039299011
0.3790441176470588,0.7610576923076923,0.6575726866722107
0.37977941176470587,0.7610576923076923,0.6572039127349854
0.37977941176470587,0.7615384615384615,0.6570044159889221
0.38235294117647056,0.7615384615384615,0.654121458530426
0.38235294117647056,0.7625,0.6536000370979309
0.3830882352941177,0.7625,0.6521700620651245
0.3830882352941177,0.7634615384615384,0.6504940390586853
0.3834558823529412,0.7634615384615384,0.6503027677536011
0.3834558823529412,0.7639423076923076,0.6491546630859375
0.38382352941176473,0.7639423076923076,0.647720217704773
0.38382352941176473,0.7644230769230769,0.6469024419784546
0.3849264705882353,0.7644230769230769,0.6453539729118347
0.3849264705882353,0.7649038461538461,0.6439220905303955
0.3860294117647059,0.7649038461538461,0.6418730616569519
0.3860294117647059,0.7658653846153847,0.6417714953422546
0.3863970588235294,0.7658653846153847,0.6417552828788757
0.3863970588235294,0.7668269230769231,0.6410456895828247
0.38823529411764707,0.7668269230769231,0.6389687061309814
0.38823529411764707,0.7673076923076924,0.6380040049552917
0.3900735294117647,0.7673076923076924,0.6373717188835144
0.3900735294117647,0.7677884615384616,0.6373689770698547
0.39080882352941176,0.7677884615384616,0.6373381614685059
0.39080882352941176,0.76875,0.6371756792068481
0.3922794117647059,0.76875,0.6369904279708862
0.3922794117647059,0.770673076923077,0.6368197202682495
0.3926470588235294,0.770673076923077,0.6367263197898865
0.3926470588235294,0.7721153846153846,0.6365727782249451
0.39375,0.7721153846153846,0.6365262269973755
0.39375,0.7725961538461539,0.6364811658859253
0.39448529411764705,0.7725961538461539,0.6364495158195496
0.39448529411764705,0.7764423076923077,0.6362303495407104
0.3948529411764706,0.7764423076923077,0.6362161636352539
0.3948529411764706,0.7769230769230769,0.636154294013977
0.3952205882352941,0.7769230769230769,0.6361313462257385
0.3952205882352941,0.7778846153846154,0.6360854506492615
0.39595588235294116,0.7778846153846154,0.6360575556755066
0.39595588235294116,0.7793269230769231,0.6359163522720337
0.3963235294117647,0.7793269230769231,0.6359080076217651
0.3963235294117647,0.7831730769230769,0.635753870010376
0.39705882352941174,0.7831730769230769,0.6357081532478333
0.39705882352941174,0.7875,0.6352089643478394
0.39742647058823527,0.7875,0.6350890398025513
0.39742647058823527,0.7927884615384615,0.6342785954475403
0.3985294117647059,0.7927884615384615,0.6339231133460999
0.3985294117647059,0.7942307692307692,0.6332139372825623
0.40147058823529413,0.7942307692307692,0.6325886845588684
0.40147058823529413,0.7947115384615384,0.6324163675308228
0.4047794117647059,0.7947115384615384,0.6317257881164551
0.4047794117647059,0.7951923076923076,0.6317073106765747
0.40955882352941175,0.7951923076923076,0.6306861042976379
0.40955882352941175,0.7956730769230769,0.6304888129234314
0.4099264705882353,0.7956730769230769,0.6302800178527832
0.4099264705882353,0.7961538461538461,0.630190908908844
0.41066176470588234,0.7961538461538461,0.6301071047782898
0.41066176470588234,0.7966346153846153,0.6300907135009766
0.4128676470588235,0.7966346153846153,0.6294861435890198
0.4128676470588235,0.7971153846153847,0.6294727325439453
0.4161764705882353,0.7971153846153847,0.6290173530578613
0.4161764705882353,0.7975961538461539,0.6289942860603333
0.4176470588235294,0.7975961538461539,0.628509521484375
0.4176470588235294,0.7980769230769231,0.6283661723136902
0.41911764705882354,0.7980769230769231,0.6276274919509888
0.41911764705882354,0.7985576923076924,0.6275690197944641
0.41948529411764707,0.7985576923076924,0.627525806427002
0.41948529411764707,0.7990384615384616,0.6273207664489746
0.4198529411764706,0.7990384615384616,0.627231240272522
0.4198529411764706,0.7995192307692308,0.6268656253814697
0.4202205882352941,0.7995192307692308,0.6265367865562439
0.4202205882352941,0.8,0.6264742016792297
0.4209558823529412,0.8,0.6263932585716248
0.4209558823529412,0.8004807692307693,0.625618577003479
0.4213235294117647,0.8004807692307693,0.6254235506057739
0.4213235294117647,0.8014423076923077,0.6250556707382202
0.42169117647058824,0.8014423076923077,0.6249883770942688
0.42169117647058824,0.8024038461538462,0.6244809627532959
0.42205882352941176,0.8024038461538462,0.624404788017273
0.42205882352941176,0.8028846153846154,0.6232796311378479
0.4227941176470588,0.8028846153846154,0.6209496855735779
0.4227941176470588,0.8033653846153846,0.6206278204917908
0.42316176470588235,0.8033653846153846,0.620625376701355
0.42316176470588235,0.8038461538461539,0.6205874085426331
0.42426470588235293,0.8038461538461539,0.6186603307723999
0.42426470588235293,0.8048076923076923,0.6166511178016663
0.425,0.8048076923076923,0.6160129308700562
0.425,0.8057692307692308,0.615756094455719
0.4253676470588235,0.8057692307692308,0.6149196028709412
0.4253676470588235,0.8100961538461539,0.6108626127243042
0.42573529411764705,0.8100961538461539,0.6108468174934387
0.42573529411764705,0.8307692307692308,0.6084096431732178
0.4261029411764706,0.8307692307692308,0.6083599328994751
0.4261029411764706,0.8341346153846154,0.6062638163566589
0.4264705882352941,0.8341346153846154,0.6061582565307617
0.4264705882352941,0.8370192307692308,0.6041048765182495
0.42683823529411763,0.8370192307692308,0.6040793657302856
0.42683823529411763,0.8379807692307693,0.6028706431388855
0.4279411764705882,0.8379807692307693,0.6011732816696167
0.4279411764705882,0.8399038461538462,0.5999003648757935
0.4294117647058823,0.8399038461538462,0.5974874496459961
0.4294117647058823,0.8403846153846154,0.5971043705940247
0.4400735294117647,0.8403846153846154,0.5928706526756287
0.4400735294117647,0.8408653846153846,0.5927327275276184
0.4404411764705882,0.8408653846153846,0.5926786661148071
0.4404411764705882,0.8413461538461539,0.5926419496536255
0.4411764705882353,0.8413461538461539,0.5923745036125183
0.4411764705882353,0.8423076923076923,0.5905463695526123
0.4415441176470588,0.8423076923076923,0.5901622176170349
0.4415441176470588,0.8432692307692308,0.58968186378479
0.44227941176470587,0.8432692307692308,0.589043378829956
0.44227941176470587,0.84375,0.5883380770683289
0.44338235294117645,0.84375,0.5857621431350708
0.44338235294117645,0.8447115384615385,0.5847398638725281
0.44485294117647056,0.8447115384615385,0.583954930305481
0.44485294117647056,0.8451923076923077,0.583086371421814
0.4452205882352941,0.8451923076923077,0.5822290778160095
0.4452205882352941,0.8475961538461538,0.5808379650115967
0.4455882352941177,0.8475961538461538,0.5803679823875427
0.4455882352941177,0.8480769230769231,0.5790781378746033
0.4459558823529412,0.8480769230769231,0.5787017345428467
0.4459558823529412,0.8490384615384615,0.5771201252937317
0.44669117647058826,0.8490384615384615,0.5745406150817871
0.44669117647058826,0.85,0.5736860632896423
0.44779411764705884,0.85,0.5715388655662537
0.44779411764705884,0.8504807692307692,0.5705864429473877
0.4488970588235294,0.8504807692307692,0.5688926577568054
0.4488970588235294,0.8509615384615384,0.5687939524650574
0.4536764705882353,0.8509615384615384,0.5672216415405273
0.4536764705882353,0.8514423076923077,0.5671723484992981
0.4588235294117647,0.8514423076923077,0.565869927406311
0.4588235294117647,0.8519230769230769,0.5657031536102295
0.45992647058823527,0.8519230769230769,0.5630809664726257
0.45992647058823527,0.8524038461538461,0.5623375177383423
0.4602941176470588,0.8524038461538461,0.5622077584266663
0.4602941176470588,0.8528846153846154,0.5620620846748352
0.4621323529411765,0.8528846153846154,0.558647096157074
0.4621323529411765,0.854326923076923,0.5564984083175659
0.4625,0.854326923076923,0.5557304620742798
0.4625,0.8557692307692307,0.555528461933136
0.46286764705882355,0.8557692307692307,0.5554911494255066
0.46286764705882355,0.8576923076923076,0.555184006690979
0.4632352941176471,0.8576923076923076,0.5550939440727234
0.4632352941176471,0.8653846153846154,0.5537152290344238
0.4636029411764706,0.8653846153846154,0.5537117123603821
0.4636029411764706,0.8663461538461539,0.5536717772483826
0.46397058823529413,0.8663461538461539,0.55335533618927
0.46397058823529413,0.8682692307692308,0.5508403182029724
0.46433823529411766,0.8682692307692308,0.5508170127868652
0.46433823529411766,0.86875,0.5502276420593262
0.4647058823529412,0.86875,0.5498582720756531
0.4647058823529412,0.8692307692307693,0.5491272211074829
0.4650735294117647,0.8692307692307693,0.5490841269493103
0.4650735294117647,0.8697115384615385,0.5484758019447327
0.46544117647058825,0.8697115384615385,0.5480624437332153
0.46544117647058825,0.8701923076923077,0.5462095737457275
0.4672794117647059,0.8701923076923077,0.543219804763794
0.4672794117647059,0.8711538461538462,0.5428967475891113
0.46875,0.8711538461538462,0.5418485999107361
0.46875,0.8716346153846154,0.5418398976325989
0.46911764705882353,0.8716346153846154,0.54181307554245
0.46911764705882353,0.8721153846153846,0.5415942072868347
0.4698529411764706,0.8721153846153846,0.5415146350860596
0.4698529411764706,0.8725961538461539,0.5414795875549316
0.47316176470588234,0.8725961538461539,0.5408875346183777
0.47316176470588234,0.8730769230769231,0.5408049821853638
0.47463235294117645,0.8730769230769231,0.5406180620193481
0.47463235294117645,0.8735576923076923,0.5405489206314087
0.4768382352941177,0.8735576923076923,0.5392873883247375
0.4768382352941177,0.8740384615384615,0.5386136770248413
0.47794117647058826,0.8740384615384615,0.5372503995895386
0.47794117647058826,0.8745192307692308,0.5365400314331055
0.4786764705882353,0.8745192307692308,0.5355798602104187
0.4786764705882353,0.88125,0.533908486366272
0.47904411764705884,0.88125,0.5338995456695557
0.47904411764705884,0.8826923076923077,0.533758819103241
0.47941176470588237,0.8826923076923077,0.5337569713592529
0.47941176470588237,0.8875,0.5310581922531128
0.4797794117647059,0.8875,0.5309858918190002
0.4797794117647059,0.8879807692307692,0.5305315256118774
0.4808823529411765,0.8879807692307692,0.527149498462677
0.4808823529411765,0.8889423076923076,0.5263801217079163
0.48125,0.8889423076923076,0.5262585878372192
0.48125,0.8894230769230769,0.5258071422576904
0.48419117647058824,0.8894230769230769,0.5246338844299316
0.48419117647058824,0.8899038461538461,0.5244874954223633
0.49117647058823527,0.8899038461538461,0.5236877202987671
0.49117647058823527,0.8903846153846153,0.5236485600471497
0.4974264705882353,0.8903846153846153,0.5224400758743286
0.4974264705882353,0.8913461538461539,0.5220012068748474
0.4985294117647059,0.8913461538461539,0.5218583941459656
0.4985294117647059,0.8918269230769231,0.5216715335845947
0.5047794117647059,0.8918269230769231,0.5198275446891785
0.5047794117647059,0.8923076923076924,0.5197241306304932
0.5066176470588235,0.8923076923076924,0.5193960666656494
0.5066176470588235,0.8927884615384616,0.5193405151367188
0.5077205882352941,0.8927884615384616,0.5192477703094482
0.5077205882352941,0.8947115384615385,0.5191521048545837
0.5095588235294117,0.8947115384615385,0.5189695358276367
0.5095588235294117,0.8951923076923077,0.5188727378845215
0.5102941176470588,0.8951923076923077,0.5186415910720825
0.5102941176470588,0.895673076923077,0.5186076760292053
0.5106617647058823,0.895673076923077,0.518577516078949
0.5106617647058823,0.8975961538461539,0.5184841752052307
0.5110294117647058,0.8975961538461539,0.518369197845459
0.5110294117647058,0.9004807692307693,0.5181424617767334
0.5113970588235294,0.9004807692307693,0.5181100368499756
0.5113970588235294,0.9019230769230769,0.5180205702781677
0.5125,0.9019230769230769,0.5177856683731079
0.5125,0.9043269230769231,0.5170368552207947
0.5154411764705882,0.9043269230769231,0.5159151554107666
0.5154411764705882,0.9048076923076923,0.5157555341720581
0.5158088235294118,0.9048076923076923,0.5155078172683716
0.5158088235294118,0.9052884615384615,0.5154671669006348
0.5165441176470589,0.9052884615384615,0.5149834156036377
0.5165441176470589,0.90625,0.5147800445556641
0.5169117647058824,0.90625,0.5145406126976013
0.5169117647058824,0.9067307692307692,0.5144996047019958
0.5213235294117647,0.9067307692307692,0.5129638910293579
0.5213235294117647,0.9076923076923077,0.5128143429756165
0.5257352941176471,0.9076923076923077,0.5125327110290527
0.5257352941176471,0.9081730769230769,0.512514054775238
0.5378676470588235,0.9081730769230769,0.5096660256385803
0.5378676470588235,0.9086538461538461,0.5095336437225342
0.5386029411764706,0.9086538461538461,0.509363055229187
0.5386029411764706,0.9091346153846154,0.5092934370040894
0.5389705882352941,0.9091346153846154,0.5090285539627075
0.5389705882352941,0.9120192307692307,0.508334755897522
0.5393382352941176,0.9120192307692307,0.5082615613937378
0.5393382352941176,0.9182692307692307,0.5075047016143799
0.5397058823529411,0.9182692307692307,0.5074922442436218
0.5397058823529411,0.91875,0.5074746012687683
0.5400735294117647,0.91875,0.5074542164802551
0.5400735294117647,0.9192307692307692,0.5073819160461426
0.5408088235294117,0.9192307692307692,0.5072190761566162
0.5408088235294117,0.9197115384615384,0.5072002410888672
0.5419117647058823,0.9197115384615384,0.5071524381637573
0.5419117647058823,0.9201923076923076,0.5069604516029358
0.5422794117647058,0.9201923076923076,0.5068371891975403
0.5422794117647058,0.9206730769230769,0.5068135857582092
0.5433823529411764,0.9206730769230769,0.5064533948898315
0.5433823529411764,0.9211538461538461,0.5064448714256287
0.5448529411764705,0.9211538461538461,0.5063747763633728
0.5448529411764705,0.9216346153846153,0.5062701106071472
0.5485294117647059,0.9216346153846153,0.5055428147315979
0.5485294117647059,0.9221153846153847,0.505441427230835
0.55,0.9221153846153847,0.5045470595359802
0.55,0.9230769230769231,0.5043950080871582
0.5503676470588236,0.9230769230769231,0.5041801333427429
0.5503676470588236,0.9240384615384616,0.5036091804504395
0.5507352941176471,0.9240384615384616,0.5035463571548462
0.5507352941176471,0.9245192307692308,0.5031213164329529
0.5511029411764706,0.9245192307692308,0.5029394030570984
0.5511029411764706,0.925,0.5023902654647827
0.5514705882352942,0.925,0.5020056366920471
0.5514705882352942,0.9254807692307693,0.5017679929733276
0.5569852941176471,0.9254807692307693,0.5006582736968994
0.5569852941176471,0.9259615384615385,0.5006572008132935
0.5632352941176471,0.9259615384615385,0.49699866771698
0.5632352941176471,0.926923076923077,0.4957890510559082
0.5636029411764706,0.926923076923077,0.49422207474708557
0.5636029411764706,0.9274038461538462,0.49421605467796326
0.5650735294117647,0.9274038461538462,0.4924112558364868
0.5650735294117647,0.9278846153846154,0.4922310709953308
0.5672794117647059,0.9278846153846154,0.4882035255432129
0.5672794117647059,0.9288461538461539,0.4869590699672699
0.5680147058823529,0.9288461538461539,0.4854237735271454
0.5680147058823529,0.9302884615384616,0.4847387671470642
0.5683823529411764,0.9302884615384616,0.48452073335647583
0.5683823529411764,0.9307692307692308,0.4844311773777008
0.569485294117647,0.9307692307692308,0.4824765920639038
0.569485294117647,0.93125,0.4820058345794678
0.5705882352941176,0.93125,0.481039434671402
0.5705882352941176,0.9317307692307693,0.4807015359401703
0.5709558823529411,0.9317307692307693,0.48046568036079407
0.5709558823529411,0.9322115384615385,0.4803963601589203
0.5746323529411764,0.9322115384615385,0.4796261191368103
0.5746323529411764,0.9326923076923077,0.4794616401195526
0.5794117647058824,0.9326923076923077,0.4784606099128723
0.5794117647058824,0.9331730769230769,0.47834455966949463
0.5808823529411765,0.9331730769230769,0.4771307706832886
0.5808823529411765,0.9336538461538462,0.47706738114356995
0.5819852941176471,0.9336538461538462,0.4762694835662842
0.5819852941176471,0.9341346153846154,0.47608131170272827
0.5827205882352942,0.9341346153846154,0.47484511137008667
0.5827205882352942,0.9350961538461539,0.47365307807922363
0.5838235294117647,0.9350961538461539,0.47164371609687805
0.5838235294117647,0.9355769230769231,0.47120752930641174
0.5845588235294118,0.9355769230769231,0.47103947401046753
0.5845588235294118,0.9360576923076923,0.47090181708335876
0.5856617647058824,0.9360576923076923,0.4692709743976593
0.5856617647058824,0.9365384615384615,0.46922504901885986
0.5860294117647059,0.9365384615384615,0.46866974234580994
0.5860294117647059,0.9370192307692308,0.4681817889213562
0.5882352941176471,0.9370192307692308,0.46725696325302124
0.5882352941176471,0.9375,0.4672001302242279
0.5900735294117647,0.9375,0.46673476696014404
0.5900735294117647,0.9379807692307692,0.46673300862312317
0.5992647058823529,0.9379807692307692,0.4614807069301605
0.5992647058823529,0.9389423076923077,0.46109840273857117
0.6022058823529411,0.9389423076923077,0.46030038595199585
0.6022058823529411,0.9394230769230769,0.4601096212863922
0.6025735294117647,0.9394230769230769,0.46004027128219604
0.6025735294117647,0.9399038461538461,0.46001747250556946
0.6113970588235295,0.9399038461538461,0.4549521505832672
0.6113970588235295,0.9403846153846154,0.454569548368454
0.6128676470588236,0.9403846153846154,0.4539903700351715
0.6128676470588236,0.9408653846153846,0.4539097547531128
0.6136029411764706,0.9408653846153846,0.4535553753376007
0.6136029411764706,0.9413461538461538,0.45341625809669495
0.6139705882352942,0.9413461538461538,0.4533468186855316
0.6139705882352942,0.9418269230769231,0.45239996910095215
0.6147058823529412,0.9418269230769231,0.45216336846351624
0.6147058823529412,0.9423076923076923,0.4521369934082031
0.6242647058823529,0.9423076923076923,0.45007839798927307
0.6242647058823529,0.9427884615384615,0.44952771067619324
0.625,0.9427884615384615,0.4484696090221405
0.625,0.9432692307692307,0.44784194231033325
0.6257352941176471,0.9432692307692307,0.4460296034812927
0.6257352941176471,0.94375,0.4456707835197449
0.6261029411764706,0.94375,0.4451679587364197
0.6261029411764706,0.9442307692307692,0.44462087750434875
0.6264705882352941,0.9442307692307692,0.4444981515407562
0.6264705882352941,0.9447115384615384,0.4430611729621887
0.6323529411764706,0.9447115384615384,0.4381037950515747
0.6323529411764706,0.9451923076923077,0.438100129365921
0.6341911764705882,0.9451923076923077,0.4379594922065735
0.6341911764705882,0.9456730769230769,0.4379321038722992
0.638235294117647,0.9456730769230769,0.4375374913215637
0.638235294117647,0.9461538461538461,0.4374997019767761
0.6389705882352941,0.9461538461538461,0.4374328553676605
0.6389705882352941,0.9475961538461538,0.4373156428337097
0.6481617647058824,0.9475961538461538,0.43549811840057373
0.6481617647058824,0.9485576923076923,0.43499982357025146
0.65625,0.9485576923076923,0.43256115913391113
0.65625,0.9490384615384615,0.4324114918708801
0.6602941176470588,0.9490384615384615,0.43124860525131226
0.6602941176470588,0.9495192307692307,0.4312068521976471
0.6613970588235294,0.9495192307692307,0.43071770668029785
0.6613970588235294,0.95,0.4305625259876251
0.663235294117647,0.95,0.4285505712032318
0.663235294117647,0.9514423076923076,0.4281029999256134
0.6636029411764706,0.9514423076923076,0.42809513211250305
0.6636029411764706,0.9533653846153847,0.4277401864528656
0.6639705882352941,0.9533653846153847,0.4277220368385315
0.6639705882352941,0.9538461538461539,0.42771562933921814
0.6643382352941176,0.9538461538461539,0.42746153473854065
0.6643382352941176,0.9557692307692308,0.427293062210083
0.6647058823529411,0.9557692307692308,0.4271770417690277
0.6647058823529411,0.958173076923077,0.4269615709781647
0.6650735294117647,0.958173076923077,0.426919162273407
0.6650735294117647,0.9600961538461539,0.42656755447387695
0.6654411764705882,0.9600961538461539,0.4264107346534729
0.6654411764705882,0.9605769230769231,0.4263935685157776
0.6658088235294117,0.9605769230769231,0.4263831675052643
0.6658088235294117,0.9610576923076923,0.4262881875038147
0.6661764705882353,0.9610576923076923,0.4261777400970459
0.6661764705882353,0.9620192307692308,0.4257766008377075
0.6669117647058823,0.9620192307692308,0.42451369762420654
0.6669117647058823,0.9629807692307693,0.4241199791431427
0.6680147058823529,0.9629807692307693,0.4220312237739563
0.6680147058823529,0.9634615384615385,0.42154398560523987
0.6683823529411764,0.9634615384615385,0.4204675853252411
0.6683823529411764,0.9649038461538462,0.41966259479522705
0.66875,0.9649038461538462,0.4163249135017395
0.66875,0.9653846153846154,0.41600579023361206
0.669485294117647,0.9653846153846154,0.4129590094089508
0.669485294117647,0.9663461538461539,0.41253358125686646
0.6713235294117647,0.9663461538461539,0.4101828336715698
0.6713235294117647,0.9668269230769231,0.4099571108818054
0.675,0.9668269230769231,0.4042885899543762
0.675,0.9673076923076923,0.4042825698852539
0.6955882352941176,0.9673076923076923,0.3975676894187927
0.6955882352941176,0.9677884615384615,0.3972035348415375
0.7044117647058824,0.9677884615384615,0.3944745361804962
0.7044117647058824,0.9682692307692308,0.3941457271575928
0.7066176470588236,0.9682692307692308,0.39247065782546997
0.7066176470588236,0.96875,0.392408162355423
0.7125,0.96875,0.38768675923347473
0.7125,0.9697115384615385,0.38602933287620544
0.7371323529411765,0.9697115384615385,0.370653361082077
0.7371323529411765,0.9701923076923077,0.3696199655532837
0.7518382352941176,0.9701923076923077,0.3537718951702118
0.7518382352941176,0.9706730769230769,0.35374915599823
0.7522058823529412,0.9706730769230769,0.35374000668525696
0.7522058823529412,0.9711538461538461,0.3536713421344757
0.7536764705882353,0.9711538461538461,0.35298821330070496
0.7536764705882353,0.9716346153846154,0.35227254033088684
0.7547794117647059,0.9716346153846154,0.350443035364151
0.7547794117647059,0.9721153846153846,0.3490082323551178
0.75625,0.9721153846153846,0.34638711810112
0.75625,0.9725961538461538,0.34605056047439575
0.7591911764705882,0.9725961538461538,0.33802059292793274
0.7591911764705882,0.9730769230769231,0.33696460723876953
0.7602941176470588,0.9730769230769231,0.336483895778656
0.7602941176470588,0.9735576923076923,0.3361559808254242
0.7613970588235294,0.9735576923076923,0.33293914794921875
0.7613970588235294,0.9740384615384615,0.33276909589767456
0.7621323529411764,0.9740384615384615,0.32877305150032043
0.7621323529411764,0.9745192307692307,0.3283574879169464
0.7647058823529411,0.9745192307692307,0.32272371649742126
0.7647058823529411,0.975,0.32244256138801575
0.7650735294117647,0.975,0.3224189579486847
0.7650735294117647,0.9759615384615384,0.3204270601272583
0.7661764705882353,0.9759615384615384,0.3189050555229187
0.7661764705882353,0.9764423076923077,0.31793123483657837
0.7669117647058824,0.9764423076923077,0.3150460720062256
0.7669117647058824,0.9769230769230769,0.3149041533470154
0.76875,0.9769230769230769,0.3066301941871643
0.76875,0.9774038461538461,0.3066149652004242
0.7713235294117647,0.9774038461538461,0.3033195734024048
0.7713235294117647,0.9778846153846154,0.3030537962913513
0.7738970588235294,0.9778846153846154,0.29507943987846375
0.7738970588235294,0.9783653846153846,0.2947070002555847
0.7768382352941177,0.9783653846153846,0.2937280833721161
0.7768382352941177,0.9788461538461538,0.2937266230583191
0.8327205882352942,0.9788461538461538,0.24534569680690765
0.8327205882352942,0.979326923076923,0.24495218694210052
0.8334558823529412,0.979326923076923,0.24293962121009827
0.8334558823529412,0.9798076923076923,0.24153661727905273
0.8477941176470588,0.9798076923076923,0.2271725982427597
0.8477941176470588,0.9802884615384615,0.22556419670581818
0.8496323529411764,0.9802884615384615,0.21978513896465302
0.8496323529411764,0.9807692307692307,0.21977585554122925
0.8838235294117647,0.9807692307692307,0.16973328590393066
0.8838235294117647,0.98125,0.1696496307849884
0.888235294117647,0.98125,0.1613396853208542
0.888235294117647,0.9817307692307692,0.16046369075775146
0.8966911764705883,0.9817307692307692,0.15808998048305511
0.8966911764705883,0.9822115384615384,0.1580452173948288
0.9003676470588236,0.9822115384615384,0.15780611336231232
0.9003676470588236,0.9826923076923076,0.15770259499549866
0.9077205882352941,0.9826923076923076,0.15702125430107117
0.9077205882352941,0.9831730769230769,0.15695086121559143
0.9084558823529412,0.9831730769230769,0.1569019854068756
0.9084558823529412,0.9860576923076924,0.1566154658794403
0.9091911764705882,0.9860576923076924,0.15646229684352875
0.9091911764705882,0.9884615384615385,0.15638917684555054
0.9095588235294118,0.9884615384615385,0.15633335709571838
0.9095588235294118,0.9903846153846154,0.15618903934955597
0.9099264705882353,0.9903846153846154,0.1561710089445114
0.9099264705882353,0.9932692307692308,0.1559874564409256
0.9106617647058823,0.9932692307692308,0.15587379038333893
0.9106617647058823,0.99375,0.15583866834640503
0.9117647058823529,0.99375,0.1555650681257248
0.9117647058823529,0.9947115384615385,0.15480440855026245
0.9125,0.9947115384615385,0.1544380486011505
0.9125,0.9951923076923077,0.154042586684227
0.9209558823529411,0.9951923076923077,0.15294775366783142
0.9209558823529411,0.9956730769230769,0.15284545719623566
0.9231617647058824,0.9956730769230769,0.15100805461406708
0.9231617647058824,0.9961538461538462,0.15060414373874664
0.9275735294117647,0.9961538461538462,0.13460242748260498
0.9275735294117647,0.9966346153846154,0.134467214345932
0.9286764705882353,0.9966346153846154,0.13277660310268402
0.9286764705882353,0.9971153846153846,0.13172902166843414
0.9426470588235294,0.9971153846153846,0.11620388925075531
0.9426470588235294,0.9975961538461539,0.11500434577465057
0.9577205882352942,0.9975961538461539,0.10217949748039246
0.9577205882352942,0.9980769230769231,0.10090240091085434
0.9746323529411764,0.9980769230769231,0.07631776481866837
0.9746323529411764,0.9985576923076923,0.0758611261844635
0.975735294117647,0.9985576923076923,0.07250668853521347
0.975735294117647,0.9990384615384615,0.0722237378358841
0.9775735294117647,0.9990384615384615,0.06983008980751038
0.9775735294117647,0.9995192307692308,0.06894629448652267
0.9790441176470588,0.9995192307692308,0.06558903306722641
0.9790441176470588,1.0,0.06523176282644272
1.0,1.0,0.011490685865283012
