FPR,TPR,Threshold
0.0,0.0,1.9880594611167908
0.0,0.000925925925925926,0.9880594611167908
0.0,0.15185185185185185,0.9636005163192749
0.0007575757575757576,0.15185185185185185,0.9635848999023438
0.0007575757575757576,0.1648148148148148,0.9615182280540466
0.0015151515151515152,0.1648148148148148,0.9611970782279968
0.0015151515151515152,0.22777777777777777,0.9551298022270203
0.0022727272727272726,0.22777777777777777,0.9550290107727051
0.0022727272727272726,0.2324074074074074,0.9546632766723633
0.0030303030303030303,0.2324074074074074,0.9544219374656677
0.0030303030303030303,0.23425925925925925,0.9542062878608704
0.003787878787878788,0.23425925925925925,0.9541909098625183
0.003787878787878788,0.23796296296296296,0.9538888335227966
0.005303030303030303,0.23796296296296296,0.9537633061408997
0.005303030303030303,0.24351851851851852,0.9535649418830872
0.006060606060606061,0.24351851851851852,0.9534395337104797
0.006060606060606061,0.24537037037037038,0.9531620740890503
0.006818181818181818,0.24537037037037038,0.953092098236084
0.006818181818181818,0.2490740740740741,0.9528569579124451
0.007575757575757576,0.2490740740740741,0.9528443217277527
0.007575757575757576,0.25925925925925924,0.9513478875160217
0.008333333333333333,0.25925925925925924,0.9513432383537292
0.008333333333333333,0.2611111111111111,0.9510769248008728
0.00909090909090909,0.2611111111111111,0.9510423541069031
0.00909090909090909,0.29074074074074074,0.9445332884788513
0.009848484848484848,0.29074074074074074,0.9444536566734314
0.009848484848484848,0.3351851851851852,0.9370933175086975
0.010606060606060607,0.3351851851851852,0.9369802474975586
0.010606060606060607,0.34444444444444444,0.935341477394104
0.011363636363636364,0.34444444444444444,0.9353079795837402
0.011363636363636364,0.362962962962963,0.9282398223876953
0.012121212121212121,0.362962962962963,0.9280712604522705
0.012121212121212121,0.425,0.9145186543464661
0.012878787878787878,0.425,0.9143924713134766
0.012878787878787878,0.42685185185185187,0.9141927361488342
0.013636363636363636,0.42685185185185187,0.9139397740364075
0.013636363636363636,0.44074074074074077,0.9104335308074951
0.014393939393939395,0.44074074074074077,0.9102805256843567
0.014393939393939395,0.44166666666666665,0.9101477861404419
0.015151515151515152,0.44166666666666665,0.9097745418548584
0.015151515151515152,0.4583333333333333,0.898829996585846
0.015909090909090907,0.4583333333333333,0.898105800151825
0.015909090909090907,0.4638888888888889,0.8956407904624939
0.016666666666666666,0.4638888888888889,0.8953810334205627
0.016666666666666666,0.5083333333333333,0.8863726854324341
0.017424242424242425,0.5083333333333333,0.8863620162010193
0.017424242424242425,0.5324074074074074,0.8826902508735657
0.01818181818181818,0.5324074074074074,0.8822632431983948
0.01818181818181818,0.5388888888888889,0.8788408637046814
0.019696969696969695,0.5388888888888889,0.8771008253097534
0.019696969696969695,0.5444444444444444,0.8755255341529846
0.020454545454545454,0.5444444444444444,0.8755048513412476
0.020454545454545454,0.5453703703703704,0.8754849433898926
0.021212121212121213,0.5453703703703704,0.8754339814186096
0.021212121212121213,0.5472222222222223,0.8747388124465942
0.02196969696969697,0.5472222222222223,0.8743824362754822
0.02196969696969697,0.55,0.8732155561447144
0.022727272727272728,0.55,0.8729833364486694
0.022727272727272728,0.5518518518518518,0.8724632263183594
0.023484848484848483,0.5518518518518518,0.8720172643661499
0.023484848484848483,0.5546296296296296,0.8708335161209106
0.025,0.5546296296296296,0.8704516887664795
0.025,0.5601851851851852,0.8693985939025879
0.025757575757575757,0.5601851851851852,0.8692798018455505
0.025757575757575757,0.5638888888888889,0.8682356476783752
0.026515151515151516,0.5638888888888889,0.8680012822151184
0.026515151515151516,0.5694444444444444,0.8636595606803894
0.02727272727272727,0.5694444444444444,0.8635700345039368
0.02727272727272727,0.5703703703703704,0.8621083498001099
0.030303030303030304,0.5703703703703704,0.8607867956161499
0.030303030303030304,0.5731481481481482,0.860032856464386
0.03106060606060606,0.5731481481481482,0.8588153123855591
0.03106060606060606,0.5740740740740741,0.8587467074394226
0.031818181818181815,0.5740740740740741,0.8586356043815613
0.031818181818181815,0.575925925925926,0.8581604957580566
0.03257575757575758,0.575925925925926,0.8564461469650269
0.03257575757575758,0.5805555555555556,0.8556278347969055
0.03333333333333333,0.5805555555555556,0.8555465340614319
0.03333333333333333,0.5824074074074074,0.8552143573760986
0.03636363636363636,0.5824074074074074,0.8534334897994995
0.03636363636363636,0.5842592592592593,0.8529173731803894
0.037121212121212124,0.5842592592592593,0.8519818186759949
0.037121212121212124,0.5907407407407408,0.8493728041648865
0.03787878787878788,0.5907407407407408,0.8493315577507019
0.03787878787878788,0.6018518518518519,0.8398700952529907
0.038636363636363635,0.6018518518518519,0.8392594456672668
0.038636363636363635,0.6055555555555555,0.8380512595176697
0.03939393939393939,0.6055555555555555,0.8378205895423889
0.03939393939393939,0.6074074074074074,0.8364547491073608
0.04015151515151515,0.6074074074074074,0.8362413048744202
0.04015151515151515,0.6101851851851852,0.8348080515861511
0.04090909090909091,0.6101851851851852,0.834694504737854
0.04090909090909091,0.6157407407407407,0.8321717977523804
0.041666666666666664,0.6157407407407407,0.8310947418212891
0.041666666666666664,0.6240740740740741,0.8294765949249268
0.04242424242424243,0.6240740740740741,0.8293419480323792
0.04242424242424243,0.6305555555555555,0.8272804617881775
0.04318181818181818,0.6305555555555555,0.8260762691497803
0.04318181818181818,0.6333333333333333,0.8250072598457336
0.04393939393939394,0.6333333333333333,0.8231244683265686
0.04393939393939394,0.6407407407407407,0.8203944563865662
0.0446969696969697,0.6407407407407407,0.8203763365745544
0.0446969696969697,0.649074074074074,0.818667471408844
0.045454545454545456,0.649074074074074,0.8180742263793945
0.045454545454545456,0.674074074074074,0.8070040941238403
0.04621212121212121,0.674074074074074,0.8069864511489868
0.04621212121212121,0.6814814814814815,0.8016226887702942
0.04696969696969697,0.6814814814814815,0.8013069033622742
0.04696969696969697,0.7111111111111111,0.7787445187568665
0.04772727272727273,0.7111111111111111,0.7783754467964172
0.04772727272727273,0.7194444444444444,0.7737019062042236
0.048484848484848485,0.7194444444444444,0.7735998630523682
0.048484848484848485,0.7333333333333333,0.7642465233802795
0.04924242424242424,0.7333333333333333,0.7632310390472412
0.04924242424242424,0.7351851851851852,0.7610785365104675
0.05,0.7351851851851852,0.7609033584594727
0.05,0.737037037037037,0.7592499256134033
0.05075757575757576,0.737037037037037,0.7589709162712097
0.05075757575757576,0.7398148148148148,0.7567844986915588
0.051515151515151514,0.7398148148148148,0.7564828991889954
0.051515151515151514,0.7472222222222222,0.7528925538063049
0.05227272727272727,0.7472222222222222,0.7524248361587524
0.05227272727272727,0.7481481481481481,0.7519780993461609
0.05303030303030303,0.7481481481481481,0.7513128519058228
0.05303030303030303,0.7509259259259259,0.7472633719444275
0.05378787878787879,0.7509259259259259,0.7471818327903748
0.05378787878787879,0.7537037037037037,0.7464302182197571
0.055303030303030305,0.7537037037037037,0.7453809976577759
0.055303030303030305,0.7574074074074074,0.7443487048149109
0.05606060606060606,0.7574074074074074,0.7443323731422424
0.05606060606060606,0.7601851851851852,0.7439509034156799
0.056818181818181816,0.7601851851851852,0.7437038421630859
0.056818181818181816,0.7611111111111111,0.7432597279548645
0.05909090909090909,0.7611111111111111,0.7407738566398621
0.05909090909090909,0.7620370370370371,0.7405383586883545
0.06136363636363636,0.7620370370370371,0.7379112839698792
0.06136363636363636,0.7657407407407407,0.7350766658782959
0.06212121212121212,0.7657407407407407,0.7349393963813782
0.06212121212121212,0.7666666666666667,0.7343834638595581
0.06287878787878788,0.7666666666666667,0.7328552603721619
0.06287878787878788,0.7675925925925926,0.7313977479934692
0.0659090909090909,0.7675925925925926,0.729098379611969
0.0659090909090909,0.7685185185185185,0.7283949851989746
0.06818181818181818,0.7685185185185185,0.7262625098228455
0.06818181818181818,0.7694444444444445,0.7256494164466858
0.06893939393939394,0.7694444444444445,0.7255796790122986
0.06893939393939394,0.7712962962962963,0.7225560545921326
0.0696969696969697,0.7712962962962963,0.72119140625
0.0696969696969697,0.7722222222222223,0.7180503606796265
0.07348484848484849,0.7722222222222223,0.7090722322463989
0.07348484848484849,0.7731481481481481,0.708508312702179
0.07424242424242425,0.7731481481481481,0.7032405734062195
0.07424242424242425,0.7768518518518519,0.6961215138435364
0.07727272727272727,0.7768518518518519,0.6898088455200195
0.07727272727272727,0.7805555555555556,0.6858471035957336
0.0803030303030303,0.7805555555555556,0.6730526685714722
0.0803030303030303,0.7851851851851852,0.665507972240448
0.08106060606060606,0.7851851851851852,0.6648240089416504
0.08106060606060606,0.7870370370370371,0.6630801558494568
0.08181818181818182,0.7870370370370371,0.6629927158355713
0.08181818181818182,0.787962962962963,0.6619867086410522
0.08257575757575758,0.787962962962963,0.6613746881484985
0.08257575757575758,0.7898148148148149,0.6605815887451172
0.08333333333333333,0.7898148148148149,0.6604253649711609
0.08333333333333333,0.7962962962962963,0.6567553281784058
0.08409090909090909,0.7962962962962963,0.6566842198371887
0.08409090909090909,0.7981481481481482,0.6547797918319702
0.0856060606060606,0.7981481481481482,0.6525983214378357
0.0856060606060606,0.8,0.6518858671188354
0.08712121212121213,0.8,0.6515325903892517
0.08712121212121213,0.8009259259259259,0.6515176892280579
0.08787878787878788,0.8009259259259259,0.651176929473877
0.08787878787878788,0.8018518518518518,0.6511253118515015
0.09242424242424242,0.8018518518518518,0.6486458778381348
0.09242424242424242,0.8037037037037037,0.6478773355484009
0.09621212121212121,0.8037037037037037,0.6458995342254639
0.09621212121212121,0.8046296296296296,0.6458483934402466
0.09696969696969697,0.8046296296296296,0.6445727944374084
0.09696969696969697,0.8064814814814815,0.6435222625732422
0.09924242424242424,0.8064814814814815,0.6421912908554077
0.09924242424242424,0.8074074074074075,0.6418908834457397
0.10151515151515152,0.8074074074074075,0.6409176588058472
0.10151515151515152,0.8083333333333333,0.64011150598526
0.10303030303030303,0.8083333333333333,0.639650285243988
0.10303030303030303,0.8111111111111111,0.6390966176986694
0.10378787878787879,0.8111111111111111,0.6386047005653381
0.10378787878787879,0.8138888888888889,0.6367483139038086
0.10454545454545454,0.8138888888888889,0.6365904808044434
0.10454545454545454,0.8157407407407408,0.6348590850830078
0.1053030303030303,0.8157407407407408,0.6346701383590698
0.1053030303030303,0.8185185185185185,0.6325498819351196
0.10681818181818181,0.8185185185185185,0.6321410536766052
0.10681818181818181,0.8296296296296296,0.6239969730377197
0.10757575757575757,0.8296296296296296,0.6215272545814514
0.10757575757575757,0.8305555555555556,0.6207968592643738
0.10984848484848485,0.8305555555555556,0.6176403164863586
0.10984848484848485,0.8324074074074074,0.6148755550384521
0.11060606060606061,0.8324074074074074,0.6144533753395081
0.11060606060606061,0.8333333333333334,0.6143630743026733
0.11212121212121212,0.8333333333333334,0.6084954738616943
0.11212121212121212,0.8351851851851851,0.6073648929595947
0.11363636363636363,0.8351851851851851,0.6037366390228271
0.11363636363636363,0.8361111111111111,0.601953387260437
0.1143939393939394,0.8361111111111111,0.600105345249176
0.1143939393939394,0.8398148148148148,0.5959680080413818
0.11515151515151516,0.8398148148148148,0.5930314064025879
0.11515151515151516,0.8416666666666667,0.5891070365905762
0.1159090909090909,0.8416666666666667,0.5881118774414062
0.1159090909090909,0.8481481481481481,0.5696418881416321
0.11742424242424243,0.8481481481481481,0.567575216293335
0.11742424242424243,0.8490740740740741,0.5668337345123291
0.11818181818181818,0.8490740740740741,0.5667750835418701
0.11818181818181818,0.85,0.5665082335472107
0.12348484848484849,0.85,0.5624491572380066
0.12348484848484849,0.850925925925926,0.5614662170410156
0.125,0.850925925925926,0.5608812570571899
0.125,0.8527777777777777,0.5605388879776001
0.12651515151515152,0.8527777777777777,0.5582094788551331
0.12651515151515152,0.8537037037037037,0.5570022463798523
0.12727272727272726,0.8537037037037037,0.5564228892326355
0.12727272727272726,0.8583333333333333,0.5513797998428345
0.12803030303030302,0.8583333333333333,0.5511957406997681
0.12803030303030302,0.8611111111111112,0.550138533115387
0.12954545454545455,0.8611111111111112,0.5488845109939575
0.12954545454545455,0.8629629629629629,0.5462513566017151
0.1303030303030303,0.8629629629629629,0.545673131942749
0.1303030303030303,0.8657407407407407,0.5430386066436768
0.13106060606060607,0.8657407407407407,0.5416065454483032
0.13106060606060607,0.8777777777777778,0.5210457444190979
0.13257575757575757,0.8777777777777778,0.519709050655365
0.13257575757575757,0.8851851851851852,0.5117489099502563
0.13333333333333333,0.8851851851851852,0.5111707448959351
0.13333333333333333,0.8981481481481481,0.5048232078552246
0.1340909090909091,0.8981481481481481,0.5043634176254272
0.1340909090909091,0.924074074074074,0.4814617335796356
0.13484848484848486,0.924074074074074,0.48032426834106445
0.13484848484848486,0.9277777777777778,0.4779776334762573
0.13636363636363635,0.9277777777777778,0.4772169888019562
0.13636363636363635,0.9296296296296296,0.47641095519065857
0.13712121212121212,0.9296296296296296,0.4763615131378174
0.13712121212121212,0.9333333333333333,0.47473347187042236
0.13787878787878788,0.9333333333333333,0.474031001329422
0.13787878787878788,0.937962962962963,0.47199317812919617
0.1393939393939394,0.937962962962963,0.4710104763507843
0.1393939393939394,0.9407407407407408,0.4678305685520172
0.14015151515151514,0.9407407407407408,0.4673444330692291
0.14015151515151514,0.9416666666666667,0.4671195149421692
0.1409090909090909,0.9416666666666667,0.4656873047351837
0.1409090909090909,0.9444444444444444,0.46468546986579895
0.14242424242424243,0.9444444444444444,0.4645441472530365
0.14242424242424243,0.9472222222222222,0.46360212564468384
0.1431818181818182,0.9472222222222222,0.462975412607193
0.1431818181818182,0.9481481481481482,0.4617667496204376
0.14393939393939395,0.9481481481481482,0.46159183979034424
0.14393939393939395,0.9490740740740741,0.46149593591690063
0.14545454545454545,0.9490740740740741,0.46013787388801575
0.14545454545454545,0.95,0.4592925012111664
0.1462121212121212,0.95,0.459289014339447
0.1462121212121212,0.950925925925926,0.4587758481502533
0.14696969696969697,0.950925925925926,0.4586147665977478
0.14696969696969697,0.9518518518518518,0.45816904306411743
0.14772727272727273,0.9518518518518518,0.45816344022750854
0.14772727272727273,0.9537037037037037,0.45559653639793396
0.1484848484848485,0.9537037037037037,0.45429205894470215
0.1484848484848485,0.9555555555555556,0.4533137381076813
0.15075757575757576,0.9555555555555556,0.45171451568603516
0.15075757575757576,0.9657407407407408,0.44607505202293396
0.15227272727272728,0.9657407407407408,0.44162124395370483
0.15227272727272728,0.9768518518518519,0.4310215711593628
0.15757575757575756,0.9768518518518519,0.41803810000419617
0.15757575757575756,0.9796296296296296,0.41696831583976746
0.16363636363636364,0.9796296296296296,0.40185365080833435
0.16363636363636364,0.9805555555555555,0.4012048840522766
0.16590909090909092,0.9805555555555555,0.398687481880188
0.16590909090909092,0.9814814814814815,0.3985117971897125
0.24848484848484848,0.9814814814814815,0.3220595717430115
0.24848484848484848,0.9824074074074074,0.32189613580703735
0.2553030303030303,0.9824074074074074,0.3173540234565735
0.2553030303030303,0.9833333333333333,0.3168696165084839
0.3015151515151515,0.9833333333333333,0.26891833543777466
0.3015151515151515,0.9842592592592593,0.26882269978523254
0.3053030303030303,0.9842592592592593,0.2671721279621124
0.3053030303030303,0.9851851851851852,0.26712024211883545
0.30606060606060603,0.9851851851851852,0.2667224705219269
0.30606060606060603,0.9861111111111112,0.26671865582466125
0.3068181818181818,0.9861111111111112,0.2665800154209137
0.3068181818181818,0.987037037037037,0.2643895447254181
0.31212121212121213,0.987037037037037,0.2608237862586975
0.31212121212121213,0.9879629629629629,0.26067495346069336
0.3143939393939394,0.9879629629629629,0.25891396403312683
0.3143939393939394,0.9888888888888889,0.25888365507125854
0.31666666666666665,0.9888888888888889,0.2579963207244873
0.31666666666666665,0.9898148148148148,0.2575409412384033
0.3212121212121212,0.9898148148148148,0.2561804950237274
0.3212121212121212,0.9907407407407407,0.25592589378356934
0.3234848484848485,0.9907407407407407,0.25475525856018066
0.3234848484848485,0.9916666666666667,0.2547353208065033
0.328030303030303,0.9916666666666667,0.2525753676891327
0.328030303030303,0.9925925925925926,0.25255975127220154
0.32954545454545453,0.9925925925925926,0.2516244947910309
0.32954545454545453,0.9935185185185185,0.2515471875667572
0.3340909090909091,0.9935185185185185,0.24967694282531738
0.3340909090909091,0.9944444444444445,0.24930468201637268
0.3393939393939394,0.9944444444444445,0.2477232813835144
0.3393939393939394,0.9962962962962963,0.2466432750225067
0.3446969696969697,0.9962962962962963,0.24239835143089294
0.3446969696969697,0.9972222222222222,0.24215322732925415
0.353030303030303,0.9972222222222222,0.22672982513904572
0.353030303030303,0.9981481481481481,0.22668839991092682
0.3560606060606061,0.9981481481481481,0.2229311615228653
0.3560606060606061,0.9990740740740741,0.22284828126430511
0.35909090909090907,0.9990740740740741,0.22108443081378937
0.35909090909090907,1.0,0.22100730240345
1.0,1.0,0.011789584532380104
