FPR,TPR,Threshold
0.0,0.0,1.9949028491973877
0.0,0.0005263157894736842,0.9949028491973877
0.0,0.7505263157894737,0.7283267378807068
0.002,0.7505263157894737,0.7280895113945007
0.002,0.7531578947368421,0.725817859172821
0.004,0.7531578947368421,0.7249278426170349
0.004,0.7542105263157894,0.7246098518371582
0.01,0.7542105263157894,0.7232174277305603
0.01,0.7552631578947369,0.7225468158721924
0.012,0.7552631578947369,0.7218919396400452
0.012,0.76,0.7162478566169739
0.014,0.76,0.7162073254585266
0.014,0.7773684210526316,0.6981145143508911
0.016,0.7773684210526316,0.6964074373245239
0.016,0.7794736842105263,0.6950138211250305
0.018,0.7794736842105263,0.6941975355148315
0.018,0.7905263157894736,0.6825299263000488
0.02,0.7905263157894736,0.6819700002670288
0.02,0.7973684210526316,0.6693243980407715
0.024,0.7973684210526316,0.6676036715507507
0.024,0.7994736842105263,0.6664104461669922
0.026,0.7994736842105263,0.665854811668396
0.026,0.8,0.6658185720443726
0.028,0.8,0.665718138217926
0.028,0.8010526315789473,0.6654841899871826
0.032,0.8010526315789473,0.6642143130302429
0.032,0.8015789473684211,0.663876473903656
0.034,0.8015789473684211,0.6634552478790283
0.034,0.8021052631578948,0.6632943749427795
0.038,0.8021052631578948,0.6616324782371521
0.038,0.8026315789473685,0.6616257429122925
0.042,0.8026315789473685,0.6611230373382568
0.042,0.8036842105263158,0.6608362793922424
0.044,0.8036842105263158,0.660499095916748
0.044,0.8042105263157895,0.659584641456604
0.046,0.8042105263157895,0.6589881777763367
0.046,0.8047368421052632,0.6581205129623413
0.048,0.8047368421052632,0.6579204797744751
0.048,0.8052631578947368,0.6576204895973206
0.05,0.8052631578947368,0.6560203433036804
0.05,0.8094736842105263,0.6495011448860168
0.052,0.8094736842105263,0.649482250213623
0.052,0.8105263157894737,0.64682936668396
0.054,0.8105263157894737,0.6466125845909119
0.054,0.8110526315789474,0.6459553837776184
0.056,0.8110526315789474,0.6423273086547852
0.056,0.8152631578947368,0.6353907585144043
0.058,0.8152631578947368,0.6339008808135986
0.058,0.8157894736842105,0.6304891109466553
0.06,0.8157894736842105,0.6304089426994324
0.06,0.8184210526315789,0.6282532215118408
0.062,0.8184210526315789,0.6282227635383606
0.062,0.8189473684210526,0.6281226277351379
0.064,0.8189473684210526,0.6269406676292419
0.064,0.82,0.6268132925033569
0.066,0.82,0.6266286969184875
0.066,0.8210526315789474,0.6256505846977234
0.068,0.8210526315789474,0.6254846453666687
0.068,0.8215789473684211,0.6248270869255066
0.07,0.8215789473684211,0.6246550679206848
0.07,0.8305263157894737,0.618372917175293
0.074,0.8305263157894737,0.6172344088554382
0.074,0.8331578947368421,0.6154858469963074
0.076,0.8331578947368421,0.6154677271842957
0.076,0.8336842105263158,0.6124985814094543
0.078,0.8336842105263158,0.6116276979446411
0.078,0.8352631578947368,0.609271764755249
0.08,0.8352631578947368,0.6092252731323242
0.08,0.8373684210526315,0.6079801321029663
0.082,0.8373684210526315,0.6078721880912781
0.082,0.8378947368421052,0.6073073148727417
0.084,0.8378947368421052,0.6071049571037292
0.084,0.8394736842105263,0.6052992343902588
0.086,0.8394736842105263,0.6050748229026794
0.086,0.8405263157894737,0.6043699979782104
0.088,0.8405263157894737,0.6043399572372437
0.088,0.8410526315789474,0.6040723919868469
0.09,0.8410526315789474,0.6038345098495483
0.09,0.8431578947368421,0.6030195951461792
0.092,0.8431578947368421,0.6028575301170349
0.092,0.8447368421052631,0.6016444563865662
0.094,0.8447368421052631,0.6015448570251465
0.094,0.8452631578947368,0.6011679768562317
0.096,0.8452631578947368,0.6011491417884827
0.096,0.8457894736842105,0.6010293364524841
0.102,0.8457894736842105,0.5999646186828613
0.102,0.848421052631579,0.5990025997161865
0.104,0.848421052631579,0.5970281362533569
0.104,0.8494736842105263,0.5938544869422913
0.106,0.8494736842105263,0.5937857031822205
0.106,0.8526315789473684,0.5856263041496277
0.108,0.8526315789473684,0.5853917002677917
0.108,0.8542105263157894,0.5816588401794434
0.11,0.8542105263157894,0.5813693404197693
0.11,0.8547368421052631,0.5804240703582764
0.112,0.8547368421052631,0.5801299810409546
0.112,0.8563157894736843,0.5793312191963196
0.116,0.8563157894736843,0.5774860978126526
0.116,0.8605263157894737,0.5689457058906555
0.118,0.8605263157894737,0.5664194822311401
0.118,0.8657894736842106,0.562391996383667
0.12,0.8657894736842106,0.5611762404441833
0.12,0.9042105263157895,0.42984089255332947
0.122,0.9042105263157895,0.42879217863082886
0.122,0.9047368421052632,0.4267956018447876
0.126,0.9047368421052632,0.42450404167175293
0.126,0.9073684210526316,0.42030608654022217
0.128,0.9073684210526316,0.4187721014022827
0.128,0.9078947368421053,0.41776320338249207
0.134,0.9078947368421053,0.4165985882282257
0.134,0.9126315789473685,0.4127463400363922
0.136,0.9126315789473685,0.41173055768013
0.136,0.9131578947368421,0.4113885164260864
0.148,0.9131578947368421,0.40746667981147766
0.148,0.9136842105263158,0.40328454971313477
0.156,0.9136842105263158,0.398907333612442
0.156,0.9147368421052632,0.39810246229171753
0.158,0.9147368421052632,0.39792683720588684
0.158,0.9152631578947369,0.3974490165710449
0.186,0.9152631578947369,0.3850931227207184
0.186,0.9157894736842105,0.38477030396461487
0.188,0.9157894736842105,0.3822477161884308
0.188,0.9163157894736842,0.3793173134326935
0.196,0.9163157894736842,0.377257764339447
0.196,0.9168421052631579,0.3768848180770874
0.198,0.9168421052631579,0.37589800357818604
0.198,0.9205263157894736,0.36652132868766785
0.208,0.9205263157894736,0.36418232321739197
0.208,0.921578947368421,0.3636503517627716
0.218,0.921578947368421,0.36082422733306885
0.218,0.9221052631578948,0.3605515956878662
0.222,0.9221052631578948,0.3598320186138153
0.222,0.9236842105263158,0.35914888978004456
0.228,0.9236842105263158,0.3541252315044403
0.228,0.9252631578947368,0.3454228639602661
0.232,0.9252631578947368,0.34407901763916016
0.232,0.9263157894736842,0.34223827719688416
0.238,0.9263157894736842,0.33874282240867615
0.238,0.9268421052631579,0.3383006453514099
0.24,0.9268421052631579,0.3371063470840454
0.24,0.9273684210526316,0.33582398295402527
0.254,0.9273684210526316,0.3300861120223999
0.254,0.9278947368421052,0.3288642466068268
0.256,0.9278947368421052,0.3285285532474518
0.256,0.9289473684210526,0.3283693194389343
0.276,0.9289473684210526,0.3243125379085541
0.276,0.93,0.32419097423553467
0.292,0.93,0.31727391481399536
0.292,0.9310526315789474,0.31475508213043213
0.296,0.9310526315789474,0.3130131959915161
0.296,0.9315789473684211,0.31245073676109314
0.31,0.9315789473684211,0.3045894503593445
0.31,0.9321052631578948,0.3044161796569824
0.312,0.9321052631578948,0.30437520146369934
0.312,0.9326315789473684,0.3005449175834656
0.316,0.9326315789473684,0.2996204197406769
0.316,0.9336842105263158,0.29839158058166504
0.318,0.9336842105263158,0.29834628105163574
0.318,0.9347368421052632,0.29742196202278137
0.328,0.9347368421052632,0.29257887601852417
0.328,0.9363157894736842,0.290786474943161
0.33,0.9363157894736842,0.2899782061576843
0.33,0.9368421052631579,0.2897980511188507
0.338,0.9368421052631579,0.28718245029449463
0.338,0.94,0.27778902649879456
0.34,0.94,0.2762613296508789
0.34,0.9415789473684211,0.27218225598335266
0.344,0.9415789473684211,0.27106499671936035
0.344,0.9421052631578948,0.27063262462615967
0.346,0.9421052631578948,0.27011731266975403
0.346,0.9442105263157895,0.26699453592300415
0.35,0.9442105263157895,0.264078289270401
0.35,0.9457894736842105,0.26108092069625854
0.352,0.9457894736842105,0.2593688666820526
0.352,0.9473684210526315,0.2580919563770294
0.354,0.9473684210526315,0.25778964161872864
0.354,0.9494736842105264,0.2564511001110077
0.356,0.9494736842105264,0.2563028037548065
0.356,0.9542105263157895,0.25180158019065857
0.358,0.9542105263157895,0.251409649848938
0.358,0.9563157894736842,0.24850499629974365
0.36,0.9563157894736842,0.24739037454128265
0.36,0.9578947368421052,0.24620242416858673
0.362,0.9578947368421052,0.24378061294555664
0.362,0.9594736842105264,0.24083995819091797
0.364,0.9594736842105264,0.24021099507808685
0.364,0.9647368421052631,0.22359628975391388
0.368,0.9647368421052631,0.22318799793720245
0.368,0.9663157894736842,0.22272899746894836
0.37,0.9663157894736842,0.2201380729675293
0.37,0.9673684210526315,0.217598557472229
0.38,0.9673684210526315,0.21382518112659454
0.38,0.9678947368421053,0.21268384158611298
0.39,0.9678947368421053,0.20912224054336548
0.39,0.968421052631579,0.2090197503566742
0.41,0.968421052631579,0.19967907667160034
0.41,0.9689473684210527,0.19757945835590363
0.426,0.9689473684210527,0.19084812700748444
0.426,0.9694736842105263,0.19018685817718506
0.438,0.9694736842105263,0.18755096197128296
0.438,0.97,0.18669724464416504
0.458,0.97,0.18008872866630554
0.458,0.9705263157894737,0.1800450086593628
0.466,0.9705263157894737,0.1784960925579071
0.466,0.9710526315789474,0.17849357426166534
0.486,0.9710526315789474,0.16920015215873718
0.486,0.9715789473684211,0.1688750982284546
0.512,0.9715789473684211,0.16014470160007477
0.512,0.9721052631578947,0.15968172252178192
0.55,0.9721052631578947,0.1470869779586792
0.55,0.9731578947368421,0.14373494684696198
0.554,0.9731578947368421,0.1402285099029541
0.554,0.9736842105263158,0.1401848942041397
0.58,0.9736842105263158,0.13171818852424622
0.58,0.9742105263157895,0.13166435062885284
0.594,0.9742105263157895,0.12883056700229645
0.594,0.9752631578947368,0.12814341485500336
0.602,0.9752631578947368,0.12621842324733734
0.602,0.9757894736842105,0.12556469440460205
0.61,0.9757894736842105,0.12525354325771332
0.61,0.9778947368421053,0.12441493570804596
0.616,0.9778947368421053,0.12303042411804199
0.616,0.978421052631579,0.12124750018119812
0.618,0.978421052631579,0.12008194625377655
0.618,0.9789473684210527,0.11947821825742722
0.62,0.9789473684210527,0.11866361647844315
0.62,0.9794736842105263,0.11810891330242157
0.636,0.9794736842105263,0.11429090052843094
0.636,0.9810526315789474,0.1139303520321846
0.652,0.9810526315789474,0.10981911420822144
0.652,0.9815789473684211,0.10901103913784027
0.654,0.9815789473684211,0.10896125435829163
0.654,0.9821052631578947,0.10878118872642517
0.658,0.9821052631578947,0.10514988750219345
0.658,0.9826315789473684,0.10496369749307632
0.67,0.9826315789473684,0.09577328711748123
0.67,0.9831578947368421,0.09557420015335083
0.674,0.9831578947368421,0.09061989933252335
0.674,0.9836842105263158,0.08979655802249908
0.678,0.9836842105263158,0.08742229640483856
0.678,0.9842105263157894,0.0873565748333931
0.682,0.9842105263157894,0.08545037358999252
0.682,0.9847368421052631,0.08522458374500275
0.684,0.9847368421052631,0.0850328728556633
0.684,0.9852631578947368,0.08492376655340195
0.69,0.9852631578947368,0.08467578142881393
0.69,0.9878947368421053,0.08213546872138977
0.698,0.9878947368421053,0.08030164986848831
0.698,0.988421052631579,0.08021846413612366
0.702,0.988421052631579,0.07781849801540375
0.702,0.9889473684210527,0.0774977058172226
0.714,0.9889473684210527,0.07239215821027756
0.714,0.9894736842105263,0.07040173560380936
0.762,0.9894736842105263,0.057007625699043274
0.762,0.99,0.05659371241927147
0.786,0.99,0.04417063668370247
0.786,0.9910526315789474,0.04231646656990051
0.806,0.9910526315789474,0.03876150771975517
0.806,0.991578947368421,0.038466677069664
0.808,0.991578947368421,0.037843186408281326
0.808,0.9921052631578947,0.03657153993844986
0.818,0.9921052631578947,0.03576957806944847
0.818,0.9926315789473684,0.03502541407942772
0.836,0.9926315789473684,0.03173912316560745
0.836,0.9931578947368421,0.03172171860933304
0.86,0.9931578947368421,0.028505371883511543
0.86,0.9936842105263158,0.02844458445906639
0.872,0.9936842105263158,0.027524912729859352
0.872,0.9942105263157894,0.027247808873653412
0.874,0.9942105263157894,0.027034630998969078
0.874,0.9947368421052631,0.026831720024347305
0.884,0.9947368421052631,0.026334645226597786
0.884,0.9952631578947368,0.02624203823506832
0.886,0.9952631578947368,0.026083016768097878
0.886,0.9957894736842106,0.02607421949505806
0.89,0.9957894736842106,0.025554239749908447
0.89,0.9963157894736843,0.02538006566464901
0.892,0.9963157894736843,0.025286704301834106
0.892,0.9978947368421053,0.02509654313325882
0.894,0.9978947368421053,0.0249121505767107
0.894,0.998421052631579,0.024905504658818245
0.916,0.998421052631579,0.023612279444932938
0.916,0.9989473684210526,0.023330936208367348
0.932,0.9989473684210526,0.022702137008309364
0.932,0.9994736842105263,0.022557422518730164
0.952,0.9994736842105263,0.0214473195374012
0.952,1.0,0.021123530343174934
1.0,1.0,0.009406261146068573
