FPR,TPR,Threshold
0.0,0.0,1.9401752352714539
0.0,0.0009615384615384616,0.9401752352714539
0.0,0.046153846153846156,0.904914915561676
0.0007352941176470588,0.046153846153846156,0.9048319458961487
0.0007352941176470588,0.05384615384615385,0.8973579406738281
0.0014705882352941176,0.05384615384615385,0.8968744874000549
0.0014705882352941176,0.06057692307692308,0.896047055721283
0.0022058823529411764,0.06057692307692308,0.8956159949302673
0.0022058823529411764,0.06153846153846154,0.8954196572303772
0.003676470588235294,0.06153846153846154,0.8950510621070862
0.003676470588235294,0.06346153846153846,0.8937538266181946
0.004411764705882353,0.06346153846153846,0.89369136095047
0.004411764705882353,0.06538461538461539,0.8928086161613464
0.0058823529411764705,0.06538461538461539,0.8920745849609375
0.0058823529411764705,0.06634615384615385,0.8920109272003174
0.007352941176470588,0.06634615384615385,0.8918862342834473
0.007352941176470588,0.06923076923076923,0.8913606405258179
0.008088235294117648,0.06923076923076923,0.8912363648414612
0.008088235294117648,0.07115384615384615,0.8910226225852966
0.008823529411764706,0.07115384615384615,0.8909693360328674
0.008823529411764706,0.07211538461538461,0.8903525471687317
0.009558823529411765,0.07211538461538461,0.8902825713157654
0.009558823529411765,0.07307692307692308,0.89016193151474
0.010294117647058823,0.07307692307692308,0.8900685906410217
0.010294117647058823,0.09134615384615384,0.8839640021324158
0.011029411764705883,0.09134615384615384,0.8829604387283325
0.011029411764705883,0.09615384615384616,0.8805639743804932
0.011764705882352941,0.09615384615384616,0.8792439699172974
0.011764705882352941,0.10673076923076923,0.8722891807556152
0.0125,0.10673076923076923,0.8720297813415527
0.0125,0.11826923076923077,0.8658446073532104
0.013235294117647059,0.11826923076923077,0.8657620549201965
0.013235294117647059,0.18076923076923077,0.8447117209434509
0.013970588235294118,0.18076923076923077,0.8428547382354736
0.013970588235294118,0.1951923076923077,0.8329728245735168
0.014705882352941176,0.1951923076923077,0.8324665427207947
0.014705882352941176,0.25096153846153846,0.80135577917099
0.015441176470588236,0.25096153846153846,0.8009243011474609
0.015441176470588236,0.2692307692307692,0.7934805750846863
0.016176470588235296,0.2692307692307692,0.7929369807243347
0.016176470588235296,0.27884615384615385,0.7906991839408875
0.016911764705882352,0.27884615384615385,0.7897434830665588
0.016911764705882352,0.28076923076923077,0.7891406416893005
0.01764705882352941,0.28076923076923077,0.7874622344970703
0.01764705882352941,0.2826923076923077,0.7867472767829895
0.019852941176470587,0.2826923076923077,0.7855716347694397
0.019852941176470587,0.28557692307692306,0.7847384810447693
0.021323529411764706,0.28557692307692306,0.7836046814918518
0.021323529411764706,0.28846153846153844,0.7829232215881348
0.022058823529411766,0.28846153846153844,0.7828536033630371
0.022058823529411766,0.28942307692307695,0.7826228737831116
0.022794117647058822,0.28942307692307695,0.7825387120246887
0.022794117647058822,0.29134615384615387,0.7821553945541382
0.023529411764705882,0.29134615384615387,0.7809522151947021
0.023529411764705882,0.2932692307692308,0.7800163626670837
0.02426470588235294,0.2932692307692308,0.7800025343894958
0.02426470588235294,0.29423076923076924,0.7797505259513855
0.025,0.29423076923076924,0.7797221541404724
0.025,0.2971153846153846,0.7782191038131714
0.025735294117647058,0.2971153846153846,0.778129518032074
0.025735294117647058,0.29903846153846153,0.7775360345840454
0.027941176470588237,0.29903846153846153,0.7764726281166077
0.027941176470588237,0.30096153846153845,0.7756479382514954
0.028676470588235293,0.30096153846153845,0.774739146232605
0.028676470588235293,0.3019230769230769,0.7731505632400513
0.029411764705882353,0.3019230769230769,0.7730321884155273
0.029411764705882353,0.30288461538461536,0.7728249430656433
0.030147058823529412,0.30288461538461536,0.7726966738700867
0.030147058823529412,0.3038461538461538,0.7723910808563232
0.03161764705882353,0.3038461538461538,0.7716919183731079
0.03161764705882353,0.30480769230769234,0.7716726064682007
0.03235294117647059,0.30480769230769234,0.7714926600456238
0.03235294117647059,0.30673076923076925,0.7711531519889832
0.033823529411764704,0.30673076923076925,0.7706376314163208
0.033823529411764704,0.3096153846153846,0.769774317741394
0.03455882352941177,0.3096153846153846,0.7697343826293945
0.03455882352941177,0.32211538461538464,0.7666690945625305
0.03529411764705882,0.32211538461538464,0.7666463851928711
0.03529411764705882,0.3326923076923077,0.7643702030181885
0.03602941176470588,0.3326923076923077,0.7637290954589844
0.03602941176470588,0.3471153846153846,0.7597190737724304
0.03676470588235294,0.3471153846153846,0.7594017386436462
0.03676470588235294,0.35,0.7570326924324036
0.0375,0.35,0.7566558122634888
0.0375,0.35192307692307695,0.7557648420333862
0.03823529411764706,0.35192307692307695,0.7552405595779419
0.03823529411764706,0.3557692307692308,0.7515482902526855
0.04044117647058824,0.3557692307692308,0.7499732971191406
0.04044117647058824,0.3625,0.7475099563598633
0.041176470588235294,0.3625,0.7474827170372009
0.041176470588235294,0.36346153846153845,0.7464517951011658
0.04191176470588235,0.36346153846153845,0.7460178732872009
0.04191176470588235,0.3644230769230769,0.745284378528595
0.04264705882352941,0.3644230769230769,0.7440572381019592
0.04264705882352941,0.3663461538461538,0.7434510588645935
0.04338235294117647,0.3663461538461538,0.743371307849884
0.04338235294117647,0.36730769230769234,0.7433074116706848
0.04411764705882353,0.36730769230769234,0.7428358793258667
0.04411764705882353,0.3682692307692308,0.7427919507026672
0.04632352941176471,0.3682692307692308,0.742114245891571
0.04632352941176471,0.36923076923076925,0.7421050071716309
0.047058823529411764,0.36923076923076925,0.7419925332069397
0.047058823529411764,0.3701923076923077,0.7414594292640686
0.04779411764705882,0.3701923076923077,0.7412631511688232
0.04779411764705882,0.3721153846153846,0.7409515976905823
0.04852941176470588,0.3721153846153846,0.7409213781356812
0.04852941176470588,0.3730769230769231,0.740804135799408
0.04926470588235294,0.3730769230769231,0.740786075592041
0.04926470588235294,0.37596153846153846,0.7402556538581848
0.05073529411764706,0.37596153846153846,0.7400490045547485
0.05073529411764706,0.37884615384615383,0.7397313117980957
0.05367647058823529,0.37884615384615383,0.73936927318573
0.05367647058823529,0.38076923076923075,0.7390760183334351
0.054411764705882354,0.38076923076923075,0.7390583157539368
0.054411764705882354,0.3836538461538462,0.7388782501220703
0.05588235294117647,0.3836538461538462,0.7385086417198181
0.05588235294117647,0.38461538461538464,0.7383295893669128
0.05808823529411765,0.38461538461538464,0.7374796271324158
0.05808823529411765,0.3894230769230769,0.7369415760040283
0.05955882352941176,0.3894230769230769,0.7366842031478882
0.05955882352941176,0.39326923076923076,0.7361567616462708
0.060294117647058824,0.39326923076923076,0.7359768152236938
0.060294117647058824,0.3951923076923077,0.7359250783920288
0.0625,0.3951923076923077,0.7358062267303467
0.0625,0.39615384615384613,0.7357448935508728
0.06323529411764706,0.39615384615384613,0.735310435295105
0.06323529411764706,0.4,0.7351492643356323
0.06397058823529411,0.4,0.7351164817810059
0.06397058823529411,0.4028846153846154,0.7349078059196472
0.06470588235294118,0.4028846153846154,0.7346479892730713
0.06470588235294118,0.4048076923076923,0.7344033718109131
0.0661764705882353,0.4048076923076923,0.7339813113212585
0.0661764705882353,0.4076923076923077,0.733817994594574
0.06691176470588235,0.4076923076923077,0.7337942719459534
0.06691176470588235,0.40865384615384615,0.7335830330848694
0.06764705882352941,0.40865384615384615,0.7333976626396179
0.06764705882352941,0.4115384615384615,0.7328102588653564
0.06838235294117648,0.4115384615384615,0.732750415802002
0.06838235294117648,0.41442307692307695,0.7321010231971741
0.06911764705882353,0.41442307692307695,0.7318056225776672
0.06911764705882353,0.4153846153846154,0.7315441370010376
0.06985294117647059,0.4153846153846154,0.7308695912361145
0.06985294117647059,0.4201923076923077,0.7295542359352112
0.07279411764705883,0.4201923076923077,0.7289481163024902
0.07279411764705883,0.42115384615384616,0.7284956574440002
0.07426470588235294,0.42115384615384616,0.7282232046127319
0.07426470588235294,0.42403846153846153,0.7275596261024475
0.075,0.42403846153846153,0.7273707389831543
0.075,0.425,0.727167546749115
0.07720588235294118,0.425,0.7252171039581299
0.07720588235294118,0.43173076923076925,0.7217089533805847
0.07867647058823529,0.43173076923076925,0.7206348776817322
0.07867647058823529,0.4394230769230769,0.718867838382721
0.07941176470588235,0.4394230769230769,0.7182533144950867
0.07941176470588235,0.4423076923076923,0.7174170017242432
0.08014705882352942,0.4423076923076923,0.7163801193237305
0.08014705882352942,0.44519230769230766,0.7151072025299072
0.08161764705882353,0.44519230769230766,0.7148361802101135
0.08161764705882353,0.4480769230769231,0.7130579948425293
0.08308823529411764,0.4480769230769231,0.7116439342498779
0.08308823529411764,0.44903846153846155,0.7106987833976746
0.0838235294117647,0.44903846153846155,0.7103882431983948
0.0838235294117647,0.45096153846153847,0.7097077965736389
0.08455882352941177,0.45096153846153847,0.7085795402526855
0.08455882352941177,0.4519230769230769,0.7070903182029724
0.08529411764705883,0.4519230769230769,0.7069560885429382
0.08529411764705883,0.45384615384615384,0.7040315270423889
0.08676470588235294,0.45384615384615384,0.7031413316726685
0.08676470588235294,0.45576923076923076,0.7029308676719666
0.0875,0.45576923076923076,0.702869176864624
0.0875,0.4567307692307692,0.7025735378265381
0.08823529411764706,0.4567307692307692,0.7021887302398682
0.08823529411764706,0.45865384615384613,0.7002243399620056
0.08897058823529412,0.45865384615384613,0.6996866464614868
0.08897058823529412,0.4596153846153846,0.6995102167129517
0.08970588235294118,0.4596153846153846,0.6980474591255188
0.08970588235294118,0.4625,0.6955324411392212
0.09117647058823529,0.4625,0.6953836679458618
0.09117647058823529,0.46442307692307694,0.6950211524963379
0.09191176470588236,0.46442307692307694,0.695007860660553
0.09191176470588236,0.4653846153846154,0.6940858364105225
0.09264705882352942,0.4653846153846154,0.6933611035346985
0.09264705882352942,0.46634615384615385,0.6932989954948425
0.09338235294117647,0.46634615384615385,0.6932271122932434
0.09338235294117647,0.4721153846153846,0.6920343637466431
0.09411764705882353,0.4721153846153846,0.6919003129005432
0.09411764705882353,0.4778846153846154,0.6893963813781738
0.09558823529411764,0.4778846153846154,0.6890084147453308
0.09558823529411764,0.4875,0.6866219639778137
0.09632352941176471,0.4875,0.6863301992416382
0.09632352941176471,0.49038461538461536,0.6853290796279907
0.09779411764705882,0.49038461538461536,0.6851027011871338
0.09779411764705882,0.49230769230769234,0.6849444508552551
0.09852941176470588,0.49230769230769234,0.684870183467865
0.09852941176470588,0.4932692307692308,0.684578001499176
0.09926470588235294,0.4932692307692308,0.6841637492179871
0.09926470588235294,0.4980769230769231,0.6833674907684326
0.10147058823529412,0.4980769230769231,0.6821285486221313
0.10147058823529412,0.49903846153846154,0.681987464427948
0.10294117647058823,0.49903846153846154,0.6814067959785461
0.10294117647058823,0.5,0.6813047528266907
0.10514705882352941,0.5,0.6804777979850769
0.10514705882352941,0.5019230769230769,0.6801447868347168
0.10661764705882353,0.5019230769230769,0.6797947883605957
0.10661764705882353,0.5028846153846154,0.6797072291374207
0.10735294117647058,0.5028846153846154,0.6797046661376953
0.10735294117647058,0.5048076923076923,0.6790043115615845
0.10808823529411765,0.5048076923076923,0.6788507699966431
0.10808823529411765,0.5076923076923077,0.6784501075744629
0.10955882352941176,0.5076923076923077,0.6783631443977356
0.10955882352941176,0.5086538461538461,0.6783291697502136
0.11029411764705882,0.5086538461538461,0.6782324910163879
0.11029411764705882,0.510576923076923,0.6769892573356628
0.11102941176470588,0.510576923076923,0.6769589185714722
0.11102941176470588,0.5144230769230769,0.6758245229721069
0.1125,0.5144230769230769,0.6751663088798523
0.1125,0.5163461538461539,0.674210250377655
0.11470588235294117,0.5163461538461539,0.6733425855636597
0.11470588235294117,0.5230769230769231,0.6717380881309509
0.11544117647058824,0.5230769230769231,0.6715437769889832
0.11544117647058824,0.5240384615384616,0.6708459854125977
0.11544117647058824,0.5259615384615385,0.6707239747047424
0.11544117647058824,0.5269230769230769,0.6702807545661926
0.1161764705882353,0.5269230769230769,0.6701944470405579
0.1161764705882353,0.5288461538461539,0.6699525713920593
0.11691176470588235,0.5288461538461539,0.6697534322738647
0.11691176470588235,0.5326923076923077,0.6687710881233215
0.11764705882352941,0.5326923076923077,0.6683117747306824
0.11764705882352941,0.5384615384615384,0.6649888157844543
0.11838235294117647,0.5384615384615384,0.6639341115951538
0.11838235294117647,0.5394230769230769,0.663589596748352
0.12058823529411765,0.5394230769230769,0.6594982743263245
0.12058823529411765,0.5403846153846154,0.6588792204856873
0.1213235294117647,0.5403846153846154,0.6588160991668701
0.1213235294117647,0.5413461538461538,0.6581717729568481
0.12205882352941176,0.5413461538461538,0.6574379205703735
0.12205882352941176,0.5423076923076923,0.6571258902549744
0.12352941176470589,0.5423076923076923,0.656286895275116
0.12352941176470589,0.5432692307692307,0.656267523765564
0.12426470588235294,0.5432692307692307,0.6555426716804504
0.12426470588235294,0.5442307692307692,0.6554174423217773
0.125,0.5442307692307692,0.655299186706543
0.125,0.5451923076923076,0.6552464962005615
0.12794117647058822,0.5451923076923076,0.6545333862304688
0.12794117647058822,0.5461538461538461,0.6528329849243164
0.13161764705882353,0.5461538461538461,0.6516525149345398
0.13161764705882353,0.5471153846153847,0.6515809893608093
0.13308823529411765,0.5471153846153847,0.651095986366272
0.13308823529411765,0.5480769230769231,0.6508403420448303
0.1338235294117647,0.5480769230769231,0.6504418253898621
0.1338235294117647,0.5490384615384616,0.6493183970451355
0.13602941176470587,0.5490384615384616,0.6484223008155823
0.13602941176470587,0.551923076923077,0.6476020216941833
0.13676470588235295,0.551923076923077,0.6473853588104248
0.13676470588235295,0.5528846153846154,0.64713054895401
0.1375,0.5528846153846154,0.6468378901481628
0.1375,0.5567307692307693,0.6456716060638428
0.13823529411764707,0.5567307692307693,0.6447363495826721
0.13823529411764707,0.5605769230769231,0.6427253484725952
0.13897058823529412,0.5605769230769231,0.6420454382896423
0.13897058823529412,0.5615384615384615,0.6411172151565552
0.13970588235294118,0.5615384615384615,0.6402115225791931
0.13970588235294118,0.5644230769230769,0.6387463212013245
0.14044117647058824,0.5644230769230769,0.6386080384254456
0.14044117647058824,0.5673076923076923,0.6374862194061279
0.1426470588235294,0.5673076923076923,0.6368009448051453
0.1426470588235294,0.5682692307692307,0.6366063952445984
0.14338235294117646,0.5682692307692307,0.6362823843955994
0.14338235294117646,0.5692307692307692,0.636259913444519
0.14411764705882352,0.5692307692307692,0.636131227016449
0.14411764705882352,0.5721153846153846,0.6357278227806091
0.1448529411764706,0.5721153846153846,0.6350381970405579
0.1448529411764706,0.5759615384615384,0.6345707774162292
0.14558823529411766,0.5759615384615384,0.6342505216598511
0.14558823529411766,0.5769230769230769,0.6342039108276367
0.14779411764705883,0.5769230769230769,0.6335412263870239
0.14779411764705883,0.5778846153846153,0.633499801158905
0.15,0.5778846153846153,0.6333656907081604
0.15,0.5798076923076924,0.6329197287559509
0.15073529411764705,0.5798076923076924,0.6328814029693604
0.15073529411764705,0.5807692307692308,0.6328140497207642
0.1536764705882353,0.5807692307692308,0.6322245597839355
0.1536764705882353,0.5817307692307693,0.6318899393081665
0.15588235294117647,0.5817307692307693,0.6311565637588501
0.15588235294117647,0.5836538461538462,0.6301773190498352
0.15808823529411764,0.5836538461538462,0.6298261880874634
0.15808823529411764,0.5855769230769231,0.629418134689331
0.16029411764705884,0.5855769230769231,0.6288547515869141
0.16029411764705884,0.5865384615384616,0.6286013126373291
0.1610294117647059,0.5865384615384616,0.628598153591156
0.1610294117647059,0.5875,0.6284372806549072
0.16470588235294117,0.5875,0.6275243759155273
0.16470588235294117,0.5884615384615385,0.6274415254592896
0.17352941176470588,0.5884615384615385,0.6241430044174194
0.17352941176470588,0.5913461538461539,0.6225287914276123
0.17573529411764705,0.5913461538461539,0.6222116947174072
0.17573529411764705,0.5923076923076923,0.6220711469650269
0.17720588235294119,0.5923076923076923,0.6219692230224609
0.17720588235294119,0.5932692307692308,0.6215326189994812
0.1786764705882353,0.5932692307692308,0.6210518479347229
0.1786764705882353,0.5942307692307692,0.6208456754684448
0.1801470588235294,0.5942307692307692,0.619400143623352
0.1801470588235294,0.5971153846153846,0.617298424243927
0.18088235294117647,0.5971153846153846,0.6172763705253601
0.18088235294117647,0.6,0.6152451038360596
0.18235294117647058,0.6,0.6145936250686646
0.18235294117647058,0.6009615384615384,0.6140003800392151
0.18308823529411763,0.6009615384615384,0.6132136583328247
0.18308823529411763,0.6019230769230769,0.6131207942962646
0.18455882352941178,0.6019230769230769,0.6117572784423828
0.18455882352941178,0.6028846153846154,0.6117372512817383
0.18676470588235294,0.6028846153846154,0.6109614372253418
0.18676470588235294,0.6038461538461538,0.6103558540344238
0.1875,0.6038461538461538,0.6103007197380066
0.1875,0.6057692307692307,0.6098273396492004
0.19044117647058822,0.6057692307692307,0.6084848046302795
0.19044117647058822,0.6067307692307692,0.6078190803527832
0.19117647058823528,0.6067307692307692,0.6077044010162354
0.19117647058823528,0.6076923076923076,0.6075955033302307
0.19264705882352942,0.6076923076923076,0.6069852709770203
0.19264705882352942,0.6086538461538461,0.6069379448890686
0.19338235294117648,0.6086538461538461,0.6068770885467529
0.19338235294117648,0.6105769230769231,0.6064854264259338
0.1948529411764706,0.6105769230769231,0.6060128808021545
0.1948529411764706,0.6115384615384616,0.6058934926986694
0.19558823529411765,0.6115384615384616,0.6055485606193542
0.19558823529411765,0.6201923076923077,0.6015077829360962
0.19705882352941176,0.6201923076923077,0.6009079813957214
0.19705882352941176,0.6211538461538462,0.6007984280586243
0.19779411764705881,0.6211538461538462,0.6006805300712585
0.19779411764705881,0.625,0.5982474684715271
0.2,0.625,0.5976835489273071
0.2,0.6403846153846153,0.5942883491516113
0.20073529411764707,0.6403846153846153,0.5939007997512817
0.20073529411764707,0.6451923076923077,0.5930580496788025
0.20220588235294118,0.6451923076923077,0.5910528302192688
0.20220588235294118,0.6471153846153846,0.5908803939819336
0.20294117647058824,0.6471153846153846,0.590854823589325
0.20294117647058824,0.6557692307692308,0.5874276161193848
0.20441176470588235,0.6557692307692308,0.5869991779327393
0.20441176470588235,0.6567307692307692,0.5864046216011047
0.2051470588235294,0.6567307692307692,0.5862413048744202
0.2051470588235294,0.6576923076923077,0.5861771702766418
0.20661764705882352,0.6576923076923077,0.5859208703041077
0.20661764705882352,0.6596153846153846,0.5848979949951172
0.2073529411764706,0.6596153846153846,0.5843353271484375
0.2073529411764706,0.6605769230769231,0.5839753746986389
0.20808823529411766,0.6605769230769231,0.5834250450134277
0.20808823529411766,0.6634615384615384,0.5820152163505554
0.2088235294117647,0.6634615384615384,0.5819107294082642
0.2088235294117647,0.6644230769230769,0.5818043947219849
0.21176470588235294,0.6644230769230769,0.5801163911819458
0.21176470588235294,0.6653846153846154,0.5790309906005859
0.21323529411764705,0.6653846153846154,0.5778501033782959
0.21323529411764705,0.6663461538461538,0.5776728391647339
0.2139705882352941,0.6663461538461538,0.5770761966705322
0.2139705882352941,0.6682692307692307,0.5753188729286194
0.21470588235294116,0.6682692307692307,0.5751599073410034
0.21470588235294116,0.6692307692307692,0.5750704407691956
0.2161764705882353,0.6692307692307692,0.5747703313827515
0.2161764705882353,0.6721153846153847,0.5735938549041748
0.21691176470588236,0.6721153846153847,0.5734303593635559
0.21691176470588236,0.6730769230769231,0.5732147097587585
0.21764705882352942,0.6730769230769231,0.5728994011878967
0.21764705882352942,0.676923076923077,0.5721278786659241
0.21838235294117647,0.676923076923077,0.5720562934875488
0.21838235294117647,0.6826923076923077,0.5711883902549744
0.21911764705882353,0.6826923076923077,0.5707315802574158
0.21911764705882353,0.6836538461538462,0.5704866647720337
0.21985294117647058,0.6836538461538462,0.5704779624938965
0.21985294117647058,0.6855769230769231,0.5700797438621521
0.22279411764705884,0.6855769230769231,0.5688309073448181
0.22279411764705884,0.6875,0.5685579776763916
0.22426470588235295,0.6875,0.567475438117981
0.22426470588235295,0.6884615384615385,0.5664632320404053
0.225,0.6884615384615385,0.5663744807243347
0.225,0.6894230769230769,0.5662472248077393
0.22647058823529412,0.6894230769230769,0.5662065744400024
0.22647058823529412,0.6932692307692307,0.5644873380661011
0.2286764705882353,0.6932692307692307,0.5640901327133179
0.2286764705882353,0.6942307692307692,0.5638608336448669
0.22941176470588234,0.6942307692307692,0.5638080835342407
0.22941176470588234,0.6951923076923077,0.5634844899177551
0.23088235294117648,0.6951923076923077,0.5629177689552307
0.23088235294117648,0.6961538461538461,0.5625502467155457
0.2323529411764706,0.6961538461538461,0.5622830390930176
0.2323529411764706,0.6971153846153846,0.5620211362838745
0.23602941176470588,0.6971153846153846,0.5577623248100281
0.23602941176470588,0.7009615384615384,0.5565664172172546
0.23676470588235293,0.7009615384615384,0.5553978085517883
0.23676470588235293,0.7057692307692308,0.5517169833183289
0.2375,0.7057692307692308,0.550004780292511
0.2375,0.7076923076923077,0.5496340990066528
0.23823529411764705,0.7076923076923077,0.5494579076766968
0.23823529411764705,0.7096153846153846,0.5475788116455078
0.23970588235294119,0.7096153846153846,0.5469681620597839
0.23970588235294119,0.7211538461538461,0.5376293659210205
0.2411764705882353,0.7211538461538461,0.5363432168960571
0.2411764705882353,0.7278846153846154,0.5343161821365356
0.24191176470588235,0.7278846153846154,0.5333903431892395
0.24191176470588235,0.7307692307692307,0.5326478481292725
0.2426470588235294,0.7307692307692307,0.5325924158096313
0.2426470588235294,0.7317307692307692,0.532217800617218
0.24411764705882352,0.7317307692307692,0.5308727622032166
0.24411764705882352,0.7375,0.5300809741020203
0.24485294117647058,0.7375,0.5300436615943909
0.24485294117647058,0.739423076923077,0.5299748778343201
0.24558823529411763,0.739423076923077,0.5288861989974976
0.24558823529411763,0.7432692307692308,0.5284540057182312
0.2485294117647059,0.7432692307692308,0.5273462533950806
0.2485294117647059,0.7480769230769231,0.5261457562446594
0.25,0.7480769230769231,0.526080310344696
0.25,0.7528846153846154,0.5239860415458679
0.25073529411764706,0.7528846153846154,0.5237057209014893
0.25073529411764706,0.7557692307692307,0.5226250886917114
0.2514705882352941,0.7557692307692307,0.5224529504776001
0.2514705882352941,0.7567307692307692,0.5221297740936279
0.25220588235294117,0.7567307692307692,0.5220758318901062
0.25220588235294117,0.7576923076923077,0.5220577120780945
0.2536764705882353,0.7576923076923077,0.5217100977897644
0.2536764705882353,0.7586538461538461,0.5215170979499817
0.2551470588235294,0.7586538461538461,0.5210392475128174
0.2551470588235294,0.7653846153846153,0.5199905633926392
0.2566176470588235,0.7653846153846153,0.5195577144622803
0.2566176470588235,0.7711538461538462,0.5178030729293823
0.25735294117647056,0.7711538461538462,0.5173559784889221
0.25735294117647056,0.7721153846153846,0.5171869993209839
0.2580882352941177,0.7721153846153846,0.516417920589447
0.2580882352941177,0.7759615384615385,0.5146986246109009
0.26176470588235295,0.7759615384615385,0.5118103623390198
0.26176470588235295,0.7769230769230769,0.5100018382072449
0.26323529411764707,0.7769230769230769,0.5094495415687561
0.26323529411764707,0.7778846153846154,0.5093671083450317
0.2639705882352941,0.7778846153846154,0.5093165636062622
0.2639705882352941,0.7798076923076923,0.5083031058311462
0.2647058823529412,0.7798076923076923,0.5081584453582764
0.2647058823529412,0.7807692307692308,0.5080636739730835
0.2661764705882353,0.7807692307692308,0.5068554878234863
0.2661764705882353,0.7817307692307692,0.5066139698028564
0.26691176470588235,0.7817307692307692,0.5061021447181702
0.26691176470588235,0.7846153846153846,0.5056076049804688
0.2676470588235294,0.7846153846153846,0.5053537487983704
0.2676470588235294,0.7875,0.504456102848053
0.2691176470588235,0.7875,0.5038692355155945
0.2691176470588235,0.7923076923076923,0.5007472634315491
0.2698529411764706,0.7923076923076923,0.5006155371665955
0.2698529411764706,0.7961538461538461,0.49736255407333374
0.27058823529411763,0.7961538461538461,0.4971817135810852
0.27058823529411763,0.8009615384615385,0.4953397214412689
0.2713235294117647,0.8009615384615385,0.49468985199928284
0.2713235294117647,0.8076923076923077,0.4903377592563629
0.2735294117647059,0.8076923076923077,0.48947861790657043
0.2735294117647059,0.8115384615384615,0.4854414165019989
0.27794117647058825,0.8115384615384615,0.4840153157711029
0.27794117647058825,0.8144230769230769,0.48158425092697144
0.2786764705882353,0.8144230769230769,0.4794650971889496
0.2786764705882353,0.8153846153846154,0.47912976145744324
0.27941176470588236,0.8153846153846154,0.47856488823890686
0.27941176470588236,0.8163461538461538,0.47783735394477844
0.28161764705882353,0.8163461538461538,0.4766850471496582
0.28161764705882353,0.8173076923076923,0.47558414936065674
0.2823529411764706,0.8173076923076923,0.4755633771419525
0.2823529411764706,0.8182692307692307,0.4754997193813324
0.2852941176470588,0.8182692307692307,0.47390100359916687
0.2852941176470588,0.8192307692307692,0.47355520725250244
0.28602941176470587,0.8192307692307692,0.47340863943099976
0.28602941176470587,0.8201923076923077,0.47313106060028076
0.2867647058823529,0.8201923076923077,0.47294220328330994
0.2867647058823529,0.8211538461538461,0.47282588481903076
0.2977941176470588,0.8211538461538461,0.46901726722717285
0.2977941176470588,0.823076923076923,0.46881070733070374
0.3044117647058823,0.823076923076923,0.4667604863643646
0.3044117647058823,0.8240384615384615,0.4666609764099121
0.3088235294117647,0.8240384615384615,0.4649823009967804
0.3088235294117647,0.825,0.46489566564559937
0.3205882352941177,0.825,0.461833655834198
0.3205882352941177,0.8259615384615384,0.4615083336830139
0.32426470588235295,0.8259615384615384,0.4604886770248413
0.32426470588235295,0.8278846153846153,0.460124671459198
0.3286764705882353,0.8278846153846153,0.45760419964790344
0.3286764705882353,0.8298076923076924,0.45704391598701477
0.3360294117647059,0.8298076923076924,0.4520460069179535
0.3360294117647059,0.8307692307692308,0.45154690742492676
0.33676470588235297,0.8307692307692308,0.4514598548412323
0.33676470588235297,0.8326923076923077,0.45006778836250305
0.34044117647058825,0.8326923076923077,0.44927024841308594
0.34044117647058825,0.8336538461538462,0.4489823281764984
0.34411764705882353,0.8336538461538462,0.4469884932041168
0.34411764705882353,0.8346153846153846,0.4465772211551666
0.34558823529411764,0.8346153846153846,0.44602102041244507
0.34558823529411764,0.8375,0.4439549148082733
0.34852941176470587,0.8375,0.4408169090747833
0.34852941176470587,0.8394230769230769,0.43964436650276184
0.35,0.8394230769230769,0.4382217824459076
0.35,0.8413461538461539,0.4380413591861725
0.3514705882352941,0.8413461538461539,0.43794769048690796
0.3514705882352941,0.8423076923076923,0.43789830803871155
0.35294117647058826,0.8423076923076923,0.4373655319213867
0.35294117647058826,0.8432692307692308,0.4370248317718506
0.3536764705882353,0.8432692307692308,0.43686679005622864
0.3536764705882353,0.8442307692307692,0.4366301894187927
0.3558823529411765,0.8442307692307692,0.43623197078704834
0.3558823529411765,0.8461538461538461,0.43505555391311646
0.35661764705882354,0.8461538461538461,0.435021311044693
0.35661764705882354,0.8471153846153846,0.4347476065158844
0.3588235294117647,0.8471153846153846,0.43449217081069946
0.3588235294117647,0.85,0.43403908610343933
0.3625,0.85,0.43272000551223755
0.3625,0.8528846153846154,0.43224525451660156
0.36323529411764705,0.8528846153846154,0.43221515417099
0.36323529411764705,0.8538461538461538,0.43213799595832825
0.3683823529411765,0.8538461538461538,0.43032097816467285
0.3683823529411765,0.8548076923076923,0.43022775650024414
0.36911764705882355,0.8548076923076923,0.43019309639930725
0.36911764705882355,0.8557692307692307,0.4299831688404083
0.3713235294117647,0.8557692307692307,0.4293031692504883
0.3713235294117647,0.8576923076923076,0.42924395203590393
0.3735294117647059,0.8576923076923076,0.42856237292289734
0.3735294117647059,0.8586538461538461,0.42843911051750183
0.3764705882352941,0.8586538461538461,0.42772719264030457
0.3764705882352941,0.8596153846153847,0.42765915393829346
0.37720588235294117,0.8596153846153847,0.42756110429763794
0.37720588235294117,0.8605769230769231,0.42740142345428467
0.3779411764705882,0.8605769230769231,0.4269939959049225
0.3779411764705882,0.8615384615384616,0.4268624186515808
0.3786764705882353,0.8615384615384616,0.42677590250968933
0.3786764705882353,0.8625,0.426632821559906
0.37941176470588234,0.8625,0.42654386162757874
0.37941176470588234,0.864423076923077,0.42631810903549194
0.38382352941176473,0.864423076923077,0.425433486700058
0.38382352941176473,0.8653846153846154,0.4247148633003235
0.3845588235294118,0.8653846153846154,0.42453351616859436
0.3845588235294118,0.8663461538461539,0.4241093099117279
0.38676470588235295,0.8663461538461539,0.42340487241744995
0.38676470588235295,0.8673076923076923,0.4233987629413605
0.38823529411764707,0.8673076923076923,0.42279091477394104
0.38823529411764707,0.8682692307692308,0.42252156138420105
0.39191176470588235,0.8682692307692308,0.4219631850719452
0.39191176470588235,0.8692307692307693,0.42191609740257263
0.39338235294117646,0.8692307692307693,0.4216693937778473
0.39338235294117646,0.8711538461538462,0.4212662875652313
0.39558823529411763,0.8711538461538462,0.42073291540145874
0.39558823529411763,0.8721153846153846,0.42072397470474243
0.39926470588235297,0.8721153846153846,0.4195176959037781
0.39926470588235297,0.8730769230769231,0.419294148683548
0.40661764705882353,0.8730769230769231,0.4180142283439636
0.40661764705882353,0.8740384615384615,0.41780513525009155
0.4125,0.8740384615384615,0.4168640077114105
0.4125,0.875,0.4167419970035553
0.41323529411764703,0.875,0.4165104627609253
0.41323529411764703,0.8759615384615385,0.41628849506378174
0.41544117647058826,0.8759615384615385,0.41573700308799744
0.41544117647058826,0.8769230769230769,0.41561514139175415
0.4183823529411765,0.8769230769230769,0.41516080498695374
0.4183823529411765,0.8778846153846154,0.4148896038532257
0.425,0.8778846153846154,0.41336265206336975
0.425,0.8788461538461538,0.4132925271987915
0.4264705882352941,0.8788461538461538,0.4130980372428894
0.4264705882352941,0.8798076923076923,0.41303718090057373
0.42867647058823527,0.8798076923076923,0.4120265245437622
0.42867647058823527,0.8807692307692307,0.4117873013019562
0.4308823529411765,0.8807692307692307,0.41132670640945435
0.4308823529411765,0.8817307692307692,0.4111158847808838
0.4345588235294118,0.8817307692307692,0.4096404016017914
0.4345588235294118,0.8836538461538461,0.409071683883667
0.43676470588235294,0.8836538461538461,0.4083448350429535
0.43676470588235294,0.8846153846153846,0.40815266966819763
0.4389705882352941,0.8846153846153846,0.40763744711875916
0.4389705882352941,0.885576923076923,0.4075887203216553
0.44191176470588234,0.885576923076923,0.40626734495162964
0.44191176470588234,0.8865384615384615,0.40584054589271545
0.44485294117647056,0.8865384615384615,0.4053078889846802
0.44485294117647056,0.8875,0.4051981568336487
0.45,0.8875,0.40108492970466614
0.45,0.8884615384615384,0.4010198414325714
0.4514705882352941,0.8884615384615384,0.4007589817047119
0.4514705882352941,0.8894230769230769,0.39898645877838135
0.4522058823529412,0.8894230769230769,0.3985167145729065
0.4522058823529412,0.8913461538461539,0.39801913499832153
0.45588235294117646,0.8913461538461539,0.3960796892642975
0.45588235294117646,0.8923076923076924,0.39602115750312805
0.4566176470588235,0.8923076923076924,0.3959691524505615
0.4566176470588235,0.8942307692307693,0.39502787590026855
0.4588235294117647,0.8942307692307693,0.39477288722991943
0.4588235294117647,0.8951923076923077,0.39427340030670166
0.4632352941176471,0.8951923076923077,0.3911595940589905
0.4632352941176471,0.8961538461538462,0.3903381824493408
0.4933823529411765,0.8961538461538462,0.37623730301856995
0.4933823529411765,0.8971153846153846,0.37606048583984375
0.5022058823529412,0.8971153846153846,0.37144580483436584
0.5022058823529412,0.8980769230769231,0.36955416202545166
0.5073529411764706,0.8980769230769231,0.36639589071273804
0.5073529411764706,0.8990384615384616,0.3654991686344147
0.5095588235294117,0.8990384615384616,0.3629774749279022
0.5095588235294117,0.9,0.3622521460056305
0.5198529411764706,0.9,0.3516225516796112
0.5198529411764706,0.9009615384615385,0.351462185382843
0.5272058823529412,0.9009615384615385,0.34665554761886597
0.5272058823529412,0.9019230769230769,0.34609928727149963
0.5301470588235294,0.9019230769230769,0.3431946337223053
0.5301470588235294,0.9028846153846154,0.3429826498031616
0.5352941176470588,0.9028846153846154,0.33947402238845825
0.5352941176470588,0.9038461538461539,0.3392973244190216
0.5411764705882353,0.9038461538461539,0.3357600271701813
0.5411764705882353,0.9048076923076923,0.3354610502719879
0.5448529411764705,0.9048076923076923,0.32807794213294983
0.5448529411764705,0.9057692307692308,0.32702699303627014
0.5455882352941176,0.9057692307692308,0.3253440856933594
0.5455882352941176,0.9076923076923077,0.32287129759788513
0.5485294117647059,0.9076923076923077,0.32217395305633545
0.5485294117647059,0.9086538461538461,0.3214888870716095
0.549264705882353,0.9086538461538461,0.3210979700088501
0.549264705882353,0.9105769230769231,0.3190544545650482
0.55,0.9105769230769231,0.31889355182647705
0.55,0.9115384615384615,0.317725270986557
0.5507352941176471,0.9115384615384615,0.31617069244384766
0.5507352941176471,0.9134615384615384,0.315595805644989
0.5522058823529412,0.9134615384615384,0.3142046332359314
0.5522058823529412,0.9144230769230769,0.3138813078403473
0.5529411764705883,0.9144230769230769,0.3134496510028839
0.5529411764705883,0.9192307692307692,0.30609098076820374
0.5573529411764706,0.9192307692307692,0.29666832089424133
0.5573529411764706,0.9201923076923076,0.29118818044662476
0.5588235294117647,0.9201923076923076,0.2893751561641693
0.5588235294117647,0.9211538461538461,0.2879987061023712
0.5661764705882353,0.9211538461538461,0.2835715115070343
0.5661764705882353,0.9221153846153847,0.28230416774749756
0.5742647058823529,0.9221153846153847,0.2699379026889801
0.5742647058823529,0.9230769230769231,0.2697523832321167
0.5772058823529411,0.9230769230769231,0.2686249911785126
0.5772058823529411,0.925,0.2663179636001587
0.5779411764705882,0.925,0.2655637264251709
0.5779411764705882,0.9278846153846154,0.26408690214157104
0.5786764705882353,0.9278846153846154,0.26401183009147644
0.5786764705882353,0.9288461538461539,0.2635485827922821
0.5801470588235295,0.9288461538461539,0.26250678300857544
0.5801470588235295,0.9298076923076923,0.26116931438446045
0.5808823529411765,0.9298076923076923,0.26081088185310364
0.5808823529411765,0.9326923076923077,0.25970131158828735
0.5816176470588236,0.9326923076923077,0.2594222128391266
0.5816176470588236,0.9346153846153846,0.2577262818813324
0.5823529411764706,0.9346153846153846,0.2574380040168762
0.5823529411764706,0.9365384615384615,0.2566896080970764
0.5852941176470589,0.9365384615384615,0.25559282302856445
0.5852941176470589,0.9375,0.2555173337459564
0.5882352941176471,0.9375,0.2542237639427185
0.5882352941176471,0.9384615384615385,0.25406935811042786
0.5919117647058824,0.9384615384615385,0.253139466047287
0.5919117647058824,0.9394230769230769,0.2520553767681122
0.5933823529411765,0.9394230769230769,0.2517825961112976
0.5933823529411765,0.9423076923076923,0.2507086992263794
0.5941176470588235,0.9423076923076923,0.24971072375774384
0.5941176470588235,0.9432692307692307,0.24962083995342255
0.5970588235294118,0.9432692307692307,0.24896395206451416
0.5970588235294118,0.9451923076923077,0.2481517195701599
0.6,0.9451923076923077,0.2471836358308792
0.6,0.948076923076923,0.2464975118637085
0.6036764705882353,0.948076923076923,0.2454655021429062
0.6036764705882353,0.9509615384615384,0.24538752436637878
0.6044117647058823,0.9509615384615384,0.2453797161579132
0.6044117647058823,0.9519230769230769,0.24484765529632568
0.6058823529411764,0.9519230769230769,0.2439834624528885
0.6058823529411764,0.9528846153846153,0.2437126338481903
0.6066176470588235,0.9528846153846153,0.2431764304637909
0.6066176470588235,0.9538461538461539,0.2429543137550354
0.6139705882352942,0.9538461538461539,0.2366720587015152
0.6139705882352942,0.9548076923076924,0.23641464114189148
0.6154411764705883,0.9548076923076924,0.23602043092250824
0.6154411764705883,0.9557692307692308,0.23598308861255646
0.6176470588235294,0.9557692307692308,0.23169247806072235
0.6176470588235294,0.9567307692307693,0.23154759407043457
0.6183823529411765,0.9567307692307693,0.23146039247512817
0.6183823529411765,0.9576923076923077,0.23128794133663177
0.6191176470588236,0.9576923076923077,0.23070202767848969
0.6191176470588236,0.9605769230769231,0.2289750725030899
0.6198529411764706,0.9605769230769231,0.22847944498062134
0.6198529411764706,0.9615384615384616,0.22824926674365997
0.6205882352941177,0.9615384615384616,0.22740992903709412
0.6205882352941177,0.9634615384615385,0.22545967996120453
0.6220588235294118,0.9634615384615385,0.22507591545581818
0.6220588235294118,0.9644230769230769,0.224768728017807
0.6227941176470588,0.9644230769230769,0.2237006574869156
0.6227941176470588,0.9673076923076923,0.22298483550548553
0.6272058823529412,0.9673076923076923,0.22129637002944946
0.6272058823529412,0.9692307692307692,0.2210588902235031
0.6279411764705882,0.9692307692307692,0.2209688425064087
0.6279411764705882,0.9711538461538461,0.2202104777097702
0.6294117647058823,0.9711538461538461,0.2198435217142105
0.6294117647058823,0.9721153846153846,0.21966804563999176
0.6301470588235294,0.9721153846153846,0.21960830688476562
0.6301470588235294,0.9730769230769231,0.21927236020565033
0.6316176470588235,0.9730769230769231,0.2189314216375351
0.6316176470588235,0.9740384615384615,0.21876025199890137
0.6345588235294117,0.9740384615384615,0.21725445985794067
0.6345588235294117,0.9759615384615384,0.2169651836156845
0.6360294117647058,0.9759615384615384,0.2164897322654724
0.6360294117647058,0.9788461538461538,0.21531878411769867
0.638235294117647,0.9788461538461538,0.21363632380962372
0.638235294117647,0.9798076923076923,0.21354800462722778
0.6389705882352941,0.9798076923076923,0.2134326845407486
0.6389705882352941,0.9846153846153847,0.2119266539812088
0.6397058823529411,0.9846153846153847,0.21177120506763458
0.6397058823529411,0.9855769230769231,0.21106407046318054
0.6404411764705882,0.9855769230769231,0.21064651012420654
0.6404411764705882,0.9865384615384616,0.21041521430015564
0.6514705882352941,0.9865384615384616,0.20377007126808167
0.6514705882352941,0.9875,0.20309510827064514
0.6558823529411765,0.9875,0.20221328735351562
0.6558823529411765,0.9884615384615385,0.20214267075061798
0.6573529411764706,0.9884615384615385,0.2014174908399582
0.6573529411764706,0.9903846153846154,0.20075979828834534
0.6625,0.9903846153846154,0.19798317551612854
0.6625,0.9913461538461539,0.19796797633171082
0.6713235294117647,0.9913461538461539,0.19266316294670105
0.6713235294117647,0.9923076923076923,0.19264914095401764
0.6727941176470589,0.9923076923076923,0.1923963576555252
0.6727941176470589,0.9932692307692308,0.19165819883346558
0.6845588235294118,0.9932692307692308,0.18766331672668457
0.6845588235294118,0.9942307692307693,0.18761400878429413
0.6860294117647059,0.9942307692307693,0.1871630996465683
0.6860294117647059,0.9951923076923077,0.18713556230068207
0.6933823529411764,0.9951923076923077,0.180502250790596
0.6933823529411764,0.9961538461538462,0.17992769181728363
0.7139705882352941,0.9961538461538462,0.16861367225646973
0.7139705882352941,0.9971153846153846,0.1682712733745575
0.7448529411764706,0.9971153846153846,0.1620633453130722
0.7448529411764706,0.9980769230769231,0.1619187295436859
0.7580882352941176,0.9980769230769231,0.15591713786125183
0.7580882352941176,0.9990384615384615,0.15590479969978333
0.7705882352941177,0.9990384615384615,0.15087635815143585
0.7705882352941177,1.0,0.14978569746017456
1.0,1.0,0.018788307905197144
