FPR,TPR,Threshold
0.0,0.0,1.9541860818862915
0.0,0.0009615384615384616,0.9541860818862915
0.0,0.04807692307692308,0.9230006337165833
0.0029411764705882353,0.04807692307692308,0.9218549728393555
0.0029411764705882353,0.06153846153846154,0.9180633425712585
0.003676470588235294,0.06153846153846154,0.917780876159668
0.003676470588235294,0.06538461538461539,0.9171958565711975
0.004411764705882353,0.06538461538461539,0.9167886972427368
0.004411764705882353,0.07596153846153846,0.9136242270469666
0.005147058823529412,0.07596153846153846,0.913528323173523
0.005147058823529412,0.07692307692307693,0.9122137427330017
0.011029411764705883,0.07692307692307693,0.9099410176277161
0.011029411764705883,0.07884615384615384,0.9097198843955994
0.011764705882352941,0.07884615384615384,0.9096373319625854
0.011764705882352941,0.0798076923076923,0.9095568656921387
0.0125,0.0798076923076923,0.909062922000885
0.0125,0.08076923076923077,0.9085394144058228
0.015441176470588236,0.08076923076923077,0.9078070521354675
0.015441176470588236,0.08173076923076923,0.9076985716819763
0.016176470588235296,0.08173076923076923,0.9074572324752808
0.016176470588235296,0.08365384615384615,0.9071060419082642
0.016911764705882352,0.08365384615384615,0.9069127440452576
0.016911764705882352,0.08557692307692308,0.9060425162315369
0.01764705882352941,0.08557692307692308,0.9059898257255554
0.01764705882352941,0.0875,0.9051305055618286
0.01838235294117647,0.0875,0.9051160216331482
0.01838235294117647,0.08942307692307692,0.904675304889679
0.01911764705882353,0.08942307692307692,0.9045228362083435
0.01911764705882353,0.09038461538461538,0.9043506383895874
0.019852941176470587,0.09038461538461538,0.9042468070983887
0.019852941176470587,0.09423076923076923,0.9029695391654968
0.021323529411764706,0.09423076923076923,0.9020103812217712
0.021323529411764706,0.09807692307692308,0.9007118940353394
0.022058823529411766,0.09807692307692308,0.9006814956665039
0.022058823529411766,0.10096153846153846,0.9004018306732178
0.022794117647058822,0.10096153846153846,0.9000642895698547
0.022794117647058822,0.10192307692307692,0.8999279141426086
0.025,0.10192307692307692,0.8993635177612305
0.025,0.10384615384615385,0.8985669612884521
0.025735294117647058,0.10384615384615385,0.8983529806137085
0.025735294117647058,0.10673076923076923,0.8969470262527466
0.026470588235294117,0.10673076923076923,0.896793782711029
0.026470588235294117,0.1076923076923077,0.8967512845993042
0.027941176470588237,0.1076923076923077,0.8958818912506104
0.027941176470588237,0.10961538461538461,0.8954917788505554
0.028676470588235293,0.10961538461538461,0.8953734636306763
0.028676470588235293,0.11153846153846154,0.8949998617172241
0.030147058823529412,0.11153846153846154,0.8932373523712158
0.030147058823529412,0.11442307692307692,0.8919287919998169
0.030882352941176472,0.11442307692307692,0.8917936682701111
0.030882352941176472,0.11538461538461539,0.8911094069480896
0.03161764705882353,0.11538461538461539,0.8910608291625977
0.03161764705882353,0.12307692307692308,0.8881533145904541
0.03235294117647059,0.12307692307692308,0.8875353932380676
0.03235294117647059,0.13173076923076923,0.8851349353790283
0.033823529411764704,0.13173076923076923,0.8850701451301575
0.033823529411764704,0.1375,0.8836811780929565
0.03455882352941177,0.1375,0.8836022019386292
0.03455882352941177,0.13846153846153847,0.8824352622032166
0.03529411764705882,0.13846153846153847,0.882249116897583
0.03529411764705882,0.13942307692307693,0.8821312785148621
0.03676470588235294,0.13942307692307693,0.8817064166069031
0.03676470588235294,0.14134615384615384,0.880855143070221
0.0375,0.14134615384615384,0.8799489736557007
0.0375,0.1423076923076923,0.8792873620986938
0.03823529411764706,0.1423076923076923,0.8790576457977295
0.03823529411764706,0.14326923076923076,0.8782658576965332
0.03897058823529412,0.14326923076923076,0.8779399991035461
0.03897058823529412,0.14615384615384616,0.8764819502830505
0.039705882352941174,0.14615384615384616,0.8758349418640137
0.039705882352941174,0.14903846153846154,0.8738449215888977
0.04044117647058824,0.14903846153846154,0.8724047541618347
0.04044117647058824,0.15384615384615385,0.8716234564781189
0.041176470588235294,0.15384615384615385,0.8699955940246582
0.041176470588235294,0.1548076923076923,0.8693992495536804
0.04191176470588235,0.1548076923076923,0.8687900304794312
0.04191176470588235,0.15576923076923077,0.8687028288841248
0.04264705882352941,0.15576923076923077,0.8668928146362305
0.04264705882352941,0.15673076923076923,0.8650029301643372
0.04411764705882353,0.15673076923076923,0.8628699779510498
0.04411764705882353,0.17596153846153847,0.8498268723487854
0.045588235294117645,0.17596153846153847,0.8495224714279175
0.045588235294117645,0.19326923076923078,0.8423932790756226
0.04632352941176471,0.19326923076923078,0.8419190645217896
0.04632352941176471,0.2125,0.8357679843902588
0.047058823529411764,0.2125,0.8349900245666504
0.047058823529411764,0.21923076923076923,0.8329629898071289
0.04852941176470588,0.21923076923076923,0.832815408706665
0.04852941176470588,0.22115384615384615,0.8310392498970032
0.04926470588235294,0.22115384615384615,0.8308809995651245
0.04926470588235294,0.22403846153846155,0.8296930193901062
0.05073529411764706,0.22403846153846155,0.8289979100227356
0.05073529411764706,0.225,0.8288358449935913
0.051470588235294115,0.225,0.8284008502960205
0.051470588235294115,0.22884615384615384,0.8263110518455505
0.05220588235294118,0.22884615384615384,0.8261127471923828
0.05220588235294118,0.23461538461538461,0.8237417936325073
0.05367647058823529,0.23461538461538461,0.8235434293746948
0.05367647058823529,0.24326923076923077,0.8208166360855103
0.054411764705882354,0.24326923076923077,0.820403516292572
0.054411764705882354,0.25,0.817853569984436
0.05514705882352941,0.25,0.8167657256126404
0.05514705882352941,0.2586538461538462,0.8137418031692505
0.05588235294117647,0.2586538461538462,0.8127874135971069
0.05588235294117647,0.25961538461538464,0.8126172423362732
0.057352941176470586,0.25961538461538464,0.809064507484436
0.057352941176470586,0.26346153846153847,0.8058174848556519
0.05808823529411765,0.26346153846153847,0.8057371377944946
0.05808823529411765,0.2644230769230769,0.8051329851150513
0.058823529411764705,0.2644230769230769,0.8046072125434875
0.058823529411764705,0.28557692307692306,0.7861102819442749
0.05955882352941176,0.28557692307692306,0.7850965857505798
0.05955882352941176,0.2865384615384615,0.7845063209533691
0.060294117647058824,0.2865384615384615,0.7835207581520081
0.060294117647058824,0.29423076923076924,0.7736268639564514
0.06102941176470588,0.29423076923076924,0.7736108899116516
0.06102941176470588,0.3144230769230769,0.7636436223983765
0.061764705882352944,0.3144230769230769,0.7624671459197998
0.061764705882352944,0.31634615384615383,0.7623091340065002
0.06397058823529411,0.31634615384615383,0.7611950635910034
0.06397058823529411,0.31826923076923075,0.7603037357330322
0.06470588235294118,0.31826923076923075,0.7602877616882324
0.06470588235294118,0.3192307692307692,0.7602001428604126
0.06544117647058824,0.3192307692307692,0.7593511939048767
0.06544117647058824,0.32019230769230766,0.7591220736503601
0.0661764705882353,0.32019230769230766,0.758992075920105
0.0661764705882353,0.32211538461538464,0.7562566995620728
0.06764705882352941,0.32211538461538464,0.7559322714805603
0.06764705882352941,0.325,0.7544358372688293
0.06838235294117648,0.325,0.7533406019210815
0.06838235294117648,0.3269230769230769,0.7528175711631775
0.06911764705882353,0.3269230769230769,0.7514921426773071
0.06911764705882353,0.3278846153846154,0.7514533996582031
0.0713235294117647,0.3278846153846154,0.7506771087646484
0.0713235294117647,0.3298076923076923,0.7503619194030762
0.07352941176470588,0.3298076923076923,0.7485435009002686
0.07352941176470588,0.3326923076923077,0.7476254105567932
0.075,0.3326923076923077,0.7470110058784485
0.075,0.33365384615384613,0.7469425201416016
0.07573529411764705,0.33365384615384613,0.7467848658561707
0.07573529411764705,0.34326923076923077,0.7438066601753235
0.07647058823529412,0.34326923076923077,0.7432804703712463
0.07647058823529412,0.34807692307692306,0.7416781187057495
0.07720588235294118,0.34807692307692306,0.741173267364502
0.07720588235294118,0.35096153846153844,0.740664541721344
0.07867647058823529,0.35096153846153844,0.74046790599823
0.07867647058823529,0.3528846153846154,0.7402257323265076
0.07941176470588235,0.3528846153846154,0.7400316596031189
0.07941176470588235,0.35384615384615387,0.7396461367607117
0.08014705882352942,0.35384615384615387,0.7395005226135254
0.08014705882352942,0.3557692307692308,0.73826664686203
0.08161764705882353,0.3557692307692308,0.738116979598999
0.08161764705882353,0.3605769230769231,0.7360979318618774
0.08235294117647059,0.3605769230769231,0.7360551357269287
0.08235294117647059,0.36153846153846153,0.7360482811927795
0.0838235294117647,0.36153846153846153,0.7359344363212585
0.0838235294117647,0.3625,0.7357947826385498
0.08529411764705883,0.3625,0.7355785369873047
0.08529411764705883,0.3644230769230769,0.7350543737411499
0.08602941176470588,0.3644230769230769,0.7349668741226196
0.08602941176470588,0.36538461538461536,0.7345341444015503
0.08676470588235294,0.36538461538461536,0.7342739105224609
0.08676470588235294,0.3682692307692308,0.7339369058609009
0.0875,0.3682692307692308,0.7335056662559509
0.0875,0.36923076923076925,0.7324979901313782
0.08823529411764706,0.36923076923076925,0.7322431802749634
0.08823529411764706,0.37115384615384617,0.7315508127212524
0.08897058823529412,0.37115384615384617,0.7313773036003113
0.08897058823529412,0.3721153846153846,0.7312107682228088
0.08970588235294118,0.3721153846153846,0.7310331463813782
0.08970588235294118,0.3730769230769231,0.730600118637085
0.09117647058823529,0.3730769230769231,0.7302685379981995
0.09117647058823529,0.37403846153846154,0.7297313213348389
0.09264705882352942,0.37403846153846154,0.7286967635154724
0.09264705882352942,0.375,0.728676974773407
0.09779411764705882,0.375,0.7274307012557983
0.09779411764705882,0.37596153846153846,0.7271741032600403
0.09852941176470588,0.37596153846153846,0.7261561155319214
0.09852941176470588,0.37884615384615383,0.7258308529853821
0.09926470588235294,0.37884615384615383,0.7257054448127747
0.09926470588235294,0.3798076923076923,0.7248349785804749
0.1036764705882353,0.3798076923076923,0.722379207611084
0.1036764705882353,0.38269230769230766,0.7216477394104004
0.10441176470588236,0.38269230769230766,0.7212569713592529
0.10441176470588236,0.38461538461538464,0.7203270196914673
0.10735294117647058,0.38461538461538464,0.7198450565338135
0.10735294117647058,0.3855769230769231,0.719714343547821
0.11102941176470588,0.3855769230769231,0.7175338864326477
0.11102941176470588,0.38653846153846155,0.716971755027771
0.11176470588235295,0.38653846153846155,0.7167451977729797
0.11176470588235295,0.39134615384615384,0.7164510488510132
0.1125,0.39134615384615384,0.7155714631080627
0.1125,0.3923076923076923,0.7154220938682556
0.11323529411764706,0.3923076923076923,0.715417742729187
0.11323529411764706,0.39326923076923076,0.715380072593689
0.11470588235294117,0.39326923076923076,0.7151612639427185
0.11470588235294117,0.3951923076923077,0.7148908972740173
0.1161764705882353,0.3951923076923077,0.7144289016723633
0.1161764705882353,0.39903846153846156,0.7133584022521973
0.11838235294117647,0.39903846153846156,0.712651252746582
0.11838235294117647,0.40192307692307694,0.7117990851402283
0.11985294117647059,0.40192307692307694,0.7116211652755737
0.11985294117647059,0.4028846153846154,0.7115485072135925
0.12058823529411765,0.4028846153846154,0.7113952040672302
0.12058823529411765,0.40673076923076923,0.710544764995575
0.1213235294117647,0.40673076923076923,0.7103222608566284
0.1213235294117647,0.4096153846153846,0.7081853747367859
0.12279411764705882,0.4096153846153846,0.7077636122703552
0.12279411764705882,0.4115384615384615,0.7072511315345764
0.12352941176470589,0.4115384615384615,0.7067973613739014
0.12352941176470589,0.4125,0.7055360078811646
0.12426470588235294,0.4125,0.7053926587104797
0.12426470588235294,0.41442307692307695,0.70523601770401
0.12573529411764706,0.41442307692307695,0.704703688621521
0.12573529411764706,0.4153846153846154,0.7045436501502991
0.1264705882352941,0.4153846153846154,0.7043097615242004
0.1264705882352941,0.41923076923076924,0.702852725982666
0.12867647058823528,0.41923076923076924,0.7012588381767273
0.12867647058823528,0.4201923076923077,0.7012282609939575
0.12941176470588237,0.4201923076923077,0.7009376883506775
0.12941176470588237,0.4221153846153846,0.7006931900978088
0.13014705882352942,0.4221153846153846,0.7006205916404724
0.13014705882352942,0.42403846153846153,0.700329065322876
0.13161764705882353,0.42403846153846153,0.700162947177887
0.13161764705882353,0.425,0.6999503374099731
0.13308823529411765,0.425,0.698786199092865
0.13308823529411765,0.42596153846153845,0.6971234083175659
0.13455882352941176,0.42596153846153845,0.6953182220458984
0.13455882352941176,0.4269230769230769,0.6949290633201599
0.13529411764705881,0.4269230769230769,0.6947143077850342
0.13529411764705881,0.42788461538461536,0.6946560740470886
0.13602941176470587,0.42788461538461536,0.6943343877792358
0.13602941176470587,0.4288461538461538,0.6939391493797302
0.13823529411764707,0.4288461538461538,0.6928235292434692
0.13823529411764707,0.42980769230769234,0.6927708983421326
0.13970588235294118,0.42980769230769234,0.6908161640167236
0.13970588235294118,0.4307692307692308,0.690514862537384
0.14044117647058824,0.4307692307692308,0.6902878284454346
0.14044117647058824,0.43173076923076925,0.6902646422386169
0.14191176470588235,0.43173076923076925,0.6898064017295837
0.14191176470588235,0.4326923076923077,0.6897335052490234
0.14338235294117646,0.4326923076923077,0.6893922686576843
0.14338235294117646,0.43365384615384617,0.6891705989837646
0.14558823529411766,0.43365384615384617,0.688365638256073
0.14558823529411766,0.43653846153846154,0.6855643391609192
0.14852941176470588,0.43653846153846154,0.6841924786567688
0.14852941176470588,0.4394230769230769,0.6837238073348999
0.14926470588235294,0.4394230769230769,0.6832610368728638
0.14926470588235294,0.4403846153846154,0.6829156279563904
0.15073529411764705,0.4403846153846154,0.68104088306427
0.15073529411764705,0.4461538461538462,0.6794434785842896
0.1536764705882353,0.4461538461538462,0.6781430244445801
0.1536764705882353,0.44903846153846155,0.6774419546127319
0.15441176470588236,0.44903846153846155,0.6771432161331177
0.15441176470588236,0.45096153846153847,0.6764720678329468
0.15514705882352942,0.45096153846153847,0.6760019659996033
0.15514705882352942,0.4519230769230769,0.6759875416755676
0.15661764705882353,0.4519230769230769,0.6737104058265686
0.15661764705882353,0.4576923076923077,0.6696754693984985
0.1588235294117647,0.4576923076923077,0.6685159802436829
0.1588235294117647,0.45865384615384613,0.6683846116065979
0.1610294117647059,0.45865384615384613,0.6672478318214417
0.1610294117647059,0.4596153846153846,0.666799008846283
0.16323529411764706,0.4596153846153846,0.6649582982063293
0.16323529411764706,0.46057692307692305,0.6646517515182495
0.1676470588235294,0.46057692307692305,0.6600248217582703
0.1676470588235294,0.46153846153846156,0.6599506735801697
0.1713235294117647,0.46153846153846156,0.6572352051734924
0.1713235294117647,0.4625,0.656846284866333
0.17426470588235293,0.4625,0.6558722853660583
0.17426470588235293,0.4634615384615385,0.6553941369056702
0.17941176470588235,0.4634615384615385,0.6520696878433228
0.17941176470588235,0.4653846153846154,0.6517804861068726
0.1801470588235294,0.4653846153846154,0.6517247557640076
0.1801470588235294,0.46634615384615385,0.6517057418823242
0.18088235294117647,0.46634615384615385,0.6515032649040222
0.18088235294117647,0.46826923076923077,0.6514399647712708
0.18161764705882352,0.46826923076923077,0.6499407291412354
0.18161764705882352,0.46923076923076923,0.6495031118392944
0.18235294117647058,0.46923076923076923,0.6486459374427795
0.18235294117647058,0.4701923076923077,0.6485309600830078
0.18529411764705883,0.4701923076923077,0.6459016799926758
0.18529411764705883,0.47596153846153844,0.6446300148963928
0.1860294117647059,0.47596153846153844,0.6441743969917297
0.1860294117647059,0.47692307692307695,0.644130289554596
0.18823529411764706,0.47692307692307695,0.6418840289115906
0.18823529411764706,0.4778846153846154,0.6404103636741638
0.1889705882352941,0.4778846153846154,0.6403519511222839
0.1889705882352941,0.47884615384615387,0.6393224000930786
0.19117647058823528,0.47884615384615387,0.638042688369751
0.19117647058823528,0.4807692307692308,0.6379520893096924
0.19191176470588237,0.4807692307692308,0.637935221195221
0.19191176470588237,0.48173076923076924,0.6378239393234253
0.19264705882352942,0.48173076923076924,0.6362228989601135
0.19264705882352942,0.4826923076923077,0.6361874341964722
0.19338235294117648,0.4826923076923077,0.6360927820205688
0.19338235294117648,0.4846153846153846,0.6355805993080139
0.19411764705882353,0.4846153846153846,0.6351607441902161
0.19411764705882353,0.4855769230769231,0.6347420811653137
0.19558823529411765,0.4855769230769231,0.6340641975402832
0.19558823529411765,0.48653846153846153,0.6338032484054565
0.19705882352941176,0.48653846153846153,0.6329473257064819
0.19705882352941176,0.4875,0.6327431201934814
0.19779411764705881,0.4875,0.6327006220817566
0.19779411764705881,0.48846153846153845,0.6326135993003845
0.19852941176470587,0.48846153846153845,0.6324392557144165
0.19852941176470587,0.49038461538461536,0.6316545009613037
0.19926470588235295,0.49038461538461536,0.6315973401069641
0.19926470588235295,0.4932692307692308,0.6306530237197876
0.20073529411764707,0.4932692307692308,0.6295251250267029
0.20073529411764707,0.4951923076923077,0.6291618943214417
0.20294117647058824,0.4951923076923077,0.628259539604187
0.20294117647058824,0.4980769230769231,0.6268765330314636
0.20661764705882352,0.4980769230769231,0.6245091557502747
0.20661764705882352,0.49903846153846154,0.6240344643592834
0.2073529411764706,0.49903846153846154,0.624025285243988
0.2073529411764706,0.5009615384615385,0.623154878616333
0.20955882352941177,0.5009615384615385,0.6224852204322815
0.20955882352941177,0.5019230769230769,0.6212047934532166
0.2125,0.5019230769230769,0.6197185516357422
0.2125,0.5048076923076923,0.6194160580635071
0.2139705882352941,0.5048076923076923,0.6190857291221619
0.2139705882352941,0.5057692307692307,0.6184262633323669
0.21470588235294116,0.5057692307692307,0.6183357238769531
0.21470588235294116,0.5076923076923077,0.6177443861961365
0.21544117647058825,0.5076923076923077,0.6176555156707764
0.21544117647058825,0.5086538461538461,0.6175366640090942
0.2161764705882353,0.5086538461538461,0.6172738671302795
0.2161764705882353,0.5096153846153846,0.6170451641082764
0.21691176470588236,0.5096153846153846,0.6165708899497986
0.21691176470588236,0.510576923076923,0.6162748336791992
0.21764705882352942,0.510576923076923,0.6162569522857666
0.21764705882352942,0.5125,0.615603506565094
0.22058823529411764,0.5125,0.6138887405395508
0.22058823529411764,0.5134615384615384,0.6135836839675903
0.2213235294117647,0.5134615384615384,0.6134749054908752
0.2213235294117647,0.5144230769230769,0.613438069820404
0.22205882352941175,0.5144230769230769,0.6133648157119751
0.22205882352941175,0.5163461538461539,0.61308753490448
0.22279411764705884,0.5163461538461539,0.6129917502403259
0.22279411764705884,0.5173076923076924,0.6125737428665161
0.2235294117647059,0.5173076923076924,0.6125273108482361
0.2235294117647059,0.5201923076923077,0.6123096942901611
0.22647058823529412,0.5201923076923077,0.6104282736778259
0.22647058823529412,0.5221153846153846,0.6092274785041809
0.22794117647058823,0.5221153846153846,0.6087806224822998
0.22794117647058823,0.525,0.607837438583374
0.2286764705882353,0.525,0.6060230135917664
0.2286764705882353,0.5269230769230769,0.6058768033981323
0.22941176470588234,0.5269230769230769,0.6056374907493591
0.22941176470588234,0.5278846153846154,0.6055418848991394
0.2323529411764706,0.5278846153846154,0.6045820116996765
0.2323529411764706,0.5307692307692308,0.6033834218978882
0.23308823529411765,0.5307692307692308,0.6029855608940125
0.23308823529411765,0.5317307692307692,0.6025878190994263
0.2338235294117647,0.5317307692307692,0.6023723483085632
0.2338235294117647,0.5336538461538461,0.6018896698951721
0.23455882352941176,0.5336538461538461,0.6011949777603149
0.23455882352941176,0.5346153846153846,0.6005103588104248
0.23823529411764705,0.5346153846153846,0.5987897515296936
0.23823529411764705,0.5384615384615384,0.598292350769043
0.23970588235294119,0.5384615384615384,0.598081111907959
0.23970588235294119,0.5451923076923076,0.595342755317688
0.24044117647058824,0.5451923076923076,0.5949202179908752
0.24044117647058824,0.5471153846153847,0.5945390462875366
0.24338235294117647,0.5471153846153847,0.5936238169670105
0.24338235294117647,0.55,0.5927958488464355
0.24411764705882352,0.55,0.5924369096755981
0.24411764705882352,0.5528846153846154,0.591598629951477
0.24558823529411763,0.5528846153846154,0.5910021662712097
0.24558823529411763,0.5567307692307693,0.5905988812446594
0.24705882352941178,0.5567307692307693,0.5897921919822693
0.24705882352941178,0.5576923076923077,0.589380145072937
0.24779411764705883,0.5576923076923077,0.5893406271934509
0.24779411764705883,0.5596153846153846,0.5878030061721802
0.2485294117647059,0.5596153846153846,0.5877827405929565
0.2485294117647059,0.5615384615384615,0.5873143076896667
0.25,0.5615384615384615,0.5869677662849426
0.25,0.5625,0.5869563817977905
0.2514705882352941,0.5625,0.5868526697158813
0.2514705882352941,0.5634615384615385,0.5862406492233276
0.25220588235294117,0.5634615384615385,0.5861270427703857
0.25220588235294117,0.5644230769230769,0.5855349898338318
0.2529411764705882,0.5644230769230769,0.5851643085479736
0.2529411764705882,0.5692307692307692,0.583850085735321
0.2536764705882353,0.5692307692307692,0.5838304162025452
0.2536764705882353,0.5701923076923077,0.5828559994697571
0.25441176470588234,0.5701923076923077,0.582658052444458
0.25441176470588234,0.5711538461538461,0.5825724005699158
0.25588235294117645,0.5711538461538461,0.5819545388221741
0.25588235294117645,0.5721153846153846,0.5817590951919556
0.26029411764705884,0.5721153846153846,0.579814612865448
0.26029411764705884,0.5759615384615384,0.5788321495056152
0.2625,0.5759615384615384,0.578453540802002
0.2625,0.5778846153846153,0.5771867632865906
0.26544117647058824,0.5778846153846153,0.5765357613563538
0.26544117647058824,0.5788461538461539,0.575958788394928
0.2676470588235294,0.5788461538461539,0.5751206874847412
0.2676470588235294,0.5807692307692308,0.5742438435554504
0.2691176470588235,0.5807692307692308,0.5739889740943909
0.2691176470588235,0.5817307692307693,0.5736428499221802
0.2735294117647059,0.5817307692307693,0.5724658966064453
0.2735294117647059,0.5836538461538462,0.5711772441864014
0.275,0.5836538461538462,0.5699931979179382
0.275,0.5846153846153846,0.569832980632782
0.27794117647058825,0.5846153846153846,0.5681883692741394
0.27794117647058825,0.5855769230769231,0.5680378079414368
0.27941176470588236,0.5855769230769231,0.566543459892273
0.27941176470588236,0.5865384615384616,0.5663273334503174
0.28088235294117647,0.5865384615384616,0.5660901069641113
0.28088235294117647,0.5875,0.565565288066864
0.2823529411764706,0.5875,0.5651784539222717
0.2823529411764706,0.5903846153846154,0.5635740160942078
0.2838235294117647,0.5903846153846154,0.5626700520515442
0.2838235294117647,0.5923076923076923,0.5623115301132202
0.28602941176470587,0.5923076923076923,0.5612483620643616
0.28602941176470587,0.5932692307692308,0.5608541369438171
0.2867647058823529,0.5932692307692308,0.5608115196228027
0.2867647058823529,0.5942307692307692,0.5607377886772156
0.2889705882352941,0.5942307692307692,0.5593955516815186
0.2889705882352941,0.5951923076923077,0.5592379570007324
0.2897058823529412,0.5951923076923077,0.5588236451148987
0.2897058823529412,0.5961538461538461,0.55845707654953
0.29044117647058826,0.5961538461538461,0.5584432482719421
0.29044117647058826,0.5980769230769231,0.5580174326896667
0.2911764705882353,0.5980769230769231,0.5576842427253723
0.2911764705882353,0.6,0.5574336647987366
0.2926470588235294,0.6,0.5566694140434265
0.2926470588235294,0.6009615384615384,0.5562456250190735
0.29558823529411765,0.6009615384615384,0.5556550025939941
0.29558823529411765,0.6038461538461538,0.5552603006362915
0.2977941176470588,0.6038461538461538,0.5550137162208557
0.2977941176470588,0.6057692307692307,0.5547541975975037
0.3,0.6057692307692307,0.5518625974655151
0.3,0.6067307692307692,0.5517286658287048
0.30073529411764705,0.6067307692307692,0.5517284870147705
0.30073529411764705,0.6086538461538461,0.5509753227233887
0.3014705882352941,0.6086538461538461,0.5508441925048828
0.3014705882352941,0.6096153846153847,0.5506080389022827
0.30220588235294116,0.6096153846153847,0.5504395961761475
0.30220588235294116,0.6105769230769231,0.5499260425567627
0.3044117647058823,0.6105769230769231,0.5480785369873047
0.3044117647058823,0.6115384615384616,0.5479635000228882
0.30661764705882355,0.6115384615384616,0.546497642993927
0.30661764705882355,0.6125,0.5462367534637451
0.30808823529411766,0.6125,0.5454877614974976
0.30808823529411766,0.614423076923077,0.5444706082344055
0.31029411764705883,0.614423076923077,0.5442246794700623
0.31029411764705883,0.6153846153846154,0.5436187386512756
0.3110294117647059,0.6153846153846154,0.5433279275894165
0.3110294117647059,0.6163461538461539,0.5431709885597229
0.3125,0.6163461538461539,0.5425385236740112
0.3125,0.6173076923076923,0.5414771437644958
0.31470588235294117,0.6173076923076923,0.5393534898757935
0.31470588235294117,0.6182692307692308,0.5386024713516235
0.3161764705882353,0.6182692307692308,0.5381239056587219
0.3161764705882353,0.6192307692307693,0.5355273485183716
0.31691176470588234,0.6192307692307693,0.5351464748382568
0.31691176470588234,0.6211538461538462,0.5345743298530579
0.31838235294117645,0.6211538461538462,0.5329662561416626
0.31838235294117645,0.6230769230769231,0.5326869487762451
0.3191176470588235,0.6230769230769231,0.5325906276702881
0.3191176470588235,0.6240384615384615,0.5325772166252136
0.31985294117647056,0.6240384615384615,0.5323906540870667
0.31985294117647056,0.6259615384615385,0.5323361754417419
0.32279411764705884,0.6259615384615385,0.5309882760047913
0.32279411764705884,0.6288461538461538,0.5294595956802368
0.3235294117647059,0.6288461538461538,0.5290588140487671
0.3235294117647059,0.6307692307692307,0.5287735462188721
0.32426470588235295,0.6307692307692307,0.5278593897819519
0.32426470588235295,0.6394230769230769,0.5230565667152405
0.325,0.6394230769230769,0.5228782892227173
0.325,0.6403846153846153,0.5224887132644653
0.3264705882352941,0.6403846153846153,0.5213481783866882
0.3264705882352941,0.6423076923076924,0.5206796526908875
0.3272058823529412,0.6423076923076924,0.5205538868904114
0.3272058823529412,0.6432692307692308,0.5201981663703918
0.32794117647058824,0.6432692307692308,0.5198725461959839
0.32794117647058824,0.6451923076923077,0.519801676273346
0.3286764705882353,0.6451923076923077,0.5187078714370728
0.3286764705882353,0.6471153846153846,0.5173513293266296
0.3301470588235294,0.6471153846153846,0.5163204073905945
0.3301470588235294,0.6519230769230769,0.5149458646774292
0.3316176470588235,0.6519230769230769,0.5145885944366455
0.3316176470588235,0.6557692307692308,0.5085147619247437
0.3338235294117647,0.6557692307692308,0.5078552961349487
0.3338235294117647,0.6567307692307692,0.5078290104866028
0.3352941176470588,0.6567307692307692,0.50457364320755
0.3352941176470588,0.6576923076923077,0.5042569041252136
0.3360294117647059,0.6576923076923077,0.5041682720184326
0.3360294117647059,0.6615384615384615,0.5027095675468445
0.33676470588235297,0.6615384615384615,0.5025734305381775
0.33676470588235297,0.6634615384615384,0.5019043684005737
0.3375,0.6634615384615384,0.5017780661582947
0.3375,0.6644230769230769,0.5016320943832397
0.3382352941176471,0.6644230769230769,0.5013948678970337
0.3382352941176471,0.6653846153846154,0.5008449554443359
0.33897058823529413,0.6653846153846154,0.5005045533180237
0.33897058823529413,0.6663461538461538,0.5002631545066833
0.34044117647058825,0.6663461538461538,0.49839192628860474
0.34044117647058825,0.6692307692307692,0.4972553551197052
0.3411764705882353,0.6692307692307692,0.4968250095844269
0.3411764705882353,0.6721153846153847,0.4955422282218933
0.3426470588235294,0.6721153846153847,0.4952339828014374
0.3426470588235294,0.676923076923077,0.4944669306278229
0.34338235294117647,0.676923076923077,0.49439606070518494
0.34338235294117647,0.6807692307692308,0.49284347891807556
0.3448529411764706,0.6807692307692308,0.49205875396728516
0.3448529411764706,0.6846153846153846,0.4913758933544159
0.3463235294117647,0.6846153846153846,0.4889828860759735
0.3463235294117647,0.6855769230769231,0.4889086186885834
0.34705882352941175,0.6855769230769231,0.4888160824775696
0.34705882352941175,0.6884615384615385,0.4884505271911621
0.3477941176470588,0.6884615384615385,0.48841455578804016
0.3477941176470588,0.6913461538461538,0.4880965054035187
0.34852941176470587,0.6913461538461538,0.48804572224617004
0.34852941176470587,0.6971153846153846,0.48638543486595154
0.3492647058823529,0.6971153846153846,0.4862954318523407
0.3492647058823529,0.7028846153846153,0.48456382751464844
0.35,0.7028846153846153,0.48422279953956604
0.35,0.7057692307692308,0.4835062026977539
0.3522058823529412,0.7057692307692308,0.48312264680862427
0.3522058823529412,0.7076923076923077,0.4826134741306305
0.35441176470588237,0.7076923076923077,0.4819881319999695
0.35441176470588237,0.7115384615384616,0.4808908998966217
0.35808823529411765,0.7115384615384616,0.4793846309185028
0.35808823529411765,0.7153846153846154,0.4789133369922638
0.3588235294117647,0.7153846153846154,0.47859328985214233
0.3588235294117647,0.7192307692307692,0.4771974980831146
0.3610294117647059,0.7192307692307692,0.47642433643341064
0.3610294117647059,0.7230769230769231,0.47571128606796265
0.3625,0.7230769230769231,0.47539693117141724
0.3625,0.7240384615384615,0.47533223032951355
0.36323529411764705,0.7240384615384615,0.47530636191368103
0.36323529411764705,0.7259615384615384,0.4749709367752075
0.3654411764705882,0.7259615384615384,0.4737723171710968
0.3654411764705882,0.7288461538461538,0.47325289249420166
0.3669117647058823,0.7288461538461538,0.4727707803249359
0.3669117647058823,0.7307692307692307,0.47154924273490906
0.36764705882352944,0.7307692307692307,0.47136735916137695
0.36764705882352944,0.7336538461538461,0.4710906744003296
0.3698529411764706,0.7336538461538461,0.46983233094215393
0.3698529411764706,0.7365384615384616,0.46971267461776733
0.3713235294117647,0.7365384615384616,0.4690544009208679
0.3713235294117647,0.7403846153846154,0.4674876630306244
0.3720588235294118,0.7403846153846154,0.4671974182128906
0.3720588235294118,0.7413461538461539,0.46704310178756714
0.3735294117647059,0.7413461538461539,0.4665471911430359
0.3735294117647059,0.7423076923076923,0.46628671884536743
0.3779411764705882,0.7423076923076923,0.46503427624702454
0.3779411764705882,0.7432692307692308,0.46436387300491333
0.3786764705882353,0.7432692307692308,0.46432948112487793
0.3786764705882353,0.7442307692307693,0.46310439705848694
0.37941176470588234,0.7442307692307693,0.46301379799842834
0.37941176470588234,0.7451923076923077,0.46298375725746155
0.38088235294117645,0.7451923076923077,0.46262598037719727
0.38088235294117645,0.7471153846153846,0.4621700942516327
0.3830882352941177,0.7471153846153846,0.4609449505805969
0.3830882352941177,0.7519230769230769,0.46053019165992737
0.38382352941176473,0.7519230769230769,0.4601619243621826
0.38382352941176473,0.7557692307692307,0.45895326137542725
0.3845588235294118,0.7557692307692307,0.4588606655597687
0.3845588235294118,0.7596153846153846,0.4580996036529541
0.38529411764705884,0.7596153846153846,0.45738792419433594
0.38529411764705884,0.7615384615384615,0.45634540915489197
0.3860294117647059,0.7615384615384615,0.456217497587204
0.3860294117647059,0.7673076923076924,0.4544595181941986
0.38676470588235295,0.7673076923076924,0.45427924394607544
0.38676470588235295,0.7682692307692308,0.4542638659477234
0.3875,0.7682692307692308,0.4536112844944
0.3875,0.7730769230769231,0.45226171612739563
0.3889705882352941,0.7730769230769231,0.4520106911659241
0.3889705882352941,0.775,0.4511106312274933
0.39044117647058824,0.775,0.4507458806037903
0.39044117647058824,0.7759615384615385,0.4501892626285553
0.3911764705882353,0.7759615384615385,0.4499271810054779
0.3911764705882353,0.7778846153846154,0.44962257146835327
0.39191176470588235,0.7778846153846154,0.4492833912372589
0.39191176470588235,0.7817307692307692,0.4484008550643921
0.3948529411764706,0.7817307692307692,0.44738146662712097
0.3948529411764706,0.7855769230769231,0.44691529870033264
0.39558823529411763,0.7855769230769231,0.44664230942726135
0.39558823529411763,0.7865384615384615,0.44650477170944214
0.3963235294117647,0.7865384615384615,0.44618138670921326
0.3963235294117647,0.7894230769230769,0.4457925260066986
0.39705882352941174,0.7894230769230769,0.4456920921802521
0.39705882352941174,0.7903846153846154,0.44558754563331604
0.3977941176470588,0.7903846153846154,0.44558271765708923
0.3977941176470588,0.7932692307692307,0.4446031153202057
0.3985294117647059,0.7932692307692307,0.444433331489563
0.3985294117647059,0.7951923076923076,0.4435186982154846
0.39926470588235297,0.7951923076923076,0.4434448182582855
0.39926470588235297,0.8,0.44158053398132324
0.4,0.8,0.4413885474205017
0.4,0.8028846153846154,0.4412338435649872
0.4022058823529412,0.8028846153846154,0.4403802156448364
0.4022058823529412,0.8048076923076923,0.4401736259460449
0.40294117647058825,0.8048076923076923,0.4400298595428467
0.40294117647058825,0.8057692307692308,0.43969279527664185
0.4036764705882353,0.8057692307692308,0.4396722614765167
0.4036764705882353,0.8115384615384615,0.43727433681488037
0.40441176470588236,0.8115384615384615,0.4368939995765686
0.40441176470588236,0.8134615384615385,0.4356986880302429
0.4051470588235294,0.8134615384615385,0.4356604218482971
0.4051470588235294,0.8144230769230769,0.43558141589164734
0.40661764705882353,0.8144230769230769,0.4347448945045471
0.40661764705882353,0.8173076923076923,0.4339889883995056
0.40808823529411764,0.8173076923076923,0.43364614248275757
0.40808823529411764,0.8192307692307692,0.433030366897583
0.4088235294117647,0.8192307692307692,0.43285292387008667
0.4088235294117647,0.8201923076923077,0.43274685740470886
0.40955882352941175,0.8201923076923077,0.432582288980484
0.40955882352941175,0.8211538461538461,0.43251538276672363
0.41102941176470587,0.8211538461538461,0.4319336712360382
0.41102941176470587,0.8221153846153846,0.43170011043548584
0.4117647058823529,0.8221153846153846,0.4316193461418152
0.4117647058823529,0.8240384615384615,0.4313151240348816
0.41544117647058826,0.8240384615384615,0.4304318428039551
0.41544117647058826,0.825,0.4303703308105469
0.4161764705882353,0.825,0.43033367395401
0.4161764705882353,0.8326923076923077,0.4270363450050354
0.41691176470588237,0.8326923076923077,0.42663809657096863
0.41691176470588237,0.8375,0.4252359867095947
0.4176470588235294,0.8375,0.4252251088619232
0.4176470588235294,0.8403846153846154,0.4238041341304779
0.41911764705882354,0.8403846153846154,0.4227995276451111
0.41911764705882354,0.8413461538461539,0.4224456250667572
0.42058823529411765,0.8413461538461539,0.4214433431625366
0.42058823529411765,0.8471153846153846,0.4187507629394531
0.4213235294117647,0.8471153846153846,0.4185872972011566
0.4213235294117647,0.8480769230769231,0.418136328458786
0.4227941176470588,0.8480769230769231,0.41758301854133606
0.4227941176470588,0.85,0.41551896929740906
0.4235294117647059,0.85,0.4153463840484619
0.4235294117647059,0.8509615384615384,0.4148173928260803
0.425,0.8509615384615384,0.4140739440917969
0.425,0.8519230769230769,0.4139615595340729
0.42573529411764705,0.8519230769230769,0.41291242837905884
0.42573529411764705,0.8528846153846154,0.4128767251968384
0.42867647058823527,0.8528846153846154,0.4105261266231537
0.42867647058823527,0.8567307692307692,0.40857943892478943
0.4338235294117647,0.8567307692307692,0.40501511096954346
0.4338235294117647,0.8576923076923076,0.4038179814815521
0.4345588235294118,0.8576923076923076,0.40365365147590637
0.4345588235294118,0.8625,0.4008882939815521
0.4404411764705882,0.8625,0.3970267176628113
0.4404411764705882,0.864423076923077,0.39639464020729065
0.44338235294117645,0.864423076923077,0.39392921328544617
0.44338235294117645,0.8653846153846154,0.39350637793540955
0.44632352941176473,0.8653846153846154,0.3922441303730011
0.44632352941176473,0.8663461538461539,0.3900969922542572
0.44779411764705884,0.8663461538461539,0.3896484673023224
0.44779411764705884,0.8701923076923077,0.38869786262512207
0.45073529411764707,0.8701923076923077,0.3874432444572449
0.45073529411764707,0.8711538461538462,0.38735708594322205
0.4522058823529412,0.8711538461538462,0.38654908537864685
0.4522058823529412,0.8721153846153846,0.38651517033576965
0.45441176470588235,0.8721153846153846,0.3847460150718689
0.45441176470588235,0.8730769230769231,0.3840622305870056
0.45588235294117646,0.8730769230769231,0.3835987448692322
0.45588235294117646,0.875,0.38261279463768005
0.4573529411764706,0.875,0.3824402391910553
0.4573529411764706,0.8759615384615385,0.3819332718849182
0.4625,0.8759615384615385,0.37939274311065674
0.4625,0.8769230769230769,0.37924879789352417
0.4632352941176471,0.8769230769230769,0.3786601126194
0.4632352941176471,0.8778846153846154,0.3776618242263794
0.46397058823529413,0.8778846153846154,0.3767178952693939
0.46397058823529413,0.8798076923076923,0.37507641315460205
0.4676470588235294,0.8798076923076923,0.37134066224098206
0.4676470588235294,0.8807692307692307,0.3705361485481262
0.4713235294117647,0.8807692307692307,0.36578279733657837
0.4713235294117647,0.8817307692307692,0.3647889494895935
0.4727941176470588,0.8817307692307692,0.3642905354499817
0.4727941176470588,0.8836538461538461,0.3631202280521393
0.47352941176470587,0.8836538461538461,0.3628537356853485
0.47352941176470587,0.8846153846153846,0.3622218072414398
0.4764705882352941,0.8846153846153846,0.3605954349040985
0.4764705882352941,0.8875,0.3581354022026062
0.4772058823529412,0.8875,0.3579079508781433
0.4772058823529412,0.8884615384615384,0.35760238766670227
0.48308823529411765,0.8884615384615384,0.3537907600402832
0.48308823529411765,0.8894230769230769,0.3537415862083435
0.48455882352941176,0.8894230769230769,0.35366034507751465
0.48455882352941176,0.8913461538461539,0.35310080647468567
0.48970588235294116,0.8913461538461539,0.3521263003349304
0.48970588235294116,0.8923076923076924,0.35194501280784607
0.49779411764705883,0.8923076923076924,0.34787237644195557
0.49779411764705883,0.8932692307692308,0.3475671112537384
0.49926470588235294,0.8932692307692308,0.34743183851242065
0.49926470588235294,0.8942307692307693,0.347355455160141
0.5022058823529412,0.8942307692307693,0.3462575674057007
0.5022058823529412,0.8951923076923077,0.3460409343242645
0.5029411764705882,0.8951923076923077,0.34516003727912903
0.5029411764705882,0.8961538461538462,0.34439703822135925
0.5044117647058823,0.8961538461538462,0.3439313769340515
0.5044117647058823,0.8971153846153846,0.3424648344516754
0.5058823529411764,0.8971153846153846,0.3417566418647766
0.5058823529411764,0.8980769230769231,0.34167468547821045
0.5088235294117647,0.8980769230769231,0.34046313166618347
0.5088235294117647,0.8990384615384616,0.33991050720214844
0.5095588235294117,0.8990384615384616,0.3398669362068176
0.5095588235294117,0.9,0.33979547023773193
0.5110294117647058,0.9,0.3383699059486389
0.5110294117647058,0.9019230769230769,0.33746594190597534
0.5117647058823529,0.9019230769230769,0.33745959401130676
0.5117647058823529,0.9028846153846154,0.33686521649360657
0.513235294117647,0.9028846153846154,0.3355390131473541
0.513235294117647,0.9038461538461539,0.3354005515575409
0.5147058823529411,0.9038461538461539,0.3351266384124756
0.5147058823529411,0.9048076923076923,0.33439013361930847
0.5154411764705882,0.9048076923076923,0.33410415053367615
0.5154411764705882,0.9057692307692308,0.3340674936771393
0.5161764705882353,0.9057692307692308,0.33401694893836975
0.5161764705882353,0.9096153846153846,0.3332124650478363
0.5169117647058824,0.9096153846153846,0.3329719603061676
0.5169117647058824,0.9115384615384615,0.3328114151954651
0.5191176470588236,0.9115384615384615,0.33065125346183777
0.5191176470588236,0.9125,0.3304654359817505
0.5198529411764706,0.9125,0.3304208219051361
0.5198529411764706,0.9134615384615384,0.3297977149486542
0.524264705882353,0.9134615384615384,0.32853153347969055
0.524264705882353,0.9163461538461538,0.32740557193756104
0.5286764705882353,0.9163461538461538,0.3261479139328003
0.5286764705882353,0.9182692307692307,0.32560545206069946
0.5352941176470588,0.9182692307692307,0.32361048460006714
0.5352941176470588,0.9192307692307692,0.32351014018058777
0.5367647058823529,0.9192307692307692,0.32343789935112
0.5367647058823529,0.9201923076923076,0.3233920633792877
0.538235294117647,0.9201923076923076,0.32273364067077637
0.538235294117647,0.9211538461538461,0.32266926765441895
0.5389705882352941,0.9211538461538461,0.3224470615386963
0.5389705882352941,0.9230769230769231,0.3214744031429291
0.5411764705882353,0.9230769230769231,0.32099050283432007
0.5411764705882353,0.9240384615384616,0.3207379877567291
0.5419117647058823,0.9240384615384616,0.3206349015235901
0.5419117647058823,0.925,0.3205121159553528
0.5470588235294118,0.925,0.31849992275238037
0.5470588235294118,0.9288461538461539,0.3179270625114441
0.5477941176470589,0.9288461538461539,0.3171508312225342
0.5477941176470589,0.9298076923076923,0.31711772084236145
0.5485294117647059,0.9298076923076923,0.31675493717193604
0.5485294117647059,0.9307692307692308,0.3164619207382202
0.55,0.9307692307692308,0.31611302495002747
0.55,0.9317307692307693,0.31607046723365784
0.5529411764705883,0.9317307692307693,0.3153238594532013
0.5529411764705883,0.9336538461538462,0.31478258967399597
0.5536764705882353,0.9336538461538462,0.3144991397857666
0.5536764705882353,0.9346153846153846,0.3144433796405792
0.5544117647058824,0.9346153846153846,0.3143961429595947
0.5544117647058824,0.9355769230769231,0.3142298758029938
0.5551470588235294,0.9355769230769231,0.31419137120246887
0.5551470588235294,0.9375,0.3136575520038605
0.5566176470588236,0.9375,0.3131487965583801
0.5566176470588236,0.9384615384615385,0.3125373423099518
0.5610294117647059,0.9384615384615385,0.31118127703666687
0.5610294117647059,0.9394230769230769,0.31076154112815857
0.5625,0.9394230769230769,0.31049421429634094
0.5625,0.9413461538461538,0.3098211884498596
0.5647058823529412,0.9413461538461538,0.30959054827690125
0.5647058823529412,0.9432692307692307,0.30896633863449097
0.5654411764705882,0.9432692307692307,0.3088604509830475
0.5654411764705882,0.9442307692307692,0.3087810277938843
0.5691176470588235,0.9442307692307692,0.30747556686401367
0.5691176470588235,0.9451923076923077,0.30744612216949463
0.5720588235294117,0.9451923076923077,0.3063691556453705
0.5720588235294117,0.9461538461538461,0.30631527304649353
0.575735294117647,0.9461538461538461,0.3054434061050415
0.575735294117647,0.9471153846153846,0.30528953671455383
0.5779411764705882,0.9471153846153846,0.30283764004707336
0.5779411764705882,0.948076923076923,0.30271536111831665
0.5794117647058824,0.948076923076923,0.30176815390586853
0.5794117647058824,0.95,0.3014090061187744
0.5845588235294118,0.95,0.29964786767959595
0.5845588235294118,0.9509615384615384,0.29929405450820923
0.5852941176470589,0.9509615384615384,0.29915034770965576
0.5852941176470589,0.9519230769230769,0.2972400486469269
0.5875,0.9519230769230769,0.29605743288993835
0.5875,0.9528846153846153,0.2959239184856415
0.5897058823529412,0.9528846153846153,0.2946549355983734
0.5897058823529412,0.9538461538461539,0.2944331467151642
0.5948529411764706,0.9538461538461539,0.2930128574371338
0.5948529411764706,0.9548076923076924,0.2925731837749481
0.6036764705882353,0.9548076923076924,0.28868743777275085
0.6036764705882353,0.9557692307692308,0.28828129172325134
0.6080882352941176,0.9557692307692308,0.2875480055809021
0.6080882352941176,0.9586538461538462,0.2870360016822815
0.6198529411764706,0.9586538461538462,0.28246867656707764
0.6198529411764706,0.9596153846153846,0.28177982568740845
0.6323529411764706,0.9596153846153846,0.2768417000770569
0.6323529411764706,0.9605769230769231,0.2765251398086548
0.6360294117647058,0.9605769230769231,0.27529463171958923
0.6360294117647058,0.9615384615384616,0.27521002292633057
0.6544117647058824,0.9615384615384616,0.26829463243484497
0.6544117647058824,0.9625,0.26724109053611755
0.6580882352941176,0.9625,0.26620832085609436
0.6580882352941176,0.9634615384615385,0.2658867835998535
0.6705882352941176,0.9634615384615385,0.25586363673210144
0.6705882352941176,0.9644230769230769,0.25523921847343445
0.6823529411764706,0.9644230769230769,0.24362576007843018
0.6823529411764706,0.9653846153846154,0.24347738921642303
0.6919117647058823,0.9653846153846154,0.23699457943439484
0.6919117647058823,0.9673076923076923,0.23670455813407898
0.6948529411764706,0.9673076923076923,0.23463356494903564
0.6948529411764706,0.9682692307692308,0.2342563420534134
0.6977941176470588,0.9682692307692308,0.2324310541152954
0.6977941176470588,0.9692307692307692,0.2321690022945404
0.6992647058823529,0.9692307692307692,0.23204633593559265
0.6992647058823529,0.9701923076923077,0.23200827836990356
0.700735294117647,0.9701923076923077,0.231811985373497
0.700735294117647,0.9711538461538461,0.23139072954654694
0.7029411764705882,0.9711538461538461,0.2308502048254013
0.7029411764705882,0.9721153846153846,0.23024481534957886
0.7051470588235295,0.9721153846153846,0.22875463962554932
0.7051470588235295,0.9730769230769231,0.2286558449268341
0.7088235294117647,0.9730769230769231,0.2258634865283966
0.7088235294117647,0.9740384615384615,0.22562018036842346
0.7147058823529412,0.9740384615384615,0.22296775877475739
0.7147058823529412,0.975,0.2229364961385727
0.7242647058823529,0.975,0.21853715181350708
0.7242647058823529,0.9759615384615384,0.21817080676555634
0.7316176470588235,0.9759615384615384,0.21538332104682922
0.7316176470588235,0.9769230769230769,0.2150188833475113
0.7345588235294118,0.9769230769230769,0.2137094885110855
0.7345588235294118,0.9778846153846154,0.2134188562631607
0.7397058823529412,0.9778846153846154,0.2120792269706726
0.7397058823529412,0.9788461538461538,0.21104416251182556
0.7529411764705882,0.9788461538461538,0.20720385015010834
0.7529411764705882,0.9798076923076923,0.20718349516391754
0.7544117647058823,0.9798076923076923,0.2068253755569458
0.7544117647058823,0.9807692307692307,0.20639657974243164
0.8875,0.9807692307692307,0.08312635868787766
0.8875,0.9826923076923076,0.08191138505935669
0.8955882352941177,0.9826923076923076,0.07816856354475021
0.8955882352941177,0.9836538461538461,0.07784662395715714
0.9051470588235294,0.9836538461538461,0.07374219596385956
0.9051470588235294,0.9846153846153847,0.07356370240449905
0.9066176470588235,0.9846153846153847,0.07290112227201462
0.9066176470588235,0.9865384615384616,0.07240568846464157
0.9073529411764706,0.9865384615384616,0.0716991052031517
0.9073529411764706,0.9875,0.07150452584028244
0.9080882352941176,0.9875,0.07095062732696533
0.9080882352941176,0.9884615384615385,0.07067045569419861
0.9088235294117647,0.9884615384615385,0.07061559706926346
0.9088235294117647,0.989423076923077,0.07055458426475525
0.9095588235294118,0.989423076923077,0.07038278877735138
0.9095588235294118,0.9903846153846154,0.07029066234827042
0.9102941176470588,0.9903846153846154,0.06970876455307007
0.9102941176470588,0.9913461538461539,0.06928828358650208
0.9110294117647059,0.9913461538461539,0.06910642981529236
0.9110294117647059,0.9923076923076923,0.06875010579824448
0.9125,0.9923076923076923,0.06860827654600143
0.9125,0.9932692307692308,0.06811606884002686
0.9191176470588235,0.9932692307692308,0.06675891578197479
0.9191176470588235,0.9942307692307693,0.06673214584589005
0.924264705882353,0.9942307692307693,0.06514435261487961
0.924264705882353,0.9951923076923077,0.06513295322656631
0.9286764705882353,0.9951923076923077,0.063867948949337
0.9286764705882353,0.9961538461538462,0.06376485526561737
0.9308823529411765,0.9961538461538462,0.06329813599586487
0.9308823529411765,0.9971153846153846,0.06326449662446976
0.9330882352941177,0.9971153846153846,0.06238679960370064
0.9330882352941177,0.9980769230769231,0.062152497470378876
0.9360294117647059,0.9980769230769231,0.06095176562666893
0.9360294117647059,1.0,0.06027080863714218
1.0,1.0,0.010525810532271862
