FPR,TPR,Threshold
0.0,0.0,1.9991034269332886
0.0,0.0002631578947368421,0.9991034269332886
0.0,0.0015789473684210526,0.9990389347076416
0.0,0.002105263157894737,0.999030590057373
0.0,0.0028947368421052633,0.9990193843841553
0.0,0.0034210526315789475,0.9990192651748657
0.0,0.010526315789473684,0.9988493919372559
0.0,0.011052631578947368,0.9988489151000977
0.0,0.011842105263157895,0.9988483190536499
0.0,0.012368421052631579,0.9988480806350708
0.0,0.01868421052631579,0.9987548589706421
0.0,0.019210526315789473,0.998754620552063
0.0,0.028684210526315788,0.9984474778175354
0.0,0.029210526315789475,0.9984470009803772
0.0,0.029473684210526315,0.9984467625617981
0.0,0.03,0.9984466433525085
0.0,0.03684210526315789,0.9983119964599609
0.0,0.03736842105263158,0.9983117580413818
0.0,0.038157894736842106,0.998310923576355
0.0,0.038684210526315786,0.9983106851577759
0.0,0.06263157894736843,0.9972996115684509
0.0,0.06315789473684211,0.9972991347312927
0.0,0.07157894736842105,0.9969688057899475
0.0,0.07210526315789474,0.9969684481620789
0.0,0.085,0.9955291152000427
0.0,0.08552631578947369,0.9955283999443054
0.0,0.09157894736842105,0.9952463507652283
0.0,0.09210526315789473,0.9952461123466492
0.0,0.09263157894736843,0.9952435493469238
0.0,0.0931578947368421,0.9952434301376343
0.0,0.09368421052631579,0.995238184928894
0.0,0.09421052631578947,0.9952349066734314
0.0,0.10921052631578948,0.9945271015167236
0.0,0.10973684210526316,0.9944908618927002
0.0,0.11,0.9944895505905151
0.0,0.11052631578947368,0.9944886565208435
0.0,0.14894736842105263,0.9895235896110535
0.0,0.14947368421052631,0.9895221590995789
0.0,0.1568421052631579,0.9891942739486694
0.0,0.15736842105263157,0.9891236424446106
0.0,0.2094736842105263,0.9839344620704651
0.0,0.21,0.9839336276054382
0.0,0.24421052631578946,0.9822215437889099
0.0,0.245,0.9822200536727905
0.0,0.2481578947368421,0.9819697141647339
0.0,0.24868421052631579,0.9819694757461548
0.0,0.27263157894736845,0.9795578122138977
0.0,0.2731578947368421,0.9795556664466858
0.0,0.2786842105263158,0.9788256287574768
0.0,0.27921052631578946,0.9786831140518188
0.0,0.5413157894736842,0.9063043594360352
0.001,0.5413157894736842,0.9062741994857788
0.001,0.5936842105263158,0.8768338561058044
0.002,0.5936842105263158,0.8768236637115479
0.002,0.5960526315789474,0.8752332925796509
0.003,0.5960526315789474,0.8751546740531921
0.003,0.6044736842105263,0.8698179721832275
0.004,0.6044736842105263,0.869718074798584
0.004,0.6057894736842105,0.8694478273391724
0.005,0.6057894736842105,0.8694276213645935
0.005,0.6094736842105263,0.869131326675415
0.006,0.6094736842105263,0.8689329028129578
0.006,0.61,0.8687723875045776
0.007,0.61,0.868710458278656
0.007,0.6110526315789474,0.868370532989502
0.008,0.6110526315789474,0.868124783039093
0.008,0.611578947368421,0.8680934309959412
0.009,0.611578947368421,0.8680433034896851
0.009,0.6118421052631579,0.8679463267326355
0.01,0.6118421052631579,0.8677082657814026
0.01,0.6121052631578947,0.867647111415863
0.011,0.6121052631578947,0.8674693703651428
0.011,0.613421052631579,0.8672083020210266
0.012,0.613421052631579,0.8671884536743164
0.012,0.6142105263157894,0.8671331405639648
0.012,0.6147368421052631,0.867128312587738
0.012,0.6226315789473684,0.8660315275192261
0.014,0.6226315789473684,0.8657994866371155
0.014,0.6228947368421053,0.8657945394515991
0.019,0.6228947368421053,0.8657263517379761
0.019,0.6231578947368421,0.8656913638114929
0.024,0.6231578947368421,0.8655441403388977
0.024,0.6239473684210526,0.8654031753540039
0.025,0.6239473684210526,0.8653427958488464
0.025,0.6276315789473684,0.8639836311340332
0.026,0.6276315789473684,0.8639315962791443
0.026,0.6289473684210526,0.8637549877166748
0.027,0.6289473684210526,0.8634610772132874
0.027,0.6294736842105263,0.86285400390625
0.028,0.6294736842105263,0.8627016544342041
0.028,0.6328947368421053,0.8604375123977661
0.03,0.6328947368421053,0.8594658970832825
0.03,0.6376315789473684,0.8559784889221191
0.031,0.6376315789473684,0.8558128476142883
0.031,0.6378947368421053,0.8557989597320557
0.032,0.6378947368421053,0.8555591702461243
0.032,0.6473684210526316,0.8511534333229065
0.033,0.6473684210526316,0.8509438037872314
0.033,0.6986842105263158,0.8390477299690247
0.034,0.6986842105263158,0.8389370441436768
0.034,0.7094736842105264,0.830888569355011
0.035,0.7094736842105264,0.830868124961853
0.035,0.7231578947368421,0.8214267492294312
0.036,0.7231578947368421,0.8212379217147827
0.036,0.7244736842105263,0.8205043077468872
0.037,0.7244736842105263,0.8204231858253479
0.037,0.7260526315789474,0.8193461894989014
0.038,0.7260526315789474,0.8192190527915955
0.038,0.7318421052631578,0.816537082195282
0.039,0.7318421052631578,0.8159397840499878
0.039,0.7326315789473684,0.8148300647735596
0.04,0.7326315789473684,0.8144761919975281
0.04,0.7331578947368421,0.8136039972305298
0.041,0.7331578947368421,0.8135789036750793
0.041,0.7339473684210527,0.8131658434867859
0.042,0.7339473684210527,0.8131240606307983
0.042,0.7344736842105263,0.8128442764282227
0.043,0.7344736842105263,0.8124078512191772
0.043,0.735,0.8114960193634033
0.044,0.735,0.8112883567810059
0.044,0.7352631578947368,0.8110766410827637
0.047,0.7352631578947368,0.8100308179855347
0.047,0.7363157894736843,0.8088949918746948
0.049,0.7363157894736843,0.8086729645729065
0.049,0.7368421052631579,0.8080738186836243
0.052,0.7368421052631579,0.8077940344810486
0.052,0.7371052631578947,0.807754397392273
0.061,0.7371052631578947,0.8073402047157288
0.061,0.7373684210526316,0.8072373867034912
0.062,0.7373684210526316,0.8071891069412231
0.062,0.738421052631579,0.8066278696060181
0.063,0.738421052631579,0.8066072463989258
0.063,0.7389473684210527,0.8063673377037048
0.064,0.7389473684210527,0.8063215613365173
0.064,0.7392105263157894,0.8061977028846741
0.065,0.7392105263157894,0.8054484128952026
0.065,0.7421052631578947,0.8046036958694458
0.066,0.7421052631578947,0.8045547604560852
0.066,0.7439473684210526,0.8042828440666199
0.067,0.7439473684210526,0.8035309910774231
0.067,0.7468421052631579,0.8007405996322632
0.068,0.7468421052631579,0.8003584742546082
0.068,0.7489473684210526,0.796482503414154
0.069,0.7489473684210526,0.7963940501213074
0.069,0.75,0.7956650853157043
0.07,0.75,0.7956141829490662
0.07,0.7613157894736842,0.7886067032814026
0.071,0.7613157894736842,0.7885869145393372
0.071,0.7771052631578947,0.7799181938171387
0.073,0.7771052631578947,0.779044508934021
0.073,0.7821052631578947,0.772614598274231
0.074,0.7821052631578947,0.7710468769073486
0.074,0.7881578947368421,0.7618981003761292
0.075,0.7881578947368421,0.7612942457199097
0.075,0.7973684210526316,0.7541113495826721
0.076,0.7973684210526316,0.7540345788002014
0.076,0.8155263157894737,0.7384083271026611
0.077,0.8155263157894737,0.7379103302955627
0.077,0.8197368421052632,0.7338907122612
0.078,0.8197368421052632,0.7337853908538818
0.078,0.8234210526315789,0.7321967482566833
0.079,0.8234210526315789,0.7318442463874817
0.079,0.8265789473684211,0.7279708981513977
0.08,0.8265789473684211,0.7278005480766296
0.08,0.8494736842105263,0.707102358341217
0.081,0.8494736842105263,0.7070547342300415
0.081,0.868421052631579,0.6895756125450134
0.082,0.868421052631579,0.6893843412399292
0.082,0.8705263157894737,0.6830307245254517
0.083,0.8705263157894737,0.6825203895568848
0.083,0.8763157894736842,0.6645634770393372
0.084,0.8763157894736842,0.6636835336685181
0.084,0.876578947368421,0.6636561155319214
0.086,0.876578947368421,0.6625741124153137
0.086,0.8768421052631579,0.6623809933662415
0.087,0.8768421052631579,0.662226676940918
0.087,0.8781578947368421,0.6565298438072205
0.089,0.8781578947368421,0.6558991074562073
0.089,0.878421052631579,0.6552385091781616
0.09,0.878421052631579,0.6546143889427185
0.09,0.8792105263157894,0.653480052947998
0.092,0.8792105263157894,0.6532224416732788
0.092,0.8805263157894737,0.6521955132484436
0.095,0.8805263157894737,0.6506015658378601
0.095,0.881578947368421,0.649260938167572
0.106,0.881578947368421,0.6485256552696228
0.106,0.8818421052631579,0.6485050320625305
0.107,0.8818421052631579,0.6482123732566833
0.107,0.8826315789473684,0.6468217968940735
0.108,0.8826315789473684,0.6467475295066833
0.108,0.8828947368421053,0.6462848782539368
0.11,0.8828947368421053,0.6457537412643433
0.11,0.8868421052631579,0.6418583989143372
0.111,0.8868421052631579,0.6404696702957153
0.111,0.8871052631578947,0.640453040599823
0.112,0.8871052631578947,0.6395314335823059
0.112,0.8894736842105263,0.6375200152397156
0.113,0.8894736842105263,0.6367537975311279
0.113,0.8902631578947369,0.6365078687667847
0.115,0.8902631578947369,0.6358282566070557
0.115,0.8986842105263158,0.6248117089271545
0.116,0.8986842105263158,0.6224949359893799
0.116,0.8989473684210526,0.6218858957290649
0.117,0.8989473684210526,0.6193618178367615
0.117,0.9010526315789473,0.61348956823349
0.118,0.9010526315789473,0.6132424473762512
0.118,0.901578947368421,0.6114659309387207
0.119,0.901578947368421,0.6110773682594299
0.119,0.9073684210526316,0.6024225354194641
0.12,0.9073684210526316,0.6023112535476685
0.12,0.9142105263157895,0.5760787129402161
0.121,0.9142105263157895,0.5751750469207764
0.121,0.9176315789473685,0.5743370056152344
0.122,0.9176315789473685,0.5737504959106445
0.122,0.9189473684210526,0.5700027346611023
0.123,0.9189473684210526,0.5694559812545776
0.123,0.9194736842105263,0.5649788975715637
0.124,0.9194736842105263,0.564913809299469
0.124,0.9197368421052632,0.564812183380127
0.125,0.9197368421052632,0.5634063482284546
0.125,0.92,0.5628767013549805
0.127,0.92,0.5588581562042236
0.127,0.9202631578947369,0.5586403608322144
0.128,0.9202631578947369,0.5583291053771973
0.128,0.9205263157894736,0.5578888654708862
0.129,0.9205263157894736,0.5570167303085327
0.129,0.9207894736842105,0.5568512678146362
0.132,0.9207894736842105,0.5535944700241089
0.132,0.9210526315789473,0.5516684651374817
0.145,0.9210526315789473,0.5490110516548157
0.145,0.9213157894736842,0.5481154322624207
0.149,0.9213157894736842,0.5438403487205505
0.149,0.921578947368421,0.5433498024940491
0.15,0.921578947368421,0.5374531745910645
0.15,0.9226315789473685,0.5335232615470886
0.152,0.9226315789473685,0.5306993126869202
0.152,0.9231578947368421,0.5279192328453064
0.154,0.9231578947368421,0.5249454379081726
0.154,0.9247368421052632,0.5119014978408813
0.156,0.9247368421052632,0.5001066327095032
0.156,0.9255263157894736,0.4925929605960846
0.157,0.9255263157894736,0.4915054440498352
0.157,0.9260526315789473,0.48518073558807373
0.159,0.9260526315789473,0.4770626127719879
0.159,0.9265789473684211,0.47374197840690613
0.169,0.9265789473684211,0.4484526813030243
0.169,0.9268421052631579,0.4477887749671936
0.172,0.9268421052631579,0.4458048343658447
0.172,0.9271052631578948,0.4443126618862152
0.192,0.9271052631578948,0.43011170625686646
0.192,0.9273684210526316,0.42865729331970215
0.194,0.9273684210526316,0.4251101613044739
0.194,0.9278947368421052,0.42361679673194885
0.195,0.9278947368421052,0.4229317605495453
0.195,0.9281578947368421,0.41967272758483887
0.196,0.9281578947368421,0.41903960704803467
0.196,0.9289473684210526,0.4141187071800232
0.197,0.9289473684210526,0.41313016414642334
0.197,0.9336842105263158,0.40711709856987
0.198,0.9336842105263158,0.4064037501811981
0.198,0.9342105263157895,0.4048934280872345
0.2,0.9342105263157895,0.4017278552055359
0.2,0.9344736842105263,0.40138667821884155
0.202,0.9344736842105263,0.3991413712501526
0.202,0.9347368421052632,0.39839500188827515
0.203,0.9347368421052632,0.39775344729423523
0.203,0.935,0.3974902331829071
0.205,0.935,0.3960544466972351
0.205,0.9355263157894737,0.39543381333351135
0.23,0.9355263157894737,0.385465145111084
0.23,0.9357894736842105,0.3840522766113281
0.231,0.9357894736842105,0.3815343677997589
0.231,0.9363157894736842,0.37950462102890015
0.24,0.9363157894736842,0.37325915694236755
0.24,0.9365789473684211,0.3728574812412262
0.254,0.9365789473684211,0.3698039650917053
0.254,0.9368421052631579,0.3694846034049988
0.256,0.9368421052631579,0.36875635385513306
0.256,0.9371052631578948,0.36840325593948364
0.26,0.9371052631578948,0.3649326264858246
0.26,0.9373684210526316,0.363808274269104
0.272,0.9373684210526316,0.3434916138648987
0.272,0.9378947368421052,0.34056341648101807
0.276,0.9378947368421052,0.33643147349357605
0.276,0.9392105263157895,0.3242841064929962
0.277,0.9392105263157895,0.3234858214855194
0.277,0.94,0.3213927149772644
0.278,0.94,0.32042989134788513
0.278,0.9436842105263158,0.3170069754123688
0.279,0.9436842105263158,0.3161813020706177
0.279,0.9439473684210526,0.3153025805950165
0.28,0.9439473684210526,0.3147919774055481
0.28,0.9447368421052632,0.3131324052810669
0.284,0.9447368421052632,0.310781329870224
0.284,0.9452631578947368,0.30586355924606323
0.286,0.9452631578947368,0.30489790439605713
0.286,0.9455263157894737,0.30454808473587036
0.287,0.9455263157894737,0.3035776913166046
0.287,0.9463157894736842,0.29754433035850525
0.289,0.9463157894736842,0.2936493754386902
0.289,0.9468421052631579,0.28513303399086
0.291,0.9468421052631579,0.2845451533794403
0.291,0.9471052631578948,0.28399574756622314
0.293,0.9471052631578948,0.28040236234664917
0.293,0.9473684210526315,0.2795124650001526
0.296,0.9473684210526315,0.27830836176872253
0.296,0.9478947368421052,0.27656564116477966
0.298,0.9478947368421052,0.2759503722190857
0.298,0.9481578947368421,0.2750697135925293
0.301,0.9481578947368421,0.27345985174179077
0.301,0.9484210526315789,0.27261266112327576
0.303,0.9484210526315789,0.27188119292259216
0.303,0.9486842105263158,0.27141106128692627
0.306,0.9486842105263158,0.2709864675998688
0.306,0.9492105263157895,0.2704385817050934
0.307,0.9492105263157895,0.2697470188140869
0.307,0.9494736842105264,0.26973387598991394
0.324,0.9494736842105264,0.2684811055660248
0.324,0.95,0.26845309138298035
0.326,0.95,0.26703837513923645
0.326,0.9502631578947368,0.26699256896972656
0.327,0.9502631578947368,0.26682940125465393
0.327,0.9505263157894737,0.26654091477394104
0.328,0.9505263157894737,0.26611801981925964
0.328,0.9513157894736842,0.2656957507133484
0.329,0.9513157894736842,0.26563704013824463
0.329,0.9515789473684211,0.2649649977684021
0.33,0.9515789473684211,0.2649458348751068
0.33,0.9539473684210527,0.2646121382713318
0.336,0.9539473684210527,0.264401376247406
0.336,0.9542105263157895,0.26438337564468384
0.34,0.9542105263157895,0.26420632004737854
0.34,0.9544736842105264,0.2639819085597992
0.343,0.9544736842105264,0.2633456289768219
0.343,0.9547368421052631,0.26257798075675964
0.344,0.9547368421052631,0.26244667172431946
0.344,0.955,0.2617684006690979
0.346,0.955,0.2612244784832001
0.346,0.9557894736842105,0.2602366805076599
0.347,0.9557894736842105,0.2599937319755554
0.347,0.9560526315789474,0.2599655091762543
0.348,0.9560526315789474,0.2589392066001892
0.348,0.9565789473684211,0.2586004137992859
0.349,0.9565789473684211,0.2585589587688446
0.349,0.9578947368421052,0.2552639842033386
0.35,0.9578947368421052,0.25486937165260315
0.35,0.9621052631578947,0.2531159222126007
0.351,0.9621052631578947,0.2530062198638916
0.351,0.9631578947368421,0.25105801224708557
0.352,0.9631578947368421,0.2508050799369812
0.352,0.963421052631579,0.2501315176486969
0.353,0.963421052631579,0.249739408493042
0.353,0.9639473684210527,0.246751606464386
0.356,0.9639473684210527,0.24551507830619812
0.356,0.9644736842105263,0.24316509068012238
0.359,0.9644736842105263,0.2418932467699051
0.359,0.965,0.2384885549545288
0.366,0.965,0.2305489480495453
0.366,0.9663157894736842,0.22613656520843506
0.367,0.9663157894736842,0.22601889073848724
0.367,0.9665789473684211,0.22427497804164886
0.368,0.9665789473684211,0.22363968193531036
0.368,0.9673684210526315,0.22273235023021698
0.372,0.9673684210526315,0.22230471670627594
0.372,0.9678947368421053,0.22122043371200562
0.373,0.9678947368421053,0.2209254503250122
0.373,0.9692105263157895,0.21931734681129456
0.377,0.9692105263157895,0.21844828128814697
0.377,0.9694736842105263,0.21837085485458374
0.378,0.9694736842105263,0.21826514601707458
0.378,0.9697368421052631,0.21814478933811188
0.379,0.9697368421052631,0.21800324320793152
0.379,0.9702631578947368,0.21779456734657288
0.381,0.9702631578947368,0.2174137830734253
0.381,0.9710526315789474,0.21678857505321503
0.385,0.9710526315789474,0.21609368920326233
0.385,0.9713157894736842,0.21547812223434448
0.388,0.9713157894736842,0.2150711566209793
0.388,0.9744736842105263,0.21434374153614044
0.394,0.9744736842105263,0.2132195234298706
0.394,0.9747368421052631,0.21318911015987396
0.406,0.9747368421052631,0.21257276833057404
0.406,0.9755263157894737,0.2121705859899521
0.409,0.9755263157894737,0.2116706818342209
0.409,0.9757894736842105,0.21152342855930328
0.413,0.9757894736842105,0.21134573221206665
0.413,0.9760526315789474,0.21129897236824036
0.419,0.9760526315789474,0.21110334992408752
0.419,0.9763157894736842,0.21107274293899536
0.424,0.9763157894736842,0.21024037897586823
0.424,0.9765789473684211,0.21016107499599457
0.425,0.9765789473684211,0.209959477186203
0.425,0.9768421052631578,0.2099255919456482
0.426,0.9768421052631578,0.20979996025562286
0.426,0.9773684210526316,0.20902621746063232
0.428,0.9773684210526316,0.20863355696201324
0.428,0.9776315789473684,0.2083524912595749
0.429,0.9776315789473684,0.20804165303707123
0.429,0.9778947368421053,0.20774580538272858
0.431,0.9778947368421053,0.2070017009973526
0.431,0.9815789473684211,0.2056315690279007
0.432,0.9815789473684211,0.20535534620285034
0.432,0.9818421052631578,0.20533938705921173
0.434,0.9818421052631578,0.20507512986660004
0.434,0.9826315789473684,0.20418596267700195
0.436,0.9826315789473684,0.20408086478710175
0.436,0.9831578947368421,0.20346221327781677
0.44,0.9831578947368421,0.20308028161525726
0.44,0.983421052631579,0.2023972123861313
0.445,0.983421052631579,0.20108415186405182
0.445,0.9839473684210527,0.20021381974220276
0.465,0.9839473684210527,0.19832070171833038
0.465,0.9842105263157894,0.19812338054180145
0.469,0.9842105263157894,0.19660063087940216
0.469,0.9844736842105263,0.19654116034507751
0.474,0.9844736842105263,0.19550912082195282
0.474,0.9847368421052631,0.1953566074371338
0.498,0.9847368421052631,0.19145219027996063
0.498,0.985,0.19139495491981506
0.513,0.985,0.1888047605752945
0.513,0.9852631578947368,0.18871517479419708
0.53,0.9852631578947368,0.1830921322107315
0.53,0.9855263157894737,0.18241232633590698
0.535,0.9855263157894737,0.1776127815246582
0.535,0.9857894736842105,0.17740656435489655
0.536,0.9857894736842105,0.1773100346326828
0.536,0.9860526315789474,0.17651163041591644
0.539,0.9860526315789474,0.17579276859760284
0.539,0.9868421052631579,0.1728205680847168
0.543,0.9868421052631579,0.17225947976112366
0.543,0.9871052631578947,0.17203973233699799
0.547,0.9871052631578947,0.1710498034954071
0.547,0.9873684210526316,0.17095963656902313
0.549,0.9873684210526316,0.1707676351070404
0.549,0.9876315789473684,0.17047563195228577
0.551,0.9876315789473684,0.16975075006484985
0.551,0.9878947368421053,0.16925525665283203
0.552,0.9878947368421053,0.16904063522815704
0.552,0.9881578947368421,0.1689239740371704
0.554,0.9881578947368421,0.16861563920974731
0.554,0.988421052631579,0.16855207085609436
0.555,0.988421052631579,0.16825109720230103
0.555,0.9886842105263158,0.16824093461036682
0.557,0.9886842105263158,0.16769200563430786
0.557,0.9894736842105263,0.16634753346443176
0.57,0.9894736842105263,0.16522356867790222
0.57,0.9897368421052631,0.16507907211780548
0.572,0.9897368421052631,0.16456708312034607
0.572,0.9928947368421053,0.16413353383541107
0.573,0.9928947368421053,0.1636722832918167
0.573,0.9931578947368421,0.16328690946102142
0.575,0.9931578947368421,0.16285350918769836
0.575,0.993421052631579,0.16267812252044678
0.578,0.993421052631579,0.16231855750083923
0.578,0.9939473684210526,0.1618673950433731
0.58,0.9939473684210526,0.1616661548614502
0.58,0.9947368421052631,0.15914322435855865
0.583,0.9947368421052631,0.15714004635810852
0.583,0.995,0.15646366775035858
0.584,0.995,0.15631695091724396
0.584,0.9952631578947368,0.15618973970413208
0.585,0.9952631578947368,0.15569660067558289
0.585,0.9955263157894737,0.1556921750307083
0.586,0.9955263157894737,0.15535905957221985
0.586,0.9957894736842106,0.15528854727745056
0.587,0.9957894736842106,0.15507599711418152
0.587,0.9960526315789474,0.15477746725082397
0.592,0.9960526315789474,0.15029378235340118
0.592,0.9963157894736843,0.15006399154663086
0.595,0.9963157894736843,0.14952832460403442
0.595,0.9968421052631579,0.14833728969097137
0.599,0.9968421052631579,0.14709027111530304
0.599,0.9971052631578947,0.1468672901391983
0.6,0.9971052631578947,0.1463802605867386
0.6,0.9973684210526316,0.1448478251695633
0.636,0.9973684210526316,0.13809393346309662
0.636,0.9976315789473684,0.13791656494140625
0.657,0.9976315789473684,0.1345290243625641
0.657,0.9978947368421053,0.13419093191623688
0.659,0.9978947368421053,0.13391056656837463
0.659,0.9981578947368421,0.1334504634141922
0.671,0.9981578947368421,0.12721940875053406
0.671,0.9986842105263158,0.12621939182281494
0.715,0.9986842105263158,0.1177692860364914
0.715,0.9989473684210526,0.11755450069904327
0.717,0.9989473684210526,0.11749506741762161
0.717,0.9992105263157894,0.11746471375226974
0.738,0.9992105263157894,0.11500467360019684
0.738,0.9994736842105263,0.11493236571550369
0.739,0.9994736842105263,0.1145007386803627
0.739,0.9997368421052631,0.11331599205732346
0.783,0.9997368421052631,0.10077883303165436
0.783,1.0,0.09872475266456604
1.0,1.0,0.011437778361141682
