FPR,TPR,Threshold
0.0,0.0,1.9992669224739075
0.0,0.0002631578947368421,0.9992669224739075
0.0,0.017894736842105262,0.9987542629241943
0.0,0.018421052631578946,0.9987523555755615
0.0,0.028421052631578948,0.9984694719314575
0.0,0.02894736842105263,0.9984673261642456
0.0,0.060526315789473685,0.9973751306533813
0.0,0.061052631578947365,0.9973740577697754
0.0,0.06526315789473684,0.9972236156463623
0.0,0.06578947368421052,0.9972184896469116
0.0,0.09789473684210526,0.9950773119926453
0.0,0.09842105263157895,0.9950720071792603
0.0,0.1586842105263158,0.9888594150543213
0.0,0.15921052631578947,0.9888516068458557
0.0,0.4176315789473684,0.9485194087028503
0.0,0.4181578947368421,0.9482590556144714
0.0,0.4623684210526316,0.9315052628517151
0.0,0.46289473684210525,0.9314759969711304
0.0,0.495,0.9220800995826721
0.001,0.495,0.9219954609870911
0.001,0.5271052631578947,0.9098742008209229
0.001,0.5276315789473685,0.9098687767982483
0.001,0.5334210526315789,0.9089106321334839
0.002,0.5334210526315789,0.9088838696479797
0.002,0.5613157894736842,0.8980967402458191
0.003,0.5613157894736842,0.8980162143707275
0.003,0.5763157894736842,0.8930736184120178
0.004,0.5763157894736842,0.8930230140686035
0.004,0.5955263157894737,0.8821696043014526
0.005,0.5955263157894737,0.8817437887191772
0.005,0.5957894736842105,0.8817294239997864
0.006,0.5957894736842105,0.8814546465873718
0.006,0.5994736842105263,0.8799569606781006
0.007,0.5994736842105263,0.8798803091049194
0.007,0.5997368421052631,0.8797118663787842
0.008,0.5997368421052631,0.8797016739845276
0.008,0.61,0.8744439482688904
0.009,0.61,0.8738206028938293
0.009,0.6128947368421053,0.8733358383178711
0.01,0.6128947368421053,0.873113214969635
0.01,0.613421052631579,0.8728785514831543
0.011,0.613421052631579,0.872305691242218
0.011,0.6168421052631579,0.8699268698692322
0.012,0.6168421052631579,0.8695958852767944
0.012,0.6178947368421053,0.869367241859436
0.013,0.6178947368421053,0.8690781593322754
0.013,0.6231578947368421,0.866989254951477
0.014,0.6231578947368421,0.8669396042823792
0.014,0.633421052631579,0.8636966943740845
0.015,0.633421052631579,0.8636770248413086
0.015,0.6392105263157895,0.8617384433746338
0.016,0.6392105263157895,0.8616737723350525
0.016,0.6394736842105263,0.8616502285003662
0.019,0.6394736842105263,0.8613771200180054
0.019,0.6405263157894737,0.8612216711044312
0.021,0.6405263157894737,0.8610751628875732
0.021,0.6407894736842106,0.8610588908195496
0.022,0.6407894736842106,0.8609814047813416
0.022,0.641578947368421,0.8609310984611511
0.023,0.641578947368421,0.8608954548835754
0.023,0.6428947368421053,0.8605891466140747
0.024,0.6428947368421053,0.8605135679244995
0.024,0.6431578947368422,0.860377311706543
0.025,0.6431578947368422,0.8601740598678589
0.025,0.6457894736842106,0.8589063882827759
0.026,0.6457894736842106,0.8588212132453918
0.026,0.6476315789473684,0.8576638102531433
0.027,0.6476315789473684,0.8576327562332153
0.027,0.6494736842105263,0.8570811748504639
0.028,0.6494736842105263,0.8570224046707153
0.028,0.6531578947368422,0.8532867431640625
0.029,0.6531578947368422,0.8531358242034912
0.029,0.656578947368421,0.8508266806602478
0.03,0.656578947368421,0.8505837917327881
0.03,0.6578947368421053,0.8496190309524536
0.031,0.6578947368421053,0.8494687080383301
0.031,0.6705263157894736,0.8453984260559082
0.032,0.6705263157894736,0.8453690409660339
0.032,0.6726315789473685,0.8441320061683655
0.033,0.6726315789473685,0.8437293171882629
0.033,0.6807894736842105,0.8411291837692261
0.034,0.6807894736842105,0.8410853743553162
0.034,0.6915789473684211,0.8386170864105225
0.035,0.6915789473684211,0.8386034369468689
0.035,0.6955263157894737,0.8376112580299377
0.036,0.6955263157894737,0.8372488617897034
0.036,0.6978947368421052,0.8360798358917236
0.037,0.6978947368421052,0.8360792398452759
0.037,0.7060526315789474,0.8335411548614502
0.038,0.7060526315789474,0.8334823250770569
0.038,0.7063157894736842,0.8334448933601379
0.039,0.7063157894736842,0.8334305286407471
0.039,0.7089473684210527,0.8325101733207703
0.04,0.7089473684210527,0.8323787450790405
0.04,0.7176315789473684,0.8265566825866699
0.042,0.7176315789473684,0.826245129108429
0.042,0.7192105263157895,0.8250817656517029
0.043,0.7192105263157895,0.8250491619110107
0.043,0.7194736842105263,0.8249548077583313
0.044,0.7194736842105263,0.8249361515045166
0.044,0.723421052631579,0.8205245733261108
0.045,0.723421052631579,0.8204906582832336
0.045,0.7260526315789474,0.8188766241073608
0.046,0.7260526315789474,0.8188425898551941
0.046,0.7289473684210527,0.8168326616287231
0.047,0.7289473684210527,0.8168089985847473
0.047,0.7297368421052631,0.8164838552474976
0.048,0.7297368421052631,0.8163973689079285
0.048,0.7313157894736843,0.8161338567733765
0.049,0.7313157894736843,0.8158840537071228
0.049,0.7321052631578947,0.8153479695320129
0.05,0.7321052631578947,0.8151193857192993
0.05,0.738421052631579,0.8117823600769043
0.051,0.738421052631579,0.8117023706436157
0.051,0.7394736842105263,0.8112979531288147
0.052,0.7394736842105263,0.8106163144111633
0.052,0.7423684210526316,0.8085868954658508
0.053,0.7423684210526316,0.8081635236740112
0.053,0.743421052631579,0.8077118992805481
0.054,0.743421052631579,0.8074619770050049
0.054,0.7452631578947368,0.806300699710846
0.058,0.7452631578947368,0.8056495189666748
0.058,0.7455263157894737,0.8055724501609802
0.062,0.7455263157894737,0.8051095604896545
0.062,0.7471052631578947,0.8043470978736877
0.063,0.7471052631578947,0.804331362247467
0.063,0.7476315789473684,0.8026667833328247
0.064,0.7476315789473684,0.8026358485221863
0.064,0.7497368421052631,0.8017078042030334
0.065,0.7497368421052631,0.8015642762184143
0.065,0.7502631578947369,0.8014882206916809
0.066,0.7502631578947369,0.8013649582862854
0.066,0.7505263157894737,0.8013332486152649
0.067,0.7505263157894737,0.8013064861297607
0.067,0.7510526315789474,0.801197350025177
0.068,0.7510526315789474,0.80103600025177
0.068,0.751578947368421,0.8004801273345947
0.069,0.751578947368421,0.8003689646720886
0.069,0.7568421052631579,0.7966628670692444
0.07,0.7568421052631579,0.7966223359107971
0.07,0.76,0.7948468327522278
0.071,0.76,0.7944762706756592
0.071,0.7623684210526316,0.7915784120559692
0.072,0.7623684210526316,0.7914673686027527
0.072,0.7726315789473684,0.7820230722427368
0.073,0.7726315789473684,0.7820050120353699
0.073,0.7728947368421053,0.7815899848937988
0.074,0.7728947368421053,0.7812918424606323
0.074,0.7742105263157895,0.7806101441383362
0.075,0.7742105263157895,0.7804107666015625
0.075,0.7860526315789473,0.7702112793922424
0.076,0.7860526315789473,0.7698665857315063
0.076,0.7934210526315789,0.7604898810386658
0.077,0.7934210526315789,0.7599326968193054
0.077,0.7978947368421052,0.7557799816131592
0.078,0.7978947368421052,0.7555046677589417
0.078,0.7992105263157895,0.7535567283630371
0.079,0.7992105263157895,0.752887487411499
0.079,0.7997368421052632,0.7521806955337524
0.08,0.7997368421052632,0.7521417140960693
0.08,0.8223684210526315,0.7317667603492737
0.081,0.8223684210526315,0.7315453290939331
0.081,0.8234210526315789,0.7310006618499756
0.082,0.8234210526315789,0.7309971451759338
0.082,0.8363157894736842,0.7155025601387024
0.083,0.8363157894736842,0.71506267786026
0.083,0.8457894736842105,0.7092676758766174
0.084,0.8457894736842105,0.7090810537338257
0.084,0.8565789473684211,0.6996856331825256
0.085,0.8565789473684211,0.6995812058448792
0.085,0.8692105263157894,0.682399332523346
0.086,0.8692105263157894,0.6821997761726379
0.086,0.8721052631578947,0.6789512634277344
0.087,0.8721052631578947,0.6788622140884399
0.087,0.8747368421052631,0.6768326163291931
0.088,0.8747368421052631,0.6763681173324585
0.088,0.8771052631578947,0.6717004179954529
0.09,0.8771052631578947,0.6700776219367981
0.09,0.8802631578947369,0.6649565696716309
0.091,0.8802631578947369,0.6646122336387634
0.091,0.881578947368421,0.6637983322143555
0.092,0.881578947368421,0.6631765961647034
0.092,0.8823684210526316,0.661199152469635
0.094,0.8823684210526316,0.6607226133346558
0.094,0.8839473684210526,0.6563346982002258
0.095,0.8839473684210526,0.655561089515686
0.095,0.8871052631578947,0.649316668510437
0.098,0.8871052631578947,0.6484982967376709
0.098,0.8918421052631579,0.6423642635345459
0.099,0.8918421052631579,0.6422460675239563
0.099,0.8928947368421053,0.6412632465362549
0.1,0.8928947368421053,0.6404218673706055
0.1,0.8942105263157895,0.6389139890670776
0.101,0.8942105263157895,0.63863605260849
0.101,0.8957894736842106,0.6380004286766052
0.103,0.8957894736842106,0.6378642916679382
0.103,0.8963157894736842,0.6376424431800842
0.104,0.8963157894736842,0.6376168131828308
0.104,0.8971052631578947,0.6374179720878601
0.109,0.8971052631578947,0.6367546916007996
0.109,0.8976315789473684,0.6365230083465576
0.111,0.8976315789473684,0.63616544008255
0.111,0.8978947368421053,0.634958028793335
0.112,0.8978947368421053,0.6344430446624756
0.112,0.8984210526315789,0.6338732838630676
0.113,0.8984210526315789,0.6330581903457642
0.113,0.8986842105263158,0.6325080990791321
0.114,0.8986842105263158,0.6323908567428589
0.114,0.8994736842105263,0.6300520300865173
0.118,0.8994736842105263,0.6249058246612549
0.118,0.9021052631578947,0.6158655285835266
0.119,0.9021052631578947,0.615746259689331
0.119,0.9036842105263158,0.6125074625015259
0.12,0.9036842105263158,0.6124196648597717
0.12,0.9044736842105263,0.6100303530693054
0.121,0.9044736842105263,0.6094053983688354
0.121,0.9057894736842105,0.6070179343223572
0.122,0.9057894736842105,0.6065266728401184
0.122,0.9063157894736842,0.6047788858413696
0.123,0.9063157894736842,0.6040862202644348
0.123,0.906578947368421,0.602093517780304
0.124,0.906578947368421,0.6011151075363159
0.124,0.9131578947368421,0.5882114171981812
0.125,0.9131578947368421,0.5876437425613403
0.125,0.9155263157894736,0.5830422639846802
0.126,0.9155263157894736,0.5828392505645752
0.126,0.9168421052631579,0.5814611315727234
0.128,0.9168421052631579,0.5796217322349548
0.128,0.9171052631578948,0.578668475151062
0.129,0.9171052631578948,0.578011691570282
0.129,0.9194736842105263,0.5691940188407898
0.13,0.9194736842105263,0.5681405663490295
0.13,0.92,0.5662848949432373
0.131,0.92,0.5651735067367554
0.131,0.9202631578947369,0.5635767579078674
0.133,0.9202631578947369,0.5600016713142395
0.133,0.9205263157894736,0.5588794350624084
0.134,0.9205263157894736,0.5542267560958862
0.134,0.921578947368421,0.5513074994087219
0.136,0.921578947368421,0.5479530096054077
0.136,0.9223684210526316,0.5425317287445068
0.139,0.9223684210526316,0.5369491577148438
0.139,0.9226315789473685,0.5368164777755737
0.145,0.9226315789473685,0.5358091592788696
0.145,0.9228947368421052,0.5356362462043762
0.148,0.9228947368421052,0.5341774821281433
0.148,0.9236842105263158,0.5322309136390686
0.153,0.9236842105263158,0.5287052989006042
0.153,0.9244736842105263,0.5251586437225342
0.155,0.9244736842105263,0.5247754454612732
0.155,0.9247368421052632,0.5244553089141846
0.156,0.9247368421052632,0.5203348994255066
0.156,0.925,0.5157079100608826
0.157,0.925,0.511854350566864
0.157,0.9260526315789473,0.5080960392951965
0.158,0.9260526315789473,0.5073717832565308
0.158,0.9263157894736842,0.5050378441810608
0.162,0.9263157894736842,0.4868193566799164
0.162,0.9271052631578948,0.4853697121143341
0.164,0.9271052631578948,0.47863057255744934
0.164,0.9273684210526316,0.475578635931015
0.17,0.9273684210526316,0.4680652320384979
0.17,0.9276315789473685,0.4630315899848938
0.18,0.9276315789473685,0.4433678388595581
0.18,0.9284210526315789,0.4401094615459442
0.182,0.9284210526315789,0.436141699552536
0.182,0.9289473684210526,0.4340572655200958
0.185,0.9289473684210526,0.42754992842674255
0.185,0.9292105263157895,0.42616698145866394
0.188,0.9292105263157895,0.42561081051826477
0.188,0.9294736842105263,0.425472617149353
0.191,0.9294736842105263,0.4247954785823822
0.191,0.9297368421052632,0.42469990253448486
0.195,0.9297368421052632,0.4230726957321167
0.195,0.93,0.42302945256233215
0.196,0.93,0.4221850335597992
0.196,0.9302631578947368,0.4220392107963562
0.2,0.9302631578947368,0.4182845652103424
0.2,0.9305263157894736,0.4180595874786377
0.204,0.9305263157894736,0.41710513830184937
0.204,0.9307894736842105,0.4153697192668915
0.205,0.9307894736842105,0.41440528631210327
0.205,0.9313157894736842,0.4103301465511322
0.206,0.9313157894736842,0.4101967215538025
0.206,0.9315789473684211,0.4086044430732727
0.209,0.9315789473684211,0.4071551561355591
0.209,0.9318421052631579,0.40422895550727844
0.21,0.9318421052631579,0.40356993675231934
0.21,0.9321052631578948,0.40190982818603516
0.213,0.9321052631578948,0.39954549074172974
0.213,0.9344736842105263,0.3978102505207062
0.214,0.9344736842105263,0.39779460430145264
0.214,0.9352631578947368,0.395873099565506
0.215,0.9352631578947368,0.39457371830940247
0.215,0.9357894736842105,0.3936866223812103
0.219,0.9357894736842105,0.3893294632434845
0.219,0.9360526315789474,0.3885382115840912
0.222,0.9360526315789474,0.3853326439857483
0.222,0.9363157894736842,0.3852010667324066
0.232,0.9363157894736842,0.3825652003288269
0.232,0.9365789473684211,0.38225844502449036
0.234,0.9365789473684211,0.38137927651405334
0.234,0.9368421052631579,0.38137394189834595
0.237,0.9368421052631579,0.3778548836708069
0.237,0.9371052631578948,0.37734758853912354
0.242,0.9371052631578948,0.3731788694858551
0.242,0.9373684210526316,0.37311410903930664
0.243,0.9373684210526316,0.37217503786087036
0.243,0.9376315789473684,0.3716471791267395
0.249,0.9376315789473684,0.36798161268234253
0.249,0.9378947368421052,0.3676930367946625
0.251,0.9378947368421052,0.36634522676467896
0.251,0.9386842105263158,0.36296433210372925
0.259,0.9386842105263158,0.3587414026260376
0.259,0.9389473684210526,0.35840192437171936
0.275,0.9389473684210526,0.348120778799057
0.275,0.9392105263157895,0.3457008898258209
0.276,0.9392105263157895,0.3450258672237396
0.276,0.9394736842105263,0.34500718116760254
0.278,0.9394736842105263,0.3427043557167053
0.278,0.9397368421052632,0.34126758575439453
0.282,0.9397368421052632,0.33602750301361084
0.282,0.94,0.3359189033508301
0.286,0.94,0.3324514925479889
0.286,0.9410526315789474,0.32891103625297546
0.289,0.9410526315789474,0.32617777585983276
0.289,0.9413157894736842,0.3225715160369873
0.29,0.9413157894736842,0.3222423791885376
0.29,0.9421052631578948,0.31714004278182983
0.295,0.9421052631578948,0.3139432668685913
0.295,0.9423684210526316,0.3135386109352112
0.296,0.9423684210526316,0.31227928400039673
0.296,0.9428947368421052,0.31104856729507446
0.298,0.9428947368421052,0.3092327415943146
0.298,0.9434210526315789,0.3082837462425232
0.299,0.9434210526315789,0.3078582286834717
0.299,0.9457894736842105,0.3048805296421051
0.3,0.9457894736842105,0.3039603531360626
0.3,0.9471052631578948,0.3014894425868988
0.301,0.9471052631578948,0.3008473217487335
0.301,0.9473684210526315,0.30067992210388184
0.302,0.9473684210526315,0.3002479374408722
0.302,0.9484210526315789,0.2987309396266937
0.303,0.9484210526315789,0.2978253960609436
0.303,0.9489473684210527,0.2968309819698334
0.304,0.9489473684210527,0.2964431941509247
0.304,0.9492105263157895,0.29451116919517517
0.307,0.9492105263157895,0.28990599513053894
0.307,0.9497368421052632,0.28930407762527466
0.31,0.9497368421052632,0.28366371989250183
0.31,0.95,0.28359293937683105
0.311,0.95,0.28324663639068604
0.311,0.9502631578947368,0.28316742181777954
0.313,0.9502631578947368,0.2825431525707245
0.313,0.9505263157894737,0.282229483127594
0.314,0.9505263157894737,0.28217682242393494
0.314,0.9510526315789474,0.278499573469162
0.315,0.9510526315789474,0.27740478515625
0.315,0.9513157894736842,0.276686429977417
0.317,0.9513157894736842,0.2763538956642151
0.317,0.9515789473684211,0.2763098478317261
0.318,0.9515789473684211,0.27608057856559753
0.318,0.9518421052631579,0.27600106596946716
0.32,0.9518421052631579,0.27427077293395996
0.32,0.9521052631578948,0.27417027950286865
0.324,0.9521052631578948,0.272376149892807
0.324,0.9523684210526315,0.2723267376422882
0.331,0.9523684210526315,0.27134957909584045
0.331,0.9526315789473684,0.27072566747665405
0.332,0.9526315789473684,0.27062249183654785
0.332,0.9531578947368421,0.27035191655158997
0.333,0.9531578947368421,0.2701793909072876
0.333,0.9547368421052631,0.26925715804100037
0.334,0.9547368421052631,0.26921549439430237
0.334,0.9552631578947368,0.269192636013031
0.335,0.9552631578947368,0.26911336183547974
0.335,0.9557894736842105,0.26809918880462646
0.337,0.9557894736842105,0.26686593890190125
0.337,0.9565789473684211,0.26611384749412537
0.338,0.9565789473684211,0.26582834124565125
0.338,0.9581578947368421,0.2634375989437103
0.34,0.9581578947368421,0.26220259070396423
0.34,0.9586842105263158,0.2595738172531128
0.341,0.9586842105263158,0.25951191782951355
0.341,0.9589473684210527,0.2586638927459717
0.343,0.9589473684210527,0.25826722383499146
0.343,0.9594736842105264,0.25811582803726196
0.35,0.9594736842105264,0.2542838156223297
0.35,0.9597368421052631,0.25414031744003296
0.351,0.9597368421052631,0.2533768117427826
0.351,0.96,0.25329771637916565
0.359,0.96,0.25217610597610474
0.359,0.9605263157894737,0.25173676013946533
0.361,0.9605263157894737,0.2514144778251648
0.361,0.9610526315789474,0.2508251667022705
0.363,0.9610526315789474,0.25054651498794556
0.363,0.9613157894736842,0.2502940595149994
0.368,0.9613157894736842,0.24772801995277405
0.368,0.9621052631578947,0.24559299647808075
0.37,0.9621052631578947,0.24521978199481964
0.37,0.9639473684210527,0.24321472644805908
0.371,0.9639473684210527,0.24286995828151703
0.371,0.9642105263157895,0.24274185299873352
0.372,0.9642105263157895,0.24272172152996063
0.372,0.9647368421052631,0.24210089445114136
0.373,0.9647368421052631,0.24209630489349365
0.373,0.965,0.24204131960868835
0.374,0.965,0.2419610619544983
0.374,0.9652631578947368,0.241503044962883
0.376,0.9652631578947368,0.24097555875778198
0.376,0.9655263157894737,0.24077492952346802
0.377,0.9655263157894737,0.24074020981788635
0.377,0.9663157894736842,0.2386608123779297
0.378,0.9663157894736842,0.238656684756279
0.378,0.966842105263158,0.23747670650482178
0.379,0.966842105263158,0.2366715520620346
0.379,0.9673684210526315,0.23620115220546722
0.381,0.9673684210526315,0.23590314388275146
0.381,0.9686842105263158,0.23419499397277832
0.383,0.9686842105263158,0.2337760478258133
0.383,0.9689473684210527,0.23332016170024872
0.384,0.9689473684210527,0.23308314383029938
0.384,0.9692105263157895,0.2330317497253418
0.386,0.9692105263157895,0.23211607336997986
0.386,0.9694736842105263,0.2313605546951294
0.389,0.9694736842105263,0.22736002504825592
0.389,0.97,0.2268303632736206
0.391,0.97,0.22592398524284363
0.391,0.9702631578947368,0.22499217092990875
0.396,0.9702631578947368,0.2235538512468338
0.396,0.9705263157894737,0.2235349416732788
0.397,0.9705263157894737,0.22323493659496307
0.397,0.9707894736842105,0.22297561168670654
0.399,0.9707894736842105,0.2225753366947174
0.399,0.9713157894736842,0.22220338881015778
0.405,0.9713157894736842,0.21999141573905945
0.405,0.9715789473684211,0.21954238414764404
0.407,0.9715789473684211,0.21931694447994232
0.407,0.9718421052631578,0.21929529309272766
0.409,0.9718421052631578,0.2185412496328354
0.409,0.9721052631578947,0.2174014449119568
0.41,0.9721052631578947,0.21703258156776428
0.41,0.9731578947368421,0.21536533534526825
0.412,0.9731578947368421,0.21517081558704376
0.412,0.9736842105263158,0.21493789553642273
0.413,0.9736842105263158,0.21439677476882935
0.413,0.9742105263157895,0.21366359293460846
0.414,0.9742105263157895,0.21356816589832306
0.414,0.9763157894736842,0.21234437823295593
0.415,0.9763157894736842,0.2120809704065323
0.415,0.9765789473684211,0.21196837723255157
0.418,0.9765789473684211,0.21164071559906006
0.418,0.9771052631578947,0.21107490360736847
0.42,0.9771052631578947,0.21039845049381256
0.42,0.9773684210526316,0.21030768752098083
0.423,0.9773684210526316,0.2098884880542755
0.423,0.9778947368421053,0.20929406583309174
0.425,0.9778947368421053,0.2087753415107727
0.425,0.9781578947368421,0.2087659388780594
0.439,0.9781578947368421,0.2058774083852768
0.439,0.978421052631579,0.20573940873146057
0.44,0.978421052631579,0.2056724578142166
0.44,0.9786842105263158,0.20558243989944458
0.446,0.9786842105263158,0.20495682954788208
0.446,0.9789473684210527,0.20473314821720123
0.457,0.9789473684210527,0.20218771696090698
0.457,0.9792105263157894,0.2021285444498062
0.46,0.9792105263157894,0.20059791207313538
0.46,0.9797368421052631,0.20028191804885864
0.461,0.9797368421052631,0.19988760352134705
0.461,0.9802631578947368,0.19957509636878967
0.464,0.9802631578947368,0.19805392622947693
0.464,0.9805263157894737,0.19782792031764984
0.465,0.9805263157894737,0.19744358956813812
0.465,0.9807894736842105,0.19730845093727112
0.477,0.9807894736842105,0.19572637975215912
0.477,0.9810526315789474,0.1957031488418579
0.48,0.9810526315789474,0.19563178718090057
0.48,0.9813157894736843,0.19524964690208435
0.483,0.9813157894736843,0.19485069811344147
0.483,0.9815789473684211,0.1943671703338623
0.484,0.9815789473684211,0.19406604766845703
0.484,0.9818421052631578,0.1936551332473755
0.485,0.9818421052631578,0.19330060482025146
0.485,0.9821052631578947,0.1931816190481186
0.487,0.9821052631578947,0.19231073558330536
0.487,0.9823684210526316,0.1922718733549118
0.49,0.9823684210526316,0.19184885919094086
0.49,0.9828947368421053,0.19154830276966095
0.494,0.9828947368421053,0.19085712730884552
0.494,0.9836842105263158,0.19034165143966675
0.496,0.9836842105263158,0.19006499648094177
0.496,0.9842105263157894,0.19002383947372437
0.497,0.9842105263157894,0.1899077445268631
0.497,0.9847368421052631,0.1898648738861084
0.498,0.9847368421052631,0.18981871008872986
0.498,0.985,0.18979784846305847
0.503,0.985,0.18934622406959534
0.503,0.9852631578947368,0.18927425146102905
0.505,0.9852631578947368,0.1882198005914688
0.505,0.9855263157894737,0.18793118000030518
0.507,0.9855263157894737,0.18777915835380554
0.507,0.9857894736842105,0.18747666478157043
0.508,0.9857894736842105,0.18726785480976105
0.508,0.9860526315789474,0.18714390695095062
0.515,0.9860526315789474,0.18550562858581543
0.515,0.9863157894736843,0.18543584644794464
0.518,0.9863157894736843,0.1851847767829895
0.518,0.986578947368421,0.1847591996192932
0.522,0.986578947368421,0.183793306350708
0.522,0.9868421052631579,0.1835235208272934
0.529,0.9868421052631579,0.18113283812999725
0.529,0.9871052631578947,0.18083271384239197
0.531,0.9871052631578947,0.18070600926876068
0.531,0.9873684210526316,0.1804850846529007
0.532,0.9873684210526316,0.1795569807291031
0.532,0.9878947368421053,0.1785677671432495
0.549,0.9878947368421053,0.17590123414993286
0.549,0.9881578947368421,0.1758112758398056
0.551,0.9881578947368421,0.17485590279102325
0.551,0.988421052631579,0.17463047802448273
0.553,0.988421052631579,0.17449097335338593
0.553,0.9889473684210527,0.17349213361740112
0.556,0.9889473684210527,0.17311903834342957
0.556,0.9892105263157894,0.17275260388851166
0.562,0.9892105263157894,0.17098368704319
0.562,0.9894736842105263,0.17050084471702576
0.563,0.9894736842105263,0.1703157275915146
0.563,0.99,0.17003628611564636
0.567,0.99,0.16824792325496674
0.567,0.9902631578947368,0.16812962293624878
0.572,0.9902631578947368,0.16629178822040558
0.572,0.9905263157894737,0.16605229675769806
0.574,0.9905263157894737,0.1646859496831894
0.574,0.9907894736842106,0.16433194279670715
0.575,0.9907894736842106,0.16350051760673523
0.575,0.9910526315789474,0.16344206035137177
0.576,0.9910526315789474,0.162797749042511
0.576,0.9913157894736843,0.162307471036911
0.582,0.9913157894736843,0.1607389748096466
0.582,0.991578947368421,0.16070133447647095
0.591,0.991578947368421,0.16006779670715332
0.591,0.9918421052631579,0.1599891185760498
0.592,0.9918421052631579,0.15930628776550293
0.592,0.9923684210526316,0.15915633738040924
0.595,0.9923684210526316,0.15864050388336182
0.595,0.9926315789473684,0.15821433067321777
0.597,0.9926315789473684,0.15757106244564056
0.597,0.9931578947368421,0.15673628449440002
0.598,0.9931578947368421,0.1566876471042633
0.598,0.995,0.1561707705259323
0.601,0.995,0.15574908256530762
0.601,0.9952631578947368,0.15573397278785706
0.602,0.9952631578947368,0.15554179251194
0.602,0.9955263157894737,0.15482406318187714
0.603,0.9955263157894737,0.15464775264263153
0.603,0.9957894736842106,0.15456591546535492
0.604,0.9957894736842106,0.15456348657608032
0.604,0.9960526315789474,0.15401360392570496
0.605,0.9960526315789474,0.15395469963550568
0.605,0.996578947368421,0.1535710096359253
0.607,0.996578947368421,0.15214039385318756
0.607,0.9971052631578947,0.1511911153793335
0.617,0.9971052631578947,0.14698517322540283
0.617,0.9973684210526316,0.14692790806293488
0.618,0.9973684210526316,0.14678990840911865
0.618,0.9976315789473684,0.14623817801475525
0.625,0.9976315789473684,0.1432996541261673
0.625,0.9978947368421053,0.14301270246505737
0.628,0.9978947368421053,0.14171184599399567
0.628,0.9981578947368421,0.1416371762752533
0.654,0.9981578947368421,0.13682693243026733
0.654,0.998421052631579,0.13661567866802216
0.663,0.998421052631579,0.1310769021511078
0.663,0.9986842105263158,0.13075865805149078
0.672,0.9986842105263158,0.12885333597660065
0.672,0.9989473684210526,0.12863975763320923
0.68,0.9989473684210526,0.12644033133983612
0.68,0.9992105263157894,0.12629224359989166
0.69,0.9992105263157894,0.12463348358869553
0.69,0.9994736842105263,0.124592624604702
0.735,0.9994736842105263,0.11565371602773666
0.735,0.9997368421052631,0.11527371406555176
0.736,0.9997368421052631,0.1148597002029419
0.736,1.0,0.11458862572908401
1.0,1.0,0.013720513321459293
