FPR,TPR,Threshold
0.0,0.0,1.9338712096214294
0.0,0.0009615384615384616,0.9338712096214294
0.0,0.015384615384615385,0.905527651309967
0.0007352941176470588,0.015384615384615385,0.9045341610908508
0.0007352941176470588,0.016346153846153847,0.9041833281517029
0.0014705882352941176,0.016346153846153847,0.898136556148529
0.0014705882352941176,0.04230769230769231,0.8801608681678772
0.0022058823529411764,0.04230769230769231,0.8791901469230652
0.0022058823529411764,0.04519230769230769,0.8775109648704529
0.003676470588235294,0.04519230769230769,0.876620352268219
0.003676470588235294,0.046153846153846156,0.8739652037620544
0.005147058823529412,0.046153846153846156,0.8731056451797485
0.005147058823529412,0.047115384615384615,0.8727923631668091
0.0058823529411764705,0.047115384615384615,0.8727717995643616
0.0058823529411764705,0.04903846153846154,0.8717297315597534
0.006617647058823529,0.04903846153846154,0.8709419369697571
0.006617647058823529,0.05,0.8703097701072693
0.007352941176470588,0.05,0.8695951104164124
0.007352941176470588,0.05096153846153846,0.8692811131477356
0.008088235294117648,0.05096153846153846,0.8686217069625854
0.008088235294117648,0.05384615384615385,0.8673822283744812
0.008823529411764706,0.05384615384615385,0.8673819899559021
0.008823529411764706,0.05480769230769231,0.8670403361320496
0.009558823529411765,0.05480769230769231,0.8666847944259644
0.009558823529411765,0.05576923076923077,0.8647052049636841
0.010294117647058823,0.05576923076923077,0.8632824420928955
0.010294117647058823,0.05673076923076923,0.8631089329719543
0.011029411764705883,0.05673076923076923,0.8625195622444153
0.011029411764705883,0.06923076923076923,0.854540228843689
0.011764705882352941,0.06923076923076923,0.852592945098877
0.011764705882352941,0.07115384615384615,0.8508246541023254
0.0125,0.07115384615384615,0.8505104184150696
0.0125,0.07403846153846154,0.8490310311317444
0.013235294117647059,0.07403846153846154,0.8484812378883362
0.013235294117647059,0.07884615384615384,0.8460950255393982
0.013970588235294118,0.07884615384615384,0.8459776639938354
0.013970588235294118,0.0798076923076923,0.8457728624343872
0.015441176470588236,0.0798076923076923,0.8453712463378906
0.015441176470588236,0.08365384615384615,0.843663215637207
0.016176470588235296,0.08365384615384615,0.8432509303092957
0.016176470588235296,0.08557692307692308,0.8430463671684265
0.016911764705882352,0.08557692307692308,0.8429203033447266
0.016911764705882352,0.09134615384615384,0.8413284420967102
0.01764705882352941,0.09134615384615384,0.8404992818832397
0.01764705882352941,0.10192307692307692,0.835459291934967
0.01838235294117647,0.10192307692307692,0.8351582288742065
0.01838235294117647,0.10673076923076923,0.8336740732192993
0.01911764705882353,0.10673076923076923,0.8330987691879272
0.01911764705882353,0.10865384615384616,0.8327816724777222
0.019852941176470587,0.10865384615384616,0.8322960734367371
0.019852941176470587,0.10961538461538461,0.8322535157203674
0.020588235294117647,0.10961538461538461,0.8321351408958435
0.020588235294117647,0.11057692307692307,0.8316954374313354
0.021323529411764706,0.11057692307692307,0.8316856026649475
0.021323529411764706,0.11826923076923077,0.8287842869758606
0.022058823529411766,0.11826923076923077,0.8285913467407227
0.022058823529411766,0.12115384615384615,0.8266100287437439
0.022794117647058822,0.12115384615384615,0.8263349533081055
0.022794117647058822,0.12211538461538461,0.8261520266532898
0.023529411764705882,0.12211538461538461,0.8255184292793274
0.023529411764705882,0.12884615384615383,0.8234058022499084
0.02426470588235294,0.12884615384615383,0.8232858180999756
0.02426470588235294,0.13076923076923078,0.8216049075126648
0.025735294117647058,0.13076923076923078,0.8213980793952942
0.025735294117647058,0.14134615384615384,0.8158236742019653
0.026470588235294117,0.14134615384615384,0.8154025077819824
0.026470588235294117,0.14711538461538462,0.8132294416427612
0.027205882352941177,0.14711538461538462,0.8128668069839478
0.027205882352941177,0.16153846153846155,0.7990034818649292
0.028676470588235293,0.16153846153846155,0.7983186841011047
0.028676470588235293,0.16346153846153846,0.798157274723053
0.029411764705882353,0.16346153846153846,0.7978529930114746
0.029411764705882353,0.1673076923076923,0.7951159477233887
0.030147058823529412,0.1673076923076923,0.7944352626800537
0.030147058823529412,0.18269230769230768,0.7846890091896057
0.030882352941176472,0.18269230769230768,0.7845940589904785
0.030882352941176472,0.18557692307692308,0.7832872271537781
0.03161764705882353,0.18557692307692308,0.7832693457603455
0.03161764705882353,0.19134615384615383,0.7810008525848389
0.03235294117647059,0.19134615384615383,0.7795559167861938
0.03235294117647059,0.19230769230769232,0.7795315980911255
0.03308823529411765,0.19230769230769232,0.778796374797821
0.03308823529411765,0.19423076923076923,0.7787257432937622
0.033823529411764704,0.19423076923076923,0.7782203555107117
0.033823529411764704,0.1971153846153846,0.7774766683578491
0.03455882352941177,0.1971153846153846,0.7770653367042542
0.03455882352941177,0.20673076923076922,0.7703880071640015
0.03529411764705882,0.20673076923076922,0.7703549861907959
0.03529411764705882,0.20961538461538462,0.7698336839675903
0.03676470588235294,0.20961538461538462,0.7695264220237732
0.03676470588235294,0.2144230769230769,0.7689139246940613
0.0375,0.2144230769230769,0.768520712852478
0.0375,0.21826923076923077,0.7676457166671753
0.03823529411764706,0.21826923076923077,0.7669381499290466
0.03823529411764706,0.2201923076923077,0.765999972820282
0.03897058823529412,0.2201923076923077,0.7652508020401001
0.03897058823529412,0.2221153846153846,0.764256477355957
0.039705882352941174,0.2221153846153846,0.7640911340713501
0.039705882352941174,0.225,0.7630752921104431
0.041176470588235294,0.225,0.7620781660079956
0.041176470588235294,0.2375,0.7543482780456543
0.04264705882352941,0.2375,0.7518116235733032
0.04264705882352941,0.24134615384615385,0.7503653764724731
0.04338235294117647,0.24134615384615385,0.7496997714042664
0.04338235294117647,0.24711538461538463,0.7437447905540466
0.04411764705882353,0.24711538461538463,0.7432888150215149
0.04411764705882353,0.25576923076923075,0.7408013939857483
0.045588235294117645,0.25576923076923075,0.7388129830360413
0.045588235294117645,0.2567307692307692,0.7383872866630554
0.04632352941176471,0.2567307692307692,0.7382501363754272
0.04632352941176471,0.26153846153846155,0.735061526298523
0.047058823529411764,0.26153846153846155,0.7348788976669312
0.047058823529411764,0.2644230769230769,0.732719898223877
0.04852941176470588,0.2644230769230769,0.7320784330368042
0.04852941176470588,0.2653846153846154,0.7318156957626343
0.051470588235294115,0.2653846153846154,0.7290513515472412
0.051470588235294115,0.26826923076923076,0.727096676826477
0.052941176470588235,0.26826923076923076,0.7255725264549255
0.052941176470588235,0.27307692307692305,0.7235919833183289
0.05367647058823529,0.27307692307692305,0.723082959651947
0.05367647058823529,0.27692307692307694,0.7221283912658691
0.054411764705882354,0.27692307692307694,0.7219539880752563
0.054411764705882354,0.2798076923076923,0.7201669812202454
0.05514705882352941,0.2798076923076923,0.7201055884361267
0.05514705882352941,0.2826923076923077,0.7169196009635925
0.05588235294117647,0.2826923076923077,0.7166961431503296
0.05588235294117647,0.28557692307692306,0.7155117988586426
0.057352941176470586,0.28557692307692306,0.7153515815734863
0.057352941176470586,0.2875,0.7134079933166504
0.05808823529411765,0.2875,0.713263988494873
0.05808823529411765,0.28846153846153844,0.7121683359146118
0.058823529411764705,0.28846153846153844,0.7120726108551025
0.058823529411764705,0.2923076923076923,0.7088223695755005
0.060294117647058824,0.2923076923076923,0.7056695222854614
0.060294117647058824,0.2951923076923077,0.7034791707992554
0.06102941176470588,0.2951923076923077,0.7025810480117798
0.06102941176470588,0.29615384615384616,0.7023082971572876
0.061764705882352944,0.29615384615384616,0.7008651494979858
0.061764705882352944,0.2980769230769231,0.7004850506782532
0.0625,0.2980769230769231,0.6998337507247925
0.0625,0.29903846153846153,0.6996872425079346
0.06323529411764706,0.29903846153846153,0.699591875076294
0.06323529411764706,0.3019230769230769,0.6981222033500671
0.06764705882352941,0.3019230769230769,0.6941606998443604
0.06764705882352941,0.30288461538461536,0.6933818459510803
0.06838235294117648,0.30288461538461536,0.6928281784057617
0.06838235294117648,0.3038461538461538,0.6904338598251343
0.06985294117647059,0.3038461538461538,0.6884954571723938
0.06985294117647059,0.3057692307692308,0.686643123626709
0.07058823529411765,0.3057692307692308,0.6864134669303894
0.07058823529411765,0.31346153846153846,0.6811243295669556
0.0713235294117647,0.31346153846153846,0.6810867786407471
0.0713235294117647,0.3144230769230769,0.6810554265975952
0.07279411764705883,0.3144230769230769,0.6803827881813049
0.07279411764705883,0.3192307692307692,0.6763745546340942
0.07352941176470588,0.3192307692307692,0.6761227250099182
0.07352941176470588,0.32403846153846155,0.6754185557365417
0.07426470588235294,0.32403846153846155,0.6750015616416931
0.07426470588235294,0.3278846153846154,0.6725740432739258
0.075,0.3278846153846154,0.6722695231437683
0.075,0.3326923076923077,0.6697689294815063
0.07573529411764705,0.3326923076923077,0.6697421073913574
0.07573529411764705,0.3375,0.6653143167495728
0.07720588235294118,0.3375,0.6634942293167114
0.07720588235294118,0.3423076923076923,0.6612492203712463
0.07794117647058824,0.3423076923076923,0.6605111956596375
0.07794117647058824,0.34326923076923077,0.6584863066673279
0.07867647058823529,0.34326923076923077,0.657929539680481
0.07867647058823529,0.34423076923076923,0.6576336026191711
0.08014705882352942,0.34423076923076923,0.6565625667572021
0.08014705882352942,0.34615384615384615,0.6554550528526306
0.08088235294117647,0.34615384615384615,0.6553936004638672
0.08088235294117647,0.3490384615384615,0.6536343693733215
0.08161764705882353,0.3490384615384615,0.6525612473487854
0.08161764705882353,0.35096153846153844,0.6506261229515076
0.08455882352941177,0.35096153846153844,0.6492434740066528
0.08455882352941177,0.3557692307692308,0.6463260054588318
0.08529411764705883,0.3557692307692308,0.6459438800811768
0.08529411764705883,0.35673076923076924,0.6458649039268494
0.08676470588235294,0.35673076923076924,0.6454414129257202
0.08676470588235294,0.3576923076923077,0.6445960402488708
0.0875,0.3576923076923077,0.6434767246246338
0.0875,0.35865384615384616,0.6434580683708191
0.08897058823529412,0.35865384615384616,0.6426029205322266
0.08897058823529412,0.36346153846153845,0.6393446326255798
0.09411764705882353,0.36346153846153845,0.6361241936683655
0.09411764705882353,0.3663461538461538,0.6341760158538818
0.09558823529411764,0.3663461538461538,0.6339163184165955
0.09558823529411764,0.36923076923076925,0.6315551996231079
0.09779411764705882,0.36923076923076925,0.6309610605239868
0.09779411764705882,0.37115384615384617,0.6302648186683655
0.09926470588235294,0.37115384615384617,0.6299638152122498
0.09926470588235294,0.375,0.6285793781280518
0.10073529411764706,0.375,0.6264639496803284
0.10073529411764706,0.3798076923076923,0.6248078942298889
0.10220588235294117,0.3798076923076923,0.624055802822113
0.10220588235294117,0.38076923076923075,0.6240188479423523
0.10294117647058823,0.38076923076923075,0.6237682700157166
0.10294117647058823,0.3836538461538462,0.6219142079353333
0.1036764705882353,0.3836538461538462,0.6218222975730896
0.1036764705882353,0.3855769230769231,0.6205944418907166
0.10661764705882353,0.3855769230769231,0.6181877255439758
0.10661764705882353,0.38653846153846155,0.6172100901603699
0.10735294117647058,0.38653846153846155,0.6152231693267822
0.10735294117647058,0.38846153846153847,0.6141804456710815
0.11176470588235295,0.38846153846153847,0.6115984916687012
0.11176470588235295,0.3903846153846154,0.6110628247261047
0.11323529411764706,0.3903846153846154,0.6107465028762817
0.11323529411764706,0.39134615384615384,0.6103072166442871
0.11397058823529412,0.39134615384615384,0.6101399660110474
0.11397058823529412,0.3942307692307692,0.608966052532196
0.11691176470588235,0.3942307692307692,0.6082693934440613
0.11691176470588235,0.39807692307692305,0.6049544811248779
0.11764705882352941,0.39807692307692305,0.6048592329025269
0.11764705882352941,0.40192307692307694,0.6019423007965088
0.11838235294117647,0.40192307692307694,0.6017628908157349
0.11838235294117647,0.4028846153846154,0.6013450622558594
0.11911764705882352,0.4028846153846154,0.6010434627532959
0.11911764705882352,0.40384615384615385,0.6008390188217163
0.12058823529411765,0.40384615384615385,0.5995959639549255
0.12058823529411765,0.40865384615384615,0.5974801778793335
0.1213235294117647,0.40865384615384615,0.5974768996238708
0.1213235294117647,0.41057692307692306,0.5968480110168457
0.12205882352941176,0.41057692307692306,0.5965019464492798
0.12205882352941176,0.4115384615384615,0.5962862372398376
0.125,0.4115384615384615,0.5955129861831665
0.125,0.4125,0.5951523780822754
0.12573529411764706,0.4125,0.5951483249664307
0.12573529411764706,0.41634615384615387,0.5940226316452026
0.1264705882352941,0.41634615384615387,0.5938782095909119
0.1264705882352941,0.4173076923076923,0.5937634110450745
0.12720588235294117,0.4173076923076923,0.5929939150810242
0.12720588235294117,0.42115384615384616,0.5915625095367432
0.12794117647058822,0.42115384615384616,0.5914690494537354
0.12794117647058822,0.4230769230769231,0.5900051593780518
0.13014705882352942,0.4230769230769231,0.5893993973731995
0.13014705882352942,0.425,0.5891948342323303
0.1323529411764706,0.425,0.5879508852958679
0.1323529411764706,0.42596153846153845,0.5875245332717896
0.13455882352941176,0.42596153846153845,0.5867975354194641
0.13455882352941176,0.4269230769230769,0.5866727828979492
0.13676470588235295,0.4269230769230769,0.5856850147247314
0.13676470588235295,0.42788461538461536,0.5853382349014282
0.13897058823529412,0.42788461538461536,0.5848283171653748
0.13897058823529412,0.4288461538461538,0.5842388868331909
0.14411764705882352,0.4288461538461538,0.5819982886314392
0.14411764705882352,0.43173076923076925,0.5813201665878296
0.1448529411764706,0.43173076923076925,0.5811622738838196
0.1448529411764706,0.4346153846153846,0.5802901387214661
0.14705882352941177,0.4346153846153846,0.5782869458198547
0.14705882352941177,0.4355769230769231,0.5779340267181396
0.14779411764705883,0.4355769230769231,0.5777801275253296
0.14779411764705883,0.4375,0.5769344568252563
0.14926470588235294,0.4375,0.5757746696472168
0.14926470588235294,0.4394230769230769,0.5751790404319763
0.15073529411764705,0.4394230769230769,0.5746522545814514
0.15073529411764705,0.44519230769230766,0.5736880898475647
0.1536764705882353,0.44519230769230766,0.5726550817489624
0.1536764705882353,0.4461538461538462,0.5721210241317749
0.15441176470588236,0.4461538461538462,0.5719272494316101
0.15441176470588236,0.4480769230769231,0.5713140368461609
0.15514705882352942,0.4480769230769231,0.5710785388946533
0.15514705882352942,0.44903846153846155,0.5704593658447266
0.15588235294117647,0.44903846153846155,0.5699670314788818
0.15588235294117647,0.45,0.568911612033844
0.15735294117647058,0.45,0.5686157941818237
0.15735294117647058,0.4519230769230769,0.5682487487792969
0.1588235294117647,0.4519230769230769,0.5669807195663452
0.1588235294117647,0.45384615384615384,0.5666218400001526
0.16029411764705884,0.45384615384615384,0.5647417306900024
0.16029411764705884,0.45576923076923076,0.5646103024482727
0.16323529411764706,0.45576923076923076,0.5640594363212585
0.16323529411764706,0.4567307692307692,0.5634235143661499
0.16691176470588234,0.4567307692307692,0.5624173879623413
0.16691176470588234,0.4576923076923077,0.5620766878128052
0.1676470588235294,0.4576923076923077,0.5620627999305725
0.1676470588235294,0.45865384615384613,0.5616446733474731
0.16838235294117648,0.45865384615384613,0.5616116523742676
0.16838235294117648,0.4596153846153846,0.5615716576576233
0.16911764705882354,0.4596153846153846,0.5613189339637756
0.16911764705882354,0.46153846153846156,0.5608081817626953
0.17205882352941176,0.46153846153846156,0.5588762164115906
0.17205882352941176,0.4625,0.5587558150291443
0.17279411764705882,0.4625,0.5583391785621643
0.17279411764705882,0.46442307692307694,0.5571388006210327
0.17352941176470588,0.46442307692307694,0.5570403933525085
0.17352941176470588,0.4653846153846154,0.556900680065155
0.17426470588235293,0.4653846153846154,0.5566654205322266
0.17426470588235293,0.4673076923076923,0.5557267665863037
0.17720588235294119,0.4673076923076923,0.5536895394325256
0.17720588235294119,0.46826923076923077,0.5534230470657349
0.1801470588235294,0.46826923076923077,0.5520594716072083
0.1801470588235294,0.4701923076923077,0.5519402623176575
0.18088235294117647,0.4701923076923077,0.5517270565032959
0.18088235294117647,0.47115384615384615,0.5514572858810425
0.18235294117647058,0.47115384615384615,0.5512439608573914
0.18235294117647058,0.4721153846153846,0.5508525371551514
0.18308823529411763,0.4721153846153846,0.5507330894470215
0.18308823529411763,0.4798076923076923,0.5486450791358948
0.18455882352941178,0.4798076923076923,0.5481048226356506
0.18455882352941178,0.4807692307692308,0.5474420785903931
0.1860294117647059,0.4807692307692308,0.5462335348129272
0.1860294117647059,0.48173076923076924,0.5459379553794861
0.18676470588235294,0.48173076923076924,0.5458387732505798
0.18676470588235294,0.48653846153846153,0.5441632270812988
0.1875,0.48653846153846153,0.5439375638961792
0.1875,0.4875,0.5436974167823792
0.19191176470588237,0.4875,0.5416406393051147
0.19191176470588237,0.49038461538461536,0.5408881902694702
0.19411764705882353,0.49038461538461536,0.540396511554718
0.19411764705882353,0.4951923076923077,0.5401266813278198
0.1963235294117647,0.4951923076923077,0.5396360754966736
0.1963235294117647,0.49615384615384617,0.5384474396705627
0.19705882352941176,0.49615384615384617,0.5383864045143127
0.19705882352941176,0.4971153846153846,0.5380597114562988
0.19779411764705881,0.4971153846153846,0.537965714931488
0.19779411764705881,0.4980769230769231,0.537521481513977
0.20073529411764707,0.4980769230769231,0.5356237292289734
0.20073529411764707,0.49903846153846154,0.5354647040367126
0.20294117647058824,0.49903846153846154,0.535060703754425
0.20294117647058824,0.5,0.534652829170227
0.20441176470588235,0.5,0.5345659852027893
0.20441176470588235,0.5038461538461538,0.5337775349617004
0.2051470588235294,0.5038461538461538,0.5327610373497009
0.2051470588235294,0.5048076923076923,0.5323408842086792
0.20588235294117646,0.5048076923076923,0.5322309136390686
0.20588235294117646,0.5067307692307692,0.5313112139701843
0.21102941176470588,0.5067307692307692,0.527955174446106
0.21102941176470588,0.5076923076923077,0.5278566479682922
0.21176470588235294,0.5076923076923077,0.5276200175285339
0.21176470588235294,0.5086538461538461,0.5275400876998901
0.21691176470588236,0.5086538461538461,0.5270981788635254
0.21691176470588236,0.5096153846153846,0.5261259078979492
0.21764705882352942,0.5096153846153846,0.5258069634437561
0.21764705882352942,0.5125,0.5253893733024597
0.21911764705882353,0.5125,0.524888277053833
0.21911764705882353,0.5134615384615384,0.524843156337738
0.21985294117647058,0.5134615384615384,0.5244256854057312
0.21985294117647058,0.5192307692307693,0.5221643447875977
0.22205882352941175,0.5192307692307693,0.5216461420059204
0.22205882352941175,0.5211538461538462,0.5206555724143982
0.2235294117647059,0.5211538461538462,0.5201377868652344
0.2235294117647059,0.5240384615384616,0.5188779234886169
0.22426470588235295,0.5240384615384616,0.5188555121421814
0.22426470588235295,0.525,0.5183592438697815
0.225,0.525,0.5182465314865112
0.225,0.5278846153846154,0.5169375538825989
0.22573529411764706,0.5278846153846154,0.5168083906173706
0.22573529411764706,0.5288461538461539,0.5162633657455444
0.22794117647058823,0.5288461538461539,0.5155479311943054
0.22794117647058823,0.5298076923076923,0.5151963233947754
0.22941176470588234,0.5298076923076923,0.5142353177070618
0.22941176470588234,0.5326923076923077,0.5133166313171387
0.2323529411764706,0.5326923076923077,0.5121309757232666
0.2323529411764706,0.5336538461538461,0.5119253396987915
0.23308823529411765,0.5336538461538461,0.5118091702461243
0.23308823529411765,0.5346153846153846,0.5115558505058289
0.2338235294117647,0.5346153846153846,0.5115188360214233
0.2338235294117647,0.5355769230769231,0.5110163688659668
0.23455882352941176,0.5355769230769231,0.5108439326286316
0.23455882352941176,0.5403846153846154,0.5091288089752197
0.23529411764705882,0.5403846153846154,0.508770763874054
0.23529411764705882,0.5413461538461538,0.508696973323822
0.2375,0.5413461538461538,0.5085264444351196
0.2375,0.5432692307692307,0.5082058310508728
0.23823529411764705,0.5432692307692307,0.5081889033317566
0.23823529411764705,0.5442307692307692,0.5076896548271179
0.23970588235294119,0.5442307692307692,0.5070705413818359
0.23970588235294119,0.5480769230769231,0.5068007111549377
0.24044117647058824,0.5480769230769231,0.5064087510108948
0.24044117647058824,0.5509615384615385,0.5061757564544678
0.24338235294117647,0.5509615384615385,0.5051881074905396
0.24338235294117647,0.551923076923077,0.5042587518692017
0.25073529411764706,0.551923076923077,0.5025367736816406
0.25073529411764706,0.5548076923076923,0.5008159279823303
0.2514705882352941,0.5548076923076923,0.5003899931907654
0.2514705882352941,0.5567307692307693,0.5000640749931335
0.25220588235294117,0.5567307692307693,0.49995219707489014
0.25220588235294117,0.5576923076923077,0.4991723895072937
0.2529411764705882,0.5576923076923077,0.4986182749271393
0.2529411764705882,0.5596153846153846,0.4980441927909851
0.2551470588235294,0.5596153846153846,0.4975464940071106
0.2551470588235294,0.5625,0.49668779969215393
0.25735294117647056,0.5625,0.4962960481643677
0.25735294117647056,0.5634615384615385,0.49616193771362305
0.2580882352941177,0.5634615384615385,0.49596714973449707
0.2580882352941177,0.5653846153846154,0.4953351616859436
0.25882352941176473,0.5653846153846154,0.49483340978622437
0.25882352941176473,0.5721153846153846,0.49383026361465454
0.26176470588235295,0.5721153846153846,0.4924597144126892
0.26176470588235295,0.5740384615384615,0.49200889468193054
0.26323529411764707,0.5740384615384615,0.49176114797592163
0.26323529411764707,0.575,0.4912877082824707
0.2639705882352941,0.575,0.49050334095954895
0.2639705882352941,0.5778846153846153,0.4903428554534912
0.26544117647058824,0.5778846153846153,0.4902345836162567
0.26544117647058824,0.5788461538461539,0.4899022579193115
0.2661764705882353,0.5788461538461539,0.4897758960723877
0.2661764705882353,0.5798076923076924,0.48953232169151306
0.26691176470588235,0.5798076923076924,0.48915448784828186
0.26691176470588235,0.5807692307692308,0.4890219271183014
0.26838235294117646,0.5807692307692308,0.48883068561553955
0.26838235294117646,0.5817307692307693,0.4885150194168091
0.2698529411764706,0.5817307692307693,0.48816177248954773
0.2698529411764706,0.5875,0.48701757192611694
0.27058823529411763,0.5875,0.4869615435600281
0.27058823529411763,0.5884615384615385,0.4867982268333435
0.2713235294117647,0.5884615384615385,0.48634856939315796
0.2713235294117647,0.5894230769230769,0.4860753118991852
0.2727941176470588,0.5894230769230769,0.4860280752182007
0.2727941176470588,0.5913461538461539,0.48587003350257874
0.2735294117647059,0.5913461538461539,0.48571550846099854
0.2735294117647059,0.5942307692307692,0.48557427525520325
0.27426470588235297,0.5942307692307692,0.4852208197116852
0.27426470588235297,0.5971153846153846,0.48468711972236633
0.2757352941176471,0.5971153846153846,0.48323124647140503
0.2757352941176471,0.6,0.4830579161643982
0.2772058823529412,0.6,0.48278582096099854
0.2772058823529412,0.6009615384615384,0.4824919104576111
0.2786764705882353,0.6009615384615384,0.48071953654289246
0.2786764705882353,0.6028846153846154,0.4802931547164917
0.27941176470588236,0.6028846153846154,0.480214387178421
0.27941176470588236,0.6038461538461538,0.4799872636795044
0.28161764705882353,0.6038461538461538,0.4790760278701782
0.28161764705882353,0.6057692307692307,0.4788557291030884
0.2823529411764706,0.6057692307692307,0.4786529839038849
0.2823529411764706,0.6067307692307692,0.4784906506538391
0.2838235294117647,0.6067307692307692,0.4781884253025055
0.2838235294117647,0.6076923076923076,0.4777645468711853
0.28602941176470587,0.6076923076923076,0.4764978885650635
0.28602941176470587,0.6086538461538461,0.4760723412036896
0.2875,0.6086538461538461,0.47594505548477173
0.2875,0.6096153846153847,0.47576820850372314
0.2897058823529412,0.6096153846153847,0.47539645433425903
0.2897058823529412,0.6115384615384616,0.47511449456214905
0.29044117647058826,0.6115384615384616,0.475086510181427
0.29044117647058826,0.6153846153846154,0.47465991973876953
0.2911764705882353,0.6153846153846154,0.4744870960712433
0.2911764705882353,0.6182692307692308,0.4738190472126007
0.29411764705882354,0.6182692307692308,0.4732743501663208
0.29411764705882354,0.6201923076923077,0.47320568561553955
0.2948529411764706,0.6201923076923077,0.47304919362068176
0.2948529411764706,0.6211538461538462,0.47294241189956665
0.29558823529411765,0.6211538461538462,0.4729081988334656
0.29558823529411765,0.6221153846153846,0.4727381467819214
0.29705882352941176,0.6221153846153846,0.47259360551834106
0.29705882352941176,0.6259615384615385,0.4713689386844635
0.3,0.6259615384615385,0.4695611298084259
0.3,0.6269230769230769,0.4694782793521881
0.30220588235294116,0.6269230769230769,0.4690116047859192
0.30220588235294116,0.6326923076923077,0.468214213848114
0.3029411764705882,0.6326923076923077,0.468057781457901
0.3029411764705882,0.6336538461538461,0.4679686725139618
0.3044117647058823,0.6336538461538461,0.4666212499141693
0.3044117647058823,0.6384615384615384,0.4663328528404236
0.3058823529411765,0.6384615384615384,0.46588003635406494
0.3058823529411765,0.6394230769230769,0.4655378758907318
0.30808823529411766,0.6394230769230769,0.46457645297050476
0.30808823529411766,0.6413461538461539,0.4639764130115509
0.31176470588235294,0.6413461538461539,0.4627302885055542
0.31176470588235294,0.6432692307692308,0.4614993929862976
0.3125,0.6432692307692308,0.46135300397872925
0.3125,0.6442307692307693,0.4613141715526581
0.31323529411764706,0.6442307692307693,0.4607899785041809
0.31323529411764706,0.6461538461538462,0.45992279052734375
0.31691176470588234,0.6461538461538462,0.4586057960987091
0.31691176470588234,0.6471153846153846,0.4584173262119293
0.3191176470588235,0.6471153846153846,0.45802661776542664
0.3191176470588235,0.6480769230769231,0.45799195766448975
0.3205882352941177,0.6480769230769231,0.4577615261077881
0.3205882352941177,0.6490384615384616,0.4573724567890167
0.325,0.6490384615384616,0.45441439747810364
0.325,0.65,0.45425358414649963
0.3264705882352941,0.65,0.45365220308303833
0.3264705882352941,0.6509615384615385,0.453574001789093
0.3272058823529412,0.6509615384615385,0.45339488983154297
0.3272058823529412,0.6519230769230769,0.4527477025985718
0.32794117647058824,0.6519230769230769,0.45265471935272217
0.32794117647058824,0.6528846153846154,0.4524526596069336
0.3286764705882353,0.6528846153846154,0.45237118005752563
0.3286764705882353,0.6538461538461539,0.4519030749797821
0.32941176470588235,0.6538461538461539,0.4515540599822998
0.32941176470588235,0.6548076923076923,0.4508712887763977
0.3316176470588235,0.6548076923076923,0.44996318221092224
0.3316176470588235,0.6557692307692308,0.4496152400970459
0.3323529411764706,0.6557692307692308,0.44943171739578247
0.3323529411764706,0.6567307692307692,0.4494188725948334
0.3338235294117647,0.6567307692307692,0.4492648243904114
0.3338235294117647,0.6615384615384615,0.4482261538505554
0.3352941176470588,0.6615384615384615,0.4478924870491028
0.3352941176470588,0.6634615384615384,0.4474242031574249
0.3360294117647059,0.6634615384615384,0.447299599647522
0.3360294117647059,0.6663461538461538,0.44631698727607727
0.3375,0.6663461538461538,0.44573187828063965
0.3375,0.6673076923076923,0.4452636241912842
0.3382352941176471,0.6673076923076923,0.4447877109050751
0.3382352941176471,0.6692307692307692,0.4428594410419464
0.33897058823529413,0.6692307692307692,0.44270920753479004
0.33897058823529413,0.675,0.4411012530326843
0.3397058823529412,0.675,0.44102612137794495
0.3397058823529412,0.6778846153846154,0.4402141869068146
0.3411764705882353,0.6778846153846154,0.4396537244319916
0.3411764705882353,0.6788461538461539,0.43941619992256165
0.34191176470588236,0.6788461538461539,0.43895548582077026
0.34191176470588236,0.6798076923076923,0.43864524364471436
0.34338235294117647,0.6798076923076923,0.43834295868873596
0.34338235294117647,0.6807692307692308,0.43770164251327515
0.3448529411764706,0.6807692307692308,0.43699389696121216
0.3448529411764706,0.6826923076923077,0.4363154470920563
0.34705882352941175,0.6826923076923077,0.43567827343940735
0.34705882352941175,0.6846153846153846,0.4347440004348755
0.3477941176470588,0.6846153846153846,0.43433260917663574
0.3477941176470588,0.6865384615384615,0.43427011370658875
0.3492647058823529,0.6865384615384615,0.43305161595344543
0.3492647058823529,0.6875,0.4330501854419708
0.3514705882352941,0.6875,0.4314913749694824
0.3514705882352941,0.6884615384615385,0.43103504180908203
0.3536764705882353,0.6884615384615385,0.430070698261261
0.3536764705882353,0.6894230769230769,0.4299179017543793
0.3551470588235294,0.6894230769230769,0.42901134490966797
0.3551470588235294,0.6903846153846154,0.42838695645332336
0.3558823529411765,0.6903846153846154,0.42836201190948486
0.3558823529411765,0.6923076923076923,0.42709192633628845
0.35661764705882354,0.6923076923076923,0.4269932210445404
0.35661764705882354,0.6971153846153846,0.4242658317089081
0.3573529411764706,0.6971153846153846,0.4241410791873932
0.3573529411764706,0.6990384615384615,0.4238094687461853
0.3588235294117647,0.6990384615384615,0.42345353960990906
0.3588235294117647,0.7,0.4232366979122162
0.3625,0.7,0.42064768075942993
0.3625,0.7009615384615384,0.42019587755203247
0.36323529411764705,0.7009615384615384,0.4201221466064453
0.36323529411764705,0.7019230769230769,0.4188064634799957
0.36470588235294116,0.7019230769230769,0.4182468056678772
0.36470588235294116,0.7028846153846153,0.41811713576316833
0.3654411764705882,0.7028846153846153,0.41776272654533386
0.3654411764705882,0.7048076923076924,0.4174751043319702
0.36617647058823527,0.7048076923076924,0.4172653257846832
0.36617647058823527,0.7067307692307693,0.4162559509277344
0.3669117647058823,0.7067307692307693,0.41587239503860474
0.3669117647058823,0.7086538461538462,0.415744811296463
0.3683823529411765,0.7086538461538462,0.4149124324321747
0.3683823529411765,0.7096153846153846,0.4145108163356781
0.36911764705882355,0.7096153846153846,0.41438987851142883
0.36911764705882355,0.7105769230769231,0.413514107465744
0.37573529411764706,0.7105769230769231,0.40890759229660034
0.37573529411764706,0.7115384615384616,0.4087022840976715
0.37941176470588234,0.7115384615384616,0.4068766236305237
0.37941176470588234,0.7125,0.40677955746650696
0.3801470588235294,0.7125,0.40511631965637207
0.3801470588235294,0.7173076923076923,0.4018356204032898
0.38088235294117645,0.7173076923076923,0.40178751945495605
0.38088235294117645,0.7182692307692308,0.4014557898044586
0.38235294117647056,0.7182692307692308,0.4005180895328522
0.38235294117647056,0.7192307692307692,0.4002001881599426
0.38823529411764707,0.7192307692307692,0.3961184322834015
0.38823529411764707,0.7201923076923077,0.39593401551246643
0.3897058823529412,0.7201923076923077,0.3958148956298828
0.3897058823529412,0.7211538461538461,0.39534467458724976
0.3911764705882353,0.7211538461538461,0.3949473798274994
0.3911764705882353,0.7221153846153846,0.3938559293746948
0.39191176470588235,0.7221153846153846,0.3938022255897522
0.39191176470588235,0.7230769230769231,0.39264193177223206
0.3977941176470588,0.7230769230769231,0.3899194896221161
0.3977941176470588,0.725,0.38972827792167664
0.4022058823529412,0.725,0.3888424038887024
0.4022058823529412,0.7259615384615384,0.3887438178062439
0.4051470588235294,0.7259615384615384,0.38679447770118713
0.4051470588235294,0.7278846153846154,0.3846498429775238
0.4073529411764706,0.7278846153846154,0.38357216119766235
0.4073529411764706,0.7288461538461538,0.38347840309143066
0.4102941176470588,0.7288461538461538,0.3804151117801666
0.4102941176470588,0.7298076923076923,0.3803670406341553
0.4117647058823529,0.7298076923076923,0.3796772062778473
0.4117647058823529,0.7326923076923076,0.3788239061832428
0.4147058823529412,0.7326923076923076,0.37829259037971497
0.4147058823529412,0.7336538461538461,0.377864271402359
0.41544117647058826,0.7336538461538461,0.3776925802230835
0.41544117647058826,0.7355769230769231,0.37735047936439514
0.4176470588235294,0.7355769230769231,0.37673449516296387
0.4176470588235294,0.7365384615384616,0.3763148784637451
0.41911764705882354,0.7365384615384616,0.3750768005847931
0.41911764705882354,0.7384615384615385,0.37378624081611633
0.42205882352941176,0.7384615384615385,0.37316885590553284
0.42205882352941176,0.739423076923077,0.3729839026927948
0.4235294117647059,0.739423076923077,0.37204816937446594
0.4235294117647059,0.7413461538461539,0.3714367151260376
0.4264705882352941,0.7413461538461539,0.3704083561897278
0.4264705882352941,0.7423076923076923,0.37006187438964844
0.42867647058823527,0.7423076923076923,0.3695221245288849
0.42867647058823527,0.7451923076923077,0.3688969612121582
0.4323529411764706,0.7451923076923077,0.366046667098999
0.4323529411764706,0.7471153846153846,0.36579084396362305
0.43308823529411766,0.7471153846153846,0.36553749442100525
0.43308823529411766,0.7490384615384615,0.36525988578796387
0.4338235294117647,0.7490384615384615,0.3648390471935272
0.4338235294117647,0.75,0.3647378981113434
0.4360294117647059,0.75,0.363247811794281
0.4360294117647059,0.7509615384615385,0.36322033405303955
0.43823529411764706,0.7509615384615385,0.36192506551742554
0.43823529411764706,0.7519230769230769,0.3615196645259857
0.4389705882352941,0.7519230769230769,0.36058613657951355
0.4389705882352941,0.7538461538461538,0.358962744474411
0.44191176470588234,0.7538461538461538,0.3582698702812195
0.44191176470588234,0.7586538461538461,0.35701221227645874
0.4426470588235294,0.7586538461538461,0.35563352704048157
0.4426470588235294,0.7596153846153846,0.3554267883300781
0.44338235294117645,0.7596153846153846,0.35513439774513245
0.44338235294117645,0.760576923076923,0.35481759905815125
0.44485294117647056,0.760576923076923,0.35421299934387207
0.44485294117647056,0.7615384615384615,0.35406649112701416
0.4514705882352941,0.7615384615384615,0.35096028447151184
0.4514705882352941,0.7625,0.35088711977005005
0.4536764705882353,0.7625,0.3498666286468506
0.4536764705882353,0.7634615384615384,0.3497903645038605
0.45588235294117646,0.7634615384615384,0.3494318127632141
0.45588235294117646,0.7653846153846153,0.3493123948574066
0.45955882352941174,0.7653846153846153,0.3476871848106384
0.45955882352941174,0.7663461538461539,0.3475033938884735
0.4602941176470588,0.7663461538461539,0.34659069776535034
0.4602941176470588,0.7673076923076924,0.34621232748031616
0.4610294117647059,0.7673076923076924,0.3461836576461792
0.4610294117647059,0.7682692307692308,0.3457932472229004
0.4632352941176471,0.7682692307692308,0.34550201892852783
0.4632352941176471,0.7692307692307693,0.3448530435562134
0.46544117647058825,0.7692307692307693,0.3439522683620453
0.46544117647058825,0.7701923076923077,0.3439522087574005
0.46691176470588236,0.7701923076923077,0.34352758526802063
0.46691176470588236,0.7730769230769231,0.3431072235107422
0.46911764705882353,0.7730769230769231,0.3428288698196411
0.46911764705882353,0.7740384615384616,0.3427782356739044
0.4698529411764706,0.7740384615384616,0.34277719259262085
0.4698529411764706,0.775,0.3426612913608551
0.4713235294117647,0.775,0.34242868423461914
0.4713235294117647,0.7759615384615385,0.3421778082847595
0.48161764705882354,0.7759615384615385,0.33830726146698
0.48161764705882354,0.7769230769230769,0.3381972014904022
0.4838235294117647,0.7769230769230769,0.33746543526649475
0.4838235294117647,0.7788461538461539,0.337027907371521
0.48823529411764705,0.7788461538461539,0.33551713824272156
0.48823529411764705,0.7798076923076923,0.33539435267448425
0.48970588235294116,0.7798076923076923,0.33527234196662903
0.48970588235294116,0.7817307692307692,0.3344196081161499
0.4933823529411765,0.7817307692307692,0.33329662680625916
0.4933823529411765,0.7826923076923077,0.3330519199371338
0.5007352941176471,0.7826923076923077,0.3303602337837219
0.5007352941176471,0.7836538461538461,0.3301684260368347
0.5014705882352941,0.7836538461538461,0.3300122022628784
0.5014705882352941,0.7846153846153846,0.3297889530658722
0.5029411764705882,0.7846153846153846,0.32969895005226135
0.5029411764705882,0.7855769230769231,0.3289184868335724
0.5080882352941176,0.7855769230769231,0.32662516832351685
0.5080882352941176,0.7865384615384615,0.32659032940864563
0.5139705882352941,0.7865384615384615,0.3255642056465149
0.5139705882352941,0.7875,0.3255231976509094
0.5147058823529411,0.7875,0.32548788189888
0.5147058823529411,0.7894230769230769,0.32451456785202026
0.5176470588235295,0.7894230769230769,0.323081374168396
0.5176470588235295,0.7903846153846154,0.3230389952659607
0.5220588235294118,0.7903846153846154,0.32186010479927063
0.5220588235294118,0.7913461538461538,0.32175925374031067
0.524264705882353,0.7913461538461538,0.3212447762489319
0.524264705882353,0.7932692307692307,0.3207645118236542
0.5257352941176471,0.7932692307692307,0.31987807154655457
0.5257352941176471,0.7942307692307692,0.31986284255981445
0.5279411764705882,0.7942307692307692,0.3188818693161011
0.5279411764705882,0.7951923076923076,0.31880226731300354
0.5301470588235294,0.7951923076923076,0.3180443048477173
0.5301470588235294,0.7961538461538461,0.31793901324272156
0.5330882352941176,0.7961538461538461,0.31709161400794983
0.5330882352941176,0.7971153846153847,0.3169342279434204
0.5338235294117647,0.7971153846153847,0.3168347477912903
0.5338235294117647,0.7990384615384616,0.3166791796684265
0.5345588235294118,0.7990384615384616,0.3165062963962555
0.5345588235294118,0.8009615384615385,0.31610649824142456
0.5367647058823529,0.8009615384615385,0.3152620196342468
0.5367647058823529,0.801923076923077,0.31470349431037903
0.538235294117647,0.801923076923077,0.3136199712753296
0.538235294117647,0.8028846153846154,0.31358602643013
0.5389705882352941,0.8028846153846154,0.31352096796035767
0.5389705882352941,0.8038461538461539,0.31261569261550903
0.5419117647058823,0.8038461538461539,0.31176596879959106
0.5419117647058823,0.8048076923076923,0.31149348616600037
0.5433823529411764,0.8048076923076923,0.3109113574028015
0.5433823529411764,0.8057692307692308,0.3108508884906769
0.5485294117647059,0.8057692307692308,0.30933186411857605
0.5485294117647059,0.8067307692307693,0.3083799183368683
0.55,0.8067307692307693,0.30809450149536133
0.55,0.8076923076923077,0.3079160451889038
0.5507352941176471,0.8076923076923077,0.3079153001308441
0.5507352941176471,0.8086538461538462,0.30770716071128845
0.5514705882352942,0.8086538461538462,0.3076830506324768
0.5514705882352942,0.8096153846153846,0.30653563141822815
0.5522058823529412,0.8096153846153846,0.3061550259590149
0.5522058823529412,0.8105769230769231,0.3060390055179596
0.5529411764705883,0.8105769230769231,0.3054494857788086
0.5529411764705883,0.8115384615384615,0.30534783005714417
0.5536764705882353,0.8115384615384615,0.3051757514476776
0.5536764705882353,0.8125,0.3048522472381592
0.5588235294117647,0.8125,0.30300959944725037
0.5588235294117647,0.8153846153846154,0.30237504839897156
0.5676470588235294,0.8153846153846154,0.30077847838401794
0.5676470588235294,0.8163461538461538,0.2999351918697357
0.575735294117647,0.8163461538461538,0.2969737648963928
0.575735294117647,0.8173076923076923,0.296828955411911
0.5772058823529411,0.8173076923076923,0.2966904640197754
0.5772058823529411,0.8182692307692307,0.296558141708374
0.5786764705882353,0.8182692307692307,0.2955544888973236
0.5786764705882353,0.8211538461538461,0.2947757840156555
0.5816176470588236,0.8211538461538461,0.29388096928596497
0.5816176470588236,0.8221153846153846,0.2937329113483429
0.5852941176470589,0.8221153846153846,0.29318714141845703
0.5852941176470589,0.825,0.292446494102478
0.5875,0.825,0.2917851507663727
0.5875,0.8259615384615384,0.29171252250671387
0.5897058823529412,0.8259615384615384,0.2905040979385376
0.5897058823529412,0.8269230769230769,0.29027819633483887
0.5911764705882353,0.8269230769230769,0.2899284362792969
0.5911764705882353,0.8278846153846153,0.28986096382141113
0.5963235294117647,0.8278846153846153,0.28840893507003784
0.5963235294117647,0.8288461538461539,0.2882882058620453
0.5970588235294118,0.8288461538461539,0.2876237630844116
0.5970588235294118,0.8298076923076924,0.2871018052101135
0.6066176470588235,0.8298076923076924,0.2842637598514557
0.6066176470588235,0.8317307692307693,0.2835626006126404
0.6102941176470589,0.8317307692307693,0.2827043831348419
0.6102941176470589,0.8336538461538462,0.28249868750572205
0.6132352941176471,0.8336538461538462,0.28207555413246155
0.6132352941176471,0.8346153846153846,0.28202110528945923
0.6154411764705883,0.8346153846153846,0.28126978874206543
0.6154411764705883,0.8355769230769231,0.28083348274230957
0.6169117647058824,0.8355769230769231,0.28035497665405273
0.6169117647058824,0.8365384615384616,0.28029513359069824
0.6183823529411765,0.8365384615384616,0.2799188494682312
0.6183823529411765,0.8375,0.2797774374485016
0.6198529411764706,0.8375,0.27924108505249023
0.6198529411764706,0.8394230769230769,0.27895617485046387
0.6213235294117647,0.8394230769230769,0.27878472208976746
0.6213235294117647,0.8403846153846154,0.27795255184173584
0.6242647058823529,0.8403846153846154,0.2769642770290375
0.6242647058823529,0.8413461538461539,0.27685537934303284
0.6257352941176471,0.8413461538461539,0.27666059136390686
0.6257352941176471,0.8423076923076923,0.2766275703907013
0.6264705882352941,0.8423076923076923,0.276412695646286
0.6264705882352941,0.8432692307692308,0.2761758863925934
0.6286764705882353,0.8432692307692308,0.27556657791137695
0.6286764705882353,0.8442307692307692,0.2754909098148346
0.6294117647058823,0.8442307692307692,0.27493342757225037
0.6294117647058823,0.8461538461538461,0.2745932340621948
0.6316176470588235,0.8461538461538461,0.27447813749313354
0.6316176470588235,0.8471153846153846,0.2744027078151703
0.6345588235294117,0.8471153846153846,0.27353790402412415
0.6345588235294117,0.8480769230769231,0.2734200060367584
0.6352941176470588,0.8480769230769231,0.273217111825943
0.6352941176470588,0.8490384615384615,0.2731674611568451
0.6360294117647058,0.8490384615384615,0.27285119891166687
0.6360294117647058,0.8509615384615384,0.2725827097892761
0.6404411764705882,0.8509615384615384,0.2713470757007599
0.6404411764705882,0.8519230769230769,0.27109694480895996
0.6411764705882353,0.8519230769230769,0.2704504430294037
0.6411764705882353,0.8538461538461538,0.2699454724788666
0.6419117647058824,0.8538461538461538,0.2692873179912567
0.6419117647058824,0.8548076923076923,0.26909953355789185
0.6441176470588236,0.8548076923076923,0.26900291442871094
0.6441176470588236,0.8557692307692307,0.26889872550964355
0.6470588235294118,0.8557692307692307,0.2680436670780182
0.6470588235294118,0.8586538461538461,0.26715195178985596
0.6477941176470589,0.8586538461538461,0.2670736610889435
0.6477941176470589,0.8596153846153847,0.2670455276966095
0.6485294117647059,0.8596153846153847,0.2668151557445526
0.6485294117647059,0.8615384615384616,0.26641273498535156
0.65,0.8615384615384616,0.26631268858909607
0.65,0.8625,0.2661542296409607
0.6507352941176471,0.8625,0.2659037709236145
0.6507352941176471,0.864423076923077,0.2654482126235962
0.6544117647058824,0.864423076923077,0.2645285725593567
0.6544117647058824,0.8653846153846154,0.2643749713897705
0.6551470588235294,0.8653846153846154,0.2637718617916107
0.6551470588235294,0.8673076923076923,0.26305830478668213
0.6588235294117647,0.8673076923076923,0.26188546419143677
0.6588235294117647,0.8682692307692308,0.2616848349571228
0.6595588235294118,0.8682692307692308,0.26166099309921265
0.6595588235294118,0.8692307692307693,0.2616056203842163
0.6610294117647059,0.8692307692307693,0.2614413797855377
0.6610294117647059,0.8701923076923077,0.2613726854324341
0.6617647058823529,0.8701923076923077,0.2613143026828766
0.6617647058823529,0.8711538461538462,0.2612857520580292
0.6625,0.8711538461538462,0.2609352469444275
0.6625,0.8721153846153846,0.26084354519844055
0.6639705882352941,0.8721153846153846,0.26005852222442627
0.6639705882352941,0.8759615384615385,0.25944986939430237
0.6654411764705882,0.8759615384615385,0.2589039206504822
0.6654411764705882,0.8778846153846154,0.2585444748401642
0.6676470588235294,0.8778846153846154,0.25690826773643494
0.6676470588235294,0.8788461538461538,0.25668883323669434
0.6691176470588235,0.8788461538461538,0.25629839301109314
0.6691176470588235,0.8807692307692307,0.2557760775089264
0.6705882352941176,0.8807692307692307,0.2553187608718872
0.6705882352941176,0.8817307692307692,0.25520196557044983
0.6720588235294118,0.8817307692307692,0.2546447217464447
0.6720588235294118,0.8836538461538461,0.2541796565055847
0.6735294117647059,0.8836538461538461,0.25363844633102417
0.6735294117647059,0.8846153846153846,0.25323399901390076
0.674264705882353,0.8846153846153846,0.2532317638397217
0.674264705882353,0.885576923076923,0.25300052762031555
0.6757352941176471,0.885576923076923,0.25253263115882874
0.6757352941176471,0.8865384615384615,0.25184550881385803
0.6764705882352942,0.8865384615384615,0.2514811158180237
0.6764705882352942,0.8884615384615384,0.25098371505737305
0.6772058823529412,0.8884615384615384,0.25093838572502136
0.6772058823529412,0.8923076923076924,0.25023096799850464
0.6779411764705883,0.8923076923076924,0.2497384399175644
0.6779411764705883,0.8932692307692308,0.24955958127975464
0.6801470588235294,0.8932692307692308,0.24911674857139587
0.6801470588235294,0.8942307692307693,0.2490108609199524
0.6830882352941177,0.8942307692307693,0.24614840745925903
0.6830882352941177,0.8971153846153846,0.24532219767570496
0.6867647058823529,0.8971153846153846,0.24311581254005432
0.6867647058823529,0.8980769230769231,0.2428881973028183
0.6889705882352941,0.8980769230769231,0.2420094758272171
0.6889705882352941,0.8990384615384616,0.24173504114151
0.6911764705882353,0.8990384615384616,0.24150773882865906
0.6911764705882353,0.9019230769230769,0.24093885719776154
0.6933823529411764,0.9019230769230769,0.23993998765945435
0.6933823529411764,0.9028846153846154,0.239876389503479
0.6955882352941176,0.9028846153846154,0.2385748326778412
0.6955882352941176,0.9038461538461539,0.23849718272686005
0.6970588235294117,0.9038461538461539,0.2371143251657486
0.6970588235294117,0.9057692307692308,0.23691926896572113
0.700735294117647,0.9057692307692308,0.23574338853359222
0.700735294117647,0.9067307692307692,0.23500393331050873
0.7014705882352941,0.9067307692307692,0.2350032478570938
0.7014705882352941,0.9076923076923077,0.23457373678684235
0.7036764705882353,0.9076923076923077,0.234199658036232
0.7036764705882353,0.9086538461538461,0.23418207466602325
0.7044117647058824,0.9086538461538461,0.2338290810585022
0.7044117647058824,0.9096153846153846,0.2336564064025879
0.7058823529411765,0.9096153846153846,0.2325303852558136
0.7058823529411765,0.9105769230769231,0.23190946877002716
0.7073529411764706,0.9105769230769231,0.2312271147966385
0.7073529411764706,0.9125,0.23042096197605133
0.7088235294117647,0.9125,0.22913701832294464
0.7088235294117647,0.9134615384615384,0.22899667918682098
0.7102941176470589,0.9134615384615384,0.22889070212841034
0.7102941176470589,0.9144230769230769,0.2286491096019745
0.7110294117647059,0.9144230769230769,0.22851909697055817
0.7110294117647059,0.9163461538461538,0.22806990146636963
0.711764705882353,0.9163461538461538,0.2277902215719223
0.711764705882353,0.9192307692307692,0.22702588140964508
0.7125,0.9192307692307692,0.22680318355560303
0.7125,0.9211538461538461,0.2266274094581604
0.7161764705882353,0.9211538461538461,0.22462090849876404
0.7161764705882353,0.9221153846153847,0.2245505303144455
0.7169117647058824,0.9221153846153847,0.22334221005439758
0.7169117647058824,0.9240384615384616,0.2229451984167099
0.7176470588235294,0.9240384615384616,0.22264617681503296
0.7176470588235294,0.925,0.22241485118865967
0.7198529411764706,0.925,0.21991346776485443
0.7198529411764706,0.9298076923076923,0.21858133375644684
0.7205882352941176,0.9298076923076923,0.21813395619392395
0.7205882352941176,0.9317307692307693,0.21805089712142944
0.7213235294117647,0.9317307692307693,0.2172841727733612
0.7213235294117647,0.9326923076923077,0.21722276508808136
0.7220588235294118,0.9326923076923077,0.2166758030653
0.7220588235294118,0.9355769230769231,0.21560217440128326
0.7227941176470588,0.9355769230769231,0.21519245207309723
0.7227941176470588,0.9365384615384615,0.21472741663455963
0.7235294117647059,0.9365384615384615,0.2138577103614807
0.7235294117647059,0.9403846153846154,0.21279770135879517
0.7242647058823529,0.9403846153846154,0.21272461116313934
0.7242647058823529,0.9423076923076923,0.21157556772232056
0.725735294117647,0.9423076923076923,0.21142368018627167
0.725735294117647,0.9432692307692307,0.21104376018047333
0.7294117647058823,0.9432692307692307,0.2097867876291275
0.7294117647058823,0.9451923076923077,0.20965752005577087
0.7301470588235294,0.9451923076923077,0.20964661240577698
0.7301470588235294,0.9461538461538461,0.20898771286010742
0.7316176470588235,0.9461538461538461,0.20860938727855682
0.7316176470588235,0.948076923076923,0.20839720964431763
0.7323529411764705,0.948076923076923,0.20803195238113403
0.7323529411764705,0.9490384615384615,0.20702454447746277
0.7330882352941176,0.9490384615384615,0.20690366625785828
0.7330882352941176,0.9509615384615384,0.2058119773864746
0.7338235294117647,0.9509615384615384,0.20577329397201538
0.7338235294117647,0.9538461538461539,0.20510336756706238
0.7382352941176471,0.9538461538461539,0.2037593573331833
0.7382352941176471,0.9567307692307693,0.20229558646678925
0.7397058823529412,0.9567307692307693,0.20144803822040558
0.7397058823529412,0.9576923076923077,0.20137536525726318
0.7404411764705883,0.9576923076923077,0.20126532018184662
0.7404411764705883,0.9586538461538462,0.20009350776672363
0.7426470588235294,0.9586538461538462,0.19780826568603516
0.7426470588235294,0.9605769230769231,0.1954551488161087
0.7448529411764706,0.9605769230769231,0.19440390169620514
0.7448529411764706,0.9615384615384616,0.19364872574806213
0.7492647058823529,0.9615384615384616,0.19240503013134003
0.7492647058823529,0.9625,0.19228540360927582
0.7514705882352941,0.9625,0.19104979932308197
0.7514705882352941,0.9634615384615385,0.1888943910598755
0.7536764705882353,0.9634615384615385,0.18512889742851257
0.7536764705882353,0.9644230769230769,0.18466751277446747
0.7566176470588235,0.9644230769230769,0.18315616250038147
0.7566176470588235,0.9663461538461539,0.18264849483966827
0.7602941176470588,0.9663461538461539,0.18104195594787598
0.7602941176470588,0.9682692307692308,0.1794593632221222
0.7625,0.9682692307692308,0.1767139732837677
0.7625,0.9721153846153846,0.17466145753860474
0.763235294117647,0.9721153846153846,0.17430342733860016
0.763235294117647,0.9730769230769231,0.17348653078079224
0.7639705882352941,0.9730769230769231,0.1730833798646927
0.7639705882352941,0.9740384615384615,0.1722029596567154
0.7647058823529411,0.9740384615384615,0.17203642427921295
0.7647058823529411,0.9769230769230769,0.1694210171699524
0.7654411764705882,0.9769230769230769,0.1688692718744278
0.7654411764705882,0.9778846153846154,0.1684642732143402
0.7926470588235294,0.9778846153846154,0.14218175411224365
0.7926470588235294,0.9788461538461538,0.14213956892490387
0.8036764705882353,0.9788461538461538,0.1375102698802948
0.8036764705882353,0.9798076923076923,0.13700060546398163
0.8095588235294118,0.9798076923076923,0.13395000994205475
0.8095588235294118,0.9807692307692307,0.1334003508090973
0.8455882352941176,0.9807692307692307,0.11524711549282074
0.8455882352941176,0.9817307692307692,0.11516235023736954
0.8558823529411764,0.9817307692307692,0.11073876917362213
0.8558823529411764,0.9826923076923076,0.11028534919023514
0.8816176470588235,0.9826923076923076,0.09547233581542969
0.8816176470588235,0.9836538461538461,0.09535232931375504
0.8860294117647058,0.9836538461538461,0.0938182920217514
0.8860294117647058,0.9846153846153847,0.0938078835606575
0.8875,0.9846153846153847,0.09338676184415817
0.8875,0.9875,0.09152770042419434
0.8919117647058824,0.9875,0.08885520696640015
0.8919117647058824,0.9884615384615385,0.08787782490253448
0.8933823529411765,0.9884615384615385,0.08736597746610641
0.8933823529411765,0.989423076923077,0.08681036531925201
0.8955882352941177,0.989423076923077,0.08643869310617447
0.8955882352941177,0.9913461538461539,0.08581779897212982
0.8970588235294118,0.9913461538461539,0.08522443473339081
0.8970588235294118,0.9923076923076923,0.08492765575647354
0.8977941176470589,0.9923076923076923,0.08400344103574753
0.8977941176470589,0.9932692307692308,0.0835399180650711
0.9088235294117647,0.9932692307692308,0.07972513884305954
0.9088235294117647,0.9942307692307693,0.07944504171609879
0.9125,0.9942307692307693,0.07880568504333496
0.9125,0.9951923076923077,0.07833941280841827
0.9147058823529411,0.9951923076923077,0.07804543524980545
0.9147058823529411,0.9961538461538462,0.07797805219888687
0.924264705882353,0.9961538461538462,0.0735471323132515
0.924264705882353,0.9971153846153846,0.07336030155420303
0.9257352941176471,0.9971153846153846,0.07293791323900223
0.9257352941176471,0.9980769230769231,0.07292744517326355
0.9360294117647059,0.9980769230769231,0.07017640769481659
0.9360294117647059,0.9990384615384615,0.0700250044465065
0.9625,0.9990384615384615,0.05750496685504913
0.9625,1.0,0.05746681988239288
1.0,1.0,0.015627184882760048
