FPR,TPR,Threshold
0.0,0.0,1.9966613054275513
0.0,0.0005263157894736842,0.9966613054275513
0.0,0.6094736842105263,0.7988353967666626
0.002,0.6094736842105263,0.7984606027603149
0.002,0.6436842105263157,0.7821630835533142
0.004,0.6436842105263157,0.7820153832435608
0.004,0.6447368421052632,0.7817136645317078
0.006,0.6447368421052632,0.7814803719520569
0.006,0.6463157894736842,0.7799068689346313
0.008,0.6463157894736842,0.7795292139053345
0.008,0.6489473684210526,0.7781644463539124
0.01,0.6489473684210526,0.778058648109436
0.01,0.6594736842105263,0.7745752334594727
0.012,0.6594736842105263,0.7744536995887756
0.012,0.6626315789473685,0.7727696299552917
0.014,0.6626315789473685,0.7727672457695007
0.014,0.6752631578947368,0.7631495594978333
0.018,0.6752631578947368,0.7619598507881165
0.018,0.7152631578947368,0.7320371270179749
0.022,0.7152631578947368,0.7310351729393005
0.022,0.7210526315789474,0.7267346978187561
0.024,0.7210526315789474,0.7264236807823181
0.024,0.7442105263157894,0.7080304026603699
0.026,0.7442105263157894,0.7080159187316895
0.026,0.7494736842105263,0.7031858563423157
0.028,0.7494736842105263,0.7025133371353149
0.028,0.7552631578947369,0.6967812776565552
0.03,0.7552631578947369,0.6966274380683899
0.03,0.7610526315789473,0.690437376499176
0.032,0.7610526315789473,0.6901993751525879
0.032,0.7647368421052632,0.6864278316497803
0.034,0.7647368421052632,0.6862169504165649
0.034,0.7678947368421053,0.6833776235580444
0.036,0.7678947368421053,0.6831539273262024
0.036,0.7784210526315789,0.6735642552375793
0.038,0.7784210526315789,0.6728560328483582
0.038,0.7842105263157895,0.6680320501327515
0.04,0.7842105263157895,0.6677659153938293
0.04,0.7863157894736842,0.6668801307678223
0.042,0.7863157894736842,0.6662279367446899
0.042,0.7878947368421053,0.6641196608543396
0.044,0.7878947368421053,0.664064347743988
0.044,0.7936842105263158,0.6591916084289551
0.046,0.7936842105263158,0.6591472029685974
0.046,0.7942105263157895,0.6587902307510376
0.048,0.7942105263157895,0.6586616635322571
0.048,0.7984210526315789,0.6517676711082458
0.05,0.7984210526315789,0.6513419151306152
0.05,0.8,0.6483044028282166
0.058,0.8,0.6459997892379761
0.058,0.8026315789473685,0.6433459520339966
0.06,0.8026315789473685,0.6429430246353149
0.06,0.8042105263157895,0.6411461234092712
0.062,0.8042105263157895,0.6405511498451233
0.062,0.8057894736842105,0.6393563151359558
0.064,0.8057894736842105,0.6388884782791138
0.064,0.8063157894736842,0.6383652091026306
0.066,0.8063157894736842,0.6381954550743103
0.066,0.8136842105263158,0.6299391984939575
0.07,0.8136842105263158,0.6283379197120667
0.07,0.8178947368421052,0.6246228814125061
0.072,0.8178947368421052,0.6232498288154602
0.072,0.8215789473684211,0.6194091439247131
0.076,0.8215789473684211,0.6172696352005005
0.076,0.8221052631578948,0.6167865991592407
0.078,0.8221052631578948,0.6148501038551331
0.078,0.8236842105263158,0.6117861866950989
0.08,0.8236842105263158,0.6102113127708435
0.08,0.8247368421052632,0.609584391117096
0.082,0.8247368421052632,0.6090449094772339
0.082,0.8257894736842105,0.6085813045501709
0.084,0.8257894736842105,0.6083693504333496
0.084,0.8268421052631579,0.6077055931091309
0.09,0.8268421052631579,0.6065274477005005
0.09,0.8305263157894737,0.6013043522834778
0.092,0.8305263157894737,0.6007500290870667
0.092,0.8352631578947368,0.588609516620636
0.094,0.8352631578947368,0.5880070328712463
0.094,0.8415789473684211,0.5772550702095032
0.096,0.8415789473684211,0.5768671631813049
0.096,0.8426315789473684,0.5763556957244873
0.098,0.8426315789473684,0.5759528279304504
0.098,0.8457894736842105,0.5671520233154297
0.1,0.8457894736842105,0.5667155981063843
0.1,0.8536842105263158,0.5434841513633728
0.102,0.8536842105263158,0.5420523285865784
0.102,0.8563157894736843,0.5335855484008789
0.104,0.8563157894736843,0.5333073139190674
0.104,0.8610526315789474,0.530867338180542
0.106,0.8610526315789474,0.5308161377906799
0.106,0.8631578947368421,0.5210187435150146
0.11,0.8631578947368421,0.5145435929298401
0.11,0.8642105263157894,0.5131603479385376
0.112,0.8642105263157894,0.5120061039924622
0.112,0.8657894736842106,0.5087453722953796
0.114,0.8657894736842106,0.5082812309265137
0.114,0.8673684210526316,0.5077292919158936
0.116,0.8673684210526316,0.5076697468757629
0.116,0.8757894736842106,0.49291929602622986
0.118,0.8757894736842106,0.49234357476234436
0.118,0.8768421052631579,0.48661574721336365
0.12,0.8768421052631579,0.4861413538455963
0.12,0.8847368421052632,0.4756534993648529
0.122,0.8847368421052632,0.47540658712387085
0.122,0.8905263157894737,0.4653375744819641
0.124,0.8905263157894737,0.4651067852973938
0.124,0.8994736842105263,0.4290262758731842
0.126,0.8994736842105263,0.4270951449871063
0.126,0.901578947368421,0.4195248484611511
0.128,0.901578947368421,0.41745665669441223
0.128,0.9021052631578947,0.4157004952430725
0.134,0.9021052631578947,0.4112629294395447
0.134,0.9026315789473685,0.41105878353118896
0.152,0.9026315789473685,0.3980790376663208
0.152,0.9031578947368422,0.39441585540771484
0.16,0.9031578947368422,0.3897329270839691
0.16,0.9036842105263158,0.3884486258029938
0.164,0.9036842105263158,0.3857390284538269
0.164,0.9042105263157895,0.38543257117271423
0.17,0.9042105263157895,0.3836153745651245
0.17,0.9063157894736842,0.3802286684513092
0.178,0.9063157894736842,0.37380072474479675
0.178,0.9068421052631579,0.3732892572879791
0.182,0.9068421052631579,0.37008965015411377
0.182,0.9073684210526316,0.36853253841400146
0.184,0.9073684210526316,0.36793676018714905
0.184,0.9078947368421053,0.36774617433547974
0.186,0.9078947368421053,0.36550372838974
0.186,0.9084210526315789,0.36404353380203247
0.19,0.9084210526315789,0.362754762172699
0.19,0.9089473684210526,0.36157798767089844
0.192,0.9089473684210526,0.36090925335884094
0.192,0.9094736842105263,0.3607851564884186
0.2,0.9094736842105263,0.35736292600631714
0.2,0.91,0.3572941720485687
0.202,0.91,0.3570222854614258
0.202,0.9105263157894737,0.3539261221885681
0.204,0.9105263157894737,0.35205328464508057
0.204,0.9110526315789473,0.3515774607658386
0.214,0.9110526315789473,0.3485487103462219
0.214,0.911578947368421,0.34816738963127136
0.218,0.911578947368421,0.3462229371070862
0.218,0.9126315789473685,0.3427657186985016
0.22,0.9126315789473685,0.3416806757450104
0.22,0.9142105263157895,0.3399827480316162
0.228,0.9142105263157895,0.33573299646377563
0.228,0.9168421052631579,0.3328556418418884
0.23,0.9168421052631579,0.3306487798690796
0.23,0.9173684210526316,0.32985690236091614
0.234,0.9173684210526316,0.3292715847492218
0.234,0.9184210526315789,0.3265736997127533
0.236,0.9184210526315789,0.3264855146408081
0.236,0.9205263157894736,0.32254481315612793
0.238,0.9205263157894736,0.32103803753852844
0.238,0.921578947368421,0.32056206464767456
0.24,0.921578947368421,0.32040730118751526
0.24,0.9226315789473685,0.3192010819911957
0.242,0.9226315789473685,0.3184027075767517
0.242,0.9231578947368421,0.3178164064884186
0.246,0.9231578947368421,0.3160960376262665
0.246,0.9242105263157895,0.3154527544975281
0.248,0.9242105263157895,0.31520316004753113
0.248,0.9247368421052632,0.3144780099391937
0.25,0.9247368421052632,0.3143162429332733
0.25,0.9263157894736842,0.31197410821914673
0.252,0.9263157894736842,0.3118566572666168
0.252,0.9278947368421052,0.3103693425655365
0.258,0.9278947368421052,0.30852168798446655
0.258,0.9284210526315789,0.30773574113845825
0.26,0.9284210526315789,0.30768951773643494
0.26,0.9289473684210526,0.3065565526485443
0.264,0.9289473684210526,0.3025779128074646
0.264,0.9294736842105263,0.3022378385066986
0.266,0.9294736842105263,0.30213209986686707
0.266,0.93,0.29984861612319946
0.268,0.93,0.2992464005947113
0.268,0.9310526315789474,0.2965766191482544
0.27,0.9310526315789474,0.2936640679836273
0.27,0.9321052631578948,0.29276859760284424
0.272,0.9321052631578948,0.2920953035354614
0.272,0.9326315789473684,0.2900277376174927
0.274,0.9326315789473684,0.2884676456451416
0.274,0.9336842105263158,0.2847134470939636
0.276,0.9336842105263158,0.2846633195877075
0.276,0.9342105263157895,0.2841263711452484
0.28,0.9342105263157895,0.28194865584373474
0.28,0.9352631578947368,0.2789561450481415
0.282,0.9352631578947368,0.2787700295448303
0.282,0.9357894736842105,0.27822721004486084
0.288,0.9357894736842105,0.2754531502723694
0.288,0.9363157894736842,0.27482903003692627
0.298,0.9363157894736842,0.2722373604774475
0.298,0.9368421052631579,0.2713167071342468
0.3,0.9368421052631579,0.2706274092197418
0.3,0.9373684210526316,0.2697422504425049
0.306,0.9373684210526316,0.2675592601299286
0.306,0.9389473684210526,0.26561102271080017
0.318,0.9389473684210526,0.2604730725288391
0.318,0.9405263157894737,0.25771552324295044
0.324,0.9405263157894737,0.24828685820102692
0.324,0.9410526315789474,0.24646517634391785
0.33,0.9410526315789474,0.24416020512580872
0.33,0.9431578947368421,0.23748444020748138
0.338,0.9431578947368421,0.2353445291519165
0.338,0.9442105263157895,0.2345832884311676
0.354,0.9442105263157895,0.22615014016628265
0.354,0.9447368421052632,0.22571103274822235
0.358,0.9447368421052632,0.22466109693050385
0.358,0.9463157894736842,0.22383761405944824
0.364,0.9463157894736842,0.22081506252288818
0.364,0.9468421052631579,0.2206871658563614
0.366,0.9468421052631579,0.21885091066360474
0.366,0.9473684210526315,0.21807986497879028
0.37,0.9473684210526315,0.21645554900169373
0.37,0.9484210526315789,0.2153661549091339
0.374,0.9484210526315789,0.2141609638929367
0.374,0.9489473684210527,0.21396231651306152
0.378,0.9489473684210527,0.21334362030029297
0.378,0.9494736842105264,0.21201521158218384
0.382,0.9494736842105264,0.21145033836364746
0.382,0.9510526315789474,0.20872151851654053
0.384,0.9510526315789474,0.20858342945575714
0.384,0.9515789473684211,0.20779824256896973
0.386,0.9515789473684211,0.20761390030384064
0.386,0.9521052631578948,0.207536518573761
0.388,0.9521052631578948,0.20739297568798065
0.388,0.9542105263157895,0.2036360204219818
0.392,0.9542105263157895,0.20175041258335114
0.392,0.9547368421052631,0.19864745438098907
0.394,0.9547368421052631,0.19819320738315582
0.394,0.9563157894736842,0.1974712759256363
0.402,0.9563157894736842,0.19380693137645721
0.402,0.9573684210526315,0.19356904923915863
0.404,0.9573684210526315,0.1928223818540573
0.404,0.958421052631579,0.1922377347946167
0.406,0.958421052631579,0.19189752638339996
0.406,0.9589473684210527,0.1899895817041397
0.408,0.9589473684210527,0.18944568932056427
0.408,0.9594736842105264,0.18856005370616913
0.416,0.9594736842105264,0.18466952443122864
0.416,0.96,0.18380416929721832
0.42,0.96,0.18336528539657593
0.42,0.9610526315789474,0.1804039031267166
0.428,0.9610526315789474,0.1790735274553299
0.428,0.9615789473684211,0.17902223765850067
0.432,0.9615789473684211,0.17774556577205658
0.432,0.9626315789473684,0.1761496663093567
0.434,0.9626315789473684,0.17491163313388824
0.434,0.9631578947368421,0.17364628612995148
0.44,0.9631578947368421,0.17184947431087494
0.44,0.9642105263157895,0.16952316462993622
0.446,0.9642105263157895,0.16766856610774994
0.446,0.9647368421052631,0.16657671332359314
0.452,0.9647368421052631,0.16538581252098083
0.452,0.9663157894736842,0.1617821902036667
0.466,0.9663157894736842,0.15785332024097443
0.466,0.966842105263158,0.15618136525154114
0.468,0.966842105263158,0.15597863495349884
0.468,0.968421052631579,0.1528044193983078
0.47,0.968421052631579,0.1525420993566513
0.47,0.9694736842105263,0.15162178874015808
0.478,0.9694736842105263,0.14956706762313843
0.478,0.9705263157894737,0.14845241606235504
0.49,0.9705263157894737,0.1431974172592163
0.49,0.9710526315789474,0.142961785197258
0.514,0.9710526315789474,0.134698748588562
0.514,0.9715789473684211,0.13387265801429749
0.518,0.9715789473684211,0.13299115002155304
0.518,0.9721052631578947,0.13134321570396423
0.522,0.9721052631578947,0.12947729229927063
0.522,0.9726315789473684,0.12943004071712494
0.53,0.9726315789473684,0.12523949146270752
0.53,0.9731578947368421,0.12513507902622223
0.556,0.9731578947368421,0.11834504455327988
0.556,0.9742105263157895,0.1176796555519104
0.57,0.9742105263157895,0.11211184412240982
0.57,0.9747368421052631,0.11024831235408783
0.576,0.9747368421052631,0.10914433002471924
0.576,0.9752631578947368,0.10863436013460159
0.586,0.9752631578947368,0.10727556049823761
0.586,0.9757894736842105,0.10619799047708511
0.602,0.9757894736842105,0.09975993633270264
0.602,0.9768421052631578,0.09819037467241287
0.634,0.9768421052631578,0.08741843700408936
0.634,0.9773684210526316,0.08675512671470642
0.636,0.9773684210526316,0.08672699332237244
0.636,0.9778947368421053,0.0865720734000206
0.642,0.9778947368421053,0.08428514748811722
0.642,0.9789473684210527,0.08316921442747116
0.646,0.9789473684210527,0.0821675956249237
0.646,0.9794736842105263,0.08186370879411697
0.656,0.9794736842105263,0.07931816577911377
0.656,0.98,0.07872436195611954
0.658,0.98,0.07850669324398041
0.658,0.9810526315789474,0.07710374891757965
0.66,0.9810526315789474,0.07550745457410812
0.66,0.9821052631578947,0.07515029609203339
0.674,0.9821052631578947,0.07226797938346863
0.674,0.9831578947368421,0.07194443792104721
0.678,0.9831578947368421,0.07158702611923218
0.678,0.9836842105263158,0.07107806950807571
0.686,0.9836842105263158,0.06528688222169876
0.686,0.9842105263157894,0.0651123970746994
0.688,0.9842105263157894,0.0628388449549675
0.688,0.9847368421052631,0.06192439794540405
0.692,0.9847368421052631,0.061162371188402176
0.692,0.9857894736842105,0.059770725667476654
0.698,0.9857894736842105,0.05753953009843826
0.698,0.9863157894736843,0.0566539391875267
0.704,0.9863157894736843,0.0560428723692894
0.704,0.9873684210526316,0.05510159581899643
0.708,0.9873684210526316,0.05415959656238556
0.708,0.988421052631579,0.053902849555015564
0.71,0.988421052631579,0.05291053652763367
0.71,0.9894736842105263,0.05125000327825546
0.734,0.9894736842105263,0.045852821320295334
0.734,0.99,0.045787837356328964
0.738,0.99,0.04506273195147514
0.738,0.9910526315789474,0.043914321810007095
0.792,0.9910526315789474,0.03378022834658623
0.792,0.991578947368421,0.03377404808998108
0.804,0.991578947368421,0.03111574612557888
0.804,0.9921052631578947,0.031039929017424583
0.814,0.9921052631578947,0.02944822795689106
0.814,0.9926315789473684,0.028560219332575798
0.83,0.9926315789473684,0.02507816255092621
0.83,0.9931578947368421,0.024672431871294975
0.838,0.9931578947368421,0.022030366584658623
0.838,0.9936842105263158,0.021945394575595856
0.852,0.9936842105263158,0.02079802006483078
0.852,0.9942105263157894,0.020300062373280525
0.86,0.9942105263157894,0.019207557663321495
0.86,0.9947368421052631,0.018906500190496445
0.886,0.9947368421052631,0.015915054827928543
0.886,0.9952631578947368,0.015716450288891792
0.898,0.9952631578947368,0.015445464290678501
0.898,0.9957894736842106,0.015343309380114079
0.904,0.9957894736842106,0.015032464638352394
0.904,0.9973684210526316,0.014450936578214169
0.906,0.9973684210526316,0.014226018451154232
0.906,0.9978947368421053,0.014217131771147251
0.912,0.9978947368421053,0.013837949372828007
0.912,0.998421052631579,0.013800463639199734
0.914,0.998421052631579,0.013796028681099415
0.914,0.9989473684210526,0.013794360682368279
0.93,0.9989473684210526,0.01307027880102396
0.93,0.9994736842105263,0.01292886957526207
0.954,0.9994736842105263,0.01173558458685875
0.954,1.0,0.01155239250510931
1.0,1.0,0.004775465000420809
