FPR,TPR,Threshold
0.0,0.0,1.9997981190681458
0.0,0.0002631578947368421,0.9997981190681458
0.0,0.015,0.9993003606796265
0.0,0.015526315789473685,0.9992944598197937
0.0,0.05578947368421053,0.9981396198272705
0.0,0.05631578947368421,0.998132050037384
0.0,0.18552631578947368,0.9894260168075562
0.0,0.18605263157894736,0.9894238114356995
0.0,0.21605263157894736,0.986352801322937
0.0,0.21657894736842107,0.9863066077232361
0.0,0.255,0.981667160987854
0.0,0.25552631578947366,0.9816634654998779
0.0,0.26842105263157895,0.9800305962562561
0.0,0.26894736842105266,0.9800274968147278
0.0,0.43394736842105264,0.9442784786224365
0.001,0.43394736842105264,0.9441741108894348
0.001,0.4905263157894737,0.9235986471176147
0.002,0.4905263157894737,0.9235493540763855
0.002,0.5207894736842106,0.9094631671905518
0.003,0.5207894736842106,0.9094627499580383
0.003,0.526578947368421,0.9072904586791992
0.004,0.526578947368421,0.9072670340538025
0.004,0.5397368421052632,0.9012234807014465
0.004,0.5402631578947369,0.9010362029075623
0.004,0.5447368421052632,0.8989757895469666
0.005,0.5447368421052632,0.8986642360687256
0.005,0.546578947368421,0.8971904516220093
0.006,0.546578947368421,0.8969839215278625
0.006,0.5507894736842105,0.8950752019882202
0.007,0.5507894736842105,0.8950697779655457
0.007,0.5531578947368421,0.8941435813903809
0.008,0.5531578947368421,0.8940196633338928
0.008,0.5573684210526316,0.8912177085876465
0.009,0.5573684210526316,0.8908975124359131
0.009,0.56,0.8900802135467529
0.01,0.56,0.8900393843650818
0.01,0.5686842105263158,0.8860783576965332
0.011,0.5686842105263158,0.8857331871986389
0.011,0.57,0.8854937553405762
0.012,0.57,0.8854594230651855
0.012,0.5755263157894737,0.8834520578384399
0.013,0.5755263157894737,0.8833262324333191
0.013,0.5913157894736842,0.8756998181343079
0.015,0.5913157894736842,0.8755165934562683
0.015,0.5915789473684211,0.875397801399231
0.016,0.5915789473684211,0.8752418756484985
0.016,0.5952631578947368,0.8740309476852417
0.017,0.5952631578947368,0.8739143013954163
0.017,0.5965789473684211,0.8732006549835205
0.018,0.5965789473684211,0.8730848431587219
0.018,0.6031578947368421,0.8703502416610718
0.019,0.6031578947368421,0.8702315092086792
0.019,0.6052631578947368,0.8686439990997314
0.02,0.6052631578947368,0.868433952331543
0.02,0.6176315789473684,0.8627691864967346
0.021,0.6176315789473684,0.8627573847770691
0.021,0.6189473684210526,0.8622977137565613
0.022,0.6189473684210526,0.862296998500824
0.022,0.6228947368421053,0.859421968460083
0.023,0.6228947368421053,0.8593624234199524
0.023,0.6260526315789474,0.8582273125648499
0.024,0.6260526315789474,0.8581673502922058
0.024,0.6286842105263157,0.8576900959014893
0.025,0.6286842105263157,0.8575523495674133
0.025,0.6339473684210526,0.8546751737594604
0.026,0.6339473684210526,0.8544745445251465
0.026,0.6360526315789473,0.8537939786911011
0.027,0.6360526315789473,0.8537129163742065
0.027,0.6363157894736842,0.853608250617981
0.028,0.6363157894736842,0.8532574772834778
0.028,0.638421052631579,0.8513777852058411
0.029,0.638421052631579,0.8511922955513
0.029,0.64,0.8500201106071472
0.03,0.64,0.8500163555145264
0.03,0.6447368421052632,0.8470120429992676
0.031,0.6447368421052632,0.8469709157943726
0.031,0.6534210526315789,0.840616762638092
0.032,0.6534210526315789,0.8405503034591675
0.032,0.6628947368421053,0.8349226713180542
0.033,0.6628947368421053,0.834755539894104
0.033,0.6634210526315789,0.8344452381134033
0.034,0.6634210526315789,0.8343949317932129
0.034,0.6639473684210526,0.8341666460037231
0.035,0.6639473684210526,0.8339102268218994
0.035,0.6707894736842105,0.8292428255081177
0.036,0.6707894736842105,0.8292102813720703
0.036,0.6773684210526316,0.825221061706543
0.037,0.6773684210526316,0.824900209903717
0.037,0.6826315789473684,0.821006715297699
0.038,0.6826315789473684,0.8208185434341431
0.038,0.6873684210526316,0.8169114589691162
0.039,0.6873684210526316,0.8163433074951172
0.039,0.6955263157894737,0.811208963394165
0.04,0.6955263157894737,0.8105948567390442
0.04,0.6957894736842105,0.8104534149169922
0.041,0.6957894736842105,0.8104214072227478
0.041,0.7060526315789474,0.8027437925338745
0.042,0.7060526315789474,0.8026430010795593
0.042,0.7092105263157895,0.8012861013412476
0.043,0.7092105263157895,0.8012372255325317
0.043,0.7231578947368421,0.7886046767234802
0.045,0.7231578947368421,0.7880256772041321
0.045,0.7268421052631578,0.7852500677108765
0.046,0.7268421052631578,0.7849641442298889
0.046,0.7423684210526316,0.7712355852127075
0.047,0.7423684210526316,0.7712037563323975
0.047,0.745,0.7681354284286499
0.048,0.745,0.7679784297943115
0.048,0.7660526315789473,0.7493539452552795
0.05,0.7660526315789473,0.7489324808120728
0.05,0.7686842105263157,0.7474050521850586
0.052,0.7686842105263157,0.746840238571167
0.052,0.7689473684210526,0.746053159236908
0.053,0.7689473684210526,0.745564341545105
0.053,0.7707894736842106,0.7441518902778625
0.054,0.7707894736842106,0.7440919876098633
0.054,0.7718421052631579,0.7435546517372131
0.056,0.7718421052631579,0.743265688419342
0.056,0.7734210526315789,0.7413840889930725
0.057,0.7734210526315789,0.74120032787323
0.057,0.776578947368421,0.737799346446991
0.058,0.776578947368421,0.7375457882881165
0.058,0.7771052631578947,0.7370527386665344
0.059,0.7771052631578947,0.7369329333305359
0.059,0.7789473684210526,0.7340763807296753
0.06,0.7789473684210526,0.733917236328125
0.06,0.7839473684210526,0.7295063138008118
0.061,0.7839473684210526,0.7293705940246582
0.061,0.7894736842105263,0.7238031029701233
0.062,0.7894736842105263,0.7236840128898621
0.062,0.7947368421052632,0.7170047163963318
0.063,0.7947368421052632,0.7166380286216736
0.063,0.8005263157894736,0.7080061435699463
0.065,0.8005263157894736,0.7078787684440613
0.065,0.8013157894736842,0.706368088722229
0.066,0.8013157894736842,0.7062016725540161
0.066,0.8044736842105263,0.7029125690460205
0.067,0.8044736842105263,0.7017717361450195
0.067,0.8065789473684211,0.6974683403968811
0.068,0.8065789473684211,0.6971083283424377
0.068,0.8097368421052632,0.6937642693519592
0.069,0.8097368421052632,0.6936700344085693
0.069,0.8105263157894737,0.693200945854187
0.07,0.8105263157894737,0.6928722262382507
0.07,0.8121052631578948,0.6921724677085876
0.072,0.8121052631578948,0.6908614039421082
0.072,0.8155263157894737,0.6863935589790344
0.074,0.8155263157894737,0.6856755018234253
0.074,0.8173684210526316,0.6829991936683655
0.075,0.8173684210526316,0.6819815039634705
0.075,0.8176315789473684,0.6813730001449585
0.076,0.8176315789473684,0.68044114112854
0.076,0.8218421052631579,0.6738463044166565
0.077,0.8218421052631579,0.6737855076789856
0.077,0.8223684210526315,0.6730939149856567
0.078,0.8223684210526315,0.6730066537857056
0.078,0.8257894736842105,0.6688165068626404
0.08,0.8257894736842105,0.667688250541687
0.08,0.8321052631578948,0.656348466873169
0.081,0.8321052631578948,0.6548190712928772
0.081,0.8342105263157895,0.6527565121650696
0.082,0.8342105263157895,0.6521049737930298
0.082,0.8344736842105264,0.6517546772956848
0.083,0.8344736842105264,0.6511071920394897
0.083,0.8386842105263158,0.6441527605056763
0.084,0.8386842105263158,0.6439317464828491
0.084,0.8447368421052631,0.6329770684242249
0.085,0.8447368421052631,0.6317504048347473
0.085,0.8455263157894737,0.6306946277618408
0.086,0.8455263157894737,0.6305684447288513
0.086,0.8457894736842105,0.629029393196106
0.087,0.8457894736842105,0.6286713480949402
0.087,0.8465789473684211,0.6280727982521057
0.088,0.8465789473684211,0.6278356313705444
0.088,0.8481578947368421,0.6240507960319519
0.089,0.8481578947368421,0.6239378452301025
0.089,0.848421052631579,0.6221736073493958
0.09,0.848421052631579,0.6211258172988892
0.09,0.8492105263157895,0.6186457276344299
0.091,0.8492105263157895,0.6186177730560303
0.091,0.8507894736842105,0.6148936748504639
0.093,0.8507894736842105,0.613545835018158
0.093,0.8515789473684211,0.6127781271934509
0.094,0.8515789473684211,0.6126761436462402
0.094,0.8576315789473684,0.6010996699333191
0.095,0.8576315789473684,0.6005191206932068
0.095,0.8597368421052631,0.596194863319397
0.096,0.8597368421052631,0.5960965752601624
0.096,0.8628947368421053,0.5888214111328125
0.097,0.8628947368421053,0.5877853035926819
0.097,0.8636842105263158,0.5855971574783325
0.098,0.8636842105263158,0.5850984454154968
0.098,0.8681578947368421,0.5783651471138
0.099,0.8681578947368421,0.5755642652511597
0.099,0.8689473684210526,0.5748150944709778
0.1,0.8689473684210526,0.5746647715568542
0.1,0.8728947368421053,0.5691537857055664
0.101,0.8728947368421053,0.5686913728713989
0.101,0.873421052631579,0.5683895945549011
0.102,0.873421052631579,0.56800776720047
0.102,0.8739473684210526,0.5675027966499329
0.103,0.8739473684210526,0.5665287375450134
0.103,0.8757894736842106,0.5636155009269714
0.105,0.8757894736842106,0.5627584457397461
0.105,0.8776315789473684,0.558870792388916
0.107,0.8776315789473684,0.5574905276298523
0.107,0.8797368421052632,0.553716242313385
0.108,0.8797368421052632,0.5527203679084778
0.108,0.8810526315789474,0.5503420233726501
0.11,0.8810526315789474,0.5501114726066589
0.11,0.8855263157894737,0.5421867370605469
0.112,0.8855263157894737,0.5421397686004639
0.112,0.8871052631578947,0.5397560596466064
0.117,0.8871052631578947,0.5360550880432129
0.117,0.8897368421052632,0.5301539897918701
0.118,0.8897368421052632,0.5292229652404785
0.118,0.89,0.5287765264511108
0.119,0.89,0.5278513431549072
0.119,0.8902631578947369,0.5273985266685486
0.12,0.8902631578947369,0.5270552039146423
0.12,0.8905263157894737,0.5262102484703064
0.121,0.8905263157894737,0.5251403450965881
0.121,0.8928947368421053,0.5194253921508789
0.122,0.8928947368421053,0.5190985798835754
0.122,0.8942105263157895,0.5125837326049805
0.124,0.8942105263157895,0.5123603343963623
0.124,0.8957894736842106,0.5076690912246704
0.125,0.8957894736842106,0.5075494647026062
0.125,0.8960526315789473,0.506478488445282
0.126,0.8960526315789473,0.5058763027191162
0.126,0.8971052631578947,0.5013293623924255
0.127,0.8971052631578947,0.5006144046783447
0.127,0.9002631578947369,0.48574528098106384
0.128,0.9002631578947369,0.48419395089149475
0.128,0.9007894736842105,0.4806605875492096
0.129,0.9007894736842105,0.479963481426239
0.129,0.9010526315789473,0.4798138737678528
0.13,0.9010526315789473,0.47822117805480957
0.13,0.901578947368421,0.4773006737232208
0.131,0.901578947368421,0.477125883102417
0.131,0.9023684210526316,0.4741436243057251
0.132,0.9023684210526316,0.47403430938720703
0.132,0.9042105263157895,0.47029390931129456
0.133,0.9042105263157895,0.47015994787216187
0.133,0.9047368421052632,0.4679866433143616
0.134,0.9047368421052632,0.46764257550239563
0.134,0.905,0.46752190589904785
0.135,0.905,0.4671112596988678
0.135,0.9055263157894737,0.46611571311950684
0.137,0.9055263157894737,0.46469926834106445
0.137,0.9060526315789473,0.46365031599998474
0.138,0.9060526315789473,0.461600124835968
0.138,0.9063157894736842,0.45969539880752563
0.14,0.9063157894736842,0.4579094648361206
0.14,0.9071052631578947,0.45635461807250977
0.142,0.9071052631578947,0.4534921944141388
0.142,0.9110526315789473,0.44370296597480774
0.143,0.9110526315789473,0.44280537962913513
0.143,0.9113157894736842,0.44206342101097107
0.146,0.9113157894736842,0.4392748475074768
0.146,0.911578947368421,0.4383465349674225
0.147,0.911578947368421,0.4367869198322296
0.147,0.9131578947368421,0.4289294183254242
0.148,0.9131578947368421,0.42872878909111023
0.148,0.9136842105263158,0.4277670979499817
0.153,0.9136842105263158,0.41889992356300354
0.153,0.9142105263157895,0.4129541218280792
0.155,0.9142105263157895,0.41033637523651123
0.155,0.9144736842105263,0.40992671251296997
0.156,0.9144736842105263,0.4061911702156067
0.156,0.9152631578947369,0.4007941484451294
0.158,0.9152631578947369,0.4004462957382202
0.158,0.9155263157894736,0.3973173201084137
0.161,0.9155263157894736,0.3957464098930359
0.161,0.9163157894736842,0.3902831971645355
0.162,0.9163157894736842,0.3890822231769562
0.162,0.9168421052631579,0.38484987616539
0.165,0.9168421052631579,0.38304805755615234
0.165,0.9181578947368421,0.37851688265800476
0.172,0.9181578947368421,0.3686554729938507
0.172,0.9189473684210526,0.36237961053848267
0.176,0.9189473684210526,0.361085444688797
0.176,0.9197368421052632,0.35940584540367126
0.177,0.9197368421052632,0.3576471507549286
0.177,0.92,0.3573780059814453
0.183,0.92,0.3519892692565918
0.183,0.9205263157894736,0.3509875535964966
0.188,0.9205263157894736,0.35003340244293213
0.188,0.9207894736842105,0.34992340207099915
0.19,0.9207894736842105,0.34738534688949585
0.19,0.9210526315789473,0.34718501567840576
0.191,0.9210526315789473,0.3453701436519623
0.191,0.9221052631578948,0.34335553646087646
0.194,0.9221052631578948,0.34099483489990234
0.194,0.9231578947368421,0.33697766065597534
0.195,0.9231578947368421,0.3365904986858368
0.195,0.9234210526315789,0.33607953786849976
0.201,0.9234210526315789,0.3325652480125427
0.201,0.9236842105263158,0.33183929324150085
0.21,0.9236842105263158,0.32628580927848816
0.21,0.9242105263157895,0.3257482945919037
0.212,0.9242105263157895,0.32560357451438904
0.212,0.9244736842105263,0.3252917528152466
0.215,0.9244736842105263,0.32185545563697815
0.215,0.9255263157894736,0.3186348080635071
0.218,0.9255263157894736,0.3172335624694824
0.218,0.9260526315789473,0.31687691807746887
0.22,0.9260526315789473,0.31515833735466003
0.22,0.9268421052631579,0.31448420882225037
0.221,0.9268421052631579,0.31358224153518677
0.221,0.9278947368421052,0.31175199151039124
0.222,0.9278947368421052,0.31070181727409363
0.222,0.9281578947368421,0.3106966018676758
0.227,0.9281578947368421,0.3040854036808014
0.227,0.9284210526315789,0.30404120683670044
0.228,0.9284210526315789,0.30347758531570435
0.228,0.9292105263157895,0.3016051650047302
0.23,0.9292105263157895,0.30086061358451843
0.23,0.9294736842105263,0.2996255159378052
0.231,0.9294736842105263,0.2991584837436676
0.231,0.9302631578947368,0.29714277386665344
0.232,0.9302631578947368,0.29638412594795227
0.232,0.9305263157894736,0.29625946283340454
0.234,0.9305263157894736,0.2957296669483185
0.234,0.9307894736842105,0.29461053013801575
0.235,0.9307894736842105,0.29446858167648315
0.235,0.9310526315789474,0.294273316860199
0.238,0.9310526315789474,0.29301831126213074
0.238,0.9313157894736842,0.29062843322753906
0.239,0.9313157894736842,0.2905655801296234
0.239,0.9318421052631579,0.28968706727027893
0.242,0.9318421052631579,0.28893280029296875
0.242,0.9321052631578948,0.28864097595214844
0.243,0.9321052631578948,0.2879243493080139
0.243,0.9323684210526316,0.2873835265636444
0.244,0.9323684210526316,0.2871750593185425
0.244,0.9326315789473684,0.2862076163291931
0.245,0.9326315789473684,0.2853964567184448
0.245,0.9328947368421052,0.28531700372695923
0.246,0.9328947368421052,0.28482675552368164
0.246,0.9331578947368421,0.28439861536026
0.248,0.9331578947368421,0.2840757966041565
0.248,0.9334210526315789,0.2835777997970581
0.249,0.9334210526315789,0.2824607491493225
0.249,0.9336842105263158,0.28241097927093506
0.25,0.9336842105263158,0.2820979058742523
0.25,0.9339473684210526,0.28184711933135986
0.251,0.9339473684210526,0.28171736001968384
0.251,0.9342105263157895,0.28138795495033264
0.254,0.9342105263157895,0.2777077853679657
0.254,0.9344736842105263,0.27657055854797363
0.255,0.9344736842105263,0.27648308873176575
0.255,0.9347368421052632,0.2760373055934906
0.26,0.9347368421052632,0.2715217173099518
0.26,0.9352631578947368,0.2693198025226593
0.261,0.9352631578947368,0.2692094147205353
0.261,0.9360526315789474,0.26721686124801636
0.262,0.9360526315789474,0.2670307159423828
0.262,0.9368421052631579,0.2651984393596649
0.263,0.9368421052631579,0.26280805468559265
0.263,0.9373684210526316,0.26040881872177124
0.264,0.9373684210526316,0.2597585916519165
0.264,0.9384210526315789,0.2585342824459076
0.265,0.9384210526315789,0.2584591507911682
0.265,0.9386842105263158,0.2584265470504761
0.266,0.9386842105263158,0.257475882768631
0.266,0.9389473684210526,0.2570456266403198
0.268,0.9389473684210526,0.2565716505050659
0.268,0.9410526315789474,0.24832238256931305
0.269,0.9410526315789474,0.24776792526245117
0.269,0.9418421052631579,0.2450159192085266
0.271,0.9418421052631579,0.24407778680324554
0.271,0.9426315789473684,0.24176934361457825
0.273,0.9426315789473684,0.24157929420471191
0.273,0.9428947368421052,0.24118351936340332
0.274,0.9428947368421052,0.24071602523326874
0.274,0.9434210526315789,0.23992304503917694
0.275,0.9434210526315789,0.2392522245645523
0.275,0.9436842105263158,0.2392052263021469
0.276,0.9436842105263158,0.23903299868106842
0.276,0.9439473684210526,0.2385714054107666
0.277,0.9439473684210526,0.23829106986522675
0.277,0.9442105263157895,0.23752732574939728
0.278,0.9442105263157895,0.23632214963436127
0.278,0.945,0.23520834743976593
0.283,0.945,0.23409737646579742
0.283,0.9455263157894737,0.23266839981079102
0.285,0.9455263157894737,0.2320602387189865
0.285,0.9460526315789474,0.23185503482818604
0.286,0.9460526315789474,0.23183715343475342
0.286,0.9463157894736842,0.23079870641231537
0.289,0.9463157894736842,0.22973203659057617
0.289,0.9465789473684211,0.22951002418994904
0.29,0.9465789473684211,0.22944745421409607
0.29,0.9468421052631579,0.2290560007095337
0.292,0.9468421052631579,0.22831372916698456
0.292,0.9471052631578948,0.22795790433883667
0.295,0.9471052631578948,0.2269848734140396
0.295,0.9473684210526315,0.22624260187149048
0.296,0.9473684210526315,0.2257135808467865
0.296,0.9478947368421052,0.2250673621892929
0.297,0.9478947368421052,0.2240782529115677
0.297,0.9481578947368421,0.2237338274717331
0.3,0.9481578947368421,0.222792387008667
0.3,0.9494736842105264,0.2197192758321762
0.301,0.9494736842105264,0.21956267952919006
0.301,0.9507894736842105,0.21845778822898865
0.302,0.9507894736842105,0.2181089222431183
0.302,0.9515789473684211,0.2162870466709137
0.303,0.9515789473684211,0.21596096456050873
0.303,0.9521052631578948,0.21558775007724762
0.304,0.9521052631578948,0.21529729664325714
0.304,0.9523684210526315,0.21485725045204163
0.305,0.9523684210526315,0.21443723142147064
0.305,0.9531578947368421,0.21390238404273987
0.306,0.9531578947368421,0.21321994066238403
0.306,0.9536842105263158,0.21262770891189575
0.307,0.9536842105263158,0.21259333193302155
0.307,0.9544736842105264,0.21215888857841492
0.308,0.9544736842105264,0.21199873089790344
0.308,0.9547368421052631,0.21197129786014557
0.31,0.9547368421052631,0.2114614099264145
0.31,0.955,0.21063192188739777
0.312,0.955,0.209604412317276
0.312,0.9552631578947368,0.2094961553812027
0.318,0.9552631578947368,0.20734629034996033
0.318,0.9560526315789474,0.20641113817691803
0.32,0.9560526315789474,0.20565594732761383
0.32,0.9563157894736842,0.20557458698749542
0.321,0.9563157894736842,0.20481903851032257
0.321,0.9568421052631579,0.20413556694984436
0.322,0.9568421052631579,0.2028486728668213
0.322,0.9578947368421052,0.20163509249687195
0.326,0.9578947368421052,0.2004813849925995
0.326,0.9581578947368421,0.20036466419696808
0.334,0.9581578947368421,0.1971389204263687
0.334,0.958421052631579,0.1970156580209732
0.336,0.958421052631579,0.19571439921855927
0.336,0.9586842105263158,0.1953645497560501
0.338,0.9586842105263158,0.19464446604251862
0.338,0.9589473684210527,0.19402749836444855
0.341,0.9589473684210527,0.19301190972328186
0.341,0.96,0.19253867864608765
0.342,0.96,0.19239303469657898
0.342,0.9607894736842105,0.19074822962284088
0.344,0.9607894736842105,0.18953947722911835
0.344,0.9623684210526315,0.18677778542041779
0.346,0.9623684210526315,0.18632900714874268
0.346,0.9626315789473684,0.1850939840078354
0.348,0.9626315789473684,0.18405868113040924
0.348,0.9631578947368421,0.18286290764808655
0.357,0.9631578947368421,0.17756272852420807
0.357,0.963421052631579,0.1775549352169037
0.36,0.963421052631579,0.17654775083065033
0.36,0.9636842105263158,0.17617546021938324
0.361,0.9636842105263158,0.17535533010959625
0.361,0.9642105263157895,0.17530891299247742
0.366,0.9642105263157895,0.1732819825410843
0.366,0.9647368421052631,0.1730945110321045
0.367,0.9647368421052631,0.1727588027715683
0.367,0.965,0.17273904383182526
0.37,0.965,0.17050115764141083
0.37,0.9652631578947368,0.1703723967075348
0.371,0.9652631578947368,0.170198455452919
0.371,0.9655263157894737,0.16984349489212036
0.373,0.9655263157894737,0.16971172392368317
0.373,0.9657894736842105,0.16917048394680023
0.374,0.9657894736842105,0.16911929845809937
0.374,0.9660526315789474,0.16875673830509186
0.376,0.9660526315789474,0.16832108795642853
0.376,0.9673684210526315,0.16623538732528687
0.378,0.9673684210526315,0.1653173267841339
0.378,0.9676315789473684,0.16272342205047607
0.379,0.9676315789473684,0.162660151720047
0.379,0.9678947368421053,0.16231809556484222
0.38,0.9678947368421053,0.16217485070228577
0.38,0.9681578947368421,0.16197627782821655
0.382,0.9681578947368421,0.16086074709892273
0.382,0.9686842105263158,0.15999990701675415
0.383,0.9686842105263158,0.15941722691059113
0.383,0.9689473684210527,0.1585819274187088
0.386,0.9689473684210527,0.15758052468299866
0.386,0.9697368421052631,0.1570955067873001
0.392,0.9697368421052631,0.15449455380439758
0.392,0.9705263157894737,0.1533527970314026
0.395,0.9705263157894737,0.15302599966526031
0.395,0.9707894736842105,0.15242670476436615
0.398,0.9707894736842105,0.15096396207809448
0.398,0.9710526315789474,0.1505318284034729
0.402,0.9710526315789474,0.14912043511867523
0.402,0.9723684210526315,0.14797759056091309
0.407,0.9723684210526315,0.146953746676445
0.407,0.9731578947368421,0.1459142118692398
0.408,0.9731578947368421,0.1457303911447525
0.408,0.9736842105263158,0.14504945278167725
0.413,0.9736842105263158,0.1445094645023346
0.413,0.9742105263157895,0.14379854500293732
0.414,0.9742105263157895,0.1434316784143448
0.414,0.9744736842105263,0.14305689930915833
0.415,0.9744736842105263,0.14285625517368317
0.415,0.9747368421052631,0.14283490180969238
0.418,0.9747368421052631,0.14217108488082886
0.418,0.975,0.1418503075838089
0.419,0.975,0.14159801602363586
0.419,0.9757894736842105,0.14060035347938538
0.423,0.9757894736842105,0.13918788731098175
0.423,0.9763157894736842,0.13902407884597778
0.424,0.9763157894736842,0.13878987729549408
0.424,0.9765789473684211,0.13877244293689728
0.426,0.9765789473684211,0.13825498521327972
0.426,0.9768421052631578,0.13777320086956024
0.428,0.9768421052631578,0.1375291794538498
0.428,0.9773684210526316,0.1372680515050888
0.431,0.9773684210526316,0.1364663690328598
0.431,0.9776315789473684,0.13622185587882996
0.432,0.9776315789473684,0.135491281747818
0.432,0.9778947368421053,0.13542424142360687
0.437,0.9778947368421053,0.13492830097675323
0.437,0.978421052631579,0.13458941876888275
0.439,0.978421052631579,0.1339629590511322
0.439,0.9786842105263158,0.1338217705488205
0.441,0.9786842105263158,0.13362984359264374
0.441,0.9792105263157894,0.13296936452388763
0.442,0.9792105263157894,0.13296037912368774
0.442,0.9794736842105263,0.13294655084609985
0.445,0.9794736842105263,0.1309107542037964
0.445,0.9797368421052631,0.13083045184612274
0.446,0.9797368421052631,0.1307917833328247
0.446,0.98,0.1306695193052292
0.447,0.98,0.13055360317230225
0.447,0.9802631578947368,0.13025237619876862
0.453,0.9802631578947368,0.1291234791278839
0.453,0.9805263157894737,0.12901335954666138
0.455,0.9805263157894737,0.1281137466430664
0.455,0.9807894736842105,0.1279955357313156
0.457,0.9807894736842105,0.12758052349090576
0.457,0.9810526315789474,0.12747938930988312
0.459,0.9810526315789474,0.12742295861244202
0.459,0.9815789473684211,0.12692682445049286
0.461,0.9815789473684211,0.1268213391304016
0.461,0.9821052631578947,0.12662625312805176
0.471,0.9821052631578947,0.12391813099384308
0.471,0.9828947368421053,0.12284932285547256
0.474,0.9828947368421053,0.12257286161184311
0.474,0.9831578947368421,0.12249553948640823
0.478,0.9831578947368421,0.1210012212395668
0.478,0.9839473684210527,0.12085339426994324
0.479,0.9839473684210527,0.12068334966897964
0.479,0.9842105263157894,0.12036098539829254
0.48,0.9842105263157894,0.12032358348369598
0.48,0.9847368421052631,0.11983267962932587
0.481,0.9847368421052631,0.11957915872335434
0.481,0.985,0.11947755515575409
0.482,0.985,0.11946231126785278
0.482,0.9855263157894737,0.1191495954990387
0.488,0.9855263157894737,0.11805251985788345
0.488,0.9860526315789474,0.11778124421834946
0.489,0.9860526315789474,0.1176198348402977
0.489,0.9863157894736843,0.11734666675329208
0.491,0.9863157894736843,0.11683785170316696
0.491,0.9871052631578947,0.11652643978595734
0.493,0.9871052631578947,0.11575845628976822
0.493,0.9889473684210527,0.11403187364339828
0.498,0.9889473684210527,0.1132960394024849
0.498,0.9892105263157894,0.11283821612596512
0.499,0.9892105263157894,0.11266917735338211
0.499,0.9894736842105263,0.11258609592914581
0.502,0.9894736842105263,0.11203781515359879
0.502,0.9897368421052631,0.11162695288658142
0.504,0.9897368421052631,0.11121243238449097
0.504,0.9902631578947368,0.11119715124368668
0.505,0.9902631578947368,0.11101147532463074
0.505,0.9905263157894737,0.11053841561079025
0.507,0.9905263157894737,0.1104692593216896
0.507,0.9907894736842106,0.11029580235481262
0.514,0.9907894736842106,0.10835683345794678
0.514,0.991578947368421,0.10812689363956451
0.519,0.991578947368421,0.1076844111084938
0.519,0.9918421052631579,0.10762616991996765
0.521,0.9918421052631579,0.10711729526519775
0.521,0.9921052631578947,0.10706298798322678
0.527,0.9921052631578947,0.10651496052742004
0.527,0.9926315789473684,0.10642330348491669
0.53,0.9926315789473684,0.10590686649084091
0.53,0.9928947368421053,0.10582607984542847
0.531,0.9928947368421053,0.10568275302648544
0.531,0.9931578947368421,0.10558959096670151
0.534,0.9931578947368421,0.10518919676542282
0.534,0.993421052631579,0.10494837909936905
0.536,0.993421052631579,0.10442657768726349
0.536,0.9936842105263158,0.10436800867319107
0.544,0.9936842105263158,0.10354311019182205
0.544,0.9939473684210526,0.10353434085845947
0.553,0.9939473684210526,0.10171959549188614
0.553,0.9942105263157894,0.10164402425289154
0.555,0.9942105263157894,0.1011672094464302
0.555,0.9944736842105263,0.1010831817984581
0.558,0.9944736842105263,0.09999306499958038
0.558,0.9947368421052631,0.09967369586229324
0.559,0.9947368421052631,0.09936857223510742
0.559,0.9952631578947368,0.09925936162471771
0.56,0.9952631578947368,0.0990450382232666
0.56,0.9955263157894737,0.0990225225687027
0.565,0.9955263157894737,0.09834584593772888
0.565,0.9957894736842106,0.09809945523738861
0.569,0.9957894736842106,0.09730251878499985
0.569,0.9963157894736843,0.0970626100897789
0.571,0.9963157894736843,0.0969407930970192
0.571,0.996578947368421,0.09692977368831635
0.574,0.996578947368421,0.09569580107927322
0.574,0.9968421052631579,0.09555300325155258
0.578,0.9968421052631579,0.0945959985256195
0.578,0.9973684210526316,0.09414581209421158
0.579,0.9973684210526316,0.09355173259973526
0.579,0.9976315789473684,0.0932711511850357
0.582,0.9976315789473684,0.09190357476472855
0.582,0.998421052631579,0.09147309511899948
0.587,0.998421052631579,0.08925501257181168
0.587,0.9986842105263158,0.0891057625412941
0.598,0.9986842105263158,0.08594782650470734
0.598,0.9989473684210526,0.0857514813542366
0.601,0.9989473684210526,0.08304913341999054
0.601,0.9994736842105263,0.08260200917720795
0.618,0.9994736842105263,0.07642130553722382
0.618,1.0,0.07634297758340836
1.0,1.0,0.0015343205304816365
