FPR,TPR,Threshold
0.0,0.0,1.9645332098007202
0.0,0.0009615384615384616,0.9645332098007202
0.0,0.027884615384615386,0.9344863295555115
0.0007352941176470588,0.027884615384615386,0.9315398931503296
0.0007352941176470588,0.03173076923076923,0.9272971153259277
0.0022058823529411764,0.03173076923076923,0.926659345626831
0.0022058823529411764,0.03365384615384615,0.926172137260437
0.0029411764705882353,0.03365384615384615,0.9260038733482361
0.0029411764705882353,0.0375,0.924904465675354
0.003676470588235294,0.0375,0.9248605370521545
0.003676470588235294,0.038461538461538464,0.9244113564491272
0.004411764705882353,0.038461538461538464,0.9243859052658081
0.004411764705882353,0.04326923076923077,0.9226902723312378
0.005147058823529412,0.04326923076923077,0.9226112961769104
0.005147058823529412,0.046153846153846156,0.9220809936523438
0.0058823529411764705,0.046153846153846156,0.9220242500305176
0.0058823529411764705,0.05576923076923077,0.9145073890686035
0.006617647058823529,0.05576923076923077,0.9121474623680115
0.006617647058823529,0.05673076923076923,0.9115684032440186
0.007352941176470588,0.05673076923076923,0.9110614061355591
0.007352941176470588,0.06153846153846154,0.9076731204986572
0.008088235294117648,0.06153846153846154,0.9070764780044556
0.008088235294117648,0.06442307692307692,0.9058764576911926
0.008823529411764706,0.06442307692307692,0.905601978302002
0.008823529411764706,0.07019230769230769,0.9027041792869568
0.009558823529411765,0.07019230769230769,0.9024842381477356
0.009558823529411765,0.07115384615384615,0.9013071656227112
0.010294117647058823,0.07115384615384615,0.900917649269104
0.010294117647058823,0.07211538461538461,0.8996410965919495
0.0125,0.07211538461538461,0.8949143290519714
0.0125,0.10288461538461538,0.8802041411399841
0.013235294117647059,0.10288461538461538,0.8792425394058228
0.013235294117647059,0.10865384615384616,0.8765502572059631
0.013970588235294118,0.10865384615384616,0.8761988878250122
0.013970588235294118,0.1125,0.875399649143219
0.014705882352941176,0.1125,0.8747950792312622
0.014705882352941176,0.12596153846153846,0.8655112981796265
0.015441176470588236,0.12596153846153846,0.8650404214859009
0.015441176470588236,0.13173076923076923,0.8623800873756409
0.016176470588235296,0.13173076923076923,0.8623533844947815
0.016176470588235296,0.1326923076923077,0.8621862530708313
0.016911764705882352,0.1326923076923077,0.8618191480636597
0.016911764705882352,0.13653846153846153,0.8602865934371948
0.01764705882352941,0.13653846153846153,0.8598164319992065
0.01764705882352941,0.1375,0.8597525358200073
0.01911764705882353,0.1375,0.8577467799186707
0.01911764705882353,0.14134615384615384,0.8568984270095825
0.019852941176470587,0.14134615384615384,0.8563815355300903
0.019852941176470587,0.1451923076923077,0.8558306694030762
0.020588235294117647,0.1451923076923077,0.855715811252594
0.020588235294117647,0.15096153846153845,0.8533341288566589
0.021323529411764706,0.15096153846153845,0.8522914052009583
0.021323529411764706,0.1548076923076923,0.8509330749511719
0.022058823529411766,0.1548076923076923,0.8507877588272095
0.022058823529411766,0.17211538461538461,0.8454523086547852
0.023529411764705882,0.17211538461538461,0.8439321517944336
0.023529411764705882,0.18653846153846154,0.8360950946807861
0.02426470588235294,0.18653846153846154,0.8342088460922241
0.02426470588235294,0.19230769230769232,0.8309023976325989
0.025,0.19230769230769232,0.8303419351577759
0.025,0.1951923076923077,0.8288379907608032
0.025735294117647058,0.1951923076923077,0.8279565572738647
0.025735294117647058,0.1971153846153846,0.8269697427749634
0.026470588235294117,0.1971153846153846,0.8264943957328796
0.026470588235294117,0.21057692307692308,0.8175759315490723
0.027205882352941177,0.21057692307692308,0.816798746585846
0.027205882352941177,0.22788461538461538,0.8082732558250427
0.027941176470588237,0.22788461538461538,0.8075462579727173
0.027941176470588237,0.25384615384615383,0.7948314547538757
0.028676470588235293,0.25384615384615383,0.7948021292686462
0.028676470588235293,0.2567307692307692,0.7925722002983093
0.029411764705882353,0.2567307692307692,0.7900530695915222
0.029411764705882353,0.275,0.7815037369728088
0.030147058823529412,0.275,0.7812544107437134
0.030147058823529412,0.2971153846153846,0.7730490565299988
0.030882352941176472,0.2971153846153846,0.7730135917663574
0.030882352941176472,0.30673076923076925,0.7679609656333923
0.03161764705882353,0.30673076923076925,0.7675724029541016
0.03161764705882353,0.3125,0.7658907175064087
0.03455882352941177,0.3125,0.7631505131721497
0.03455882352941177,0.31634615384615383,0.7616193294525146
0.03529411764705882,0.31634615384615383,0.7615870833396912
0.03529411764705882,0.3173076923076923,0.7611005902290344
0.03602941176470588,0.3173076923076923,0.7606383562088013
0.03602941176470588,0.31826923076923075,0.76052325963974
0.0375,0.31826923076923075,0.7602155804634094
0.0375,0.3192307692307692,0.7596283555030823
0.03823529411764706,0.3192307692307692,0.7595039010047913
0.03823529411764706,0.325,0.7575916051864624
0.041176470588235294,0.325,0.7565099000930786
0.041176470588235294,0.33076923076923076,0.7546401023864746
0.04264705882352941,0.33076923076923076,0.7541860938072205
0.04264705882352941,0.33365384615384613,0.753393828868866
0.04411764705882353,0.33365384615384613,0.7531644105911255
0.04411764705882353,0.33653846153846156,0.7527847290039062
0.04485294117647059,0.33653846153846156,0.7521098852157593
0.04485294117647059,0.3375,0.7519689798355103
0.045588235294117645,0.3375,0.7519127726554871
0.045588235294117645,0.3403846153846154,0.7507044672966003
0.04632352941176471,0.3403846153846154,0.7506496906280518
0.04632352941176471,0.35,0.7472255825996399
0.047058823529411764,0.35,0.7469781637191772
0.047058823529411764,0.35865384615384616,0.7439202070236206
0.04779411764705882,0.35865384615384616,0.7438414096832275
0.04779411764705882,0.3625,0.7423561215400696
0.04926470588235294,0.3625,0.7421626448631287
0.04926470588235294,0.3701923076923077,0.7382006049156189
0.05073529411764706,0.3701923076923077,0.7379963397979736
0.05073529411764706,0.3721153846153846,0.7373086214065552
0.051470588235294115,0.3721153846153846,0.7371843457221985
0.051470588235294115,0.3730769230769231,0.7368740439414978
0.05220588235294118,0.3730769230769231,0.7367804646492004
0.05220588235294118,0.37596153846153846,0.7365102171897888
0.05367647058823529,0.37596153846153846,0.7353994250297546
0.05367647058823529,0.37884615384615383,0.7348111867904663
0.05588235294117647,0.37884615384615383,0.7343071103096008
0.05588235294117647,0.38076923076923075,0.7331765294075012
0.057352941176470586,0.38076923076923075,0.7330641746520996
0.057352941176470586,0.3855769230769231,0.7318965196609497
0.058823529411764705,0.3855769230769231,0.7309619188308716
0.058823529411764705,0.38653846153846155,0.7307333946228027
0.061764705882352944,0.38653846153846155,0.7304025292396545
0.061764705882352944,0.38846153846153847,0.7303332090377808
0.0625,0.38846153846153847,0.7299742698669434
0.0625,0.3894230769230769,0.7299028635025024
0.06323529411764706,0.3894230769230769,0.7297899127006531
0.06323529411764706,0.3903846153846154,0.7295007705688477
0.06397058823529411,0.3903846153846154,0.7293562889099121
0.06397058823529411,0.39615384615384613,0.727186381816864
0.06470588235294118,0.39615384615384613,0.7271640300750732
0.06470588235294118,0.39807692307692305,0.7269092202186584
0.06691176470588235,0.39807692307692305,0.7265177369117737
0.06691176470588235,0.39903846153846156,0.7262503504753113
0.06764705882352941,0.39903846153846156,0.725829541683197
0.06764705882352941,0.4009615384615385,0.7252074480056763
0.06838235294117648,0.4009615384615385,0.7250139713287354
0.06838235294117648,0.4028846153846154,0.7243652939796448
0.0713235294117647,0.4028846153846154,0.7230223417282104
0.0713235294117647,0.40673076923076923,0.7216246724128723
0.07279411764705883,0.40673076923076923,0.7212116122245789
0.07279411764705883,0.4076923076923077,0.7208492755889893
0.07352941176470588,0.4076923076923077,0.7207123041152954
0.07352941176470588,0.40865384615384615,0.7207095623016357
0.07426470588235294,0.40865384615384615,0.7202224135398865
0.07426470588235294,0.41346153846153844,0.7193228602409363
0.075,0.41346153846153844,0.7187983393669128
0.075,0.4153846153846154,0.7183759808540344
0.07573529411764705,0.4153846153846154,0.7178329229354858
0.07573529411764705,0.41634615384615387,0.7175227403640747
0.07647058823529412,0.41634615384615387,0.7172207832336426
0.07647058823529412,0.4182692307692308,0.7166476249694824
0.07720588235294118,0.4182692307692308,0.715586245059967
0.07720588235294118,0.4201923076923077,0.7140547037124634
0.07794117647058824,0.4201923076923077,0.7134723663330078
0.07794117647058824,0.4221153846153846,0.7133950591087341
0.07941176470588235,0.4221153846153846,0.7130928039550781
0.07941176470588235,0.4230769230769231,0.7130383253097534
0.08014705882352942,0.4230769230769231,0.7128434181213379
0.08014705882352942,0.4269230769230769,0.7108476758003235
0.08088235294117647,0.4269230769230769,0.7108172178268433
0.08088235294117647,0.4307692307692308,0.7101756930351257
0.08161764705882353,0.4307692307692308,0.7097308039665222
0.08161764705882353,0.43365384615384617,0.7091019749641418
0.08308823529411764,0.43365384615384617,0.7088831663131714
0.08308823529411764,0.43653846153846154,0.7070263624191284
0.0838235294117647,0.43653846153846154,0.7069714665412903
0.0838235294117647,0.4394230769230769,0.7064334154129028
0.08455882352941177,0.4394230769230769,0.7062188982963562
0.08455882352941177,0.4403846153846154,0.7061452865600586
0.08602941176470588,0.4403846153846154,0.7056224942207336
0.08602941176470588,0.44134615384615383,0.7055249214172363
0.08676470588235294,0.44134615384615383,0.7053521871566772
0.08676470588235294,0.4423076923076923,0.7045485973358154
0.0875,0.4423076923076923,0.7045317888259888
0.0875,0.44519230769230766,0.7039956450462341
0.08823529411764706,0.44519230769230766,0.7039727568626404
0.08823529411764706,0.44711538461538464,0.7035319209098816
0.08897058823529412,0.44711538461538464,0.7032991051673889
0.08897058823529412,0.4480769230769231,0.7031192183494568
0.08970588235294118,0.4480769230769231,0.7027661204338074
0.08970588235294118,0.44903846153846155,0.7027338147163391
0.09117647058823529,0.44903846153846155,0.702442467212677
0.09117647058823529,0.45096153846153847,0.702302098274231
0.09411764705882353,0.45096153846153847,0.7006093859672546
0.09411764705882353,0.45576923076923076,0.6997693181037903
0.09558823529411764,0.45576923076923076,0.6987209320068359
0.09558823529411764,0.4567307692307692,0.698680579662323
0.09632352941176471,0.4567307692307692,0.6972001791000366
0.09632352941176471,0.4576923076923077,0.697153627872467
0.09705882352941177,0.4576923076923077,0.6969501972198486
0.09705882352941177,0.45865384615384613,0.6968106627464294
0.09779411764705882,0.45865384615384613,0.6967558860778809
0.09779411764705882,0.4596153846153846,0.6965808272361755
0.09852941176470588,0.4596153846153846,0.6963576078414917
0.09852941176470588,0.4625,0.694987416267395
0.09926470588235294,0.4625,0.6944416761398315
0.09926470588235294,0.4634615384615385,0.6943931579589844
0.10147058823529412,0.4634615384615385,0.6934752464294434
0.10147058823529412,0.46442307692307694,0.6934477090835571
0.10220588235294117,0.46442307692307694,0.6933168172836304
0.10220588235294117,0.46634615384615385,0.692241370677948
0.10294117647058823,0.46634615384615385,0.6920448541641235
0.10294117647058823,0.46826923076923077,0.6915249824523926
0.10588235294117647,0.46826923076923077,0.6907811760902405
0.10588235294117647,0.47115384615384615,0.6903980374336243
0.10735294117647058,0.47115384615384615,0.6886886358261108
0.10735294117647058,0.47307692307692306,0.6884301900863647
0.10882352941176471,0.47307692307692306,0.6882126927375793
0.10882352941176471,0.4778846153846154,0.6873249411582947
0.11029411764705882,0.4778846153846154,0.6869499087333679
0.11029411764705882,0.47884615384615387,0.6868076324462891
0.1125,0.47884615384615387,0.6863285303115845
0.1125,0.4807692307692308,0.6859671473503113
0.11397058823529412,0.4807692307692308,0.6857178211212158
0.11397058823529412,0.48365384615384616,0.68514084815979
0.11764705882352941,0.48365384615384616,0.6823980212211609
0.11764705882352941,0.4846153846153846,0.6821445822715759
0.11838235294117647,0.4846153846153846,0.6815884709358215
0.11838235294117647,0.4855769230769231,0.6815776228904724
0.11911764705882352,0.4855769230769231,0.6803362965583801
0.11911764705882352,0.48653846153846153,0.6801450848579407
0.11985294117647059,0.48653846153846153,0.6799627542495728
0.11985294117647059,0.48846153846153845,0.679542064666748
0.1213235294117647,0.48846153846153845,0.6794801950454712
0.1213235294117647,0.4913461538461538,0.6781120896339417
0.12352941176470589,0.4913461538461538,0.6771072745323181
0.12352941176470589,0.49423076923076925,0.6763426065444946
0.12426470588235294,0.49423076923076925,0.6760191321372986
0.12426470588235294,0.4971153846153846,0.6752330660820007
0.125,0.4971153846153846,0.675142765045166
0.125,0.4980769230769231,0.6751019954681396
0.12573529411764706,0.4980769230769231,0.6748172044754028
0.12573529411764706,0.5048076923076923,0.6727401614189148
0.12867647058823528,0.5048076923076923,0.6713926792144775
0.12867647058823528,0.5057692307692307,0.6708376407623291
0.12941176470588237,0.5057692307692307,0.6703299880027771
0.12941176470588237,0.5086538461538461,0.6697043776512146
0.13014705882352942,0.5086538461538461,0.66932612657547
0.13014705882352942,0.5115384615384615,0.6688254475593567
0.13088235294117648,0.5115384615384615,0.6687574982643127
0.13088235294117648,0.5144230769230769,0.6683550477027893
0.13161764705882353,0.5144230769230769,0.6681350469589233
0.13161764705882353,0.5153846153846153,0.6680622696876526
0.13308823529411765,0.5153846153846153,0.6669372320175171
0.13308823529411765,0.5173076923076924,0.6667842268943787
0.1338235294117647,0.5173076923076924,0.6664299368858337
0.1338235294117647,0.5192307692307693,0.6663163304328918
0.13455882352941176,0.5192307692307693,0.6662170886993408
0.13455882352941176,0.5211538461538462,0.6655359268188477
0.13529411764705881,0.5211538461538462,0.6653708219528198
0.13529411764705881,0.525,0.6645184755325317
0.13676470588235295,0.525,0.6636236310005188
0.13676470588235295,0.5269230769230769,0.663189172744751
0.1375,0.5269230769230769,0.6630997061729431
0.1375,0.5288461538461539,0.6629865765571594
0.13970588235294118,0.5288461538461539,0.6624161005020142
0.13970588235294118,0.5317307692307692,0.6619689464569092
0.1448529411764706,0.5317307692307692,0.661013126373291
0.1448529411764706,0.5326923076923077,0.6609101891517639
0.14779411764705883,0.5326923076923077,0.6605995893478394
0.14779411764705883,0.5375,0.6592750549316406
0.14852941176470588,0.5375,0.6592313647270203
0.14852941176470588,0.5403846153846154,0.6579727530479431
0.14926470588235294,0.5403846153846154,0.6579554677009583
0.14926470588235294,0.5432692307692307,0.6572322249412537
0.15073529411764705,0.5432692307692307,0.656442403793335
0.15073529411764705,0.5461538461538461,0.6553822755813599
0.15588235294117647,0.5461538461538461,0.6538959741592407
0.15588235294117647,0.55,0.6531470417976379
0.1588235294117647,0.55,0.6517137885093689
0.1588235294117647,0.551923076923077,0.6513027548789978
0.16029411764705884,0.551923076923077,0.6510935425758362
0.16029411764705884,0.5557692307692308,0.6506084203720093
0.1625,0.5557692307692308,0.6495249271392822
0.1625,0.5605769230769231,0.64829421043396
0.16323529411764706,0.5605769230769231,0.6476455330848694
0.16323529411764706,0.5625,0.6474149823188782
0.16470588235294117,0.5625,0.6469472646713257
0.16470588235294117,0.5634615384615385,0.6461302638053894
0.16838235294117648,0.5634615384615385,0.6437251567840576
0.16838235294117648,0.5644230769230769,0.6433793306350708
0.16911764705882354,0.5644230769230769,0.6433550119400024
0.16911764705882354,0.5663461538461538,0.6433396339416504
0.17058823529411765,0.5663461538461538,0.6417834758758545
0.17058823529411765,0.5673076923076923,0.6414068937301636
0.1713235294117647,0.5673076923076923,0.6413602232933044
0.1713235294117647,0.5682692307692307,0.6407093405723572
0.17205882352941176,0.5682692307692307,0.6403049230575562
0.17205882352941176,0.5721153846153846,0.6391932964324951
0.17352941176470588,0.5721153846153846,0.6390420794487
0.17352941176470588,0.575,0.6377961039543152
0.17426470588235293,0.575,0.6376123428344727
0.17426470588235293,0.5788461538461539,0.6367346048355103
0.17573529411764705,0.5788461538461539,0.6357743144035339
0.17573529411764705,0.5798076923076924,0.635689914226532
0.17647058823529413,0.5798076923076924,0.6354580521583557
0.17647058823529413,0.5807692307692308,0.6353847980499268
0.17720588235294119,0.5807692307692308,0.6347785592079163
0.17720588235294119,0.5817307692307693,0.6346392631530762
0.1786764705882353,0.5817307692307693,0.6343547105789185
0.1786764705882353,0.5826923076923077,0.6339634656906128
0.17941176470588235,0.5826923076923077,0.6337212920188904
0.17941176470588235,0.5836538461538462,0.633621335029602
0.1801470588235294,0.5836538461538462,0.6330133676528931
0.1801470588235294,0.5865384615384616,0.632468581199646
0.18088235294117647,0.5865384615384616,0.6322164535522461
0.18088235294117647,0.5875,0.6319606304168701
0.18161764705882352,0.5875,0.631658673286438
0.18161764705882352,0.5894230769230769,0.6315328478813171
0.18235294117647058,0.5894230769230769,0.6312332153320312
0.18235294117647058,0.5903846153846154,0.6312291026115417
0.18308823529411763,0.5903846153846154,0.6311267018318176
0.18308823529411763,0.5932692307692308,0.630578339099884
0.18529411764705883,0.5932692307692308,0.6301639080047607
0.18529411764705883,0.5980769230769231,0.6289528608322144
0.1860294117647059,0.5980769230769231,0.6289341449737549
0.1860294117647059,0.5990384615384615,0.6283838152885437
0.1875,0.5990384615384615,0.6275009512901306
0.1875,0.6009615384615384,0.6268078684806824
0.1889705882352941,0.6009615384615384,0.6260748505592346
0.1889705882352941,0.6019230769230769,0.6257113814353943
0.18970588235294117,0.6019230769230769,0.6256788372993469
0.18970588235294117,0.6086538461538461,0.6245008707046509
0.19044117647058822,0.6086538461538461,0.623553454875946
0.19044117647058822,0.6182692307692308,0.6215464472770691
0.19264705882352942,0.6182692307692308,0.6209784746170044
0.19264705882352942,0.6192307692307693,0.6205794215202332
0.19411764705882353,0.6192307692307693,0.6196591258049011
0.19411764705882353,0.6201923076923077,0.6195516586303711
0.1948529411764706,0.6201923076923077,0.619432270526886
0.1948529411764706,0.6259615384615385,0.6170165538787842
0.1963235294117647,0.6259615384615385,0.6163458824157715
0.1963235294117647,0.6269230769230769,0.6159950494766235
0.19779411764705881,0.6269230769230769,0.6150294542312622
0.19779411764705881,0.6288461538461538,0.6137769222259521
0.19852941176470587,0.6288461538461538,0.6136650443077087
0.19852941176470587,0.6317307692307692,0.6124975085258484
0.19926470588235295,0.6317307692307692,0.6116848587989807
0.19926470588235295,0.635576923076923,0.6113942861557007
0.2,0.635576923076923,0.6110222339630127
0.2,0.6375,0.6104373335838318
0.20220588235294118,0.6375,0.6096710562705994
0.20220588235294118,0.6403846153846153,0.6089027523994446
0.20294117647058824,0.6403846153846153,0.6087806820869446
0.20294117647058824,0.6432692307692308,0.6074990630149841
0.2036764705882353,0.6432692307692308,0.6072699427604675
0.2036764705882353,0.6471153846153846,0.6057332158088684
0.20441176470588235,0.6471153846153846,0.6043506264686584
0.20441176470588235,0.6509615384615385,0.603549063205719
0.2051470588235294,0.6509615384615385,0.6033909916877747
0.2051470588235294,0.6538461538461539,0.6029285192489624
0.20588235294117646,0.6538461538461539,0.602879524230957
0.20588235294117646,0.6557692307692308,0.6025357246398926
0.20661764705882352,0.6557692307692308,0.6020365953445435
0.20661764705882352,0.6586538461538461,0.6016941666603088
0.2073529411764706,0.6586538461538461,0.6009113192558289
0.2073529411764706,0.6596153846153846,0.6006185412406921
0.20808823529411766,0.6596153846153846,0.6005992293357849
0.20808823529411766,0.6625,0.5998731255531311
0.2088235294117647,0.6625,0.5997636318206787
0.2088235294117647,0.6634615384615384,0.5989548563957214
0.20955882352941177,0.6634615384615384,0.5986208915710449
0.20955882352941177,0.6653846153846154,0.5983894467353821
0.21029411764705883,0.6653846153846154,0.5980119109153748
0.21029411764705883,0.6692307692307692,0.5966396927833557
0.2125,0.6692307692307692,0.5950248837471008
0.2125,0.6759615384615385,0.5924237966537476
0.21323529411764705,0.6759615384615385,0.592259407043457
0.21323529411764705,0.6788461538461539,0.5919204354286194
0.2139705882352941,0.6788461538461539,0.5913942456245422
0.2139705882352941,0.6817307692307693,0.5909790992736816
0.21470588235294116,0.6817307692307693,0.5904059410095215
0.21470588235294116,0.6855769230769231,0.588649332523346
0.2161764705882353,0.6855769230769231,0.5877103805541992
0.2161764705882353,0.6884615384615385,0.5861473083496094
0.21838235294117647,0.6884615384615385,0.5854940414428711
0.21838235294117647,0.6932692307692307,0.5837904214859009
0.22058823529411764,0.6932692307692307,0.5833860635757446
0.22058823529411764,0.6942307692307692,0.582905650138855
0.2213235294117647,0.6942307692307692,0.582883358001709
0.2213235294117647,0.6971153846153846,0.5822357535362244
0.22205882352941175,0.6971153846153846,0.5817174315452576
0.22205882352941175,0.7019230769230769,0.5804665684700012
0.2235294117647059,0.7019230769230769,0.5801829695701599
0.2235294117647059,0.7028846153846153,0.5797180533409119
0.22426470588235295,0.7028846153846153,0.5793013572692871
0.22426470588235295,0.7067307692307693,0.5768975019454956
0.225,0.7067307692307693,0.5767709016799927
0.225,0.7105769230769231,0.5753050446510315
0.22573529411764706,0.7105769230769231,0.5752365589141846
0.22573529411764706,0.7115384615384616,0.5749166011810303
0.22720588235294117,0.7115384615384616,0.5745298862457275
0.22720588235294117,0.7134615384615385,0.5739648938179016
0.22794117647058823,0.7134615384615385,0.5738609433174133
0.22794117647058823,0.7173076923076923,0.5717809796333313
0.2286764705882353,0.7173076923076923,0.5710754990577698
0.2286764705882353,0.7192307692307692,0.5708972811698914
0.22941176470588234,0.7192307692307692,0.5703476667404175
0.22941176470588234,0.7201923076923077,0.5701667070388794
0.2301470588235294,0.7201923076923077,0.5698899030685425
0.2301470588235294,0.7211538461538461,0.569699227809906
0.2323529411764706,0.7211538461538461,0.5683470368385315
0.2323529411764706,0.725,0.5677074790000916
0.23455882352941176,0.725,0.5671629905700684
0.23455882352941176,0.7269230769230769,0.5667064785957336
0.23529411764705882,0.7269230769230769,0.5657938718795776
0.23529411764705882,0.7278846153846154,0.5656650066375732
0.23602941176470588,0.7278846153846154,0.5653451681137085
0.23602941176470588,0.7375,0.5602996349334717
0.23676470588235293,0.7375,0.5602002739906311
0.23676470588235293,0.7442307692307693,0.5577269196510315
0.2375,0.7442307692307693,0.5557001829147339
0.2375,0.7471153846153846,0.5548938512802124
0.23823529411764705,0.7471153846153846,0.5548473596572876
0.23823529411764705,0.7480769230769231,0.5541936159133911
0.23897058823529413,0.7480769230769231,0.5534358024597168
0.23897058823529413,0.7528846153846154,0.5515463352203369
0.24191176470588235,0.7528846153846154,0.5499336123466492
0.24191176470588235,0.7548076923076923,0.5496736764907837
0.2426470588235294,0.7548076923076923,0.5492223501205444
0.2426470588235294,0.7557692307692307,0.5491766333580017
0.24338235294117647,0.7557692307692307,0.5489130616188049
0.24338235294117647,0.7586538461538461,0.5475215911865234
0.24558823529411763,0.7586538461538461,0.5471586585044861
0.24558823529411763,0.760576923076923,0.5462015271186829
0.24632352941176472,0.760576923076923,0.545292317867279
0.24632352941176472,0.7653846153846153,0.543388843536377
0.24705882352941178,0.7653846153846153,0.5430880188941956
0.24705882352941178,0.7663461538461539,0.5418875813484192
0.25,0.7663461538461539,0.5398849248886108
0.25,0.7692307692307693,0.5380437970161438
0.25073529411764706,0.7692307692307693,0.5380027294158936
0.25073529411764706,0.7701923076923077,0.5379120111465454
0.2551470588235294,0.7701923076923077,0.534815788269043
0.2551470588235294,0.7730769230769231,0.5337812304496765
0.2566176470588235,0.7730769230769231,0.5323171615600586
0.2566176470588235,0.7740384615384616,0.53229159116745
0.25735294117647056,0.7740384615384616,0.5321745872497559
0.25735294117647056,0.775,0.5320720672607422
0.2580882352941177,0.775,0.5313633680343628
0.2580882352941177,0.7769230769230769,0.5308781862258911
0.2595588235294118,0.7769230769230769,0.5293981432914734
0.2595588235294118,0.7807692307692308,0.5283029675483704
0.26176470588235295,0.7807692307692308,0.5267240405082703
0.26176470588235295,0.7846153846153846,0.5251842141151428
0.2625,0.7846153846153846,0.5251374244689941
0.2625,0.7855769230769231,0.5236175656318665
0.2639705882352941,0.7855769230769231,0.5234329104423523
0.2639705882352941,0.7865384615384615,0.5233957171440125
0.26838235294117646,0.7865384615384615,0.520350992679596
0.26838235294117646,0.7884615384615384,0.5196501612663269
0.2691176470588235,0.7884615384615384,0.5192341804504395
0.2691176470588235,0.7903846153846154,0.5189213752746582
0.27058823529411763,0.7903846153846154,0.5182426571846008
0.27058823529411763,0.7932692307692307,0.5169218182563782
0.2713235294117647,0.7932692307692307,0.516253650188446
0.2713235294117647,0.7951923076923076,0.5158900618553162
0.2727941176470588,0.7951923076923076,0.51556396484375
0.2727941176470588,0.7971153846153847,0.5154280066490173
0.27426470588235297,0.7971153846153847,0.515037477016449
0.27426470588235297,0.7990384615384616,0.514585554599762
0.27794117647058825,0.7990384615384616,0.5123599767684937
0.27794117647058825,0.8,0.5117701292037964
0.2786764705882353,0.8,0.5112630128860474
0.2786764705882353,0.801923076923077,0.5102581977844238
0.27941176470588236,0.801923076923077,0.5102315545082092
0.27941176470588236,0.8105769230769231,0.5073146820068359
0.28088235294117647,0.8105769230769231,0.5070836544036865
0.28088235294117647,0.8134615384615385,0.5054385662078857
0.28161764705882353,0.8134615384615385,0.5053076148033142
0.28161764705882353,0.8144230769230769,0.5041395425796509
0.2852941176470588,0.8144230769230769,0.5018835067749023
0.2852941176470588,0.8153846153846154,0.5017774105072021
0.28823529411764703,0.8153846153846154,0.5001400113105774
0.28823529411764703,0.8173076923076923,0.49916449189186096
0.2933823529411765,0.8173076923076923,0.4968797564506531
0.2933823529411765,0.8201923076923077,0.4948630630970001
0.2948529411764706,0.8201923076923077,0.4942224621772766
0.2948529411764706,0.8211538461538461,0.49271702766418457
0.2963235294117647,0.8211538461538461,0.49221813678741455
0.2963235294117647,0.8221153846153846,0.4917891025543213
0.2985294117647059,0.8221153846153846,0.4908828139305115
0.2985294117647059,0.823076923076923,0.4905211329460144
0.30220588235294116,0.823076923076923,0.48894715309143066
0.30220588235294116,0.825,0.4881054759025574
0.30514705882352944,0.825,0.4864426553249359
0.30514705882352944,0.8259615384615384,0.48638996481895447
0.3125,0.8259615384615384,0.48271286487579346
0.3125,0.8269230769230769,0.48259827494621277
0.3139705882352941,0.8269230769230769,0.48102322220802307
0.3139705882352941,0.8288461538461539,0.4792965054512024
0.3154411764705882,0.8288461538461539,0.4788838326931
0.3154411764705882,0.8307692307692308,0.4774107336997986
0.3176470588235294,0.8307692307692308,0.4771212339401245
0.3176470588235294,0.8317307692307693,0.4770262539386749
0.3191176470588235,0.8317307692307693,0.4765182435512543
0.3191176470588235,0.8326923076923077,0.47569459676742554
0.3205882352941177,0.8326923076923077,0.47532597184181213
0.3205882352941177,0.8346153846153846,0.4748374819755554
0.3235294117647059,0.8346153846153846,0.47428035736083984
0.3235294117647059,0.8355769230769231,0.47423049807548523
0.32573529411764707,0.8355769230769231,0.473649799823761
0.32573529411764707,0.8375,0.4734489321708679
0.32794117647058824,0.8375,0.47313934564590454
0.32794117647058824,0.8384615384615385,0.47118595242500305
0.3301470588235294,0.8384615384615385,0.470395028591156
0.3301470588235294,0.8394230769230769,0.47035250067710876
0.33088235294117646,0.8394230769230769,0.4702698588371277
0.33088235294117646,0.8403846153846154,0.4689790904521942
0.33455882352941174,0.8403846153846154,0.4666965901851654
0.33455882352941174,0.8413461538461539,0.46643975377082825
0.3397058823529412,0.8413461538461539,0.4640771746635437
0.3397058823529412,0.8432692307692308,0.46358829736709595
0.34044117647058825,0.8432692307692308,0.46309253573417664
0.34044117647058825,0.8442307692307692,0.4630320966243744
0.3477941176470588,0.8442307692307692,0.46049368381500244
0.3477941176470588,0.8461538461538461,0.4602365493774414
0.34852941176470587,0.8461538461538461,0.46008479595184326
0.34852941176470587,0.8471153846153846,0.4600818455219269
0.35,0.8471153846153846,0.4600052535533905
0.35,0.85,0.4597626328468323
0.35073529411764703,0.85,0.4592715799808502
0.35073529411764703,0.8519230769230769,0.4581287205219269
0.3522058823529412,0.8519230769230769,0.4577292501926422
0.3522058823529412,0.8528846153846154,0.4571784436702728
0.3536764705882353,0.8528846153846154,0.45677515864372253
0.3536764705882353,0.8538461538461538,0.4563078284263611
0.3558823529411765,0.8538461538461538,0.4559217393398285
0.3558823529411765,0.8557692307692307,0.45548713207244873
0.3573529411764706,0.8557692307692307,0.4550411105155945
0.3573529411764706,0.8567307692307692,0.4548189043998718
0.35808823529411765,0.8567307692307692,0.45480653643608093
0.35808823529411765,0.8576923076923076,0.4545123875141144
0.3610294117647059,0.8576923076923076,0.45385077595710754
0.3610294117647059,0.8586538461538461,0.4530813992023468
0.3625,0.8586538461538461,0.45256659388542175
0.3625,0.8605769230769231,0.45240190625190735
0.3639705882352941,0.8605769230769231,0.45209088921546936
0.3639705882352941,0.8615384615384616,0.45156794786453247
0.36764705882352944,0.8615384615384616,0.44968926906585693
0.36764705882352944,0.8625,0.44912534952163696
0.3720588235294118,0.8625,0.4486803114414215
0.3720588235294118,0.8653846153846154,0.4481413960456848
0.37279411764705883,0.8653846153846154,0.44811180233955383
0.37279411764705883,0.8663461538461539,0.4479929208755493
0.375,0.8663461538461539,0.4477139711380005
0.375,0.8673076923076923,0.4475584626197815
0.3764705882352941,0.8673076923076923,0.4470910429954529
0.3764705882352941,0.8711538461538462,0.44559285044670105
0.38088235294117645,0.8711538461538462,0.4444493353366852
0.38088235294117645,0.8740384615384615,0.44384756684303284
0.38235294117647056,0.8740384615384615,0.4432789981365204
0.38235294117647056,0.875,0.4432230591773987
0.38382352941176473,0.875,0.4425269067287445
0.38382352941176473,0.8759615384615385,0.44246599078178406
0.38676470588235295,0.8759615384615385,0.44120460748672485
0.38676470588235295,0.8778846153846154,0.44078123569488525
0.3897058823529412,0.8778846153846154,0.4397280216217041
0.3897058823529412,0.8788461538461538,0.43970897793769836
0.39338235294117646,0.8788461538461538,0.43577978014945984
0.39338235294117646,0.8807692307692307,0.43561306595802307
0.39926470588235297,0.8807692307692307,0.43336841464042664
0.39926470588235297,0.8817307692307692,0.43312200903892517
0.4,0.8817307692307692,0.43306973576545715
0.4,0.8826923076923077,0.4330664575099945
0.4007352941176471,0.8826923076923077,0.4330601394176483
0.4007352941176471,0.8836538461538461,0.43291422724723816
0.4073529411764706,0.8836538461538461,0.43103834986686707
0.4073529411764706,0.8846153846153846,0.43014147877693176
0.4125,0.8846153846153846,0.42922618985176086
0.4125,0.8865384615384615,0.4288440942764282
0.41691176470588237,0.8865384615384615,0.4270138740539551
0.41691176470588237,0.8875,0.42688608169555664
0.4183823529411765,0.8875,0.4263463318347931
0.4183823529411765,0.8913461538461539,0.4259679913520813
0.4198529411764706,0.8913461538461539,0.42572522163391113
0.4198529411764706,0.8923076923076924,0.4257189631462097
0.42058823529411765,0.8923076923076924,0.42556676268577576
0.42058823529411765,0.8932692307692308,0.4254658818244934
0.42573529411764705,0.8932692307692308,0.4243139922618866
0.42573529411764705,0.8951923076923077,0.4235312342643738
0.4279411764705882,0.8951923076923077,0.42269599437713623
0.4279411764705882,0.8971153846153846,0.422378271818161
0.4294117647058823,0.8971153846153846,0.42145079374313354
0.4294117647058823,0.8980769230769231,0.4207659065723419
0.4308823529411765,0.8980769230769231,0.42021873593330383
0.4308823529411765,0.8990384615384616,0.4195310175418854
0.4338235294117647,0.8990384615384616,0.4181159436702728
0.4338235294117647,0.9,0.4179036319255829
0.44191176470588234,0.9,0.41481056809425354
0.44191176470588234,0.9009615384615385,0.4145604074001312
0.44338235294117645,0.9009615384615385,0.4139530062675476
0.44338235294117645,0.9019230769230769,0.4137270152568817
0.4455882352941177,0.9019230769230769,0.4134763777256012
0.4455882352941177,0.9028846153846154,0.41346868872642517
0.44632352941176473,0.9028846153846154,0.41286981105804443
0.44632352941176473,0.9038461538461539,0.41284674406051636
0.4470588235294118,0.9038461538461539,0.4128066599369049
0.4470588235294118,0.9057692307692308,0.41187161207199097
0.44926470588235295,0.9057692307692308,0.41076788306236267
0.44926470588235295,0.9076923076923077,0.4100411534309387
0.45588235294117646,0.9076923076923077,0.4065563976764679
0.45588235294117646,0.9096153846153846,0.40639442205429077
0.4610294117647059,0.9096153846153846,0.40286150574684143
0.4610294117647059,0.9105769230769231,0.40284889936447144
0.46176470588235297,0.9105769230769231,0.40229475498199463
0.46176470588235297,0.9115384615384615,0.4017717242240906
0.46397058823529413,0.9115384615384615,0.40159258246421814
0.46397058823529413,0.9125,0.4011514484882355
0.4647058823529412,0.9125,0.400685578584671
0.4647058823529412,0.9144230769230769,0.4005242884159088
0.46838235294117647,0.9144230769230769,0.39931249618530273
0.46838235294117647,0.9153846153846154,0.39875420928001404
0.47058823529411764,0.9153846153846154,0.3984678089618683
0.47058823529411764,0.9163461538461538,0.39837023615837097
0.47205882352941175,0.9163461538461538,0.398171067237854
0.47205882352941175,0.9173076923076923,0.3981388211250305
0.4727941176470588,0.9173076923076923,0.3977546989917755
0.4727941176470588,0.9182692307692307,0.39743807911872864
0.4764705882352941,0.9182692307692307,0.39642003178596497
0.4764705882352941,0.9192307692307692,0.3961131274700165
0.48676470588235293,0.9192307692307692,0.3919350206851959
0.48676470588235293,0.9211538461538461,0.3905957043170929
0.48823529411764705,0.9211538461538461,0.3901141881942749
0.48823529411764705,0.9221153846153847,0.3897562623023987
0.4904411764705882,0.9221153846153847,0.38872337341308594
0.4904411764705882,0.9230769230769231,0.38867852091789246
0.4919117647058823,0.9230769230769231,0.3871106207370758
0.4919117647058823,0.9240384615384616,0.38690420985221863
0.5,0.9240384615384616,0.3836207091808319
0.5,0.925,0.38353464007377625
0.5022058823529412,0.925,0.38145363330841064
0.5022058823529412,0.9259615384615385,0.3813958168029785
0.5117647058823529,0.9259615384615385,0.3779716193675995
0.5117647058823529,0.926923076923077,0.3779228925704956
0.5176470588235295,0.926923076923077,0.37490782141685486
0.5176470588235295,0.9278846153846154,0.37481600046157837
0.5198529411764706,0.9278846153846154,0.37405163049697876
0.5198529411764706,0.9288461538461539,0.37351617217063904
0.5205882352941177,0.9288461538461539,0.3724824786186218
0.5205882352941177,0.9298076923076923,0.37205737829208374
0.5272058823529412,0.9298076923076923,0.3696989417076111
0.5272058823529412,0.9307692307692308,0.36952707171440125
0.5294117647058824,0.9307692307692308,0.36940479278564453
0.5294117647058824,0.9317307692307693,0.3682664632797241
0.5301470588235294,0.9317307692307693,0.3682458996772766
0.5301470588235294,0.9326923076923077,0.3682333827018738
0.5338235294117647,0.9326923076923077,0.3676719069480896
0.5338235294117647,0.9336538461538462,0.36597883701324463
0.538235294117647,0.9336538461538462,0.36367928981781006
0.538235294117647,0.9346153846153846,0.3630130887031555
0.5485294117647059,0.9346153846153846,0.3589669167995453
0.5485294117647059,0.9365384615384615,0.3587438464164734
0.549264705882353,0.9365384615384615,0.3585059642791748
0.549264705882353,0.9384615384615385,0.3580217957496643
0.5661764705882353,0.9384615384615385,0.34638696908950806
0.5661764705882353,0.9394230769230769,0.3461584746837616
0.5676470588235294,0.9394230769230769,0.34595102071762085
0.5676470588235294,0.9403846153846154,0.343967467546463
0.5852941176470589,0.9403846153846154,0.330258309841156
0.5852941176470589,0.9413461538461538,0.3300670385360718
0.5875,0.9413461538461538,0.32925644516944885
0.5875,0.9432692307692307,0.32865452766418457
0.5897058823529412,0.9432692307692307,0.327655553817749
0.5897058823529412,0.9451923076923077,0.32735711336135864
0.5911764705882353,0.9451923076923077,0.326173335313797
0.5911764705882353,0.9461538461538461,0.3261641263961792
0.5933823529411765,0.9461538461538461,0.3251360058784485
0.5933823529411765,0.9471153846153846,0.3249683976173401
0.5941176470588235,0.9471153846153846,0.32415202260017395
0.5941176470588235,0.948076923076923,0.32413968443870544
0.6036764705882353,0.948076923076923,0.31849560141563416
0.6036764705882353,0.95,0.31811854243278503
0.6095588235294118,0.95,0.31556859612464905
0.6095588235294118,0.9509615384615384,0.31551721692085266
0.611764705882353,0.9509615384615384,0.31481701135635376
0.611764705882353,0.9519230769230769,0.3146325349807739
0.6132352941176471,0.9519230769230769,0.31321609020233154
0.6132352941176471,0.9528846153846153,0.31319302320480347
0.6191176470588236,0.9528846153846153,0.3095931112766266
0.6191176470588236,0.9538461538461539,0.30933964252471924
0.6205882352941177,0.9538461538461539,0.3082301914691925
0.6205882352941177,0.9548076923076924,0.3078838884830475
0.6316176470588235,0.9548076923076924,0.3011336326599121
0.6316176470588235,0.9557692307692308,0.30052340030670166
0.6360294117647058,0.9557692307692308,0.2988385558128357
0.6360294117647058,0.9576923076923077,0.29863590002059937
0.6470588235294118,0.9576923076923077,0.29024800658226013
0.6470588235294118,0.9586538461538462,0.2898919880390167
0.65,0.9586538461538462,0.2878209352493286
0.65,0.9596153846153846,0.2877523601055145
0.6536764705882353,0.9596153846153846,0.2843964695930481
0.6536764705882353,0.9605769230769231,0.28421080112457275
0.6551470588235294,0.9605769230769231,0.28384652733802795
0.6551470588235294,0.9625,0.28196844458580017
0.6558823529411765,0.9625,0.2814940810203552
0.6558823529411765,0.9634615384615385,0.28088510036468506
0.6573529411764706,0.9634615384615385,0.27841487526893616
0.6573529411764706,0.9644230769230769,0.2782381772994995
0.6588235294117647,0.9644230769230769,0.2774296998977661
0.6588235294117647,0.9653846153846154,0.277378648519516
0.6602941176470588,0.9653846153846154,0.27680352330207825
0.6602941176470588,0.9673076923076923,0.2759626507759094
0.6610294117647059,0.9673076923076923,0.2756211459636688
0.6610294117647059,0.9682692307692308,0.27529191970825195
0.6735294117647059,0.9682692307692308,0.26892364025115967
0.6735294117647059,0.9692307692307692,0.2683950662612915
0.6757352941176471,0.9692307692307692,0.2678191661834717
0.6757352941176471,0.9701923076923077,0.26745498180389404
0.6764705882352942,0.9701923076923077,0.2668324410915375
0.6764705882352942,0.9711538461538461,0.26673781871795654
0.6830882352941177,0.9711538461538461,0.2625630497932434
0.6830882352941177,0.9721153846153846,0.2625204026699066
0.6985294117647058,0.9721153846153846,0.25629934668540955
0.6985294117647058,0.9730769230769231,0.2553836703300476
0.7058823529411765,0.9730769230769231,0.2515230178833008
0.7058823529411765,0.9740384615384615,0.25130677223205566
0.7066176470588236,0.9740384615384615,0.2509208023548126
0.7066176470588236,0.975,0.25074467062950134
0.7095588235294118,0.975,0.24850653111934662
0.7095588235294118,0.9759615384615384,0.2484365701675415
0.7205882352941176,0.9759615384615384,0.2434663027524948
0.7205882352941176,0.9769230769230769,0.24339450895786285
0.7433823529411765,0.9769230769230769,0.23467281460762024
0.7433823529411765,0.9778846153846154,0.23453427851200104
0.7573529411764706,0.9778846153846154,0.22727341949939728
0.7573529411764706,0.9788461538461538,0.2270585298538208
0.7705882352941177,0.9788461538461538,0.2218274176120758
0.7705882352941177,0.9798076923076923,0.22167393565177917
0.8227941176470588,0.9798076923076923,0.20137012004852295
0.8227941176470588,0.9807692307692307,0.2012137621641159
0.9227941176470589,0.9807692307692307,0.10139334201812744
0.9227941176470589,0.9817307692307692,0.10088763386011124
0.9272058823529412,0.9817307692307692,0.08991833031177521
0.9272058823529412,0.9836538461538461,0.08876799792051315
0.9294117647058824,0.9836538461538461,0.08227727562189102
0.9294117647058824,0.9855769230769231,0.0790308490395546
0.9308823529411765,0.9855769230769231,0.0780998021364212
0.9308823529411765,0.9875,0.0771065503358841
0.9316176470588236,0.9875,0.07616616040468216
0.9316176470588236,0.9913461538461539,0.07483978569507599
0.9330882352941177,0.9913461538461539,0.07326935976743698
0.9330882352941177,0.9923076923076923,0.07302022725343704
0.9338235294117647,0.9923076923076923,0.07290840148925781
0.9338235294117647,0.9942307692307693,0.07261484861373901
0.9397058823529412,0.9942307692307693,0.06915668398141861
0.9397058823529412,0.9961538461538462,0.06721943616867065
0.9419117647058823,0.9961538461538462,0.06597916036844254
0.9419117647058823,0.9971153846153846,0.06553509831428528
0.9433823529411764,0.9971153846153846,0.06466484814882278
0.9433823529411764,0.9980769230769231,0.06420804560184479
0.9448529411764706,0.9980769230769231,0.06339585781097412
0.9448529411764706,0.9990384615384615,0.06336381286382675
0.9602941176470589,0.9990384615384615,0.0561545304954052
0.9602941176470589,1.0,0.056095823645591736
1.0,1.0,0.04148434102535248
