FPR,TPR,Threshold
0.0,0.0,1.9872981309890747
0.0,0.000925925925925926,0.9872981309890747
0.0,0.26481481481481484,0.8985111713409424
0.0007575757575757576,0.26481481481481484,0.8960174918174744
0.0007575757575757576,0.28703703703703703,0.8850404620170593
0.0015151515151515152,0.28703703703703703,0.8846333026885986
0.0015151515151515152,0.30462962962962964,0.8801531195640564
0.0022727272727272726,0.30462962962962964,0.8797994256019592
0.0022727272727272726,0.32592592592592595,0.8745543360710144
0.0030303030303030303,0.32592592592592595,0.8745319843292236
0.0030303030303030303,0.3287037037037037,0.8733227252960205
0.003787878787878788,0.3287037037037037,0.8732548356056213
0.003787878787878788,0.3296296296296296,0.8730867505073547
0.004545454545454545,0.3296296296296296,0.8727580308914185
0.004545454545454545,0.3314814814814815,0.8720232248306274
0.005303030303030303,0.3314814814814815,0.8719068765640259
0.005303030303030303,0.33425925925925926,0.8709794878959656
0.006060606060606061,0.33425925925925926,0.870517373085022
0.006060606060606061,0.3351851851851852,0.8703954219818115
0.006818181818181818,0.3351851851851852,0.870281994342804
0.006818181818181818,0.3416666666666667,0.8673661947250366
0.008333333333333333,0.3416666666666667,0.8664294481277466
0.008333333333333333,0.3425925925925926,0.8642197847366333
0.009848484848484848,0.3425925925925926,0.8628654479980469
0.009848484848484848,0.3435185185185185,0.861889123916626
0.010606060606060607,0.3435185185185185,0.8617374300956726
0.010606060606060607,0.3472222222222222,0.8596922755241394
0.012878787878787878,0.3472222222222222,0.8590726256370544
0.012878787878787878,0.34814814814814815,0.8588671684265137
0.014393939393939395,0.34814814814814815,0.8583162426948547
0.014393939393939395,0.35,0.8569014668464661
0.015151515151515152,0.35,0.8563559651374817
0.015151515151515152,0.35185185185185186,0.8558194041252136
0.015909090909090907,0.35185185185185186,0.8557565808296204
0.015909090909090907,0.362962962962963,0.8519896268844604
0.016666666666666666,0.362962962962963,0.851769208908081
0.016666666666666666,0.3685185185185185,0.8503105044364929
0.017424242424242425,0.3685185185185185,0.8491913080215454
0.017424242424242425,0.3814814814814815,0.8466245532035828
0.01818181818181818,0.3814814814814815,0.8454001545906067
0.01818181818181818,0.3824074074074074,0.8453757166862488
0.019696969696969695,0.3824074074074074,0.8439277410507202
0.019696969696969695,0.38333333333333336,0.8437397480010986
0.020454545454545454,0.38333333333333336,0.843627393245697
0.020454545454545454,0.38981481481481484,0.8418331742286682
0.021212121212121213,0.38981481481481484,0.8414551615715027
0.021212121212121213,0.39166666666666666,0.8413775563240051
0.02196969696969697,0.39166666666666666,0.8413684964179993
0.02196969696969697,0.4,0.8380990028381348
0.023484848484848483,0.4,0.8368692398071289
0.023484848484848483,0.4027777777777778,0.834147036075592
0.025,0.4027777777777778,0.8338748812675476
0.025,0.40370370370370373,0.8337748646736145
0.025757575757575757,0.40370370370370373,0.8336602449417114
0.025757575757575757,0.4111111111111111,0.8312603235244751
0.026515151515151516,0.4111111111111111,0.8310391306877136
0.026515151515151516,0.41203703703703703,0.830776035785675
0.02803030303030303,0.41203703703703703,0.8306496739387512
0.02803030303030303,0.41574074074074074,0.8300806879997253
0.02878787878787879,0.41574074074074074,0.829904317855835
0.02878787878787879,0.4203703703703704,0.8290133476257324
0.029545454545454545,0.4203703703703704,0.8287546634674072
0.029545454545454545,0.4324074074074074,0.823889970779419
0.030303030303030304,0.4324074074074074,0.823589563369751
0.030303030303030304,0.43425925925925923,0.8232126235961914
0.03106060606060606,0.43425925925925923,0.8231685161590576
0.03106060606060606,0.4462962962962963,0.8200223445892334
0.031818181818181815,0.4462962962962963,0.8196530938148499
0.031818181818181815,0.4546296296296296,0.818021297454834
0.03257575757575758,0.4546296296296296,0.8179965615272522
0.03257575757575758,0.4675925925925926,0.8136959075927734
0.03333333333333333,0.4675925925925926,0.8132010698318481
0.03333333333333333,0.49537037037037035,0.8032668828964233
0.03484848484848485,0.49537037037037035,0.8016145825386047
0.03484848484848485,0.5111111111111111,0.7966941595077515
0.035606060606060606,0.5111111111111111,0.7960019707679749
0.035606060606060606,0.5185185185185185,0.7928286790847778
0.03636363636363636,0.5185185185185185,0.7926971912384033
0.03636363636363636,0.5203703703703704,0.7918033599853516
0.037121212121212124,0.5203703703703704,0.7914450168609619
0.037121212121212124,0.524074074074074,0.7903806567192078
0.03787878787878788,0.524074074074074,0.7903190851211548
0.03787878787878788,0.525,0.7903064489364624
0.038636363636363635,0.525,0.7896374464035034
0.038636363636363635,0.5287037037037037,0.7881412506103516
0.03939393939393939,0.5287037037037037,0.7878404259681702
0.03939393939393939,0.5361111111111111,0.7847392559051514
0.04015151515151515,0.5361111111111111,0.7844718098640442
0.04015151515151515,0.5407407407407407,0.782530665397644
0.041666666666666664,0.5407407407407407,0.7824509739875793
0.041666666666666664,0.5416666666666666,0.7823430299758911
0.04242424242424243,0.5416666666666666,0.7820389866828918
0.04242424242424243,0.5425925925925926,0.781962513923645
0.04318181818181818,0.5425925925925926,0.7816386222839355
0.04318181818181818,0.5435185185185185,0.7812654376029968
0.0446969696969697,0.5435185185185185,0.7804699540138245
0.0446969696969697,0.5444444444444444,0.7802771329879761
0.045454545454545456,0.5444444444444444,0.7801503539085388
0.045454545454545456,0.5453703703703704,0.7791996598243713
0.04621212121212121,0.5453703703703704,0.7789931893348694
0.04621212121212121,0.5472222222222223,0.778902530670166
0.048484848484848485,0.5472222222222223,0.7785806059837341
0.048484848484848485,0.55,0.7774189114570618
0.051515151515151514,0.55,0.7752159833908081
0.051515151515151514,0.5518518518518518,0.7747201323509216
0.05227272727272727,0.5518518518518518,0.7746857404708862
0.05227272727272727,0.5564814814814815,0.7736297249794006
0.05303030303030303,0.5564814814814815,0.7730550169944763
0.05303030303030303,0.5574074074074075,0.7728649973869324
0.05454545454545454,0.5574074074074075,0.772306501865387
0.05454545454545454,0.5592592592592592,0.7722771763801575
0.05757575757575758,0.5592592592592592,0.7720696330070496
0.05757575757575758,0.5601851851851852,0.7719414830207825
0.058333333333333334,0.5601851851851852,0.7717406153678894
0.058333333333333334,0.5638888888888889,0.7697178721427917
0.05909090909090909,0.5638888888888889,0.7693831324577332
0.05909090909090909,0.5657407407407408,0.7685357928276062
0.059848484848484845,0.5657407407407408,0.7682909965515137
0.059848484848484845,0.5731481481481482,0.7651594877243042
0.06060606060606061,0.5731481481481482,0.7651301026344299
0.06060606060606061,0.6166666666666667,0.7439860701560974
0.06136363636363636,0.6166666666666667,0.7435258030891418
0.06136363636363636,0.6361111111111111,0.7192462682723999
0.06212121212121212,0.6361111111111111,0.7179940342903137
0.06212121212121212,0.6620370370370371,0.7034443616867065
0.06287878787878788,0.6620370370370371,0.7032720446586609
0.06287878787878788,0.6842592592592592,0.6926103234291077
0.06363636363636363,0.6842592592592592,0.6922301054000854
0.06363636363636363,0.6990740740740741,0.6832600831985474
0.06439393939393939,0.6990740740740741,0.683185875415802
0.06439393939393939,0.712037037037037,0.6776394248008728
0.06515151515151515,0.712037037037037,0.677402913570404
0.06515151515151515,0.725925925925926,0.6625900268554688
0.06666666666666667,0.725925925925926,0.6603410243988037
0.06666666666666667,0.7296296296296296,0.6541181206703186
0.06818181818181818,0.7296296296296296,0.6529669165611267
0.06818181818181818,0.7314814814814815,0.6506325602531433
0.06893939393939394,0.7314814814814815,0.650448203086853
0.06893939393939394,0.7342592592592593,0.6498374342918396
0.0696969696969697,0.7342592592592593,0.6498199105262756
0.0696969696969697,0.737037037037037,0.6476235389709473
0.07045454545454545,0.737037037037037,0.6467477679252625
0.07045454545454545,0.7407407407407407,0.6437923908233643
0.07121212121212121,0.7407407407407407,0.6432908773422241
0.07121212121212121,0.7416666666666667,0.6428030133247375
0.07272727272727272,0.7416666666666667,0.6405004262924194
0.07272727272727272,0.7425925925925926,0.640177309513092
0.07348484848484849,0.7425925925925926,0.6387603878974915
0.07348484848484849,0.7444444444444445,0.6380212903022766
0.07651515151515151,0.7444444444444445,0.6359829306602478
0.07651515151515151,0.7453703703703703,0.6354576945304871
0.07727272727272727,0.7453703703703703,0.635162353515625
0.07727272727272727,0.7462962962962963,0.635059654712677
0.07803030303030303,0.7462962962962963,0.6328291893005371
0.07803030303030303,0.7472222222222222,0.6324939727783203
0.07878787878787878,0.7472222222222222,0.6324120759963989
0.07878787878787878,0.7518518518518519,0.6306940317153931
0.07954545454545454,0.7518518518518519,0.6299139261245728
0.07954545454545454,0.7537037037037037,0.6286362409591675
0.0803030303030303,0.7537037037037037,0.628521203994751
0.0803030303030303,0.7574074074074074,0.623848557472229
0.08106060606060606,0.7574074074074074,0.6238359212875366
0.08106060606060606,0.7583333333333333,0.6238147616386414
0.08181818181818182,0.7583333333333333,0.6237668991088867
0.08181818181818182,0.7592592592592593,0.6228800415992737
0.08257575757575758,0.7592592592592593,0.6226799488067627
0.08257575757575758,0.7601851851851852,0.622422993183136
0.08409090909090909,0.7601851851851852,0.6211404800415039
0.08409090909090909,0.7611111111111111,0.6204460859298706
0.08484848484848485,0.7611111111111111,0.6201108694076538
0.08484848484848485,0.7620370370370371,0.6194777488708496
0.0856060606060606,0.7620370370370371,0.6193987131118774
0.0856060606060606,0.7657407407407407,0.6170840859413147
0.08712121212121213,0.7657407407407407,0.6159229278564453
0.08712121212121213,0.7666666666666667,0.6135208010673523
0.08863636363636364,0.7666666666666667,0.6130275130271912
0.08863636363636364,0.7675925925925926,0.6122052669525146
0.09090909090909091,0.7675925925925926,0.6101494431495667
0.09090909090909091,0.7694444444444445,0.6088217496871948
0.09242424242424242,0.7694444444444445,0.607524037361145
0.09242424242424242,0.7703703703703704,0.6067973375320435
0.09393939393939393,0.7703703703703704,0.6066255569458008
0.09393939393939393,0.7712962962962963,0.6063547134399414
0.09545454545454546,0.7712962962962963,0.6058802604675293
0.09545454545454546,0.7722222222222223,0.6053692698478699
0.09621212121212121,0.7722222222222223,0.6053257584571838
0.09621212121212121,0.7768518518518519,0.6028546094894409
0.09772727272727273,0.7768518518518519,0.6024542450904846
0.09772727272727273,0.7796296296296297,0.597059428691864
0.09848484848484848,0.7796296296296297,0.596491277217865
0.09848484848484848,0.7805555555555556,0.5964718461036682
0.09924242424242424,0.7805555555555556,0.5962920784950256
0.09924242424242424,0.7824074074074074,0.5953370332717896
0.10151515151515152,0.7824074074074074,0.5939072370529175
0.10151515151515152,0.7861111111111111,0.5915505886077881
0.10378787878787879,0.7861111111111111,0.5907741189002991
0.10378787878787879,0.7870370370370371,0.5901474952697754
0.10454545454545454,0.7870370370370371,0.5889749526977539
0.10454545454545454,0.7888888888888889,0.5871601104736328
0.1053030303030303,0.7888888888888889,0.5870601534843445
0.1053030303030303,0.7898148148148149,0.586648166179657
0.10757575757575757,0.7898148148148149,0.5820783376693726
0.10757575757575757,0.7907407407407407,0.5805222392082214
0.10833333333333334,0.7907407407407407,0.5804814696311951
0.10833333333333334,0.7925925925925926,0.5800686478614807
0.10909090909090909,0.7925925925925926,0.5791420340538025
0.10909090909090909,0.7935185185185185,0.5790392756462097
0.11136363636363636,0.7935185185185185,0.5777403116226196
0.11136363636363636,0.7962962962962963,0.5749198198318481
0.11212121212121212,0.7962962962962963,0.5745725035667419
0.11212121212121212,0.7972222222222223,0.5739551782608032
0.11287878787878788,0.7972222222222223,0.5737591981887817
0.11287878787878788,0.8009259259259259,0.5720090866088867
0.11363636363636363,0.8009259259259259,0.5715842247009277
0.11363636363636363,0.8018518518518518,0.570858359336853
0.1143939393939394,0.8018518518518518,0.5689466595649719
0.1143939393939394,0.8046296296296296,0.5681927800178528
0.11515151515151516,0.8046296296296296,0.5664825439453125
0.11515151515151516,0.8055555555555556,0.5661855936050415
0.1159090909090909,0.8055555555555556,0.5660129189491272
0.1159090909090909,0.8074074074074075,0.5656877160072327
0.11666666666666667,0.8074074074074075,0.5648034811019897
0.11666666666666667,0.8083333333333333,0.5644173622131348
0.11818181818181818,0.8083333333333333,0.5635623335838318
0.11818181818181818,0.8092592592592592,0.5628504157066345
0.11893939393939394,0.8092592592592592,0.5626736879348755
0.11893939393939394,0.8111111111111111,0.5615692138671875
0.12121212121212122,0.8111111111111111,0.5610736012458801
0.12121212121212122,0.812037037037037,0.5599991083145142
0.12196969696969696,0.812037037037037,0.5599421858787537
0.12196969696969696,0.812962962962963,0.5599086284637451
0.12272727272727273,0.812962962962963,0.5595471262931824
0.12272727272727273,0.8157407407407408,0.5571219325065613
0.12348484848484849,0.8157407407407408,0.5567634701728821
0.12348484848484849,0.8185185185185185,0.5563784837722778
0.12424242424242424,0.8185185185185185,0.5557112097740173
0.12424242424242424,0.8194444444444444,0.5553598999977112
0.12575757575757576,0.8194444444444444,0.553834080696106
0.12575757575757576,0.8222222222222222,0.5524352788925171
0.12651515151515152,0.8222222222222222,0.5518090128898621
0.12651515151515152,0.825,0.550653338432312
0.12727272727272726,0.825,0.5499935150146484
0.12727272727272726,0.8314814814814815,0.5464480519294739
0.12803030303030302,0.8314814814814815,0.5463681817054749
0.12803030303030302,0.8342592592592593,0.5450044274330139
0.12878787878787878,0.8342592592592593,0.544740617275238
0.12878787878787878,0.8416666666666667,0.5359928607940674
0.12954545454545455,0.8416666666666667,0.5357993245124817
0.12954545454545455,0.8490740740740741,0.5326021313667297
0.13106060606060607,0.8490740740740741,0.5311782956123352
0.13106060606060607,0.8546296296296296,0.5265483260154724
0.13333333333333333,0.8546296296296296,0.5240499377250671
0.13333333333333333,0.8555555555555555,0.523690402507782
0.1340909090909091,0.8555555555555555,0.523664116859436
0.1340909090909091,0.8564814814814815,0.5236433148384094
0.13560606060606062,0.8564814814814815,0.5227802395820618
0.13560606060606062,0.8574074074074074,0.5221424102783203
0.14015151515151514,0.8574074074074074,0.5167468190193176
0.14015151515151514,0.8583333333333333,0.5161921977996826
0.1409090909090909,0.8583333333333333,0.516063392162323
0.1409090909090909,0.8592592592592593,0.5147844552993774
0.14242424242424243,0.8592592592592593,0.5133869051933289
0.14242424242424243,0.8601851851851852,0.5130634903907776
0.14545454545454545,0.8601851851851852,0.5118775963783264
0.14545454545454545,0.862037037037037,0.5111092925071716
0.14696969696969697,0.862037037037037,0.5093939900398254
0.14696969696969697,0.8629629629629629,0.5089130997657776
0.14924242424242423,0.8629629629629629,0.5072486400604248
0.14924242424242423,0.8648148148148148,0.5070127844810486
0.15681818181818183,0.8648148148148148,0.5006314516067505
0.15681818181818183,0.8657407407407407,0.5004134774208069
0.15757575757575756,0.8657407407407407,0.49900421500205994
0.15757575757575756,0.8666666666666667,0.49839454889297485
0.15984848484848485,0.8666666666666667,0.4949566125869751
0.15984848484848485,0.8675925925925926,0.49494028091430664
0.16136363636363638,0.8675925925925926,0.4920576214790344
0.16136363636363638,0.8685185185185185,0.4915940463542938
0.1621212121212121,0.8685185185185185,0.49137306213378906
0.1621212121212121,0.8703703703703703,0.49108925461769104
0.16287878787878787,0.8703703703703703,0.49073556065559387
0.16287878787878787,0.8712962962962963,0.49035000801086426
0.16363636363636364,0.8712962962962963,0.490249902009964
0.16363636363636364,0.8722222222222222,0.4882505238056183
0.1643939393939394,0.8722222222222222,0.48775729537010193
0.1643939393939394,0.8731481481481481,0.4874725043773651
0.16515151515151516,0.8731481481481481,0.4871213734149933
0.16515151515151516,0.8740740740740741,0.4867306649684906
0.16742424242424242,0.8740740740740741,0.48539528250694275
0.16742424242424242,0.875,0.48520469665527344
0.16893939393939394,0.875,0.48460230231285095
0.16893939393939394,0.8759259259259259,0.4845660626888275
0.17045454545454544,0.8759259259259259,0.48221859335899353
0.17045454545454544,0.8768518518518519,0.48102763295173645
0.1734848484848485,0.8768518518518519,0.47909167408943176
0.1734848484848485,0.8787037037037037,0.47762227058410645
0.1765151515151515,0.8787037037037037,0.47221121191978455
0.1765151515151515,0.8796296296296297,0.4702308475971222
0.17803030303030304,0.8796296296296297,0.4643706679344177
0.17803030303030304,0.8805555555555555,0.4633101224899292
0.17954545454545454,0.8805555555555555,0.46211305260658264
0.17954545454545454,0.8814814814814815,0.4620915353298187
0.18106060606060606,0.8814814814814815,0.4601038694381714
0.18106060606060606,0.8824074074074074,0.4594031572341919
0.18257575757575759,0.8824074074074074,0.45764628052711487
0.18257575757575759,0.8833333333333333,0.4572944641113281
0.18409090909090908,0.8833333333333333,0.45582595467567444
0.18409090909090908,0.8842592592592593,0.45494455099105835
0.18712121212121213,0.8842592592592593,0.4522571265697479
0.18712121212121213,0.8851851851851852,0.4493831396102905
0.18863636363636363,0.8851851851851852,0.4481775760650635
0.18863636363636363,0.8861111111111111,0.44799908995628357
0.19318181818181818,0.8861111111111111,0.44484758377075195
0.19318181818181818,0.8870370370370371,0.4444511830806732
0.19393939393939394,0.8870370370370371,0.4442717730998993
0.19393939393939394,0.8888888888888888,0.4431573152542114
0.1962121212121212,0.8888888888888888,0.44230663776397705
0.1962121212121212,0.8907407407407407,0.4421822726726532
0.1984848484848485,0.8907407407407407,0.440843403339386
0.1984848484848485,0.8916666666666667,0.4404303729534149
0.2037878787878788,0.8916666666666667,0.4364803731441498
0.2037878787878788,0.8925925925925926,0.4360741376876831
0.20454545454545456,0.8925925925925926,0.4354577660560608
0.20454545454545456,0.8935185185185185,0.4354335367679596
0.2053030303030303,0.8935185185185185,0.43529418110847473
0.2053030303030303,0.8944444444444445,0.4348653554916382
0.20984848484848484,0.8944444444444445,0.4295348823070526
0.20984848484848484,0.8962962962962963,0.4287847578525543
0.21515151515151515,0.8962962962962963,0.42651066184043884
0.21515151515151515,0.8972222222222223,0.4262560307979584
0.21742424242424244,0.8972222222222223,0.42480340600013733
0.21742424242424244,0.9018518518518519,0.4235670566558838
0.22045454545454546,0.9018518518518519,0.42231839895248413
0.22045454545454546,0.9027777777777778,0.4221213459968567
0.22196969696969698,0.9027777777777778,0.42114394903182983
0.22196969696969698,0.9046296296296297,0.42044705152511597
0.22272727272727272,0.9046296296296297,0.4202893376350403
0.22272727272727272,0.9074074074074074,0.418167382478714
0.22348484848484848,0.9074074074074074,0.41815152764320374
0.22348484848484848,0.9092592592592592,0.41587674617767334
0.22575757575757577,0.9092592592592592,0.4129791855812073
0.22575757575757577,0.9101851851851852,0.41283348202705383
0.2265151515151515,0.9101851851851852,0.4127082824707031
0.2265151515151515,0.9120370370370371,0.41231805086135864
0.22727272727272727,0.9120370370370371,0.411637544631958
0.22727272727272727,0.9148148148148149,0.410759836435318
0.2287878787878788,0.9148148148148149,0.4100087285041809
0.2287878787878788,0.9157407407407407,0.4099736213684082
0.22954545454545455,0.9157407407407407,0.4095452129840851
0.22954545454545455,0.9166666666666666,0.4090968668460846
0.23257575757575757,0.9166666666666666,0.40571829676628113
0.23257575757575757,0.9175925925925926,0.4052527844905853
0.23333333333333334,0.9175925925925926,0.4046737253665924
0.23333333333333334,0.9194444444444444,0.4029671847820282
0.23636363636363636,0.9194444444444444,0.4021185636520386
0.23636363636363636,0.9203703703703704,0.4019186198711395
0.23712121212121212,0.9203703703703704,0.40080153942108154
0.23712121212121212,0.9212962962962963,0.3997630178928375
0.23863636363636365,0.9212962962962963,0.39809438586235046
0.23863636363636365,0.9231481481481482,0.39633238315582275
0.23939393939393938,0.9231481481481482,0.39615997672080994
0.23939393939393938,0.925,0.39420872926712036
0.24015151515151514,0.925,0.3939110338687897
0.24015151515151514,0.9259259259259259,0.3920298218727112
0.24166666666666667,0.9259259259259259,0.39163973927497864
0.24166666666666667,0.9277777777777778,0.39153769612312317
0.24393939393939393,0.9277777777777778,0.3907283544540405
0.24393939393939393,0.9296296296296296,0.3896828591823578
0.2446969696969697,0.9296296296296296,0.38825687766075134
0.2446969696969697,0.9305555555555556,0.3882291615009308
0.24621212121212122,0.9305555555555556,0.38614141941070557
0.24621212121212122,0.9314814814814815,0.386030375957489
0.24772727272727274,0.9314814814814815,0.3849949240684509
0.24772727272727274,0.9324074074074075,0.3849797248840332
0.2537878787878788,0.9324074074074075,0.3814207911491394
0.2537878787878788,0.9333333333333333,0.38082265853881836
0.25757575757575757,0.9333333333333333,0.37897875905036926
0.25757575757575757,0.9342592592592592,0.3780033588409424
0.26212121212121214,0.9342592592592592,0.3775574564933777
0.26212121212121214,0.9351851851851852,0.3763982951641083
0.2628787878787879,0.9351851851851852,0.37585747241973877
0.2628787878787879,0.9361111111111111,0.3756865859031677
0.26666666666666666,0.9361111111111111,0.37305429577827454
0.26666666666666666,0.937037037037037,0.37289708852767944
0.2734848484848485,0.937037037037037,0.3689408600330353
0.2734848484848485,0.937962962962963,0.3684147596359253
0.275,0.937962962962963,0.36748191714286804
0.275,0.9388888888888889,0.36714017391204834
0.27575757575757576,0.9388888888888889,0.3667750954627991
0.27575757575757576,0.9398148148148148,0.3666381239891052
0.2765151515151515,0.9398148148148148,0.36649203300476074
0.2765151515151515,0.9407407407407408,0.366113543510437
0.2871212121212121,0.9407407407407408,0.3589634895324707
0.2871212121212121,0.9416666666666667,0.3587534427642822
0.2924242424242424,0.9416666666666667,0.3566979467868805
0.2924242424242424,0.9425925925925925,0.35598909854888916
0.29393939393939394,0.9425925925925925,0.3557208776473999
0.29393939393939394,0.9435185185185185,0.355486661195755
0.3015151515151515,0.9435185185185185,0.3509329855442047
0.3015151515151515,0.9444444444444444,0.35069191455841064
0.30757575757575756,0.9444444444444444,0.34709423780441284
0.30757575757575756,0.9453703703703704,0.34647446870803833
0.31287878787878787,0.9453703703703704,0.34414932131767273
0.31287878787878787,0.9462962962962963,0.34405964612960815
0.3143939393939394,0.9462962962962963,0.34349218010902405
0.3143939393939394,0.9472222222222222,0.34343335032463074
0.35454545454545455,0.9472222222222222,0.3254150152206421
0.35454545454545455,0.9481481481481482,0.32534059882164
0.36363636363636365,0.9481481481481482,0.3196340501308441
0.36363636363636365,0.9490740740740741,0.3192717134952545
0.3696969696969697,0.9490740740740741,0.3161569833755493
0.3696969696969697,0.950925925925926,0.3152756690979004
0.3734848484848485,0.950925925925926,0.31100213527679443
0.3734848484848485,0.9518518518518518,0.31027477979660034
0.37424242424242427,0.9518518518518518,0.308520644903183
0.37424242424242427,0.9527777777777777,0.30831658840179443
0.375,0.9527777777777777,0.308122456073761
0.375,0.9537037037037037,0.3071456849575043
0.37575757575757573,0.9537037037037037,0.3061378598213196
0.37575757575757573,0.9546296296296296,0.30568811297416687
0.3803030303030303,0.9546296296296296,0.30214494466781616
0.3803030303030303,0.9555555555555556,0.3020596504211426
0.3878787878787879,0.9555555555555556,0.297444611787796
0.3878787878787879,0.9564814814814815,0.29553496837615967
0.3886363636363636,0.9564814814814815,0.29505425691604614
0.3886363636363636,0.9574074074074074,0.29496335983276367
0.3893939393939394,0.9574074074074074,0.2945116460323334
0.3893939393939394,0.9583333333333334,0.29398036003112793
0.4,0.9583333333333334,0.288451611995697
0.4,0.9601851851851851,0.2857465147972107
0.4053030303030303,0.9601851851851851,0.2823362350463867
0.4053030303030303,0.9611111111111111,0.2818720042705536
0.4075757575757576,0.9611111111111111,0.2803937792778015
0.4075757575757576,0.962037037037037,0.2801837921142578
0.4113636363636364,0.962037037037037,0.27893534302711487
0.4113636363636364,0.9638888888888889,0.2784770429134369
0.425,0.9638888888888889,0.2659534513950348
0.425,0.9648148148148148,0.26589396595954895
0.453030303030303,0.9648148148148148,0.24746254086494446
0.453030303030303,0.9657407407407408,0.24734719097614288
0.49166666666666664,0.9657407407407408,0.22718684375286102
0.49166666666666664,0.9666666666666667,0.2263476550579071
0.49772727272727274,0.9666666666666667,0.2234988659620285
0.49772727272727274,0.9675925925925926,0.2234518826007843
0.5037878787878788,0.9675925925925926,0.22204448282718658
0.5037878787878788,0.9685185185185186,0.22131453454494476
0.5075757575757576,0.9685185185185186,0.22009357810020447
0.5075757575757576,0.9694444444444444,0.21947930753231049
0.5106060606060606,0.9694444444444444,0.21758006513118744
0.5106060606060606,0.9712962962962963,0.21666373312473297
0.5113636363636364,0.9712962962962963,0.21642276644706726
0.5113636363636364,0.9722222222222222,0.21625840663909912
0.5151515151515151,0.9722222222222222,0.21465681493282318
0.5151515151515151,0.9731481481481481,0.2142963707447052
0.5204545454545455,0.9731481481481481,0.21192295849323273
0.5204545454545455,0.9740740740740741,0.2118118852376938
0.525,0.9740740740740741,0.2110041230916977
0.525,0.975925925925926,0.21027055382728577
0.5325757575757576,0.975925925925926,0.20833002030849457
0.5325757575757576,0.9768518518518519,0.20831939578056335
0.546969696969697,0.9768518518518519,0.20356833934783936
0.546969696969697,0.9777777777777777,0.20322871208190918
0.5515151515151515,0.9777777777777777,0.20226649940013885
0.5515151515151515,0.9796296296296296,0.20122186839580536
0.5522727272727272,0.9796296296296296,0.20040640234947205
0.5522727272727272,0.9805555555555555,0.20030885934829712
0.5575757575757576,0.9805555555555555,0.19869667291641235
0.5575757575757576,0.9814814814814815,0.19864529371261597
0.646969696969697,0.9814814814814815,0.17825250327587128
0.646969696969697,0.9824074074074074,0.17818288505077362
0.6833333333333333,0.9824074074074074,0.16441355645656586
0.6833333333333333,0.9833333333333333,0.16408418118953705
0.7212121212121212,0.9833333333333333,0.15000055730342865
0.7212121212121212,0.9842592592592593,0.1498648226261139
0.7795454545454545,0.9842592592592593,0.13585127890110016
0.7795454545454545,0.9851851851851852,0.13562101125717163
0.8075757575757576,0.9851851851851852,0.12605401873588562
0.8075757575757576,0.9861111111111112,0.12584134936332703
0.8143939393939394,0.9861111111111112,0.12255066633224487
0.8143939393939394,0.987037037037037,0.12163040786981583
0.8151515151515152,0.987037037037037,0.12119200825691223
0.8151515151515152,0.9898148148148148,0.1207757517695427
0.818939393939394,0.9898148148148148,0.1188080683350563
0.818939393939394,0.9907407407407407,0.11879747360944748
0.8287878787878787,0.9907407407407407,0.11475271731615067
0.8287878787878787,0.9916666666666667,0.11473195999860764
0.8295454545454546,0.9916666666666667,0.11462695896625519
0.8295454545454546,0.9925925925925926,0.11406033486127853
0.8386363636363636,0.9925925925925926,0.11107011884450912
0.8386363636363636,0.9944444444444445,0.10984423011541367
0.853030303030303,0.9944444444444445,0.10342739522457123
0.853030303030303,0.9953703703703703,0.10309627652168274
0.8537878787878788,0.9953703703703703,0.1030770093202591
0.8537878787878788,0.9962962962962963,0.10305090993642807
0.8598484848484849,0.9962962962962963,0.10067518800497055
0.8598484848484849,0.9972222222222222,0.10032393038272858
0.8621212121212121,0.9972222222222222,0.09965920448303223
0.8621212121212121,0.9981481481481481,0.09939788281917572
0.8651515151515151,0.9981481481481481,0.09838806837797165
0.8651515151515151,0.9990740740740741,0.09749450534582138
0.8681818181818182,0.9990740740740741,0.09573204815387726
0.8681818181818182,1.0,0.09573045372962952
1.0,1.0,0.01617324724793434
