FPR,TPR,Threshold
0.0,0.0,1.9488192796707153
0.0,0.0009615384615384616,0.9488192796707153
0.0,0.06346153846153846,0.9128825068473816
0.0007352941176470588,0.06346153846153846,0.9126739501953125
0.0007352941176470588,0.06442307692307692,0.9125404357910156
0.0014705882352941176,0.06442307692307692,0.9122173190116882
0.0014705882352941176,0.0673076923076923,0.9118295907974243
0.0022058823529411764,0.0673076923076923,0.910400927066803
0.0022058823529411764,0.06923076923076923,0.910336434841156
0.0029411764705882353,0.06923076923076923,0.9103156924247742
0.0029411764705882353,0.07211538461538461,0.9096887111663818
0.003676470588235294,0.07211538461538461,0.9096817970275879
0.003676470588235294,0.07692307692307693,0.908493161201477
0.004411764705882353,0.07692307692307693,0.907871663570404
0.004411764705882353,0.07788461538461539,0.9078561663627625
0.005147058823529412,0.07788461538461539,0.9072949886322021
0.005147058823529412,0.0798076923076923,0.9066928625106812
0.0058823529411764705,0.0798076923076923,0.9065271615982056
0.0058823529411764705,0.08076923076923077,0.9057676792144775
0.006617647058823529,0.08076923076923077,0.9054545164108276
0.006617647058823529,0.0875,0.903022825717926
0.009558823529411765,0.0875,0.9006056189537048
0.009558823529411765,0.09038461538461538,0.8998900651931763
0.010294117647058823,0.09038461538461538,0.8983771204948425
0.010294117647058823,0.09519230769230769,0.8950369954109192
0.011029411764705883,0.09519230769230769,0.8934040069580078
0.011029411764705883,0.10096153846153846,0.8910743594169617
0.011764705882352941,0.10096153846153846,0.890423059463501
0.011764705882352941,0.10288461538461538,0.8846496343612671
0.0125,0.10288461538461538,0.8831924796104431
0.0125,0.11346153846153846,0.8801074028015137
0.013235294117647059,0.11346153846153846,0.8798840641975403
0.013235294117647059,0.1625,0.8610382080078125
0.013970588235294118,0.1625,0.8599507808685303
0.013970588235294118,0.18557692307692308,0.8515810966491699
0.014705882352941176,0.18557692307692308,0.851313054561615
0.014705882352941176,0.24134615384615385,0.8179137110710144
0.016176470588235296,0.24134615384615385,0.8160796761512756
0.016176470588235296,0.24423076923076922,0.8138059377670288
0.016911764705882352,0.24423076923076922,0.8133680820465088
0.016911764705882352,0.24711538461538463,0.81291264295578
0.01764705882352941,0.24711538461538463,0.8127408623695374
0.01764705882352941,0.24807692307692308,0.8126704692840576
0.01838235294117647,0.24807692307692308,0.8120924234390259
0.01838235294117647,0.25769230769230766,0.8090867400169373
0.01911764705882353,0.25769230769230766,0.8085843324661255
0.01911764705882353,0.2586538461538462,0.8074552416801453
0.019852941176470587,0.2586538461538462,0.8069930076599121
0.019852941176470587,0.25961538461538464,0.8062159419059753
0.021323529411764706,0.25961538461538464,0.8052517175674438
0.021323529411764706,0.26346153846153847,0.8046844005584717
0.022794117647058822,0.26346153846153847,0.8043771386146545
0.022794117647058822,0.2673076923076923,0.803496778011322
0.023529411764705882,0.2673076923076923,0.8029007315635681
0.023529411764705882,0.275,0.8012815117835999
0.02426470588235294,0.275,0.8008925318717957
0.02426470588235294,0.2759615384615385,0.8007634282112122
0.025735294117647058,0.2759615384615385,0.8003883361816406
0.025735294117647058,0.27884615384615385,0.7998847961425781
0.026470588235294117,0.27884615384615385,0.7998660802841187
0.026470588235294117,0.2846153846153846,0.7991986870765686
0.027205882352941177,0.2846153846153846,0.7986491322517395
0.027205882352941177,0.28557692307692306,0.7983046770095825
0.028676470588235293,0.28557692307692306,0.7975051999092102
0.028676470588235293,0.2923076923076923,0.7951620221138
0.030147058823529412,0.2923076923076923,0.7950618267059326
0.030147058823529412,0.2980769230769231,0.7937418818473816
0.030882352941176472,0.2980769230769231,0.7928075790405273
0.030882352941176472,0.3076923076923077,0.7893417477607727
0.03235294117647059,0.3076923076923077,0.7874482870101929
0.03235294117647059,0.3096153846153846,0.7864915132522583
0.033823529411764704,0.3096153846153846,0.7860046625137329
0.033823529411764704,0.31153846153846154,0.7858397960662842
0.03455882352941177,0.31153846153846154,0.7858011722564697
0.03455882352941177,0.3278846153846154,0.7800256609916687
0.03676470588235294,0.3278846153846154,0.7796748280525208
0.03676470588235294,0.3298076923076923,0.7791681289672852
0.0375,0.3298076923076923,0.7790768146514893
0.0375,0.3326923076923077,0.7774027585983276
0.03823529411764706,0.3326923076923077,0.777174174785614
0.03823529411764706,0.3346153846153846,0.7769194841384888
0.03897058823529412,0.3346153846153846,0.7768273949623108
0.03897058823529412,0.33653846153846156,0.7761320471763611
0.039705882352941174,0.33653846153846156,0.7761098742485046
0.039705882352941174,0.3384615384615385,0.7759693264961243
0.04044117647058824,0.3384615384615385,0.775743842124939
0.04044117647058824,0.3403846153846154,0.7740450501441956
0.04338235294117647,0.3403846153846154,0.7725219130516052
0.04338235294117647,0.34134615384615385,0.7723926305770874
0.045588235294117645,0.34134615384615385,0.7713078260421753
0.045588235294117645,0.3451923076923077,0.7677575349807739
0.047058823529411764,0.3451923076923077,0.7676937580108643
0.047058823529411764,0.3471153846153846,0.767302393913269
0.04779411764705882,0.3471153846153846,0.7672483325004578
0.04779411764705882,0.35192307692307695,0.7667508125305176
0.05,0.35192307692307695,0.7657135725021362
0.05,0.3548076923076923,0.7649293541908264
0.05073529411764706,0.3548076923076923,0.764818012714386
0.05073529411764706,0.35673076923076924,0.764704167842865
0.05220588235294118,0.35673076923076924,0.7643453478813171
0.05220588235294118,0.35865384615384616,0.764106035232544
0.05367647058823529,0.35865384615384616,0.763515830039978
0.05367647058823529,0.3596153846153846,0.762772798538208
0.054411764705882354,0.3596153846153846,0.7625186443328857
0.054411764705882354,0.36153846153846153,0.7619665265083313
0.05955882352941176,0.36153846153846153,0.7605453133583069
0.05955882352941176,0.3625,0.7604494690895081
0.061764705882352944,0.3625,0.7593156695365906
0.061764705882352944,0.36346153846153845,0.7592721581459045
0.0625,0.36346153846153845,0.7591440081596375
0.0625,0.36730769230769234,0.7585204243659973
0.06323529411764706,0.36730769230769234,0.7552222013473511
0.06323529411764706,0.3682692307692308,0.754125714302063
0.06397058823529411,0.3682692307692308,0.7540081143379211
0.06397058823529411,0.3721153846153846,0.7526768445968628
0.0661764705882353,0.3721153846153846,0.7521743178367615
0.0661764705882353,0.37596153846153846,0.7509970664978027
0.06764705882352941,0.37596153846153846,0.7508057355880737
0.06764705882352941,0.38269230769230766,0.7491856217384338
0.06838235294117648,0.38269230769230766,0.7487819790840149
0.06838235294117648,0.39326923076923076,0.7458139657974243
0.06911764705882353,0.39326923076923076,0.7454944252967834
0.06911764705882353,0.39807692307692305,0.7442829608917236
0.06985294117647059,0.39807692307692305,0.7442547678947449
0.06985294117647059,0.40192307692307694,0.7439941763877869
0.07058823529411765,0.40192307692307694,0.7439002990722656
0.07058823529411765,0.40576923076923077,0.7434840202331543
0.0713235294117647,0.40576923076923077,0.7432460188865662
0.0713235294117647,0.4096153846153846,0.7426329851150513
0.07205882352941176,0.4096153846153846,0.7425329089164734
0.07205882352941176,0.41057692307692306,0.7425228953361511
0.07279411764705883,0.41057692307692306,0.7418153285980225
0.07279411764705883,0.4115384615384615,0.7412372827529907
0.07352941176470588,0.4115384615384615,0.740646481513977
0.07352941176470588,0.4153846153846154,0.7390518188476562
0.07426470588235294,0.4153846153846154,0.7389902472496033
0.07426470588235294,0.4182692307692308,0.7387586236000061
0.075,0.4182692307692308,0.7385697364807129
0.075,0.41923076923076924,0.7382365465164185
0.07573529411764705,0.41923076923076924,0.7378675937652588
0.07573529411764705,0.4201923076923077,0.7376918196678162
0.07647058823529412,0.4201923076923077,0.7375296950340271
0.07647058823529412,0.4221153846153846,0.7344673871994019
0.07794117647058824,0.4221153846153846,0.7340450286865234
0.07794117647058824,0.42596153846153845,0.7336900234222412
0.07941176470588235,0.42596153846153845,0.732799232006073
0.07941176470588235,0.43846153846153846,0.729319155216217
0.08161764705882353,0.43846153846153846,0.729208767414093
0.08161764705882353,0.4394230769230769,0.7287882566452026
0.08235294117647059,0.4394230769230769,0.7286863327026367
0.08235294117647059,0.4403846153846154,0.7272103428840637
0.0838235294117647,0.4403846153846154,0.7269346117973328
0.0838235294117647,0.44134615384615383,0.7243704795837402
0.08455882352941177,0.44134615384615383,0.724128246307373
0.08455882352941177,0.44711538461538464,0.7206266522407532
0.08676470588235294,0.44711538461538464,0.7200263738632202
0.08676470588235294,0.4480769230769231,0.7200003862380981
0.08823529411764706,0.4480769230769231,0.7190179228782654
0.08823529411764706,0.44903846153846155,0.7188330292701721
0.08897058823529412,0.44903846153846155,0.7186517715454102
0.08897058823529412,0.45,0.718090832233429
0.08970588235294118,0.45,0.7172873616218567
0.08970588235294118,0.4528846153846154,0.7165383100509644
0.09117647058823529,0.4528846153846154,0.7162513136863708
0.09117647058823529,0.45384615384615384,0.7160367369651794
0.09191176470588236,0.45384615384615384,0.715792715549469
0.09191176470588236,0.4548076923076923,0.7155848741531372
0.09264705882352942,0.4548076923076923,0.7152085900306702
0.09264705882352942,0.4653846153846154,0.7125498652458191
0.09338235294117647,0.4653846153846154,0.7123806476593018
0.09338235294117647,0.475,0.7112833261489868
0.09411764705882353,0.475,0.7111677527427673
0.09411764705882353,0.47692307692307695,0.7107970714569092
0.09485294117647058,0.47692307692307695,0.7102901935577393
0.09485294117647058,0.4798076923076923,0.7095595598220825
0.09558823529411764,0.4798076923076923,0.7093943357467651
0.09558823529411764,0.48365384615384616,0.7084774374961853
0.09705882352941177,0.48365384615384616,0.7081923484802246
0.09705882352941177,0.48653846153846153,0.7074746489524841
0.09779411764705882,0.48653846153846153,0.7070968151092529
0.09779411764705882,0.4875,0.7070657014846802
0.09852941176470588,0.4875,0.7066153287887573
0.09852941176470588,0.49230769230769234,0.7049946188926697
0.1,0.49230769230769234,0.7044485807418823
0.1,0.49903846153846154,0.7007285952568054
0.10073529411764706,0.49903846153846154,0.7005072832107544
0.10073529411764706,0.5,0.7001439929008484
0.10220588235294117,0.5,0.7000030875205994
0.10220588235294117,0.5057692307692307,0.6985277533531189
0.10294117647058823,0.5057692307692307,0.6981917023658752
0.10294117647058823,0.510576923076923,0.6978940963745117
0.1036764705882353,0.510576923076923,0.6976608037948608
0.1036764705882353,0.5115384615384615,0.6973015666007996
0.10441176470588236,0.5115384615384615,0.6970752477645874
0.10441176470588236,0.5134615384615384,0.6963521838188171
0.10514705882352941,0.5134615384615384,0.696216344833374
0.10514705882352941,0.5144230769230769,0.6961037516593933
0.10588235294117647,0.5144230769230769,0.6958610415458679
0.10588235294117647,0.5153846153846153,0.695560872554779
0.10735294117647058,0.5153846153846153,0.6954408288002014
0.10735294117647058,0.5182692307692308,0.6945826411247253
0.10808823529411765,0.5182692307692308,0.6939436197280884
0.10808823529411765,0.5230769230769231,0.6916349530220032
0.10955882352941176,0.5230769230769231,0.6913869380950928
0.10955882352941176,0.525,0.6908005475997925
0.11102941176470588,0.525,0.6905454993247986
0.11102941176470588,0.5259615384615385,0.690272331237793
0.11176470588235295,0.5259615384615385,0.6899681687355042
0.11176470588235295,0.5298076923076923,0.6879200339317322
0.11397058823529412,0.5298076923076923,0.6873310804367065
0.11397058823529412,0.5326923076923077,0.6842769384384155
0.11544117647058824,0.5326923076923077,0.6840328574180603
0.11544117647058824,0.5365384615384615,0.6805416941642761
0.11691176470588235,0.5365384615384615,0.6796269416809082
0.11691176470588235,0.5432692307692307,0.6761661171913147
0.11764705882352941,0.5432692307692307,0.6748888492584229
0.11764705882352941,0.5442307692307692,0.6745714545249939
0.11838235294117647,0.5442307692307692,0.6744776368141174
0.11838235294117647,0.5451923076923076,0.6741043329238892
0.11911764705882352,0.5451923076923076,0.6721637845039368
0.11911764705882352,0.5461538461538461,0.6720467805862427
0.12205882352941176,0.5461538461538461,0.6713229417800903
0.12205882352941176,0.5471153846153847,0.6704458594322205
0.125,0.5471153846153847,0.669022262096405
0.125,0.5480769230769231,0.6687272191047668
0.12573529411764706,0.5480769230769231,0.6681880950927734
0.12573529411764706,0.5490384615384616,0.6680764555931091
0.12794117647058822,0.5490384615384616,0.6668933033943176
0.12794117647058822,0.55,0.6662963032722473
0.12867647058823528,0.55,0.666011393070221
0.12867647058823528,0.551923076923077,0.6657344102859497
0.12941176470588237,0.551923076923077,0.6649095416069031
0.12941176470588237,0.5538461538461539,0.6644845008850098
0.13014705882352942,0.5538461538461539,0.6636267304420471
0.13014705882352942,0.5576923076923077,0.6627074480056763
0.13676470588235295,0.5576923076923077,0.6605165004730225
0.13676470588235295,0.5596153846153846,0.6602305769920349
0.1375,0.5596153846153846,0.6598587036132812
0.1375,0.5605769230769231,0.6598350405693054
0.14044117647058824,0.5605769230769231,0.6584666967391968
0.14044117647058824,0.5625,0.6581825017929077
0.1411764705882353,0.5625,0.6579610109329224
0.1411764705882353,0.5634615384615385,0.6577898263931274
0.14779411764705883,0.5634615384615385,0.655397891998291
0.14779411764705883,0.5653846153846154,0.655091404914856
0.14926470588235294,0.5653846153846154,0.6547715663909912
0.14926470588235294,0.5673076923076923,0.6541050672531128
0.15073529411764705,0.5673076923076923,0.6534231901168823
0.15073529411764705,0.5682692307692307,0.6533352136611938
0.1514705882352941,0.5682692307692307,0.653121829032898
0.1514705882352941,0.5692307692307692,0.6523454785346985
0.15441176470588236,0.5692307692307692,0.6511386036872864
0.15441176470588236,0.5701923076923077,0.6510971784591675
0.15514705882352942,0.5701923076923077,0.651043176651001
0.15514705882352942,0.5711538461538461,0.6508368849754333
0.15588235294117647,0.5711538461538461,0.6499418020248413
0.15588235294117647,0.573076923076923,0.6494621634483337
0.1588235294117647,0.573076923076923,0.6479926109313965
0.1588235294117647,0.575,0.6464244723320007
0.1610294117647059,0.575,0.6461275219917297
0.1610294117647059,0.5759615384615384,0.6459394693374634
0.16323529411764706,0.5759615384615384,0.645775318145752
0.16323529411764706,0.5769230769230769,0.6457297801971436
0.16544117647058823,0.5769230769230769,0.6449131965637207
0.16544117647058823,0.5778846153846153,0.6441316604614258
0.16691176470588234,0.5778846153846153,0.6435054540634155
0.16691176470588234,0.5788461538461539,0.643162727355957
0.16838235294117648,0.5788461538461539,0.6425983309745789
0.16838235294117648,0.5807692307692308,0.6420835256576538
0.16911764705882354,0.5807692307692308,0.6418254971504211
0.16911764705882354,0.5826923076923077,0.6411332488059998
0.1698529411764706,0.5826923076923077,0.6410068869590759
0.1698529411764706,0.5836538461538462,0.6407286524772644
0.1713235294117647,0.5836538461538462,0.6402615308761597
0.1713235294117647,0.5846153846153846,0.6401065587997437
0.17352941176470588,0.5846153846153846,0.6396934390068054
0.17352941176470588,0.5865384615384616,0.6394097208976746
0.17573529411764705,0.5865384615384616,0.638628363609314
0.17573529411764705,0.5875,0.6385935544967651
0.17720588235294119,0.5875,0.6382644176483154
0.17720588235294119,0.5884615384615385,0.6382129192352295
0.18308823529411763,0.5884615384615385,0.6366124749183655
0.18308823529411763,0.5894230769230769,0.6363372802734375
0.18529411764705883,0.5894230769230769,0.6358622908592224
0.18529411764705883,0.5951923076923077,0.633589506149292
0.1860294117647059,0.5951923076923077,0.633582353591919
0.1860294117647059,0.6028846153846154,0.6312971115112305
0.18676470588235294,0.6028846153846154,0.631199300289154
0.18676470588235294,0.6057692307692307,0.6308689713478088
0.1875,0.6057692307692307,0.6304979920387268
0.1875,0.6096153846153847,0.629263162612915
0.18823529411764706,0.6096153846153847,0.6286861300468445
0.18823529411764706,0.6163461538461539,0.6274886131286621
0.1889705882352941,0.6163461538461539,0.6273114085197449
0.1889705882352941,0.6221153846153846,0.625232994556427
0.19044117647058822,0.6221153846153846,0.624885618686676
0.19044117647058822,0.6230769230769231,0.6245223879814148
0.19117647058823528,0.6230769230769231,0.6243874430656433
0.19117647058823528,0.6278846153846154,0.6227773427963257
0.19191176470588237,0.6278846153846154,0.6225127577781677
0.19191176470588237,0.6298076923076923,0.6220548152923584
0.19338235294117648,0.6298076923076923,0.6214050054550171
0.19338235294117648,0.6326923076923077,0.62043696641922
0.19411764705882353,0.6326923076923077,0.6204214692115784
0.19411764705882353,0.6375,0.6191397309303284
0.1948529411764706,0.6375,0.6191240549087524
0.1948529411764706,0.6413461538461539,0.6181455850601196
0.19558823529411765,0.6413461538461539,0.6165924668312073
0.19558823529411765,0.6432692307692308,0.6158604025840759
0.1963235294117647,0.6432692307692308,0.6155340075492859
0.1963235294117647,0.6442307692307693,0.6147192120552063
0.19705882352941176,0.6442307692307693,0.6144754886627197
0.19705882352941176,0.6461538461538462,0.6135724782943726
0.19779411764705881,0.6461538461538462,0.6133341193199158
0.19779411764705881,0.6528846153846154,0.6121869683265686
0.19852941176470587,0.6528846153846154,0.6121708154678345
0.19852941176470587,0.6538461538461539,0.6120218634605408
0.19926470588235295,0.6538461538461539,0.611449122428894
0.19926470588235295,0.6557692307692308,0.6111924052238464
0.2,0.6557692307692308,0.6109893918037415
0.2,0.6596153846153846,0.6106612086296082
0.20073529411764707,0.6596153846153846,0.6102525591850281
0.20073529411764707,0.6625,0.6094754338264465
0.20147058823529412,0.6625,0.6088941097259521
0.20147058823529412,0.6634615384615384,0.6088940501213074
0.20294117647058824,0.6634615384615384,0.6085717082023621
0.20294117647058824,0.6711538461538461,0.6044151782989502
0.2036764705882353,0.6711538461538461,0.6041527986526489
0.2036764705882353,0.6721153846153847,0.6031386852264404
0.20441176470588235,0.6721153846153847,0.6024466753005981
0.20441176470588235,0.675,0.6014483571052551
0.20661764705882352,0.675,0.599094808101654
0.20661764705882352,0.6788461538461539,0.5973288416862488
0.20808823529411766,0.6788461538461539,0.5969472527503967
0.20808823529411766,0.6846153846153846,0.5924201011657715
0.2088235294117647,0.6846153846153846,0.5920938849449158
0.2088235294117647,0.6855769230769231,0.5917812585830688
0.21029411764705883,0.6855769230769231,0.5910708904266357
0.21029411764705883,0.6865384615384615,0.5902320146560669
0.21176470588235294,0.6865384615384615,0.5895422101020813
0.21176470588235294,0.6875,0.5889951586723328
0.21323529411764705,0.6875,0.5887159705162048
0.21323529411764705,0.6884615384615385,0.5881403684616089
0.21544117647058825,0.6884615384615385,0.5869475603103638
0.21544117647058825,0.6913461538461538,0.5862674713134766
0.21764705882352942,0.6913461538461538,0.5846149921417236
0.21764705882352942,0.6932692307692307,0.5834554433822632
0.21911764705882353,0.6932692307692307,0.5832006931304932
0.21911764705882353,0.6942307692307692,0.5822915434837341
0.21985294117647058,0.6942307692307692,0.5822672843933105
0.21985294117647058,0.6961538461538461,0.5819907188415527
0.2213235294117647,0.6961538461538461,0.5814594030380249
0.2213235294117647,0.6971153846153846,0.5805436968803406
0.22426470588235295,0.6971153846153846,0.5788597464561462
0.22426470588235295,0.698076923076923,0.5780152678489685
0.225,0.698076923076923,0.5776262283325195
0.225,0.7028846153846153,0.576431155204773
0.22573529411764706,0.7028846153846153,0.5757594108581543
0.22573529411764706,0.7038461538461539,0.5755431652069092
0.22647058823529412,0.7038461538461539,0.5734516978263855
0.22647058823529412,0.7096153846153846,0.570510745048523
0.22720588235294117,0.7096153846153846,0.5704244375228882
0.22720588235294117,0.7134615384615385,0.5681954026222229
0.22794117647058823,0.7134615384615385,0.5681864619255066
0.22794117647058823,0.7144230769230769,0.5680390000343323
0.2286764705882353,0.7144230769230769,0.5676259994506836
0.2286764705882353,0.7153846153846154,0.5669324398040771
0.22941176470588234,0.7153846153846154,0.5665698647499084
0.22941176470588234,0.7173076923076923,0.5659636855125427
0.23161764705882354,0.7173076923076923,0.5652673244476318
0.23161764705882354,0.7211538461538461,0.5605524778366089
0.2338235294117647,0.7211538461538461,0.559547483921051
0.2338235294117647,0.7221153846153846,0.5594028234481812
0.23455882352941176,0.7221153846153846,0.5591587424278259
0.23455882352941176,0.7240384615384615,0.5580036640167236
0.23529411764705882,0.7240384615384615,0.5578814148902893
0.23529411764705882,0.725,0.5575920939445496
0.2375,0.725,0.5567716956138611
0.2375,0.7269230769230769,0.5567099452018738
0.23897058823529413,0.7269230769230769,0.5559657216072083
0.23897058823529413,0.7298076923076923,0.5550968647003174
0.24044117647058824,0.7298076923076923,0.5547515153884888
0.24044117647058824,0.7326923076923076,0.5541907548904419
0.24485294117647058,0.7326923076923076,0.5525343418121338
0.24485294117647058,0.7355769230769231,0.5517331957817078
0.24558823529411763,0.7355769230769231,0.5515314340591431
0.24558823529411763,0.7365384615384616,0.551486074924469
0.24632352941176472,0.7365384615384616,0.5512456297874451
0.24632352941176472,0.7375,0.5509809851646423
0.24705882352941178,0.7375,0.550835907459259
0.24705882352941178,0.739423076923077,0.5507673025131226
0.24779411764705883,0.739423076923077,0.5507632493972778
0.24779411764705883,0.7423076923076923,0.5496875643730164
0.2485294117647059,0.7423076923076923,0.5492082834243774
0.2485294117647059,0.7442307692307693,0.5486040711402893
0.24926470588235294,0.7442307692307693,0.5485482811927795
0.24926470588235294,0.7451923076923077,0.5483191609382629
0.25073529411764706,0.7451923076923077,0.5455083847045898
0.25073529411764706,0.7461538461538462,0.5454013347625732
0.25220588235294117,0.7461538461538462,0.5447601079940796
0.25220588235294117,0.7509615384615385,0.5437481999397278
0.2529411764705882,0.7509615384615385,0.5429721474647522
0.2529411764705882,0.7519230769230769,0.542891800403595
0.2536764705882353,0.7519230769230769,0.5420942306518555
0.2536764705882353,0.7557692307692307,0.5400471091270447
0.25735294117647056,0.7557692307692307,0.5376744866371155
0.25735294117647056,0.7653846153846153,0.5334634780883789
0.2580882352941177,0.7653846153846153,0.5332816243171692
0.2580882352941177,0.7663461538461539,0.5329157114028931
0.2595588235294118,0.7663461538461539,0.5325673222541809
0.2595588235294118,0.7682692307692308,0.5322445631027222
0.26029411764705884,0.7682692307692308,0.5319971442222595
0.26029411764705884,0.7701923076923077,0.5314496755599976
0.2610294117647059,0.7701923076923077,0.5313518047332764
0.2610294117647059,0.7730769230769231,0.5308195352554321
0.2639705882352941,0.7730769230769231,0.5302762985229492
0.2639705882352941,0.775,0.5291940569877625
0.2647058823529412,0.775,0.5291468501091003
0.2647058823529412,0.7769230769230769,0.5283582210540771
0.2661764705882353,0.7769230769230769,0.5275515913963318
0.2661764705882353,0.7778846153846154,0.527420699596405
0.2676470588235294,0.7778846153846154,0.5261563062667847
0.2676470588235294,0.7846153846153846,0.5233165621757507
0.27205882352941174,0.7846153846153846,0.521703839302063
0.27205882352941174,0.7865384615384615,0.5211431384086609
0.27426470588235297,0.7865384615384615,0.5204764008522034
0.27426470588235297,0.7875,0.5201845765113831
0.275,0.7875,0.5199170708656311
0.275,0.7894230769230769,0.5184844732284546
0.2757352941176471,0.7894230769230769,0.5180466175079346
0.2757352941176471,0.7913461538461538,0.5162971019744873
0.27794117647058825,0.7913461538461538,0.5157294869422913
0.27794117647058825,0.7951923076923076,0.514468789100647
0.2786764705882353,0.7951923076923076,0.5143121480941772
0.2786764705882353,0.7971153846153847,0.5138912200927734
0.2801470588235294,0.7971153846153847,0.513447642326355
0.2801470588235294,0.7980769230769231,0.51313716173172
0.28161764705882353,0.7980769230769231,0.5126540660858154
0.28161764705882353,0.8028846153846154,0.5114878416061401
0.2823529411764706,0.8028846153846154,0.510983407497406
0.2823529411764706,0.8048076923076923,0.510108232498169
0.28455882352941175,0.8048076923076923,0.5081513524055481
0.28455882352941175,0.8067307692307693,0.5070797801017761
0.2852941176470588,0.8067307692307693,0.5061798095703125
0.2852941176470588,0.8086538461538462,0.505658745765686
0.28602941176470587,0.8086538461538462,0.5049518346786499
0.28602941176470587,0.8105769230769231,0.5040140151977539
0.2867647058823529,0.8105769230769231,0.5036115050315857
0.2867647058823529,0.8115384615384615,0.5035459399223328
0.28823529411764703,0.8115384615384615,0.5020761489868164
0.28823529411764703,0.8125,0.5020672678947449
0.2897058823529412,0.8125,0.5008259415626526
0.2897058823529412,0.8134615384615385,0.5006011128425598
0.29044117647058826,0.8134615384615385,0.5003189444541931
0.29044117647058826,0.8192307692307692,0.4920601546764374
0.2911764705882353,0.8192307692307692,0.490848571062088
0.2911764705882353,0.8211538461538461,0.4905920624732971
0.2926470588235294,0.8211538461538461,0.488766074180603
0.2926470588235294,0.823076923076923,0.48610517382621765
0.2933823529411765,0.823076923076923,0.4849690794944763
0.2933823529411765,0.8240384615384615,0.48484984040260315
0.2963235294117647,0.8240384615384615,0.48254042863845825
0.2963235294117647,0.825,0.4818645417690277
0.2985294117647059,0.825,0.4781193435192108
0.2985294117647059,0.8259615384615384,0.47742578387260437
0.3029411764705882,0.8259615384615384,0.47596365213394165
0.3029411764705882,0.8269230769230769,0.4758663475513458
0.3088235294117647,0.8269230769230769,0.473591148853302
0.3088235294117647,0.8298076923076924,0.47207796573638916
0.3095588235294118,0.8298076923076924,0.472026526927948
0.3095588235294118,0.8307692307692308,0.47173601388931274
0.31029411764705883,0.8307692307692308,0.4710543751716614
0.31029411764705883,0.8317307692307693,0.4710395634174347
0.31470588235294117,0.8317307692307693,0.46890777349472046
0.31470588235294117,0.8326923076923077,0.4686942398548126
0.3205882352941177,0.8326923076923077,0.46736130118370056
0.3205882352941177,0.8365384615384616,0.46601632237434387
0.3220588235294118,0.8365384615384616,0.46337103843688965
0.3220588235294118,0.8375,0.4632745087146759
0.32279411764705884,0.8375,0.4631568491458893
0.32279411764705884,0.8384615384615385,0.46286654472351074
0.325,0.8384615384615385,0.46262821555137634
0.325,0.8403846153846154,0.46173471212387085
0.32573529411764707,0.8403846153846154,0.4614418148994446
0.32573529411764707,0.8413461538461539,0.46101951599121094
0.3323529411764706,0.8413461538461539,0.45890113711357117
0.3323529411764706,0.8432692307692308,0.45872578024864197
0.3382352941176471,0.8432692307692308,0.45627084374427795
0.3382352941176471,0.8442307692307692,0.4560498297214508
0.3397058823529412,0.8442307692307692,0.45503008365631104
0.3397058823529412,0.8451923076923077,0.45494258403778076
0.34705882352941175,0.8451923076923077,0.4527863562107086
0.34705882352941175,0.8461538461538461,0.45262184739112854
0.35294117647058826,0.8461538461538461,0.4500161111354828
0.35294117647058826,0.8480769230769231,0.44968098402023315
0.3551470588235294,0.8480769230769231,0.44919732213020325
0.3551470588235294,0.85,0.44857609272003174
0.3588235294117647,0.85,0.44775211811065674
0.3588235294117647,0.8509615384615384,0.4476992189884186
0.3639705882352941,0.8509615384615384,0.4469902217388153
0.3639705882352941,0.8538461538461538,0.44557031989097595
0.36617647058823527,0.8538461538461538,0.44502493739128113
0.36617647058823527,0.8548076923076923,0.4450044631958008
0.3669117647058823,0.8548076923076923,0.4449556767940521
0.3669117647058823,0.8557692307692307,0.44481998682022095
0.36764705882352944,0.8557692307692307,0.44473567605018616
0.36764705882352944,0.8576923076923076,0.44436684250831604
0.36911764705882355,0.8576923076923076,0.4441964328289032
0.36911764705882355,0.8586538461538461,0.44324246048927307
0.3713235294117647,0.8586538461538461,0.442813515663147
0.3713235294117647,0.8596153846153847,0.44224977493286133
0.37426470588235294,0.8596153846153847,0.4405580759048462
0.37426470588235294,0.8605769230769231,0.44047701358795166
0.375,0.8605769230769231,0.44047418236732483
0.375,0.8615384615384616,0.440425843000412
0.37720588235294117,0.8615384615384616,0.43965551257133484
0.37720588235294117,0.864423076923077,0.43923625349998474
0.3779411764705882,0.864423076923077,0.43870940804481506
0.3779411764705882,0.8653846153846154,0.43867406249046326
0.37941176470588234,0.8653846153846154,0.4379945397377014
0.37941176470588234,0.8663461538461539,0.4378679692745209
0.38088235294117645,0.8663461538461539,0.4377608597278595
0.38088235294117645,0.8682692307692308,0.4373258650302887
0.38235294117647056,0.8682692307692308,0.43704551458358765
0.38235294117647056,0.8692307692307693,0.43697381019592285
0.38382352941176473,0.8692307692307693,0.43657395243644714
0.38382352941176473,0.8701923076923077,0.43648019433021545
0.3845588235294118,0.8701923076923077,0.4355049729347229
0.3845588235294118,0.8711538461538462,0.43509161472320557
0.3860294117647059,0.8711538461538462,0.43490689992904663
0.3860294117647059,0.8721153846153846,0.43489357829093933
0.3875,0.8721153846153846,0.4337117671966553
0.3875,0.8730769230769231,0.4335135221481323
0.3941176470588235,0.8730769230769231,0.43170538544654846
0.3941176470588235,0.8740384615384615,0.4316399097442627
0.40661764705882353,0.8740384615384615,0.4284115433692932
0.40661764705882353,0.875,0.427857905626297
0.4088235294117647,0.875,0.4261417090892792
0.4088235294117647,0.8778846153846154,0.42485347390174866
0.40955882352941175,0.8778846153846154,0.4246130585670471
0.40955882352941175,0.8798076923076923,0.4243587255477905
0.41102941176470587,0.8798076923076923,0.4243065416812897
0.41102941176470587,0.8817307692307692,0.4238353967666626
0.4125,0.8817307692307692,0.4227685034275055
0.4125,0.8836538461538461,0.4219176173210144
0.41323529411764703,0.8836538461538461,0.4214577078819275
0.41323529411764703,0.8846153846153846,0.4212425649166107
0.4183823529411765,0.8846153846153846,0.418838769197464
0.4183823529411765,0.885576923076923,0.41800639033317566
0.41911764705882354,0.885576923076923,0.41798660159111023
0.41911764705882354,0.8865384615384615,0.4173392057418823
0.42205882352941176,0.8865384615384615,0.4163654148578644
0.42205882352941176,0.8875,0.4162598252296448
0.42573529411764705,0.8875,0.41544508934020996
0.42573529411764705,0.8884615384615384,0.415113627910614
0.4264705882352941,0.8884615384615384,0.41458263993263245
0.4264705882352941,0.8894230769230769,0.41450777649879456
0.4279411764705882,0.8894230769230769,0.4142383337020874
0.4279411764705882,0.8903846153846153,0.41406479477882385
0.43014705882352944,0.8903846153846153,0.4132671058177948
0.43014705882352944,0.8913461538461539,0.41325584053993225
0.4375,0.8913461538461539,0.4103582799434662
0.4375,0.8923076923076924,0.41030701994895935
0.43970588235294117,0.8923076923076924,0.40961095690727234
0.43970588235294117,0.8932692307692308,0.4091271162033081
0.44632352941176473,0.8932692307692308,0.4041996896266937
0.44632352941176473,0.8951923076923077,0.40403684973716736
0.45808823529411763,0.8951923076923077,0.39873671531677246
0.45808823529411763,0.8961538461538462,0.3984011113643646
0.46176470588235297,0.8961538461538462,0.39610755443573
0.46176470588235297,0.8971153846153846,0.39600101113319397
0.48455882352941176,0.8971153846153846,0.3840583860874176
0.48455882352941176,0.8980769230769231,0.383056104183197
0.48970588235294116,0.8980769230769231,0.38099128007888794
0.48970588235294116,0.8990384615384616,0.3809429705142975
0.4970588235294118,0.8990384615384616,0.3777397871017456
0.4970588235294118,0.9,0.37752750515937805
0.5066176470588235,0.9,0.3688019812107086
0.5066176470588235,0.9009615384615385,0.3679268956184387
0.5088235294117647,0.9009615384615385,0.3663281500339508
0.5088235294117647,0.9019230769230769,0.3662168085575104
0.5161764705882353,0.9019230769230769,0.3612043261528015
0.5161764705882353,0.9028846153846154,0.3611986041069031
0.5375,0.9028846153846154,0.3458544611930847
0.5375,0.9038461538461539,0.3440065383911133
0.5426470588235294,0.9038461538461539,0.3365015983581543
0.5426470588235294,0.9048076923076923,0.33615773916244507
0.5485294117647059,0.9048076923076923,0.3283289968967438
0.5485294117647059,0.9057692307692308,0.32798537611961365
0.55,0.9057692307692308,0.3274480998516083
0.55,0.9096153846153846,0.3250894248485565
0.5536764705882353,0.9096153846153846,0.3218262493610382
0.5536764705882353,0.9105769230769231,0.321006715297699
0.5544117647058824,0.9105769230769231,0.3208971321582794
0.5544117647058824,0.9125,0.3189963400363922
0.5551470588235294,0.9125,0.3137678802013397
0.5551470588235294,0.9134615384615384,0.313066303730011
0.5573529411764706,0.9134615384615384,0.30958330631256104
0.5573529411764706,0.9144230769230769,0.30947011709213257
0.5639705882352941,0.9144230769230769,0.3027201294898987
0.5639705882352941,0.9163461538461538,0.30255576968193054
0.5683823529411764,0.9163461538461538,0.30150818824768066
0.5683823529411764,0.9182692307692307,0.30061355233192444
0.5705882352941176,0.9182692307692307,0.29987090826034546
0.5705882352941176,0.9192307692307692,0.299787312746048
0.5713235294117647,0.9192307692307692,0.29952380061149597
0.5713235294117647,0.9201923076923076,0.29902467131614685
0.5875,0.9201923076923076,0.2831780016422272
0.5875,0.9211538461538461,0.2830972671508789
0.5992647058823529,0.9211538461538461,0.26732340455055237
0.5992647058823529,0.9230769230769231,0.26683396100997925
0.6073529411764705,0.9230769230769231,0.26108330488204956
0.6073529411764705,0.9240384615384616,0.25969821214675903
0.6125,0.9240384615384616,0.2534121870994568
0.6125,0.925,0.2523156702518463
0.6154411764705883,0.925,0.2511419653892517
0.6154411764705883,0.9298076923076923,0.2480865716934204
0.6161764705882353,0.9298076923076923,0.24794311821460724
0.6161764705882353,0.9317307692307693,0.24598897993564606
0.6169117647058824,0.9317307692307693,0.24484656751155853
0.6169117647058824,0.9336538461538462,0.24466335773468018
0.6176470588235294,0.9336538461538462,0.24415720999240875
0.6176470588235294,0.9346153846153846,0.24393385648727417
0.6198529411764706,0.9346153846153846,0.241427481174469
0.6198529411764706,0.9355769230769231,0.2411457598209381
0.6205882352941177,0.9355769230769231,0.24079598486423492
0.6205882352941177,0.9375,0.24027393758296967
0.6213235294117647,0.9375,0.24023637175559998
0.6213235294117647,0.9384615384615385,0.23986542224884033
0.6220588235294118,0.9384615384615385,0.23917914927005768
0.6220588235294118,0.9394230769230769,0.23890814185142517
0.6264705882352941,0.9394230769230769,0.23617321252822876
0.6264705882352941,0.9423076923076923,0.23595914244651794
0.6272058823529412,0.9423076923076923,0.23589858412742615
0.6272058823529412,0.9442307692307692,0.23551145195960999
0.6286764705882353,0.9442307692307692,0.23507526516914368
0.6286764705882353,0.9461538461538461,0.23489774763584137
0.6294117647058823,0.9461538461538461,0.23478934168815613
0.6294117647058823,0.9490384615384615,0.23291192948818207
0.6301470588235294,0.9490384615384615,0.2326250523328781
0.6301470588235294,0.9538461538461539,0.231580451130867
0.6308823529411764,0.9538461538461539,0.23114818334579468
0.6308823529411764,0.9576923076923077,0.23047561943531036
0.6323529411764706,0.9576923076923077,0.22966603934764862
0.6323529411764706,0.9615384615384616,0.22802218794822693
0.6338235294117647,0.9615384615384616,0.22726048529148102
0.6338235294117647,0.9644230769230769,0.22608472406864166
0.6360294117647058,0.9644230769230769,0.22430412471294403
0.6360294117647058,0.9653846153846154,0.22357416152954102
0.6389705882352941,0.9653846153846154,0.22273169457912445
0.6389705882352941,0.9663461538461539,0.22152365744113922
0.6411764705882353,0.9663461538461539,0.2211081087589264
0.6411764705882353,0.9673076923076923,0.22029022872447968
0.6419117647058824,0.9673076923076923,0.22024936974048615
0.6419117647058824,0.9692307692307692,0.21961452066898346
0.6426470588235295,0.9692307692307692,0.21958962082862854
0.6426470588235295,0.9711538461538461,0.21899239718914032
0.6455882352941177,0.9711538461538461,0.21802908182144165
0.6455882352941177,0.9721153846153846,0.217188760638237
0.6463235294117647,0.9721153846153846,0.2170001119375229
0.6463235294117647,0.975,0.21628427505493164
0.649264705882353,0.975,0.21474193036556244
0.649264705882353,0.9798076923076923,0.2134326845407486
0.6514705882352941,0.9798076923076923,0.21192567050457
0.6514705882352941,0.9807692307692307,0.21173271536827087
0.6522058823529412,0.9807692307692307,0.21171362698078156
0.6522058823529412,0.9817307692307692,0.21143858134746552
0.6536764705882353,0.9817307692307692,0.21132424473762512
0.6536764705882353,0.9826923076923076,0.21124505996704102
0.6544117647058824,0.9826923076923076,0.21066035330295563
0.6544117647058824,0.9846153846153847,0.20965564250946045
0.6573529411764706,0.9846153846153847,0.20813024044036865
0.6573529411764706,0.9865384615384616,0.20751141011714935
0.6588235294117647,0.9865384615384616,0.20665256679058075
0.6588235294117647,0.9875,0.20618745684623718
0.6647058823529411,0.9875,0.20376333594322205
0.6647058823529411,0.9884615384615385,0.20340222120285034
0.6705882352941176,0.9884615384615385,0.20169587433338165
0.6705882352941176,0.989423076923077,0.200691357254982
0.6720588235294118,0.989423076923077,0.19995835423469543
0.6720588235294118,0.9903846153846154,0.1997782289981842
0.6772058823529412,0.9903846153846154,0.1975746601819992
0.6772058823529412,0.9913461538461539,0.1969100385904312
0.6786764705882353,0.9913461538461539,0.19428226351737976
0.6786764705882353,0.9923076923076923,0.19407916069030762
0.6867647058823529,0.9923076923076923,0.1908024400472641
0.6867647058823529,0.9942307692307693,0.19055768847465515
0.6970588235294117,0.9942307692307693,0.1862347573041916
0.6970588235294117,0.9961538461538462,0.18616947531700134
0.7154411764705882,0.9961538461538462,0.17536522448062897
0.7154411764705882,0.9971153846153846,0.1752787083387375
0.7294117647058823,0.9971153846153846,0.16923199594020844
0.7294117647058823,0.9980769230769231,0.1678149402141571
0.7316176470588235,0.9980769230769231,0.16758379340171814
0.7316176470588235,0.9990384615384615,0.16710391640663147
0.75,0.9990384615384615,0.15988707542419434
0.75,1.0,0.1591334342956543
1.0,1.0,0.017778148874640465
