FPR,TPR,Threshold
0.0,0.0,1.9869483709335327
0.0,0.000925925925925926,0.9869483709335327
0.0,0.17962962962962964,0.9039324522018433
0.0007575757575757576,0.17962962962962964,0.9035675525665283
0.0007575757575757576,0.19074074074074074,0.897814154624939
0.0015151515151515152,0.19074074074074074,0.89771568775177
0.0015151515151515152,0.20833333333333334,0.886360228061676
0.0022727272727272726,0.20833333333333334,0.8850498795509338
0.0022727272727272726,0.21944444444444444,0.8813193440437317
0.0030303030303030303,0.21944444444444444,0.881044328212738
0.0030303030303030303,0.22037037037037038,0.8805124759674072
0.003787878787878788,0.22037037037037038,0.88009113073349
0.003787878787878788,0.2361111111111111,0.8748568892478943
0.004545454545454545,0.2361111111111111,0.8744848370552063
0.004545454545454545,0.24259259259259258,0.8725332617759705
0.005303030303030303,0.24259259259259258,0.8722013831138611
0.005303030303030303,0.25,0.870806872844696
0.006060606060606061,0.25,0.8708006143569946
0.006060606060606061,0.26851851851851855,0.862031877040863
0.006818181818181818,0.26851851851851855,0.8618110418319702
0.006818181818181818,0.2722222222222222,0.8607848286628723
0.007575757575757576,0.2722222222222222,0.8592166900634766
0.007575757575757576,0.27314814814814814,0.8591979146003723
0.008333333333333333,0.27314814814814814,0.8582948446273804
0.008333333333333333,0.2759259259259259,0.8574501276016235
0.00909090909090909,0.2759259259259259,0.8569389581680298
0.00909090909090909,0.2962962962962963,0.8496230840682983
0.009848484848484848,0.2962962962962963,0.8489409685134888
0.009848484848484848,0.30092592592592593,0.8478032946586609
0.010606060606060607,0.30092592592592593,0.8475443124771118
0.010606060606060607,0.30648148148148147,0.8442874550819397
0.012121212121212121,0.30648148148148147,0.8424575328826904
0.012121212121212121,0.3194444444444444,0.8329774141311646
0.012878787878787878,0.3194444444444444,0.8321930170059204
0.012878787878787878,0.3212962962962963,0.8315100073814392
0.015151515151515152,0.3212962962962963,0.830836832523346
0.015151515151515152,0.32314814814814813,0.830483615398407
0.015909090909090907,0.32314814814814813,0.8297058343887329
0.015909090909090907,0.33611111111111114,0.8235680460929871
0.016666666666666666,0.33611111111111114,0.8235121965408325
0.016666666666666666,0.34629629629629627,0.8179486989974976
0.017424242424242425,0.34629629629629627,0.8177737593650818
0.017424242424242425,0.3472222222222222,0.8173217177391052
0.01818181818181818,0.3472222222222222,0.8171900510787964
0.01818181818181818,0.3537037037037037,0.8140721321105957
0.01893939393939394,0.3537037037037037,0.813962459564209
0.01893939393939394,0.3574074074074074,0.8100823163986206
0.019696969696969695,0.3574074074074074,0.8100222945213318
0.019696969696969695,0.3648148148148148,0.8069050312042236
0.021212121212121213,0.3648148148148148,0.8057006597518921
0.021212121212121213,0.36944444444444446,0.8044659495353699
0.02196969696969697,0.36944444444444446,0.8044054508209229
0.02196969696969697,0.37962962962962965,0.8021546006202698
0.022727272727272728,0.37962962962962965,0.8016247749328613
0.022727272727272728,0.39444444444444443,0.795199990272522
0.023484848484848483,0.39444444444444443,0.7949858903884888
0.023484848484848483,0.40555555555555556,0.7901575565338135
0.024242424242424242,0.40555555555555556,0.7899537682533264
0.024242424242424242,0.4064814814814815,0.7898739576339722
0.025,0.4064814814814815,0.7891655564308167
0.025,0.4101851851851852,0.7856658697128296
0.025757575757575757,0.4101851851851852,0.7856622338294983
0.025757575757575757,0.412962962962963,0.7850998640060425
0.026515151515151516,0.412962962962963,0.7849863171577454
0.026515151515151516,0.41388888888888886,0.7848439812660217
0.02727272727272727,0.41388888888888886,0.7847737669944763
0.02727272727272727,0.4148148148148148,0.783502459526062
0.02803030303030303,0.4148148148148148,0.783291220664978
0.02803030303030303,0.425,0.7775534391403198
0.03106060606060606,0.425,0.7747141122817993
0.03106060606060606,0.42962962962962964,0.7726003527641296
0.031818181818181815,0.42962962962962964,0.7725154757499695
0.031818181818181815,0.4324074074074074,0.7720979452133179
0.03333333333333333,0.4324074074074074,0.7703552842140198
0.03333333333333333,0.4388888888888889,0.7655423879623413
0.03409090909090909,0.4388888888888889,0.7654258608818054
0.03409090909090909,0.4444444444444444,0.7617640495300293
0.03484848484848485,0.4444444444444444,0.7610659003257751
0.03484848484848485,0.4537037037037037,0.7549862265586853
0.035606060606060606,0.4537037037037037,0.7549559473991394
0.035606060606060606,0.47314814814814815,0.743650496006012
0.03636363636363636,0.47314814814814815,0.7435286641120911
0.03636363636363636,0.4842592592592593,0.7370303273200989
0.037121212121212124,0.4842592592592593,0.7369149923324585
0.037121212121212124,0.4962962962962963,0.7249820232391357
0.03787878787878788,0.4962962962962963,0.7243244051933289
0.03787878787878788,0.5018518518518519,0.721471905708313
0.038636363636363635,0.5018518518518519,0.7214059829711914
0.038636363636363635,0.5046296296296297,0.7192448973655701
0.03939393939393939,0.5046296296296297,0.7190316319465637
0.03939393939393939,0.5277777777777778,0.7043887376785278
0.04015151515151515,0.5277777777777778,0.7036392092704773
0.04015151515151515,0.5398148148148149,0.6980587244033813
0.041666666666666664,0.5398148148148149,0.697269856929779
0.041666666666666664,0.5435185185185185,0.6965335607528687
0.04242424242424243,0.5435185185185185,0.6956474184989929
0.04242424242424243,0.5453703703703704,0.6954290270805359
0.04318181818181818,0.5453703703703704,0.6948345303535461
0.04318181818181818,0.5472222222222223,0.6939712762832642
0.04393939393939394,0.5472222222222223,0.6936529874801636
0.04393939393939394,0.562962962962963,0.6851738095283508
0.0446969696969697,0.562962962962963,0.684188187122345
0.0446969696969697,0.5648148148148148,0.6839134097099304
0.045454545454545456,0.5648148148148148,0.6838092803955078
0.045454545454545456,0.5666666666666667,0.683279812335968
0.04621212121212121,0.5666666666666667,0.6824853420257568
0.04621212121212121,0.5694444444444444,0.6760989427566528
0.04772727272727273,0.5694444444444444,0.675346851348877
0.04772727272727273,0.5722222222222222,0.6742733120918274
0.04924242424242424,0.5722222222222222,0.674079954624176
0.04924242424242424,0.5731481481481482,0.6733793020248413
0.05,0.5731481481481482,0.6721039414405823
0.05,0.5814814814814815,0.6683815717697144
0.05227272727272727,0.5814814814814815,0.6673440337181091
0.05227272727272727,0.5851851851851851,0.6667808294296265
0.05303030303030303,0.5851851851851851,0.6667683124542236
0.05303030303030303,0.5879629629629629,0.6655424237251282
0.05378787878787879,0.5879629629629629,0.665128231048584
0.05378787878787879,0.5925925925925926,0.6631699800491333
0.05454545454545454,0.5925925925925926,0.6630106568336487
0.05454545454545454,0.5935185185185186,0.6629032492637634
0.055303030303030305,0.5935185185185186,0.6625725030899048
0.055303030303030305,0.5981481481481481,0.6612817049026489
0.05606060606060606,0.5981481481481481,0.6609272360801697
0.05606060606060606,0.6,0.660631537437439
0.05757575757575758,0.6,0.6586107015609741
0.05757575757575758,0.6037037037037037,0.6551294922828674
0.058333333333333334,0.6037037037037037,0.6533080339431763
0.058333333333333334,0.6046296296296296,0.6530222296714783
0.06060606060606061,0.6046296296296296,0.6517136693000793
0.06060606060606061,0.6074074074074074,0.6490568518638611
0.06287878787878788,0.6074074074074074,0.646188497543335
0.06287878787878788,0.6296296296296297,0.6339623928070068
0.06363636363636363,0.6296296296296297,0.6336018443107605
0.06363636363636363,0.649074074074074,0.625980019569397
0.06439393939393939,0.649074074074074,0.6259735226631165
0.06439393939393939,0.6601851851851852,0.6201043725013733
0.06515151515151515,0.6601851851851852,0.6193079948425293
0.06515151515151515,0.6657407407407407,0.6171032786369324
0.0659090909090909,0.6657407407407407,0.6170558333396912
0.0659090909090909,0.6685185185185185,0.6161124110221863
0.06666666666666667,0.6685185185185185,0.6149926781654358
0.06666666666666667,0.6787037037037037,0.610695481300354
0.06742424242424243,0.6787037037037037,0.6106254458427429
0.06742424242424243,0.6833333333333333,0.6053329110145569
0.06818181818181818,0.6833333333333333,0.6052466630935669
0.06818181818181818,0.6851851851851852,0.6048822999000549
0.0696969696969697,0.6851851851851852,0.6037326455116272
0.0696969696969697,0.6898148148148148,0.6017299890518188
0.07045454545454545,0.6898148148148148,0.5990187525749207
0.07045454545454545,0.6935185185185185,0.5968927145004272
0.07121212121212121,0.6935185185185185,0.5967323780059814
0.07121212121212121,0.6972222222222222,0.5948134660720825
0.07272727272727272,0.6972222222222222,0.5945780873298645
0.07272727272727272,0.7074074074074074,0.5860393047332764
0.07348484848484849,0.7074074074074074,0.5841161608695984
0.07348484848484849,0.7138888888888889,0.58127361536026
0.07424242424242425,0.7138888888888889,0.5787371397018433
0.07424242424242425,0.7194444444444444,0.5771892666816711
0.075,0.7194444444444444,0.5768613815307617
0.075,0.7305555555555555,0.5631561279296875
0.07575757575757576,0.7305555555555555,0.5629386305809021
0.07575757575757576,0.7314814814814815,0.5626603364944458
0.07727272727272727,0.7314814814814815,0.561164915561676
0.07727272727272727,0.7342592592592593,0.5589881539344788
0.07803030303030303,0.7342592592592593,0.5580940842628479
0.07803030303030303,0.7407407407407407,0.5546601414680481
0.07878787878787878,0.7407407407407407,0.5541660189628601
0.07878787878787878,0.7537037037037037,0.5442420244216919
0.07954545454545454,0.7537037037037037,0.5439004302024841
0.07954545454545454,0.7546296296296297,0.5427443385124207
0.08106060606060606,0.7546296296296297,0.539242148399353
0.08106060606060606,0.7574074074074074,0.5374125838279724
0.08333333333333333,0.7574074074074074,0.5361300706863403
0.08333333333333333,0.7601851851851852,0.5345877408981323
0.08409090909090909,0.7601851851851852,0.5338203310966492
0.08409090909090909,0.7638888888888888,0.5312047600746155
0.08484848484848485,0.7638888888888888,0.5297619104385376
0.08484848484848485,0.7648148148148148,0.5286372303962708
0.0856060606060606,0.7648148148148148,0.5284353494644165
0.0856060606060606,0.7657407407407407,0.5273289084434509
0.08636363636363636,0.7657407407407407,0.5261726975440979
0.08636363636363636,0.7694444444444445,0.5245400667190552
0.08712121212121213,0.7694444444444445,0.5242786407470703
0.08712121212121213,0.7703703703703704,0.5219390392303467
0.08787878787878788,0.7703703703703704,0.5198677778244019
0.08787878787878788,0.7722222222222223,0.5185149908065796
0.08863636363636364,0.7722222222222223,0.518185019493103
0.08863636363636364,0.7787037037037037,0.5138285160064697
0.09166666666666666,0.7787037037037037,0.5087124705314636
0.09166666666666666,0.7814814814814814,0.505072832107544
0.09318181818181819,0.7814814814814814,0.5038813352584839
0.09318181818181819,0.7833333333333333,0.4995669424533844
0.09545454545454546,0.7833333333333333,0.4978191554546356
0.09545454545454546,0.7842592592592592,0.49706700444221497
0.09621212121212121,0.7842592592592592,0.49614575505256653
0.09621212121212121,0.7870370370370371,0.49367085099220276
0.09696969696969697,0.7870370370370371,0.49334433674812317
0.09696969696969697,0.787962962962963,0.4924805164337158
0.10151515151515152,0.787962962962963,0.4842071533203125
0.10151515151515152,0.7907407407407407,0.48174619674682617
0.10303030303030303,0.7907407407407407,0.4805738031864166
0.10303030303030303,0.7916666666666666,0.48049986362457275
0.10606060606060606,0.7916666666666666,0.47646281123161316
0.10606060606060606,0.7925925925925926,0.47645631432533264
0.10681818181818181,0.7925925925925926,0.47428464889526367
0.10681818181818181,0.7944444444444444,0.47174176573753357
0.10757575757575757,0.7944444444444444,0.4703528881072998
0.10757575757575757,0.7953703703703704,0.46964725852012634
0.10909090909090909,0.7953703703703704,0.4692128002643585
0.10909090909090909,0.7962962962962963,0.4680066406726837
0.10984848484848485,0.7962962962962963,0.467550665140152
0.10984848484848485,0.7972222222222223,0.4667224586009979
0.11060606060606061,0.7972222222222223,0.46530574560165405
0.11060606060606061,0.7981481481481482,0.46476343274116516
0.11136363636363636,0.7981481481481482,0.4647063612937927
0.11136363636363636,0.8018518518518518,0.4625747501850128
0.11212121212121212,0.8018518518518518,0.4606514275074005
0.11212121212121212,0.8037037037037037,0.4597850441932678
0.11363636363636363,0.8037037037037037,0.45766133069992065
0.11363636363636363,0.8055555555555556,0.45666971802711487
0.11515151515151516,0.8055555555555556,0.4555886685848236
0.11515151515151516,0.8092592592592592,0.45398595929145813
0.11742424242424243,0.8092592592592592,0.4497598707675934
0.11742424242424243,0.8101851851851852,0.44937166571617126
0.11893939393939394,0.8101851851851852,0.4485718905925751
0.11893939393939394,0.812962962962963,0.4474819302558899
0.11969696969696969,0.812962962962963,0.4462013244628906
0.11969696969696969,0.8138888888888889,0.4460631310939789
0.12045454545454545,0.8138888888888889,0.4460523724555969
0.12045454545454545,0.8222222222222222,0.44217243790626526
0.12121212121212122,0.8222222222222222,0.4421412944793701
0.12121212121212122,0.825925925925926,0.4381067454814911
0.12196969696969696,0.825925925925926,0.4371090233325958
0.12196969696969696,0.8277777777777777,0.4364824593067169
0.12272727272727273,0.8277777777777777,0.43549972772598267
0.12272727272727273,0.8287037037037037,0.4348409175872803
0.12348484848484849,0.8287037037037037,0.4347585141658783
0.12348484848484849,0.8296296296296296,0.4346804618835449
0.12424242424242424,0.8296296296296296,0.4345095753669739
0.12424242424242424,0.8305555555555556,0.43450337648391724
0.12575757575757576,0.8305555555555556,0.43281468749046326
0.12575757575757576,0.8324074074074074,0.4322664737701416
0.12651515151515152,0.8324074074074074,0.43160393834114075
0.12651515151515152,0.8333333333333334,0.4303833246231079
0.12727272727272726,0.8333333333333334,0.42970287799835205
0.12727272727272726,0.8342592592592593,0.4296148121356964
0.12878787878787878,0.8342592592592593,0.42759159207344055
0.12878787878787878,0.837037037037037,0.4253855347633362
0.12954545454545455,0.837037037037037,0.42460599541664124
0.12954545454545455,0.8379629629629629,0.4244615435600281
0.13106060606060607,0.8379629629629629,0.4243553876876831
0.13106060606060607,0.8388888888888889,0.4241853654384613
0.1318181818181818,0.8388888888888889,0.42415741086006165
0.1318181818181818,0.8398148148148148,0.4239085614681244
0.13257575757575757,0.8398148148148148,0.4234885275363922
0.13257575757575757,0.8435185185185186,0.42124906182289124
0.13333333333333333,0.8435185185185186,0.42095139622688293
0.13333333333333333,0.8472222222222222,0.4185669422149658
0.1340909090909091,0.8472222222222222,0.418108731508255
0.1340909090909091,0.8481481481481481,0.41649705171585083
0.13484848484848486,0.8481481481481481,0.41647228598594666
0.13484848484848486,0.8490740740740741,0.4158410429954529
0.13712121212121212,0.8490740740740741,0.4151786267757416
0.13712121212121212,0.85,0.4144786298274994
0.13787878787878788,0.85,0.4142300486564636
0.13787878787878788,0.850925925925926,0.41377753019332886
0.13863636363636364,0.850925925925926,0.4137634038925171
0.13863636363636364,0.8518518518518519,0.4127039909362793
0.1431818181818182,0.8518518518518519,0.4106277823448181
0.1431818181818182,0.8546296296296296,0.4101574718952179
0.14393939393939395,0.8546296296296296,0.41011473536491394
0.14393939393939395,0.8564814814814815,0.40827837586402893
0.14469696969696969,0.8564814814814815,0.4069327414035797
0.14469696969696969,0.8583333333333333,0.40682730078697205
0.14696969696969697,0.8583333333333333,0.4054454565048218
0.14696969696969697,0.8592592592592593,0.4053055942058563
0.14772727272727273,0.8592592592592593,0.4048697054386139
0.14772727272727273,0.862037037037037,0.4030415415763855
0.14924242424242423,0.862037037037037,0.40255120396614075
0.14924242424242423,0.8629629629629629,0.4022906422615051
0.15,0.8629629629629629,0.4020078778266907
0.15,0.8648148148148148,0.3988700211048126
0.15303030303030302,0.8648148148148148,0.3974781632423401
0.15303030303030302,0.8657407407407407,0.39739957451820374
0.1553030303030303,0.8657407407407407,0.39613720774650574
0.1553030303030303,0.8666666666666667,0.39566898345947266
0.15681818181818183,0.8666666666666667,0.3951690196990967
0.15681818181818183,0.8675925925925926,0.39454755187034607
0.15833333333333333,0.8675925925925926,0.39317432045936584
0.15833333333333333,0.8731481481481481,0.38866332173347473
0.1590909090909091,0.8731481481481481,0.3882600963115692
0.1590909090909091,0.875,0.3854532837867737
0.15984848484848485,0.875,0.38442856073379517
0.15984848484848485,0.8759259259259259,0.3843544125556946
0.16136363636363638,0.8759259259259259,0.38225942850112915
0.16136363636363638,0.8777777777777778,0.3799610435962677
0.175,0.8777777777777778,0.3664930462837219
0.175,0.8787037037037037,0.3663144111633301
0.18181818181818182,0.8787037037037037,0.35984450578689575
0.18181818181818182,0.8796296296296297,0.359274297952652
0.18333333333333332,0.8796296296296297,0.35826238989830017
0.18333333333333332,0.8814814814814815,0.3578273057937622
0.1893939393939394,0.8814814814814815,0.3524880111217499
0.1893939393939394,0.8824074074074074,0.35243329405784607
0.19242424242424241,0.8824074074074074,0.3491569757461548
0.19242424242424241,0.8833333333333333,0.34876978397369385
0.1946969696969697,0.8833333333333333,0.34709325432777405
0.1946969696969697,0.8842592592592593,0.34698358178138733
0.2,0.8842592592592593,0.3439778983592987
0.2,0.8851851851851852,0.3439248502254486
0.20075757575757575,0.8851851851851852,0.3435271680355072
0.20075757575757575,0.8861111111111111,0.3433102071285248
0.20454545454545456,0.8861111111111111,0.3390888571739197
0.20454545454545456,0.8870370370370371,0.3387795686721802
0.20681818181818182,0.8870370370370371,0.3360680341720581
0.20681818181818182,0.8888888888888888,0.33318060636520386
0.20984848484848484,0.8888888888888888,0.3319642245769501
0.20984848484848484,0.8898148148148148,0.3305709660053253
0.21136363636363636,0.8898148148148148,0.32947883009910583
0.21136363636363636,0.8907407407407407,0.32919448614120483
0.21363636363636362,0.8907407407407407,0.32756373286247253
0.21363636363636362,0.8916666666666667,0.324932336807251
0.21742424242424244,0.8916666666666667,0.3235105872154236
0.21742424242424244,0.8935185185185185,0.32292672991752625
0.21818181818181817,0.8935185185185185,0.3221985101699829
0.21818181818181817,0.8944444444444445,0.32211047410964966
0.21893939393939393,0.8944444444444445,0.3219693601131439
0.21893939393939393,0.8953703703703704,0.3215234577655792
0.22575757575757577,0.8953703703703704,0.31620246171951294
0.22575757575757577,0.8962962962962963,0.3159891664981842
0.2265151515151515,0.8962962962962963,0.31168410181999207
0.2265151515151515,0.8972222222222223,0.3108717203140259
0.22727272727272727,0.8972222222222223,0.31055307388305664
0.22727272727272727,0.8981481481481481,0.3099060356616974
0.2318181818181818,0.8981481481481481,0.30796143412590027
0.2318181818181818,0.899074074074074,0.3079606890678406
0.23333333333333334,0.899074074074074,0.3071632981300354
0.23333333333333334,0.9,0.3060542047023773
0.23636363636363636,0.9,0.304642915725708
0.23636363636363636,0.9009259259259259,0.3035763204097748
0.2409090909090909,0.9009259259259259,0.30053484439849854
0.2409090909090909,0.9018518518518519,0.3000684678554535
0.24166666666666667,0.9018518518518519,0.2996068596839905
0.24166666666666667,0.9027777777777778,0.2993294298648834
0.24242424242424243,0.9027777777777778,0.2991240322589874
0.24242424242424243,0.9046296296296297,0.29854869842529297
0.24393939393939393,0.9046296296296297,0.2984022796154022
0.24393939393939393,0.9064814814814814,0.29696449637413025
0.24696969696969698,0.9064814814814814,0.29563701152801514
0.24696969696969698,0.9074074074074074,0.2955833375453949
0.25227272727272726,0.9074074074074074,0.2932356297969818
0.25227272727272726,0.9083333333333333,0.2925352156162262
0.25303030303030305,0.9083333333333333,0.292305588722229
0.25303030303030305,0.9092592592592592,0.29209238290786743
0.25833333333333336,0.9092592592592592,0.2874951660633087
0.25833333333333336,0.9101851851851852,0.2868115305900574
0.26590909090909093,0.9101851851851852,0.28173550963401794
0.26590909090909093,0.912962962962963,0.27747341990470886
0.2734848484848485,0.912962962962963,0.2715984582901001
0.2734848484848485,0.9138888888888889,0.2715032398700714
0.29848484848484846,0.9138888888888889,0.2592877149581909
0.29848484848484846,0.9148148148148149,0.2592191696166992
0.31212121212121213,0.9148148148148149,0.2505427300930023
0.31212121212121213,0.9157407407407407,0.24984107911586761
0.31742424242424244,0.9157407407407407,0.24746190011501312
0.31742424242424244,0.9166666666666666,0.24739843606948853
0.3181818181818182,0.9166666666666666,0.24701260030269623
0.3181818181818182,0.9175925925925926,0.2466515600681305
0.32045454545454544,0.9175925925925926,0.24625205993652344
0.32045454545454544,0.9185185185185185,0.24580572545528412
0.3212121212121212,0.9185185185185185,0.24566103518009186
0.3212121212121212,0.9222222222222223,0.24458134174346924
0.3242424242424242,0.9222222222222223,0.24242272973060608
0.3242424242424242,0.9231481481481482,0.24127009510993958
0.32651515151515154,0.9231481481481482,0.23885585367679596
0.32651515151515154,0.925,0.23755457997322083
0.3303030303030303,0.925,0.2362365871667862
0.3303030303030303,0.9259259259259259,0.23607994616031647
0.33106060606060606,0.9259259259259259,0.23602131009101868
0.33106060606060606,0.9268518518518518,0.2360077202320099
0.33484848484848484,0.9268518518518518,0.23372924327850342
0.33484848484848484,0.9277777777777778,0.23370179533958435
0.33636363636363636,0.9277777777777778,0.23292353749275208
0.33636363636363636,0.9287037037037037,0.232757568359375
0.3371212121212121,0.9287037037037037,0.2326345443725586
0.3371212121212121,0.9296296296296296,0.2321760505437851
0.3386363636363636,0.9296296296296296,0.23165515065193176
0.3386363636363636,0.9305555555555556,0.23027895390987396
0.3416666666666667,0.9305555555555556,0.22963093221187592
0.3416666666666667,0.9314814814814815,0.22944821417331696
0.3424242424242424,0.9314814814814815,0.22916638851165771
0.3424242424242424,0.9333333333333333,0.22895961999893188
0.3446969696969697,0.9333333333333333,0.22796384990215302
0.3446969696969697,0.9342592592592592,0.22722108662128448
0.3477272727272727,0.9342592592592592,0.2254873365163803
0.3477272727272727,0.937037037037037,0.22378739714622498
0.3515151515151515,0.937037037037037,0.2224610596895218
0.3515151515151515,0.9388888888888889,0.22234313189983368
0.353030303030303,0.9388888888888889,0.2209741473197937
0.353030303030303,0.9407407407407408,0.21907328069210052
0.35984848484848486,0.9407407407407408,0.21658486127853394
0.35984848484848486,0.9425925925925925,0.2156926542520523
0.3606060606060606,0.9425925925925925,0.2150089144706726
0.3606060606060606,0.9444444444444444,0.21486015617847443
0.3621212121212121,0.9444444444444444,0.21454118192195892
0.3621212121212121,0.9453703703703704,0.2144521027803421
0.36287878787878786,0.9453703703703704,0.21414116024971008
0.36287878787878786,0.9462962962962963,0.21408335864543915
0.3659090909090909,0.9462962962962963,0.21319282054901123
0.3659090909090909,0.9472222222222222,0.212999626994133
0.36666666666666664,0.9472222222222222,0.21293272078037262
0.36666666666666664,0.9481481481481482,0.21212007105350494
0.37196969696969695,0.9481481481481482,0.21016722917556763
0.37196969696969695,0.9490740740740741,0.21003711223602295
0.3734848484848485,0.9490740740740741,0.20927780866622925
0.3734848484848485,0.950925925925926,0.20891189575195312
0.37424242424242427,0.950925925925926,0.2085178941488266
0.37424242424242427,0.9518518518518518,0.20803602039813995
0.375,0.9518518518518518,0.20791371166706085
0.375,0.9527777777777777,0.20752598345279694
0.38333333333333336,0.9527777777777777,0.20274904370307922
0.38333333333333336,0.9537037037037037,0.20269110798835754
0.3856060606060606,0.9537037037037037,0.20181414484977722
0.3856060606060606,0.9546296296296296,0.20107589662075043
0.38712121212121214,0.9546296296296296,0.20088833570480347
0.38712121212121214,0.9555555555555556,0.20084607601165771
0.396969696969697,0.9555555555555556,0.19624577462673187
0.396969696969697,0.9574074074074074,0.1956111192703247
0.3984848484848485,0.9574074074074074,0.19546008110046387
0.3984848484848485,0.9583333333333334,0.19528572261333466
0.40606060606060607,0.9583333333333334,0.19153694808483124
0.40606060606060607,0.9592592592592593,0.1912020593881607
0.4159090909090909,0.9592592592592593,0.18817688524723053
0.4159090909090909,0.9601851851851851,0.18751691281795502
0.4265151515151515,0.9601851851851851,0.18377330899238586
0.4265151515151515,0.9611111111111111,0.183685302734375
0.43257575757575756,0.9611111111111111,0.1797914206981659
0.43257575757575756,0.962037037037037,0.17972901463508606
0.4492424242424242,0.962037037037037,0.17149795591831207
0.4492424242424242,0.9629629629629629,0.1714412420988083
0.4583333333333333,0.9629629629629629,0.1678522676229477
0.4583333333333333,0.9638888888888889,0.1677996814250946
0.4810606060606061,0.9638888888888889,0.1575748175382614
0.4810606060606061,0.9648148148148148,0.15735280513763428
0.48333333333333334,0.9648148148148148,0.15684661269187927
0.48333333333333334,0.9657407407407408,0.1566143035888672
0.49015151515151517,0.9657407407407408,0.1541050225496292
0.49015151515151517,0.9666666666666667,0.15393534302711487
0.49393939393939396,0.9666666666666667,0.15349586308002472
0.49393939393939396,0.9675925925925926,0.15295875072479248
0.5045454545454545,0.9675925925925926,0.1502358466386795
0.5045454545454545,0.9685185185185186,0.14989052712917328
0.5053030303030303,0.9685185185185186,0.149696484208107
0.5053030303030303,0.9694444444444444,0.1494462937116623
0.5151515151515151,0.9694444444444444,0.1432078629732132
0.5151515151515151,0.9703703703703703,0.14305663108825684
0.5265151515151515,0.9703703703703703,0.13972115516662598
0.5265151515151515,0.9712962962962963,0.13957181572914124
0.5848484848484848,0.9712962962962963,0.1266399472951889
0.5848484848484848,0.9722222222222222,0.12637363374233246
0.5962121212121212,0.9722222222222222,0.12252217531204224
0.5962121212121212,0.9731481481481481,0.12241777032613754
0.6098484848484849,0.9731481481481481,0.11982695758342743
0.6098484848484849,0.9740740740740741,0.11974326521158218
0.6424242424242425,0.9740740740740741,0.11120769381523132
0.6424242424242425,0.975,0.11120224744081497
0.6484848484848484,0.975,0.10978376120328903
0.6484848484848484,0.975925925925926,0.10964198410511017
0.65,0.975925925925926,0.1087334007024765
0.65,0.9768518518518519,0.108687624335289
0.6590909090909091,0.9768518518518519,0.10683490335941315
0.6590909090909091,0.9777777777777777,0.10673873126506805
0.6613636363636364,0.9777777777777777,0.10581357777118683
0.6613636363636364,0.9787037037037037,0.10563512146472931
0.6696969696969697,0.9787037037037037,0.10436518490314484
0.6696969696969697,0.9796296296296296,0.10434649884700775
0.6712121212121213,0.9796296296296296,0.10423482954502106
0.6712121212121213,0.9805555555555555,0.10399118065834045
0.671969696969697,0.9805555555555555,0.10397925972938538
0.671969696969697,0.9814814814814815,0.10372145473957062
0.6772727272727272,0.9814814814814815,0.10268222540616989
0.6772727272727272,0.9824074074074074,0.1026540994644165
0.6962121212121212,0.9824074074074074,0.09811580181121826
0.6962121212121212,0.9842592592592593,0.0980437770485878
0.7068181818181818,0.9842592592592593,0.09574883431196213
0.7068181818181818,0.9851851851851852,0.09547335654497147
0.7606060606060606,0.9851851851851852,0.08395092934370041
0.7606060606060606,0.9861111111111112,0.08370955288410187
0.7818181818181819,0.9861111111111112,0.08053727447986603
0.7818181818181819,0.987037037037037,0.08051740378141403
0.7984848484848485,0.987037037037037,0.07515193521976471
0.7984848484848485,0.9879629629629629,0.075115866959095
0.8242424242424242,0.9879629629629629,0.06742477416992188
0.8242424242424242,0.9888888888888889,0.06737587600946426
0.8287878787878787,0.9888888888888889,0.06611207872629166
0.8287878787878787,0.9898148148148148,0.0660398006439209
0.8386363636363636,0.9898148148148148,0.06130097433924675
0.8386363636363636,0.9907407407407407,0.06087568402290344
0.8401515151515152,0.9907407407407407,0.06065366789698601
0.8401515151515152,0.9916666666666667,0.06051815301179886
0.8515151515151516,0.9916666666666667,0.05708352103829384
0.8515151515151516,0.9935185185185185,0.05697575584053993
0.8598484848484849,0.9935185185185185,0.05436890572309494
0.8598484848484849,0.9944444444444445,0.053997285664081573
0.8636363636363636,0.9944444444444445,0.05307474732398987
0.8636363636363636,0.9962962962962963,0.05257227644324303
0.8651515151515151,0.9962962962962963,0.05244986340403557
0.8651515151515151,0.9972222222222222,0.05235709622502327
0.8765151515151515,0.9972222222222222,0.04977542161941528
0.8765151515151515,0.9981481481481481,0.049720000475645065
0.8803030303030303,0.9981481481481481,0.048528075218200684
0.8803030303030303,0.9990740740740741,0.04848672077059746
0.9204545454545454,0.9990740740740741,0.04002528265118599
0.9204545454545454,1.0,0.039937227964401245
1.0,1.0,0.0070554218254983425
