FPR,TPR,Threshold
0.0,0.0,1.988947868347168
0.0,0.000925925925925926,0.988947868347168
0.0,0.09259259259259259,0.966645359992981
0.0007575757575757576,0.09259259259259259,0.966612696647644
0.0007575757575757576,0.1,0.9656599760055542
0.0015151515151515152,0.1,0.9655641913414001
0.0015151515151515152,0.14907407407407408,0.9598854780197144
0.0022727272727272726,0.14907407407407408,0.9597663283348083
0.0022727272727272726,0.26944444444444443,0.9480450749397278
0.0030303030303030303,0.26944444444444443,0.9479276537895203
0.0030303030303030303,0.2712962962962963,0.9476999640464783
0.003787878787878788,0.2712962962962963,0.947444498538971
0.003787878787878788,0.2740740740740741,0.9464089274406433
0.004545454545454545,0.2740740740740741,0.9462749361991882
0.004545454545454545,0.2759259259259259,0.9461969137191772
0.005303030303030303,0.2759259259259259,0.9461431503295898
0.005303030303030303,0.27685185185185185,0.9460353851318359
0.006060606060606061,0.27685185185185185,0.9460214972496033
0.006060606060606061,0.2796296296296296,0.9458195567131042
0.006818181818181818,0.2796296296296296,0.9457476139068604
0.006818181818181818,0.28055555555555556,0.9457474946975708
0.007575757575757576,0.28055555555555556,0.9456977844238281
0.007575757575757576,0.28425925925925927,0.9451647400856018
0.008333333333333333,0.28425925925925927,0.9450554847717285
0.008333333333333333,0.2861111111111111,0.9447835087776184
0.00909090909090909,0.2861111111111111,0.9446846842765808
0.00909090909090909,0.28888888888888886,0.9442824721336365
0.009848484848484848,0.28888888888888886,0.9438613057136536
0.009848484848484848,0.29259259259259257,0.9435498118400574
0.010606060606060607,0.29259259259259257,0.9434549808502197
0.010606060606060607,0.29907407407407405,0.942362368106842
0.011363636363636364,0.29907407407407405,0.9419236779212952
0.011363636363636364,0.3101851851851852,0.9408544301986694
0.012121212121212121,0.3101851851851852,0.9407538771629333
0.012121212121212121,0.32222222222222224,0.9390900731086731
0.012878787878787878,0.32222222222222224,0.9389229416847229
0.012878787878787878,0.3388888888888889,0.9326308965682983
0.013636363636363636,0.3388888888888889,0.9324253797531128
0.013636363636363636,0.3425925925925926,0.9304206967353821
0.014393939393939395,0.3425925925925926,0.9294413924217224
0.014393939393939395,0.37592592592592594,0.9217042326927185
0.015151515151515152,0.37592592592592594,0.9214603304862976
0.015151515151515152,0.43703703703703706,0.9114671945571899
0.015909090909090907,0.43703703703703706,0.9108652472496033
0.015909090909090907,0.44351851851851853,0.9084542393684387
0.016666666666666666,0.44351851851851853,0.908444881439209
0.016666666666666666,0.4444444444444444,0.9076289534568787
0.017424242424242425,0.4444444444444444,0.9061838388442993
0.017424242424242425,0.45185185185185184,0.9010452032089233
0.01818181818181818,0.45185185185185184,0.900926411151886
0.01818181818181818,0.4583333333333333,0.8979208469390869
0.01893939393939394,0.4583333333333333,0.8972506523132324
0.01893939393939394,0.46111111111111114,0.8962722420692444
0.019696969696969695,0.46111111111111114,0.8958673477172852
0.019696969696969695,0.49722222222222223,0.8776456117630005
0.020454545454545454,0.49722222222222223,0.8775028586387634
0.020454545454545454,0.512962962962963,0.8744751811027527
0.021212121212121213,0.512962962962963,0.8739117383956909
0.021212121212121213,0.5388888888888889,0.8707893490791321
0.02196969696969697,0.5388888888888889,0.870709240436554
0.02196969696969697,0.5444444444444444,0.8693980574607849
0.022727272727272728,0.5444444444444444,0.8692598938941956
0.022727272727272728,0.55,0.8684857487678528
0.024242424242424242,0.55,0.8680129647254944
0.024242424242424242,0.5518518518518518,0.867371678352356
0.025,0.5518518518518518,0.8670729994773865
0.025,0.5611111111111111,0.8646336197853088
0.025757575757575757,0.5611111111111111,0.8639532923698425
0.025757575757575757,0.562962962962963,0.8636528253555298
0.02727272727272727,0.562962962962963,0.8634850978851318
0.02727272727272727,0.5638888888888889,0.8631153106689453
0.02878787878787879,0.5638888888888889,0.8627213835716248
0.02878787878787879,0.5675925925925925,0.8617193698883057
0.029545454545454545,0.5675925925925925,0.8616488575935364
0.029545454545454545,0.5712962962962963,0.8609527945518494
0.030303030303030304,0.5712962962962963,0.8608927130699158
0.030303030303030304,0.5805555555555556,0.8596314191818237
0.03106060606060606,0.5805555555555556,0.8593263626098633
0.03106060606060606,0.5833333333333334,0.8572121858596802
0.031818181818181815,0.5833333333333334,0.8568982481956482
0.031818181818181815,0.5916666666666667,0.8525364995002747
0.03257575757575758,0.5916666666666667,0.8510569334030151
0.03257575757575758,0.5935185185185186,0.8506031036376953
0.03409090909090909,0.5935185185185186,0.8504839539527893
0.03409090909090909,0.6,0.8485249280929565
0.03484848484848485,0.6,0.8477960824966431
0.03484848484848485,0.600925925925926,0.847281277179718
0.035606060606060606,0.600925925925926,0.8462890386581421
0.035606060606060606,0.6018518518518519,0.8462161421775818
0.03787878787878788,0.6018518518518519,0.8448266386985779
0.03787878787878788,0.6027777777777777,0.8447314500808716
0.038636363636363635,0.6027777777777777,0.8441300392150879
0.038636363636363635,0.6046296296296296,0.8437492251396179
0.03939393939393939,0.6046296296296296,0.8431556224822998
0.03939393939393939,0.6055555555555555,0.8430936336517334
0.041666666666666664,0.6055555555555555,0.8420957922935486
0.041666666666666664,0.6092592592592593,0.8408365249633789
0.04318181818181818,0.6092592592592593,0.8377914428710938
0.04318181818181818,0.612037037037037,0.8355900645256042
0.04393939393939394,0.612037037037037,0.8350327610969543
0.04393939393939394,0.6203703703703703,0.8297114372253418
0.0446969696969697,0.6203703703703703,0.8289632201194763
0.0446969696969697,0.6351851851851852,0.8161190748214722
0.045454545454545456,0.6351851851851852,0.815679669380188
0.045454545454545456,0.6425925925925926,0.8084756135940552
0.04621212121212121,0.6425925925925926,0.8080822229385376
0.04621212121212121,0.6583333333333333,0.8004863262176514
0.04696969696969697,0.6583333333333333,0.8004711270332336
0.04696969696969697,0.6675925925925926,0.7974706292152405
0.04772727272727273,0.6675925925925926,0.7961207032203674
0.04772727272727273,0.6851851851851852,0.7905622124671936
0.048484848484848485,0.6851851851851852,0.7901366949081421
0.048484848484848485,0.6953703703703704,0.7855207324028015
0.04924242424242424,0.6953703703703704,0.785489022731781
0.04924242424242424,0.7027777777777777,0.7812309861183167
0.05,0.7027777777777777,0.7810937166213989
0.05,0.7046296296296296,0.7802935838699341
0.05075757575757576,0.7046296296296296,0.7802051901817322
0.05075757575757576,0.7314814814814815,0.7607797384262085
0.051515151515151514,0.7314814814814815,0.7603994011878967
0.051515151515151514,0.737037037037037,0.7539694309234619
0.05227272727272727,0.737037037037037,0.7539446353912354
0.05227272727272727,0.762962962962963,0.7382825016975403
0.05303030303030303,0.762962962962963,0.7378637194633484
0.05303030303030303,0.7638888888888888,0.7372981309890747
0.05378787878787879,0.7638888888888888,0.7355876564979553
0.05378787878787879,0.7657407407407407,0.733652651309967
0.05454545454545454,0.7657407407407407,0.733586311340332
0.05454545454545454,0.774074074074074,0.7241214513778687
0.05606060606060606,0.774074074074074,0.7214856743812561
0.05606060606060606,0.7768518518518519,0.7198278307914734
0.056818181818181816,0.7768518518518519,0.7188777327537537
0.056818181818181816,0.7777777777777778,0.7174031138420105
0.059848484848484845,0.7777777777777778,0.7082287073135376
0.059848484848484845,0.7796296296296297,0.7056889533996582
0.06060606060606061,0.7796296296296297,0.705436646938324
0.06060606060606061,0.7805555555555556,0.7053235173225403
0.06439393939393939,0.7805555555555556,0.7029763460159302
0.06439393939393939,0.7814814814814814,0.7028359174728394
0.07272727272727272,0.7814814814814814,0.6943306922912598
0.07272727272727272,0.7842592592592592,0.6938403248786926
0.07727272727272727,0.7842592592592592,0.6897873878479004
0.07727272727272727,0.7861111111111111,0.6881026029586792
0.07803030303030303,0.7861111111111111,0.6855311989784241
0.07803030303030303,0.787962962962963,0.6835924983024597
0.07954545454545454,0.787962962962963,0.6816285252571106
0.07954545454545454,0.7935185185185185,0.6790177226066589
0.08181818181818182,0.7935185185185185,0.6780825257301331
0.08181818181818182,0.7962962962962963,0.6715700626373291
0.08257575757575758,0.7962962962962963,0.6704161763191223
0.08257575757575758,0.7972222222222223,0.6683339476585388
0.08333333333333333,0.7972222222222223,0.6676577925682068
0.08333333333333333,0.7981481481481482,0.6641804575920105
0.08409090909090909,0.7981481481481482,0.6622644066810608
0.08409090909090909,0.8037037037037037,0.6586428284645081
0.08484848484848485,0.8037037037037037,0.6547501087188721
0.08484848484848485,0.8083333333333333,0.6477646827697754
0.0856060606060606,0.8083333333333333,0.6473060250282288
0.0856060606060606,0.8092592592592592,0.6464617848396301
0.08636363636363636,0.8092592592592592,0.6456478238105774
0.08636363636363636,0.8101851851851852,0.6439021825790405
0.0893939393939394,0.8101851851851852,0.6410974860191345
0.0893939393939394,0.812037037037037,0.63840252161026
0.09015151515151515,0.812037037037037,0.6376920938491821
0.09015151515151515,0.812962962962963,0.636243462562561
0.09166666666666666,0.812962962962963,0.6359592080116272
0.09166666666666666,0.8138888888888889,0.6347425580024719
0.09696969696969697,0.8138888888888889,0.6325368881225586
0.09696969696969697,0.8166666666666667,0.6317782998085022
0.10075757575757575,0.8166666666666667,0.6269168257713318
0.10075757575757575,0.8175925925925925,0.6246453523635864
0.10378787878787879,0.8175925925925925,0.620847225189209
0.10378787878787879,0.8185185185185185,0.6192498803138733
0.10606060606060606,0.8185185185185185,0.6185068488121033
0.10606060606060606,0.8194444444444444,0.6176366806030273
0.10681818181818181,0.8194444444444444,0.6150493621826172
0.10681818181818181,0.8203703703703704,0.6149640679359436
0.10757575757575757,0.8203703703703704,0.6148924231529236
0.10757575757575757,0.8231481481481482,0.6095010638237
0.10984848484848485,0.8231481481481482,0.6090171337127686
0.10984848484848485,0.825,0.6078870892524719
0.11060606060606061,0.825,0.6075817942619324
0.11060606060606061,0.825925925925926,0.6057441830635071
0.11136363636363636,0.825925925925926,0.605111837387085
0.11136363636363636,0.8268518518518518,0.6047381162643433
0.11212121212121212,0.8268518518518518,0.6046931743621826
0.11212121212121212,0.8277777777777777,0.6046683192253113
0.11287878787878788,0.8277777777777777,0.6026714444160461
0.11287878787878788,0.8287037037037037,0.6009458899497986
0.11515151515151516,0.8287037037037037,0.5982071161270142
0.11515151515151516,0.8314814814814815,0.5974248051643372
0.1159090909090909,0.8314814814814815,0.5964692831039429
0.1159090909090909,0.8324074074074074,0.5963930487632751
0.11666666666666667,0.8324074074074074,0.5950741767883301
0.11666666666666667,0.8342592592592593,0.59012371301651
0.11742424242424243,0.8342592592592593,0.5888809561729431
0.11742424242424243,0.837037037037037,0.5874520540237427
0.11818181818181818,0.837037037037037,0.5866245627403259
0.11818181818181818,0.8398148148148148,0.5857430696487427
0.11893939393939394,0.8398148148148148,0.5856021642684937
0.11893939393939394,0.8407407407407408,0.5852411985397339
0.12045454545454545,0.8407407407407408,0.5824028849601746
0.12045454545454545,0.8416666666666667,0.581825852394104
0.12121212121212122,0.8416666666666667,0.5815090537071228
0.12121212121212122,0.8453703703703703,0.5792801976203918
0.12196969696969696,0.8453703703703703,0.5791136622428894
0.12196969696969696,0.8490740740740741,0.5782985687255859
0.12272727272727273,0.8490740740740741,0.5772057175636292
0.12272727272727273,0.8518518518518519,0.5755971074104309
0.12348484848484849,0.8518518518518519,0.5749945640563965
0.12348484848484849,0.8648148148148148,0.5670493245124817
0.12424242424242424,0.8648148148148148,0.5662554502487183
0.12424242424242424,0.8657407407407407,0.5658895969390869
0.1303030303030303,0.8657407407407407,0.554136335849762
0.1303030303030303,0.8675925925925926,0.5506183505058289
0.13106060606060607,0.8675925925925926,0.5500084161758423
0.13106060606060607,0.8685185185185185,0.5493879914283752
0.1318181818181818,0.8685185185185185,0.5463718771934509
0.1318181818181818,0.8703703703703703,0.5423831343650818
0.13257575757575757,0.8703703703703703,0.5401663184165955
0.13257575757575757,0.8740740740740741,0.5342960953712463
0.13484848484848486,0.8740740740740741,0.5314005017280579
0.13484848484848486,0.8851851851851852,0.508090078830719
0.13636363636363635,0.8851851851851852,0.5079221129417419
0.13636363636363635,0.8981481481481481,0.49791765213012695
0.13787878787878788,0.8981481481481481,0.4967912435531616
0.13787878787878788,0.9027777777777778,0.4931846857070923
0.13863636363636364,0.9027777777777778,0.49268367886543274
0.13863636363636364,0.9046296296296297,0.4921906888484955
0.14015151515151514,0.9046296296296297,0.4910946786403656
0.14015151515151514,0.9055555555555556,0.4905398488044739
0.14166666666666666,0.9055555555555556,0.48958203196525574
0.14166666666666666,0.9092592592592592,0.48689621686935425
0.1431818181818182,0.9092592592592592,0.48652029037475586
0.1431818181818182,0.9101851851851852,0.485430508852005
0.14393939393939395,0.9101851851851852,0.48326587677001953
0.14393939393939395,0.912962962962963,0.48059380054473877
0.14469696969696969,0.912962962962963,0.47996607422828674
0.14469696969696969,0.9148148148148149,0.4790915846824646
0.14545454545454545,0.9148148148148149,0.4788338541984558
0.14545454545454545,0.9203703703703704,0.47635316848754883
0.14696969696969697,0.9203703703703704,0.47388729453086853
0.14696969696969697,0.9212962962962963,0.47370612621307373
0.14772727272727273,0.9212962962962963,0.4735299050807953
0.14772727272727273,0.9222222222222223,0.47278931736946106
0.14924242424242423,0.9222222222222223,0.47237420082092285
0.14924242424242423,0.9231481481481482,0.47205978631973267
0.15,0.9231481481481482,0.4718986451625824
0.15,0.924074074074074,0.47126197814941406
0.15075757575757576,0.924074074074074,0.47110921144485474
0.15075757575757576,0.925,0.4694651961326599
0.15303030303030302,0.925,0.4676699936389923
0.15303030303030302,0.9287037037037037,0.4648084342479706
0.15378787878787878,0.9287037037037037,0.4645971357822418
0.15378787878787878,0.9296296296296296,0.4641970992088318
0.15454545454545454,0.9296296296296296,0.4639214277267456
0.15454545454545454,0.9361111111111111,0.4561273455619812
0.15681818181818183,0.9361111111111111,0.454670250415802
0.15681818181818183,0.9472222222222222,0.4425768256187439
0.15984848484848485,0.9472222222222222,0.4398144781589508
0.15984848484848485,0.9481481481481482,0.4392041265964508
0.1606060606060606,0.9481481481481482,0.43903848528862
0.1606060606060606,0.950925925925926,0.43831148743629456
0.16136363636363638,0.950925925925926,0.4373552203178406
0.16136363636363638,0.9518518518518518,0.4372769296169281
0.16287878787878787,0.9518518518518518,0.4350866377353668
0.16287878787878787,0.9546296296296296,0.43212494254112244
0.16363636363636364,0.9546296296296296,0.4297545850276947
0.16363636363636364,0.9592592592592593,0.428249329328537
0.16590909090909092,0.9592592592592593,0.42677927017211914
0.16590909090909092,0.9657407407407408,0.41852253675460815
0.16742424242424242,0.9657407407407408,0.417131632566452
0.16742424242424242,0.9675925925925926,0.4156055450439453
0.17803030303030304,0.9675925925925926,0.40057843923568726
0.17803030303030304,0.9685185185185186,0.4005224108695984
0.17954545454545454,0.9685185185185186,0.39962542057037354
0.17954545454545454,0.9703703703703703,0.39441153407096863
0.18106060606060606,0.9703703703703703,0.39245593547821045
0.18106060606060606,0.9712962962962963,0.3918948471546173
0.18181818181818182,0.9712962962962963,0.3906235694885254
0.18181818181818182,0.9722222222222222,0.3885991871356964
0.18333333333333332,0.9722222222222222,0.38427677750587463
0.18333333333333332,0.9731481481481481,0.38107311725616455
0.18787878787878787,0.9731481481481481,0.37581363320350647
0.18787878787878787,0.975,0.3752918839454651
0.1962121212121212,0.975,0.3699200749397278
0.1962121212121212,0.975925925925926,0.3694121539592743
0.19924242424242425,0.975925925925926,0.3677128553390503
0.19924242424242425,0.9768518518518519,0.367239385843277
0.20227272727272727,0.9768518518518519,0.36317896842956543
0.20227272727272727,0.9777777777777777,0.3615492880344391
0.2037878787878788,0.9777777777777777,0.361449658870697
0.2037878787878788,0.9787037037037037,0.3598332703113556
0.2106060606060606,0.9787037037037037,0.3578161299228668
0.2106060606060606,0.9814814814814815,0.3552885353565216
0.21363636363636362,0.9814814814814815,0.35304492712020874
0.21363636363636362,0.9824074074074074,0.3509134352207184
0.23106060606060605,0.9824074074074074,0.33892449736595154
0.23106060606060605,0.9833333333333333,0.3371734321117401
0.23939393939393938,0.9833333333333333,0.3316672146320343
0.23939393939393938,0.9842592592592593,0.33140477538108826
0.26590909090909093,0.9842592592592593,0.29306748509407043
0.26590909090909093,0.9851851851851852,0.29249024391174316
0.2962121212121212,0.9851851851851852,0.2708189785480499
0.2962121212121212,0.9861111111111112,0.27069488167762756
0.32196969696969696,0.9861111111111112,0.24871255457401276
0.32196969696969696,0.987037037037037,0.24842946231365204
0.33181818181818185,0.987037037037037,0.2415606528520584
0.33181818181818185,0.9879629629629629,0.2408139705657959
0.3378787878787879,0.9879629629629629,0.23544415831565857
0.3378787878787879,0.9888888888888889,0.2348797470331192
0.3409090909090909,0.9888888888888889,0.23378297686576843
0.3409090909090909,0.9898148148148148,0.23369012773036957
0.34393939393939393,0.9898148148148148,0.2316175103187561
0.34393939393939393,0.9916666666666667,0.23049958050251007
0.3462121212121212,0.9916666666666667,0.22868748009204865
0.3462121212121212,0.9925925925925926,0.22860635817050934
0.35075757575757577,0.9925925925925926,0.2263796180486679
0.35075757575757577,0.9935185185185185,0.22627143561840057
0.3515151515151515,0.9935185185185185,0.22557681798934937
0.3515151515151515,0.9944444444444445,0.22536925971508026
0.3553030303030303,0.9944444444444445,0.22359499335289001
0.3553030303030303,0.9962962962962963,0.22321100533008575
0.3560606060606061,0.9962962962962963,0.22268261015415192
0.3560606060606061,0.9981481481481481,0.22265702486038208
0.36363636363636365,0.9981481481481481,0.21801428496837616
0.36363636363636365,0.9990740740740741,0.217990443110466
0.39166666666666666,0.9990740740740741,0.19822359085083008
0.39166666666666666,1.0,0.1980355978012085
1.0,1.0,0.009558540768921375
