FPR,TPR,Threshold
0.0,0.0,1.9868005514144897
0.0,0.000925925925925926,0.9868005514144897
0.0,0.5453703703703704,0.8102785348892212
0.0007575757575757576,0.5453703703703704,0.8100357055664062
0.0007575757575757576,0.562962962962963,0.8020577430725098
0.0015151515151515152,0.562962962962963,0.8019186854362488
0.0015151515151515152,0.5703703703703704,0.7990211248397827
0.0022727272727272726,0.5703703703703704,0.7983264327049255
0.0022727272727272726,0.5740740740740741,0.7971179485321045
0.0030303030303030303,0.5740740740740741,0.7968546152114868
0.0030303030303030303,0.575,0.7967018485069275
0.004545454545454545,0.575,0.7964252233505249
0.004545454545454545,0.5861111111111111,0.7924467921257019
0.005303030303030303,0.5861111111111111,0.7923871278762817
0.005303030303030303,0.5972222222222222,0.7897767424583435
0.006060606060606061,0.5972222222222222,0.7895686626434326
0.006060606060606061,0.5981481481481481,0.7892310619354248
0.006818181818181818,0.5981481481481481,0.788626492023468
0.006818181818181818,0.6,0.7882784008979797
0.007575757575757576,0.6,0.7868334054946899
0.007575757575757576,0.6037037037037037,0.7851763367652893
0.00909090909090909,0.6037037037037037,0.7850365042686462
0.00909090909090909,0.6055555555555555,0.7836226224899292
0.009848484848484848,0.6055555555555555,0.7833579182624817
0.009848484848484848,0.6092592592592593,0.7818393707275391
0.010606060606060607,0.6092592592592593,0.7816572785377502
0.010606060606060607,0.6101851851851852,0.7814123034477234
0.012121212121212121,0.6101851851851852,0.7796496152877808
0.012121212121212121,0.6111111111111112,0.7793856859207153
0.013636363636363636,0.6111111111111112,0.7780582904815674
0.013636363636363636,0.612037037037037,0.7776276469230652
0.014393939393939395,0.612037037037037,0.7774141430854797
0.014393939393939395,0.6138888888888889,0.7761930227279663
0.015151515151515152,0.6138888888888889,0.7760478258132935
0.015151515151515152,0.6148148148148148,0.7760114669799805
0.015909090909090907,0.6148148148148148,0.7754372358322144
0.015909090909090907,0.6203703703703703,0.7729817628860474
0.016666666666666666,0.6203703703703703,0.7725597620010376
0.016666666666666666,0.6212962962962963,0.7721050977706909
0.017424242424242425,0.6212962962962963,0.7718898057937622
0.017424242424242425,0.6287037037037037,0.7694539427757263
0.020454545454545454,0.6287037037037037,0.7687963247299194
0.020454545454545454,0.6333333333333333,0.7659769058227539
0.021212121212121213,0.6333333333333333,0.7657959461212158
0.021212121212121213,0.6370370370370371,0.7646999359130859
0.02196969696969697,0.6370370370370371,0.764612078666687
0.02196969696969697,0.6425925925925926,0.7616324424743652
0.022727272727272728,0.6425925925925926,0.7610209584236145
0.022727272727272728,0.6453703703703704,0.7600292563438416
0.023484848484848483,0.6453703703703704,0.7593398690223694
0.023484848484848483,0.6462962962962963,0.7587683200836182
0.025757575757575757,0.6462962962962963,0.7584424018859863
0.025757575757575757,0.65,0.7559170722961426
0.026515151515151516,0.65,0.7557993531227112
0.026515151515151516,0.6509259259259259,0.7547761797904968
0.02727272727272727,0.6509259259259259,0.7547248601913452
0.02727272727272727,0.6518518518518519,0.7540968656539917
0.029545454545454545,0.6518518518518519,0.752052903175354
0.029545454545454545,0.6555555555555556,0.7493906021118164
0.031818181818181815,0.6555555555555556,0.7483322024345398
0.031818181818181815,0.6611111111111111,0.7465206980705261
0.03257575757575758,0.6611111111111111,0.746472179889679
0.03257575757575758,0.6620370370370371,0.7459858059883118
0.035606060606060606,0.6620370370370371,0.7420364022254944
0.035606060606060606,0.687037037037037,0.7244356274604797
0.03636363636363636,0.687037037037037,0.7243750691413879
0.03636363636363636,0.687962962962963,0.723835289478302
0.037121212121212124,0.687962962962963,0.7235256433486938
0.037121212121212124,0.6925925925925925,0.7218310236930847
0.03787878787878788,0.6925925925925925,0.7217440605163574
0.03787878787878788,0.6935185185185185,0.7210788726806641
0.038636363636363635,0.6935185185185185,0.7199979424476624
0.038636363636363635,0.7,0.7172175049781799
0.03939393939393939,0.7,0.7167067527770996
0.03939393939393939,0.7046296296296296,0.7142618894577026
0.04015151515151515,0.7046296296296296,0.7139142751693726
0.04015151515151515,0.7074074074074074,0.7124509215354919
0.04090909090909091,0.7074074074074074,0.7113090753555298
0.04090909090909091,0.7083333333333334,0.7111793160438538
0.041666666666666664,0.7083333333333334,0.7109890580177307
0.041666666666666664,0.7092592592592593,0.7108234763145447
0.04242424242424243,0.7092592592592593,0.7104654908180237
0.04242424242424243,0.7111111111111111,0.7093886733055115
0.04393939393939394,0.7111111111111111,0.7077161073684692
0.04393939393939394,0.7129629629629629,0.706882119178772
0.045454545454545456,0.7129629629629629,0.7052767872810364
0.045454545454545456,0.7138888888888889,0.7046834826469421
0.04621212121212121,0.7138888888888889,0.7031352519989014
0.04621212121212121,0.7148148148148148,0.701823890209198
0.04772727272727273,0.7148148148148148,0.7017081379890442
0.04772727272727273,0.7175925925925926,0.6975897550582886
0.048484848484848485,0.7175925925925926,0.6964095234870911
0.048484848484848485,0.7194444444444444,0.6945044994354248
0.04924242424242424,0.7194444444444444,0.6930888295173645
0.04924242424242424,0.7212962962962963,0.6912882328033447
0.05075757575757576,0.7212962962962963,0.6907259821891785
0.05075757575757576,0.7268518518518519,0.6862393617630005
0.051515151515151514,0.7268518518518519,0.6847977042198181
0.051515151515151514,0.7305555555555555,0.682354211807251
0.05227272727272727,0.7305555555555555,0.680480420589447
0.05227272727272727,0.7333333333333333,0.6795704960823059
0.05378787878787879,0.7333333333333333,0.679158627986908
0.05378787878787879,0.7351851851851852,0.6783627867698669
0.05454545454545454,0.7351851851851852,0.6782416701316833
0.05454545454545454,0.7407407407407407,0.674749493598938
0.055303030303030305,0.7407407407407407,0.6745731830596924
0.055303030303030305,0.7425925925925926,0.6742250919342041
0.05757575757575758,0.7425925925925926,0.6734015941619873
0.05757575757575758,0.7453703703703703,0.6731577515602112
0.058333333333333334,0.7453703703703703,0.6729991436004639
0.058333333333333334,0.7462962962962963,0.6721218228340149
0.05909090909090909,0.7462962962962963,0.6708799600601196
0.05909090909090909,0.7481481481481481,0.6693820357322693
0.06060606060606061,0.7481481481481481,0.6683401465415955
0.06060606060606061,0.7527777777777778,0.6637392044067383
0.06136363636363636,0.7527777777777778,0.6632095575332642
0.06136363636363636,0.7537037037037037,0.6624971628189087
0.06212121212121212,0.7537037037037037,0.6619151830673218
0.06212121212121212,0.7574074074074074,0.6604869365692139
0.06363636363636363,0.7574074074074074,0.659982442855835
0.06363636363636363,0.7648148148148148,0.653244137763977
0.06439393939393939,0.7648148148148148,0.6524714231491089
0.06439393939393939,0.7657407407407407,0.6517106294631958
0.06515151515151515,0.7657407407407407,0.650820255279541
0.06515151515151515,0.7666666666666667,0.6504209637641907
0.06742424242424243,0.7666666666666667,0.6485331058502197
0.06742424242424243,0.7675925925925926,0.6473046541213989
0.06818181818181818,0.7675925925925926,0.6457880139350891
0.06818181818181818,0.7685185185185185,0.6449499130249023
0.0696969696969697,0.7685185185185185,0.644778311252594
0.0696969696969697,0.7694444444444445,0.6444658041000366
0.07196969696969698,0.7694444444444445,0.6419336795806885
0.07196969696969698,0.7722222222222223,0.6411837339401245
0.07272727272727272,0.7722222222222223,0.6409587860107422
0.07272727272727272,0.7777777777777778,0.6370946168899536
0.075,0.7777777777777778,0.634795606136322
0.075,0.7805555555555556,0.633385181427002
0.07575757575757576,0.7805555555555556,0.6327593326568604
0.07575757575757576,0.7824074074074074,0.6320367455482483
0.07727272727272727,0.7824074074074074,0.6306667327880859
0.07727272727272727,0.7842592592592592,0.6300508975982666
0.07803030303030303,0.7842592592592592,0.6292069554328918
0.07803030303030303,0.7870370370370371,0.6225270628929138
0.08106060606060606,0.7870370370370371,0.6199235320091248
0.08106060606060606,0.787962962962963,0.6198416352272034
0.08712121212121213,0.787962962962963,0.6045331358909607
0.08712121212121213,0.7888888888888889,0.6006094813346863
0.08863636363636364,0.7888888888888889,0.597664475440979
0.08863636363636364,0.7898148148148149,0.5974487662315369
0.0893939393939394,0.7898148148148149,0.5972812175750732
0.0893939393939394,0.7935185185185185,0.5897077322006226
0.09015151515151515,0.7935185185185185,0.5895372629165649
0.09015151515151515,0.7944444444444444,0.589096188545227
0.09090909090909091,0.7944444444444444,0.5866761803627014
0.09090909090909091,0.7962962962962963,0.584236741065979
0.09772727272727273,0.7962962962962963,0.569303035736084
0.09772727272727273,0.799074074074074,0.5656406283378601
0.10378787878787879,0.799074074074074,0.5576474666595459
0.10378787878787879,0.8,0.5574115514755249
0.10454545454545454,0.8,0.5561063289642334
0.10454545454545454,0.8009259259259259,0.555034339427948
0.10606060606060606,0.8009259259259259,0.5530557036399841
0.10606060606060606,0.8018518518518518,0.5529529452323914
0.10757575757575757,0.8018518518518518,0.552696704864502
0.10757575757575757,0.8037037037037037,0.5503713488578796
0.10984848484848485,0.8037037037037037,0.5484094023704529
0.10984848484848485,0.8046296296296296,0.5479915142059326
0.1159090909090909,0.8046296296296296,0.5405623912811279
0.1159090909090909,0.8074074074074075,0.5366091728210449
0.11666666666666667,0.8074074074074075,0.5357212424278259
0.11666666666666667,0.8083333333333333,0.5341042280197144
0.11742424242424243,0.8083333333333333,0.5334205031394958
0.11742424242424243,0.8092592592592592,0.5326101183891296
0.11818181818181818,0.8092592592592592,0.530634880065918
0.11818181818181818,0.812037037037037,0.526506781578064
0.11893939393939394,0.812037037037037,0.5254030227661133
0.11893939393939394,0.8148148148148148,0.5220060348510742
0.11969696969696969,0.8148148148148148,0.5215389132499695
0.11969696969696969,0.8157407407407408,0.5213571786880493
0.12045454545454545,0.8157407407407408,0.52076256275177
0.12045454545454545,0.8166666666666667,0.5201855897903442
0.12121212121212122,0.8166666666666667,0.518959641456604
0.12121212121212122,0.8203703703703704,0.511967658996582
0.12424242424242424,0.8203703703703704,0.5088730454444885
0.12424242424242424,0.8222222222222222,0.5063307881355286
0.125,0.8222222222222222,0.5048976540565491
0.125,0.8231481481481482,0.5047511458396912
0.12727272727272726,0.8231481481481482,0.5003806948661804
0.12727272727272726,0.8240740740740741,0.49994075298309326
0.12803030303030302,0.8240740740740741,0.4991700351238251
0.12803030303030302,0.825,0.4977925717830658
0.1303030303030303,0.825,0.4919232726097107
0.1303030303030303,0.825925925925926,0.49166733026504517
0.13106060606060607,0.825925925925926,0.49015966057777405
0.13106060606060607,0.8277777777777777,0.4880063831806183
0.13484848484848486,0.8277777777777777,0.4852316975593567
0.13484848484848486,0.8287037037037037,0.48494312167167664
0.13560606060606062,0.8287037037037037,0.48166757822036743
0.13560606060606062,0.8296296296296296,0.4813121259212494
0.13712121212121212,0.8296296296296296,0.4797793924808502
0.13712121212121212,0.8305555555555556,0.479617714881897
0.13863636363636364,0.8305555555555556,0.475145161151886
0.13863636363636364,0.8324074074074074,0.4728790819644928
0.14015151515151514,0.8324074074074074,0.47269850969314575
0.14015151515151514,0.8333333333333334,0.4726478159427643
0.14166666666666666,0.8333333333333334,0.4708634912967682
0.14166666666666666,0.8342592592592593,0.4705433249473572
0.14242424242424243,0.8342592592592593,0.4685892164707184
0.14242424242424243,0.837037037037037,0.46709054708480835
0.1462121212121212,0.837037037037037,0.4592679440975189
0.1462121212121212,0.8379629629629629,0.4586406946182251
0.14696969696969697,0.8379629629629629,0.4575444161891937
0.14696969696969697,0.8398148148148148,0.4566984176635742
0.15075757575757576,0.8398148148148148,0.4536546468734741
0.15075757575757576,0.8407407407407408,0.4533792734146118
0.15151515151515152,0.8407407407407408,0.4528900980949402
0.15151515151515152,0.8416666666666667,0.45249810814857483
0.15378787878787878,0.8416666666666667,0.45071765780448914
0.15378787878787878,0.8425925925925926,0.45013222098350525
0.15454545454545454,0.8425925925925926,0.4496610164642334
0.15454545454545454,0.8444444444444444,0.44946378469467163
0.15681818181818183,0.8444444444444444,0.4482148587703705
0.15681818181818183,0.8453703703703703,0.4459947347640991
0.16363636363636364,0.8453703703703703,0.4396533966064453
0.16363636363636364,0.8462962962962963,0.4384782314300537
0.16742424242424242,0.8462962962962963,0.43459391593933105
0.16742424242424242,0.8472222222222222,0.4342636466026306
0.16818181818181818,0.8472222222222222,0.4335907995700836
0.16818181818181818,0.8481481481481481,0.43255355954170227
0.16893939393939394,0.8481481481481481,0.4318850338459015
0.16893939393939394,0.8490740740740741,0.4293205738067627
0.17045454545454544,0.8490740740740741,0.4290413558483124
0.17045454545454544,0.850925925925926,0.4276592433452606
0.17196969696969697,0.850925925925926,0.4257533550262451
0.17196969696969697,0.8527777777777777,0.42533940076828003
0.17272727272727273,0.8527777777777777,0.4222877025604248
0.17272727272727273,0.8546296296296296,0.4205612540245056
0.175,0.8546296296296296,0.41789931058883667
0.175,0.8555555555555555,0.41711926460266113
0.17575757575757575,0.8555555555555555,0.41696596145629883
0.17575757575757575,0.8574074074074074,0.4152703881263733
0.17803030303030304,0.8574074074074074,0.4142158329486847
0.17803030303030304,0.8583333333333333,0.41327834129333496
0.1787878787878788,0.8583333333333333,0.41312065720558167
0.1787878787878788,0.8592592592592593,0.41304293274879456
0.17954545454545454,0.8592592592592593,0.41274338960647583
0.17954545454545454,0.8601851851851852,0.41064023971557617
0.18106060606060606,0.8601851851851852,0.408029168844223
0.18106060606060606,0.8611111111111112,0.4077301323413849
0.18333333333333332,0.8611111111111112,0.40639936923980713
0.18333333333333332,0.8629629629629629,0.40450769662857056
0.18409090909090908,0.8629629629629629,0.40325167775154114
0.18409090909090908,0.8648148148148148,0.40311339497566223
0.18484848484848485,0.8648148148148148,0.40297380089759827
0.18484848484848485,0.8657407407407407,0.40295711159706116
0.1856060606060606,0.8657407407407407,0.4029087722301483
0.1856060606060606,0.8666666666666667,0.4014849066734314
0.18863636363636363,0.8666666666666667,0.3990650475025177
0.18863636363636363,0.8675925925925926,0.3984275758266449
0.19393939393939394,0.8675925925925926,0.3963479697704315
0.19393939393939394,0.8685185185185185,0.3952016532421112
0.19545454545454546,0.8685185185185185,0.3924620747566223
0.19545454545454546,0.8694444444444445,0.39243844151496887
0.1984848484848485,0.8694444444444445,0.39170563220977783
0.1984848484848485,0.8703703703703703,0.391687273979187
0.19924242424242425,0.8703703703703703,0.39088645577430725
0.19924242424242425,0.8722222222222222,0.3904566466808319
0.2,0.8722222222222222,0.3903433680534363
0.2,0.8731481481481481,0.3896472454071045
0.20303030303030303,0.8731481481481481,0.3863680362701416
0.20303030303030303,0.875,0.3848942220211029
0.20454545454545456,0.875,0.3847285211086273
0.20454545454545456,0.8759259259259259,0.3846130669116974
0.20681818181818182,0.8759259259259259,0.3839034140110016
0.20681818181818182,0.8777777777777778,0.3836846947669983
0.20757575757575758,0.8777777777777778,0.38346919417381287
0.20757575757575758,0.8787037037037037,0.3832709491252899
0.20833333333333334,0.8787037037037037,0.3832084834575653
0.20833333333333334,0.8805555555555555,0.3829113245010376
0.21212121212121213,0.8805555555555555,0.3812006115913391
0.21212121212121213,0.8814814814814815,0.38111355900764465
0.21363636363636362,0.8814814814814815,0.3803814947605133
0.21363636363636362,0.8824074074074074,0.38035258650779724
0.2143939393939394,0.8824074074074074,0.3802890181541443
0.2143939393939394,0.8833333333333333,0.38017573952674866
0.2159090909090909,0.8833333333333333,0.3794860243797302
0.2159090909090909,0.8861111111111111,0.37811627984046936
0.21666666666666667,0.8861111111111111,0.378040075302124
0.21666666666666667,0.887962962962963,0.377822607755661
0.21818181818181817,0.887962962962963,0.37748435139656067
0.21818181818181817,0.8888888888888888,0.37699928879737854
0.2196969696969697,0.8888888888888888,0.37608441710472107
0.2196969696969697,0.8898148148148148,0.37551337480545044
0.22121212121212122,0.8898148148148148,0.37533608078956604
0.22121212121212122,0.8925925925925926,0.37349021434783936
0.22196969696969698,0.8925925925925926,0.3733961284160614
0.22196969696969698,0.8935185185185185,0.3731042742729187
0.22348484848484848,0.8935185185185185,0.3729242980480194
0.22348484848484848,0.8953703703703704,0.36863207817077637
0.2265151515151515,0.8953703703703704,0.36514222621917725
0.2265151515151515,0.8981481481481481,0.3633198142051697
0.22803030303030303,0.8981481481481481,0.36205175518989563
0.22803030303030303,0.899074074074074,0.36198195815086365
0.23106060606060605,0.899074074074074,0.3604591488838196
0.23106060606060605,0.9009259259259259,0.35928359627723694
0.2318181818181818,0.9009259259259259,0.3590638041496277
0.2318181818181818,0.9027777777777778,0.3579058349132538
0.23257575757575757,0.9027777777777778,0.35784706473350525
0.23257575757575757,0.9037037037037037,0.3572932481765747
0.2340909090909091,0.9037037037037037,0.3559943437576294
0.2340909090909091,0.9046296296296297,0.3558434247970581
0.2356060606060606,0.9046296296296297,0.35555168986320496
0.2356060606060606,0.9055555555555556,0.35446852445602417
0.23636363636363636,0.9055555555555556,0.3543771207332611
0.23636363636363636,0.9074074074074074,0.3530743718147278
0.23787878787878788,0.9074074074074074,0.3518020808696747
0.23787878787878788,0.9083333333333333,0.35162553191185
0.23939393939393938,0.9083333333333333,0.3514014780521393
0.23939393939393938,0.9092592592592592,0.35123345255851746
0.2409090909090909,0.9092592592592592,0.35099929571151733
0.2409090909090909,0.9101851851851852,0.3509625792503357
0.24242424242424243,0.9101851851851852,0.3507843613624573
0.24242424242424243,0.9111111111111111,0.3494164049625397
0.24393939393939393,0.9111111111111111,0.3488689064979553
0.24393939393939393,0.9120370370370371,0.3480377793312073
0.24545454545454545,0.9120370370370371,0.34705594182014465
0.24545454545454545,0.9148148148148149,0.3455522954463959
0.24621212121212122,0.9148148148148149,0.3450535535812378
0.24621212121212122,0.9157407407407407,0.3448622226715088
0.2515151515151515,0.9157407407407407,0.34020259976387024
0.2515151515151515,0.9166666666666666,0.3394075930118561
0.25227272727272726,0.9166666666666666,0.3388148248195648
0.25227272727272726,0.9194444444444444,0.33519262075424194
0.25303030303030305,0.9194444444444444,0.33455175161361694
0.25303030303030305,0.9203703703703704,0.33451607823371887
0.2545454545454545,0.9203703703703704,0.33340930938720703
0.2545454545454545,0.9212962962962963,0.3308897614479065
0.25681818181818183,0.9212962962962963,0.32995688915252686
0.25681818181818183,0.924074074074074,0.32771405577659607
0.25833333333333336,0.924074074074074,0.3254110515117645
0.25833333333333336,0.925,0.3250899612903595
0.25984848484848483,0.925,0.32364970445632935
0.25984848484848483,0.9268518518518518,0.3220614492893219
0.2606060606060606,0.9268518518518518,0.3215509057044983
0.2606060606060606,0.9296296296296296,0.3211188316345215
0.26136363636363635,0.9296296296296296,0.3204433023929596
0.26136363636363635,0.9305555555555556,0.3204135000705719
0.26212121212121214,0.9305555555555556,0.31947094202041626
0.26212121212121214,0.9314814814814815,0.31879526376724243
0.2628787878787879,0.9314814814814815,0.317419171333313
0.2628787878787879,0.9333333333333333,0.3146520256996155
0.26666666666666666,0.9333333333333333,0.3120330274105072
0.26666666666666666,0.9342592592592592,0.31197574734687805
0.2681818181818182,0.9342592592592592,0.3115603029727936
0.2681818181818182,0.9351851851851852,0.3113618493080139
0.271969696969697,0.9351851851851852,0.308980792760849
0.271969696969697,0.9361111111111111,0.30885449051856995
0.27575757575757576,0.9361111111111111,0.3059903085231781
0.27575757575757576,0.937037037037037,0.3058340549468994
0.27954545454545454,0.937037037037037,0.30151960253715515
0.27954545454545454,0.937962962962963,0.3013145327568054
0.2818181818181818,0.937962962962963,0.29981186985969543
0.2818181818181818,0.9388888888888889,0.2987334132194519
0.2825757575757576,0.9388888888888889,0.29850053787231445
0.2825757575757576,0.9398148148148148,0.2984747290611267
0.2840909090909091,0.9398148148148148,0.2979099154472351
0.2840909090909091,0.9407407407407408,0.2975482642650604
0.2856060606060606,0.9407407407407408,0.29647478461265564
0.2856060606060606,0.9425925925925925,0.2959120571613312
0.2863636363636364,0.9425925925925925,0.2958134114742279
0.2863636363636364,0.9453703703703704,0.2945377230644226
0.2946969696969697,0.9453703703703704,0.29194432497024536
0.2946969696969697,0.9462962962962963,0.29172492027282715
0.29545454545454547,0.9462962962962963,0.2910526990890503
0.29545454545454547,0.9472222222222222,0.2903437614440918
0.2962121212121212,0.9472222222222222,0.28987008333206177
0.2962121212121212,0.9481481481481482,0.2889733612537384
0.29772727272727273,0.9481481481481482,0.2886482775211334
0.29772727272727273,0.9490740740740741,0.2886185646057129
0.3,0.9490740740740741,0.2877611219882965
0.3,0.95,0.2876555919647217
0.3106060606060606,0.95,0.2797970175743103
0.3106060606060606,0.9518518518518518,0.2794896066188812
0.3159090909090909,0.9518518518518518,0.27794989943504333
0.3159090909090909,0.9537037037037037,0.27750322222709656
0.31893939393939397,0.9537037037037037,0.2768210470676422
0.31893939393939397,0.9546296296296296,0.2763054668903351
0.32196969696969696,0.9546296296296296,0.27358925342559814
0.32196969696969696,0.9555555555555556,0.2726149559020996
0.3242424242424242,0.9555555555555556,0.27170616388320923
0.3242424242424242,0.9564814814814815,0.27118566632270813
0.325,0.9564814814814815,0.270660936832428
0.325,0.9574074074074074,0.27039358019828796
0.3287878787878788,0.9574074074074074,0.26918649673461914
0.3287878787878788,0.9583333333333334,0.2689186632633209
0.33181818181818185,0.9583333333333334,0.26765206456184387
0.33181818181818185,0.9592592592592593,0.26758721470832825
0.3386363636363636,0.9592592592592593,0.2656576633453369
0.3386363636363636,0.9601851851851851,0.2646007239818573
0.3515151515151515,0.9601851851851851,0.25647222995758057
0.3515151515151515,0.9611111111111111,0.25568678975105286
0.35909090909090907,0.9611111111111111,0.25130462646484375
0.35909090909090907,0.962037037037037,0.24934351444244385
0.37575757575757573,0.962037037037037,0.23573359847068787
0.37575757575757573,0.9629629629629629,0.2353266477584839
0.39166666666666666,0.9629629629629629,0.22984331846237183
0.39166666666666666,0.9638888888888889,0.2297881692647934
0.396969696969697,0.9638888888888889,0.2267453670501709
0.396969696969697,0.9648148148148148,0.22656309604644775
0.39924242424242423,0.9648148148148148,0.2260432243347168
0.39924242424242423,0.9657407407407408,0.22558258473873138
0.40075757575757576,0.9657407407407408,0.22350287437438965
0.40075757575757576,0.9666666666666667,0.22327791154384613
0.40606060606060607,0.9666666666666667,0.2191263735294342
0.40606060606060607,0.9675925925925926,0.21907642483711243
0.4090909090909091,0.9675925925925926,0.21784725785255432
0.4090909090909091,0.9685185185185186,0.2167251855134964
0.4121212121212121,0.9685185185185186,0.2135954350233078
0.4121212121212121,0.9694444444444444,0.2135213017463684
0.41893939393939394,0.9694444444444444,0.2088661640882492
0.41893939393939394,0.9703703703703703,0.20839795470237732
0.42348484848484846,0.9703703703703703,0.2043350487947464
0.42348484848484846,0.9712962962962963,0.2043035328388214
0.425,0.9712962962962963,0.2033424824476242
0.425,0.9731481481481481,0.20269465446472168
0.42727272727272725,0.9731481481481481,0.2024797648191452
0.42727272727272725,0.9740740740740741,0.20237763226032257
0.42954545454545456,0.9740740740740741,0.20063349604606628
0.42954545454545456,0.975,0.20055244863033295
0.4318181818181818,0.975,0.19907820224761963
0.4318181818181818,0.9768518518518519,0.19850078225135803
0.4340909090909091,0.9768518518518519,0.19808614253997803
0.4340909090909091,0.9777777777777777,0.1978309005498886
0.4553030303030303,0.9777777777777777,0.18819795548915863
0.4553030303030303,0.9787037037037037,0.18813861906528473
0.45681818181818185,0.9787037037037037,0.18729135394096375
0.45681818181818185,0.9796296296296296,0.1872405707836151
0.4575757575757576,0.9796296296296296,0.18692493438720703
0.4575757575757576,0.9805555555555555,0.18675261735916138
0.4856060606060606,0.9805555555555555,0.17336522042751312
0.4856060606060606,0.9814814814814815,0.17328087985515594
0.4909090909090909,0.9814814814814815,0.17014643549919128
0.4909090909090909,0.9824074074074074,0.16977903246879578
0.49393939393939396,0.9824074074074074,0.16806641221046448
0.49393939393939396,0.9833333333333333,0.1677238494157791
0.4962121212121212,0.9833333333333333,0.1672748625278473
0.4962121212121212,0.9842592592592593,0.16722722351551056
0.5136363636363637,0.9842592592592593,0.16087178885936737
0.5136363636363637,0.9851851851851852,0.16058482229709625
0.5295454545454545,0.9851851851851852,0.1552349030971527
0.5295454545454545,0.9861111111111112,0.15517427027225494
0.5340909090909091,0.9861111111111112,0.153645858168602
0.5340909090909091,0.987037037037037,0.1527308225631714
0.5477272727272727,0.987037037037037,0.14616823196411133
0.5477272727272727,0.9888888888888889,0.14565350115299225
0.581060606060606,0.9888888888888889,0.1327514350414276
0.581060606060606,0.9898148148148148,0.1326798051595688
0.5825757575757575,0.9898148148148148,0.13222521543502808
0.5825757575757575,0.9907407407407407,0.13214409351348877
0.5946969696969697,0.9907407407407407,0.12896887958049774
0.5946969696969697,0.9916666666666667,0.12889081239700317
0.6121212121212121,0.9916666666666667,0.12401819974184036
0.6121212121212121,0.9925925925925926,0.12385757267475128
0.6181818181818182,0.9925925925925926,0.12182223796844482
0.6181818181818182,0.9935185185185185,0.12181418389081955
0.634090909090909,0.9935185185185185,0.11898167431354523
0.634090909090909,0.9944444444444445,0.11894701421260834
0.6348484848484849,0.9944444444444445,0.11870848387479782
0.6348484848484849,0.9953703703703703,0.11870169639587402
0.6363636363636364,0.9953703703703703,0.11844965070486069
0.6363636363636364,0.9962962962962963,0.11835183948278427
0.6378787878787879,0.9962962962962963,0.11807528138160706
0.6378787878787879,0.9981481481481481,0.11768936365842819
0.646969696969697,0.9981481481481481,0.11572401970624924
0.646969696969697,0.9990740740740741,0.11551201343536377
0.675,0.9990740740740741,0.10616933554410934
0.675,1.0,0.10606977343559265
1.0,1.0,0.015280266292393208
