FPR,TPR,Threshold
0.0,0.0,1.9684999585151672
0.0,0.0009615384615384616,0.9684999585151672
0.0,0.020192307692307693,0.9449217319488525
0.0014705882352941176,0.020192307692307693,0.9435463547706604
0.0014705882352941176,0.03076923076923077,0.9364743828773499
0.0029411764705882353,0.03076923076923077,0.934286892414093
0.0029411764705882353,0.04038461538461539,0.9265458583831787
0.005147058823529412,0.04038461538461539,0.924502968788147
0.005147058823529412,0.04230769230769231,0.9239155650138855
0.007352941176470588,0.04230769230769231,0.9225247502326965
0.007352941176470588,0.046153846153846156,0.9213669300079346
0.008823529411764706,0.046153846153846156,0.9209693670272827
0.008823529411764706,0.06153846153846154,0.9095141291618347
0.009558823529411765,0.06153846153846154,0.9087100028991699
0.009558823529411765,0.07019230769230769,0.9053462743759155
0.010294117647058823,0.07019230769230769,0.9032341241836548
0.010294117647058823,0.07115384615384615,0.9028936624526978
0.011029411764705883,0.07115384615384615,0.9028546810150146
0.011029411764705883,0.08173076923076923,0.8981232047080994
0.011764705882352941,0.08173076923076923,0.8973886966705322
0.011764705882352941,0.09423076923076923,0.8859574198722839
0.0125,0.09423076923076923,0.8858287930488586
0.0125,0.09615384615384616,0.885518491268158
0.013235294117647059,0.09615384615384616,0.8854225277900696
0.013235294117647059,0.10480769230769231,0.87908536195755
0.013970588235294118,0.10480769230769231,0.8787976503372192
0.013970588235294118,0.12211538461538461,0.8708513379096985
0.015441176470588236,0.12211538461538461,0.8697357177734375
0.015441176470588236,0.12403846153846154,0.8695660829544067
0.016176470588235296,0.12403846153846154,0.8689900636672974
0.016176470588235296,0.1375,0.8562731742858887
0.01764705882352941,0.1375,0.8559107780456543
0.01764705882352941,0.14326923076923076,0.8545555472373962
0.01838235294117647,0.14326923076923076,0.854529082775116
0.01838235294117647,0.14807692307692308,0.851733386516571
0.01911764705882353,0.14807692307692308,0.8515245318412781
0.01911764705882353,0.15673076923076923,0.8466464281082153
0.019852941176470587,0.15673076923076923,0.8461235761642456
0.019852941176470587,0.1596153846153846,0.8444729447364807
0.020588235294117647,0.1596153846153846,0.8440239429473877
0.020588235294117647,0.16634615384615384,0.8391304016113281
0.021323529411764706,0.16634615384615384,0.8386454582214355
0.021323529411764706,0.19230769230769232,0.822614848613739
0.022058823529411766,0.19230769230769232,0.8225098252296448
0.022058823529411766,0.1971153846153846,0.8214414119720459
0.022794117647058822,0.1971153846153846,0.8209871053695679
0.022794117647058822,0.2144230769230769,0.8078055381774902
0.023529411764705882,0.2144230769230769,0.8076714277267456
0.023529411764705882,0.21923076923076923,0.8062379360198975
0.02426470588235294,0.21923076923076923,0.8046225905418396
0.02426470588235294,0.2221153846153846,0.8034100532531738
0.025,0.2221153846153846,0.8033143281936646
0.025,0.22884615384615384,0.8002916574478149
0.027205882352941177,0.22884615384615384,0.7994701266288757
0.027205882352941177,0.2375,0.7941531538963318
0.027941176470588237,0.2375,0.793298602104187
0.027941176470588237,0.24134615384615385,0.7904120087623596
0.028676470588235293,0.24134615384615385,0.7893272042274475
0.028676470588235293,0.2567307692307692,0.782313883304596
0.029411764705882353,0.2567307692307692,0.7808322310447693
0.029411764705882353,0.25961538461538464,0.7803993821144104
0.030882352941176472,0.25961538461538464,0.7779966592788696
0.030882352941176472,0.2625,0.7771026492118835
0.03161764705882353,0.2625,0.7767943143844604
0.03161764705882353,0.26634615384615384,0.7764509916305542
0.03235294117647059,0.26634615384615384,0.7762396335601807
0.03235294117647059,0.27403846153846156,0.7701070308685303
0.03308823529411765,0.27403846153846156,0.7694499492645264
0.03308823529411765,0.2759615384615385,0.7686410546302795
0.03455882352941177,0.2759615384615385,0.7683705687522888
0.03455882352941177,0.27692307692307694,0.7681818008422852
0.03529411764705882,0.27692307692307694,0.7672843933105469
0.03529411764705882,0.27884615384615385,0.7659333944320679
0.03602941176470588,0.27884615384615385,0.7650205492973328
0.03602941176470588,0.28076923076923077,0.7637864947319031
0.03676470588235294,0.28076923076923077,0.762380063533783
0.03676470588235294,0.28846153846153844,0.7577717900276184
0.03897058823529412,0.28846153846153844,0.7563789486885071
0.03897058823529412,0.2932692307692308,0.7540903687477112
0.039705882352941174,0.2932692307692308,0.7529321908950806
0.039705882352941174,0.29423076923076924,0.7528409361839294
0.04044117647058824,0.29423076923076924,0.7527389526367188
0.04044117647058824,0.2951923076923077,0.7524458765983582
0.041176470588235294,0.2951923076923077,0.751885175704956
0.041176470588235294,0.29903846153846153,0.7505553364753723
0.04191176470588235,0.29903846153846153,0.7504023909568787
0.04191176470588235,0.30673076923076925,0.7468241453170776
0.04264705882352941,0.30673076923076925,0.7465388178825378
0.04264705882352941,0.3076923076923077,0.7464820146560669
0.04338235294117647,0.3076923076923077,0.7464361786842346
0.04338235294117647,0.30865384615384617,0.7461679577827454
0.04411764705882353,0.30865384615384617,0.7460045218467712
0.04411764705882353,0.32211538461538464,0.740024745464325
0.04485294117647059,0.32211538461538464,0.7399102449417114
0.04485294117647059,0.3326923076923077,0.734566330909729
0.045588235294117645,0.3326923076923077,0.7340666055679321
0.045588235294117645,0.33365384615384613,0.7339189648628235
0.04632352941176471,0.33365384615384613,0.733876645565033
0.04632352941176471,0.3346153846153846,0.7338680028915405
0.047058823529411764,0.3346153846153846,0.7326080799102783
0.047058823529411764,0.33557692307692305,0.7325337529182434
0.04779411764705882,0.33557692307692305,0.7319226861000061
0.04779411764705882,0.3375,0.7313809990882874
0.04926470588235294,0.3375,0.7311739325523376
0.04926470588235294,0.33942307692307694,0.7305266261100769
0.05073529411764706,0.33942307692307694,0.7298343181610107
0.05073529411764706,0.34134615384615385,0.7295850515365601
0.05220588235294118,0.34134615384615385,0.7291037440299988
0.05220588235294118,0.3423076923076923,0.7286008596420288
0.05514705882352941,0.3423076923076923,0.7279964685440063
0.05514705882352941,0.34326923076923077,0.7279369235038757
0.05588235294117647,0.34326923076923077,0.7277023792266846
0.05588235294117647,0.34423076923076923,0.7276395559310913
0.05661764705882353,0.34423076923076923,0.7275182008743286
0.05661764705882353,0.3451923076923077,0.7270442247390747
0.057352941176470586,0.3451923076923077,0.7267969846725464
0.057352941176470586,0.3471153846153846,0.7264487743377686
0.05808823529411765,0.3471153846153846,0.7262728214263916
0.05808823529411765,0.3490384615384615,0.7255837917327881
0.058823529411764705,0.3490384615384615,0.7255762815475464
0.058823529411764705,0.35192307692307695,0.7244173288345337
0.05955882352941176,0.35192307692307695,0.7242853045463562
0.05955882352941176,0.3548076923076923,0.7232937812805176
0.060294117647058824,0.3548076923076923,0.7229014039039612
0.060294117647058824,0.3557692307692308,0.7225698828697205
0.0625,0.3557692307692308,0.7216741442680359
0.0625,0.3596153846153846,0.721275269985199
0.06323529411764706,0.3596153846153846,0.7212740182876587
0.06323529411764706,0.36923076923076925,0.7172194123268127
0.06397058823529411,0.36923076923076925,0.7168741226196289
0.06397058823529411,0.37115384615384617,0.7164199948310852
0.06470588235294118,0.37115384615384617,0.7162980437278748
0.06470588235294118,0.3721153846153846,0.7159445285797119
0.06691176470588235,0.3721153846153846,0.7149449586868286
0.06691176470588235,0.37596153846153846,0.7129919528961182
0.06911764705882353,0.37596153846153846,0.7111170291900635
0.06911764705882353,0.3769230769230769,0.7106530666351318
0.06985294117647059,0.3769230769230769,0.7105281949043274
0.06985294117647059,0.3778846153846154,0.7100436687469482
0.07058823529411765,0.3778846153846154,0.709882915019989
0.07058823529411765,0.37884615384615383,0.7087321877479553
0.0713235294117647,0.37884615384615383,0.7078471183776855
0.0713235294117647,0.38076923076923075,0.7067511081695557
0.07352941176470588,0.38076923076923075,0.7052029371261597
0.07352941176470588,0.3836538461538462,0.704098105430603
0.07426470588235294,0.3836538461538462,0.7040915489196777
0.07426470588235294,0.38653846153846155,0.7018681168556213
0.075,0.38653846153846155,0.7017292380332947
0.075,0.4,0.6966341137886047
0.07573529411764705,0.4,0.6964349746704102
0.07573529411764705,0.4048076923076923,0.6944996118545532
0.07647058823529412,0.4048076923076923,0.6944069266319275
0.07647058823529412,0.40673076923076923,0.6940545439720154
0.07720588235294118,0.40673076923076923,0.6937379837036133
0.07720588235294118,0.4096153846153846,0.692908763885498
0.07794117647058824,0.4096153846153846,0.6920550465583801
0.07794117647058824,0.4115384615384615,0.6906769275665283
0.07867647058823529,0.4115384615384615,0.6905779838562012
0.07867647058823529,0.4125,0.6905157566070557
0.08014705882352942,0.4125,0.6898885369300842
0.08014705882352942,0.41346153846153844,0.6894553899765015
0.08161764705882353,0.41346153846153844,0.6885596513748169
0.08161764705882353,0.4173076923076923,0.6875093579292297
0.0838235294117647,0.4173076923076923,0.6871529817581177
0.0838235294117647,0.4182692307692308,0.6869980692863464
0.08455882352941177,0.4182692307692308,0.6856316924095154
0.08455882352941177,0.41923076923076924,0.6856315732002258
0.08676470588235294,0.41923076923076924,0.6851015686988831
0.08676470588235294,0.42115384615384616,0.684414803981781
0.0875,0.42115384615384616,0.6843637824058533
0.0875,0.4221153846153846,0.6842726469039917
0.08897058823529412,0.4221153846153846,0.6830846667289734
0.08897058823529412,0.42403846153846153,0.6828902363777161
0.09044117647058823,0.42403846153846153,0.6827908754348755
0.09044117647058823,0.42788461538461536,0.6817402839660645
0.09117647058823529,0.42788461538461536,0.681302011013031
0.09117647058823529,0.4375,0.6782733201980591
0.09264705882352942,0.4375,0.6775559782981873
0.09264705882352942,0.4423076923076923,0.6752700209617615
0.09558823529411764,0.4423076923076923,0.6722281575202942
0.09558823529411764,0.44326923076923075,0.6721253991127014
0.09779411764705882,0.44326923076923075,0.671662449836731
0.09779411764705882,0.4442307692307692,0.6711505055427551
0.09926470588235294,0.4442307692307692,0.6700166463851929
0.09926470588235294,0.44519230769230766,0.6697290539741516
0.10294117647058823,0.44519230769230766,0.6660919189453125
0.10294117647058823,0.45,0.6656028032302856
0.10441176470588236,0.45,0.664859414100647
0.10441176470588236,0.45096153846153847,0.6648128032684326
0.10661764705882353,0.45096153846153847,0.6641892790794373
0.10661764705882353,0.4519230769230769,0.6625924110412598
0.10808823529411765,0.4519230769230769,0.6621946096420288
0.10808823529411765,0.4548076923076923,0.661486804485321
0.10882352941176471,0.4548076923076923,0.6609119772911072
0.10882352941176471,0.45576923076923076,0.6607764959335327
0.10955882352941176,0.45576923076923076,0.660775363445282
0.10955882352941176,0.4567307692307692,0.6607375741004944
0.11102941176470588,0.4567307692307692,0.6601302623748779
0.11102941176470588,0.46153846153846156,0.6591930985450745
0.11176470588235295,0.46153846153846156,0.6587983965873718
0.11176470588235295,0.4653846153846154,0.657639741897583
0.1125,0.4653846153846154,0.6574087738990784
0.1125,0.46634615384615385,0.6573169827461243
0.11323529411764706,0.46634615384615385,0.6572700142860413
0.11323529411764706,0.47115384615384615,0.6562125086784363
0.11397058823529412,0.47115384615384615,0.6560187935829163
0.11397058823529412,0.47307692307692306,0.6558479070663452
0.11470588235294117,0.47307692307692306,0.6556087136268616
0.11470588235294117,0.475,0.6549554467201233
0.11691176470588235,0.475,0.6540529131889343
0.11691176470588235,0.4807692307692308,0.6526197195053101
0.11764705882352941,0.4807692307692308,0.6524829864501953
0.11764705882352941,0.4826923076923077,0.6520514488220215
0.12058823529411765,0.4826923076923077,0.6512722373008728
0.12058823529411765,0.48653846153846153,0.64863520860672
0.1213235294117647,0.48653846153846153,0.6484901905059814
0.1213235294117647,0.4875,0.6483305096626282
0.12279411764705882,0.4875,0.6479541659355164
0.12279411764705882,0.48846153846153845,0.6478208899497986
0.12352941176470589,0.48846153846153845,0.6477104425430298
0.12352941176470589,0.4951923076923077,0.6458703875541687
0.125,0.4951923076923077,0.64568692445755
0.125,0.5,0.6438692808151245
0.12573529411764706,0.5,0.6438485980033875
0.12573529411764706,0.5067307692307692,0.6415139436721802
0.1264705882352941,0.5067307692307692,0.6415124535560608
0.1264705882352941,0.5076923076923077,0.6412807703018188
0.12794117647058822,0.5076923076923077,0.6409903168678284
0.12794117647058822,0.5096153846153846,0.6399146914482117
0.12867647058823528,0.5096153846153846,0.6395515203475952
0.12867647058823528,0.510576923076923,0.6394793391227722
0.13161764705882353,0.510576923076923,0.6383153200149536
0.13161764705882353,0.5125,0.6379157900810242
0.1323529411764706,0.5125,0.6374901533126831
0.1323529411764706,0.5144230769230769,0.6371126770973206
0.13308823529411765,0.5144230769230769,0.6364849805831909
0.13308823529411765,0.5163461538461539,0.636009931564331
0.1338235294117647,0.5163461538461539,0.6358590126037598
0.1338235294117647,0.5201923076923077,0.6345047354698181
0.13455882352941176,0.5201923076923077,0.6344118118286133
0.13455882352941176,0.5211538461538462,0.6342889070510864
0.13529411764705881,0.5211538461538462,0.6341370344161987
0.13529411764705881,0.5230769230769231,0.6328559517860413
0.13602941176470587,0.5230769230769231,0.6318002939224243
0.13602941176470587,0.5240384615384616,0.631248414516449
0.13823529411764707,0.5240384615384616,0.6306649446487427
0.13823529411764707,0.5259615384615385,0.6300074458122253
0.13970588235294118,0.5259615384615385,0.6294010281562805
0.13970588235294118,0.5278846153846154,0.6286645531654358
0.1411764705882353,0.5278846153846154,0.6280608177185059
0.1411764705882353,0.5288461538461539,0.6274946331977844
0.14191176470588235,0.5288461538461539,0.627396285533905
0.14191176470588235,0.5298076923076923,0.6273009181022644
0.1426470588235294,0.5298076923076923,0.6272204518318176
0.1426470588235294,0.5317307692307692,0.6268945932388306
0.14411764705882352,0.5317307692307692,0.6263190507888794
0.14411764705882352,0.5394230769230769,0.6238588690757751
0.1448529411764706,0.5394230769230769,0.6237948536872864
0.1448529411764706,0.5423076923076923,0.6233354210853577
0.14558823529411766,0.5423076923076923,0.6232233047485352
0.14558823529411766,0.5451923076923076,0.6229182481765747
0.14852941176470588,0.5451923076923076,0.6221108436584473
0.14852941176470588,0.5461538461538461,0.6217678189277649
0.14926470588235294,0.5461538461538461,0.6216470003128052
0.14926470588235294,0.5471153846153847,0.6214990019798279
0.15073529411764705,0.5471153846153847,0.6198506355285645
0.15073529411764705,0.5490384615384616,0.6196383237838745
0.15220588235294116,0.5490384615384616,0.6195655465126038
0.15220588235294116,0.5567307692307693,0.6168562173843384
0.15294117647058825,0.5567307692307693,0.6164460182189941
0.15294117647058825,0.5596153846153846,0.615913987159729
0.15441176470588236,0.5596153846153846,0.6158566474914551
0.15441176470588236,0.5605769230769231,0.6158232688903809
0.15514705882352942,0.5605769230769231,0.6155564785003662
0.15514705882352942,0.5615384615384615,0.6153160929679871
0.15588235294117647,0.5615384615384615,0.6147264838218689
0.15588235294117647,0.5625,0.6140692234039307
0.15661764705882353,0.5625,0.6139748692512512
0.15661764705882353,0.5634615384615385,0.6135686039924622
0.15735294117647058,0.5634615384615385,0.6134275197982788
0.15735294117647058,0.5673076923076923,0.6116523742675781
0.15808823529411764,0.5673076923076923,0.6115143299102783
0.15808823529411764,0.5682692307692307,0.6111646294593811
0.16029411764705884,0.5682692307692307,0.6102660894393921
0.16029411764705884,0.5692307692307692,0.6101325154304504
0.1610294117647059,0.5692307692307692,0.6100609302520752
0.1610294117647059,0.5711538461538461,0.6090909838676453
0.16176470588235295,0.5711538461538461,0.6089973449707031
0.16176470588235295,0.5721153846153846,0.6088603138923645
0.1625,0.5721153846153846,0.6085103154182434
0.1625,0.5798076923076924,0.6053963899612427
0.16323529411764706,0.5798076923076924,0.6047050356864929
0.16323529411764706,0.5807692307692308,0.6044279932975769
0.16470588235294117,0.5807692307692308,0.6035489439964294
0.16470588235294117,0.5826923076923077,0.6032452583312988
0.16544117647058823,0.5826923076923077,0.6030508279800415
0.16544117647058823,0.5836538461538462,0.6027201414108276
0.1661764705882353,0.5836538461538462,0.6024315357208252
0.1661764705882353,0.5846153846153846,0.6020746231079102
0.16691176470588234,0.5846153846153846,0.6018894910812378
0.16691176470588234,0.5865384615384616,0.6012167930603027
0.16911764705882354,0.5865384615384616,0.6001878380775452
0.16911764705882354,0.5894230769230769,0.5983225703239441
0.1698529411764706,0.5894230769230769,0.5979833006858826
0.1698529411764706,0.5903846153846154,0.5978813171386719
0.17058823529411765,0.5903846153846154,0.597633957862854
0.17058823529411765,0.5923076923076923,0.5974197387695312
0.1713235294117647,0.5923076923076923,0.5968937873840332
0.1713235294117647,0.5942307692307692,0.5960338115692139
0.175,0.5942307692307692,0.5946860909461975
0.175,0.5961538461538461,0.5936899781227112
0.17573529411764705,0.5961538461538461,0.5936845541000366
0.17573529411764705,0.5980769230769231,0.5924259424209595
0.17647058823529413,0.5980769230769231,0.5920416712760925
0.17647058823529413,0.5990384615384615,0.5918335914611816
0.18235294117647058,0.5990384615384615,0.5904401540756226
0.18235294117647058,0.6,0.5902753472328186
0.18308823529411763,0.6,0.5898060202598572
0.18308823529411763,0.6009615384615384,0.5897519588470459
0.18382352941176472,0.6009615384615384,0.5897115468978882
0.18382352941176472,0.6019230769230769,0.5896567702293396
0.18455882352941178,0.6019230769230769,0.5893124341964722
0.18455882352941178,0.6048076923076923,0.5885524153709412
0.1860294117647059,0.6048076923076923,0.5864259004592896
0.1860294117647059,0.6057692307692307,0.5863630175590515
0.18676470588235294,0.6057692307692307,0.5861049890518188
0.18676470588235294,0.6115384615384616,0.5854212045669556
0.1875,0.6115384615384616,0.5848900675773621
0.1875,0.6153846153846154,0.583125114440918
0.1889705882352941,0.6153846153846154,0.582646369934082
0.1889705882352941,0.6163461538461539,0.5824903845787048
0.19117647058823528,0.6163461538461539,0.5805872678756714
0.19117647058823528,0.6173076923076923,0.5803771018981934
0.19264705882352942,0.6173076923076923,0.5796303749084473
0.19264705882352942,0.6201923076923077,0.5793200731277466
0.19338235294117648,0.6201923076923077,0.5792789459228516
0.19338235294117648,0.6240384615384615,0.5779078006744385
0.19558823529411765,0.6240384615384615,0.5761945843696594
0.19558823529411765,0.625,0.5761405229568481
0.19705882352941176,0.625,0.5760908722877502
0.19705882352941176,0.6269230769230769,0.5758044123649597
0.19779411764705881,0.6269230769230769,0.575763463973999
0.19779411764705881,0.6288461538461538,0.5751911401748657
0.19926470588235295,0.6288461538461538,0.5749133825302124
0.19926470588235295,0.6298076923076923,0.5748255848884583
0.2,0.6298076923076923,0.5736799240112305
0.2,0.6336538461538461,0.5730209946632385
0.20073529411764707,0.6336538461538461,0.572783350944519
0.20073529411764707,0.6365384615384615,0.5715357065200806
0.20147058823529412,0.6365384615384615,0.5715175867080688
0.20147058823529412,0.6384615384615384,0.5700286626815796
0.20220588235294118,0.6384615384615384,0.5699461102485657
0.20220588235294118,0.6394230769230769,0.5687224864959717
0.20294117647058824,0.6394230769230769,0.5685845613479614
0.20294117647058824,0.6413461538461539,0.5676018595695496
0.2036764705882353,0.6413461538461539,0.5660781264305115
0.2036764705882353,0.6480769230769231,0.5644134879112244
0.20441176470588235,0.6480769230769231,0.5631391406059265
0.20441176470588235,0.65,0.5628058910369873
0.2051470588235294,0.65,0.5620265007019043
0.2051470588235294,0.6519230769230769,0.5619599223136902
0.20661764705882352,0.6519230769230769,0.561450183391571
0.20661764705882352,0.6567307692307692,0.5594326257705688
0.2073529411764706,0.6567307692307692,0.5593004822731018
0.2073529411764706,0.6576923076923077,0.5587001442909241
0.20955882352941177,0.6576923076923077,0.5574977397918701
0.20955882352941177,0.6625,0.5551432967185974
0.21102941176470588,0.6625,0.5547520518302917
0.21102941176470588,0.6634615384615384,0.5542634129524231
0.21176470588235294,0.6634615384615384,0.5542075634002686
0.21176470588235294,0.6663461538461538,0.5529758930206299
0.2125,0.6663461538461538,0.5521696209907532
0.2125,0.6673076923076923,0.5514399409294128
0.21544117647058825,0.6673076923076923,0.5506001710891724
0.21544117647058825,0.6692307692307692,0.5502405762672424
0.21691176470588236,0.6692307692307692,0.5492410063743591
0.21691176470588236,0.6701923076923076,0.5491671562194824
0.21838235294117647,0.6701923076923076,0.5487732291221619
0.21838235294117647,0.6711538461538461,0.5479239821434021
0.21911764705882353,0.6711538461538461,0.5479010343551636
0.21911764705882353,0.6721153846153847,0.5478647351264954
0.22058823529411764,0.6721153846153847,0.5476447343826294
0.22058823529411764,0.675,0.5471216440200806
0.2213235294117647,0.675,0.5464284420013428
0.2213235294117647,0.6759615384615385,0.5459850430488586
0.22205882352941175,0.6759615384615385,0.5457727313041687
0.22205882352941175,0.676923076923077,0.5452592372894287
0.22794117647058823,0.676923076923077,0.5439406037330627
0.22794117647058823,0.6788461538461539,0.5436632633209229
0.2286764705882353,0.6788461538461539,0.5431882739067078
0.2286764705882353,0.6807692307692308,0.5418161153793335
0.2301470588235294,0.6807692307692308,0.5415928959846497
0.2301470588235294,0.6817307692307693,0.5415782928466797
0.23161764705882354,0.6817307692307693,0.5412753224372864
0.23161764705882354,0.6826923076923077,0.5410611033439636
0.2323529411764706,0.6826923076923077,0.540876567363739
0.2323529411764706,0.6846153846153846,0.5403452515602112
0.23308823529411765,0.6846153846153846,0.5403062701225281
0.23308823529411765,0.6884615384615385,0.5395947694778442
0.2338235294117647,0.6884615384615385,0.5394282937049866
0.2338235294117647,0.6913461538461538,0.5373252630233765
0.23455882352941176,0.6913461538461538,0.5373138189315796
0.23455882352941176,0.6932692307692307,0.5367510914802551
0.23529411764705882,0.6932692307692307,0.5364428162574768
0.23529411764705882,0.6942307692307692,0.5359698534011841
0.23602941176470588,0.6942307692307692,0.535347044467926
0.23602941176470588,0.6961538461538461,0.5347791910171509
0.2375,0.6961538461538461,0.5342494249343872
0.2375,0.6990384615384615,0.5328484773635864
0.23823529411764705,0.6990384615384615,0.5323866009712219
0.23823529411764705,0.7,0.5321515798568726
0.23897058823529413,0.7,0.532151460647583
0.23897058823529413,0.7009615384615384,0.5320073366165161
0.23970588235294119,0.7009615384615384,0.5315809845924377
0.23970588235294119,0.7019230769230769,0.5311646461486816
0.2411764705882353,0.7019230769230769,0.5310461521148682
0.2411764705882353,0.7038461538461539,0.5303974151611328
0.24191176470588235,0.7038461538461539,0.5303966403007507
0.24191176470588235,0.7067307692307693,0.5296517014503479
0.2426470588235294,0.7067307692307693,0.5287787914276123
0.2426470588235294,0.7086538461538462,0.5282545685768127
0.24411764705882352,0.7086538461538462,0.5281959772109985
0.24411764705882352,0.7096153846153846,0.5280093550682068
0.24485294117647058,0.7096153846153846,0.527828574180603
0.24485294117647058,0.7105769230769231,0.5275385975837708
0.24558823529411763,0.7105769230769231,0.527289628982544
0.24558823529411763,0.7125,0.5253350138664246
0.24705882352941178,0.7125,0.524851381778717
0.24705882352941178,0.7221153846153846,0.5216711759567261
0.24779411764705883,0.7221153846153846,0.5215489268302917
0.24779411764705883,0.7259615384615384,0.5181405544281006
0.2485294117647059,0.7259615384615384,0.5178967714309692
0.2485294117647059,0.7288461538461538,0.517011284828186
0.24926470588235294,0.7288461538461538,0.5169649720191956
0.24926470588235294,0.7317307692307692,0.5164986848831177
0.25073529411764706,0.7317307692307692,0.5159304738044739
0.25073529411764706,0.7375,0.5140426158905029
0.25220588235294117,0.7375,0.5126342177391052
0.25220588235294117,0.739423076923077,0.5121372938156128
0.2529411764705882,0.739423076923077,0.5116623044013977
0.2529411764705882,0.7403846153846154,0.5112231373786926
0.25441176470588234,0.7403846153846154,0.5103567838668823
0.25441176470588234,0.7413461538461539,0.5101041197776794
0.2551470588235294,0.7413461538461539,0.509982705116272
0.2551470588235294,0.7423076923076923,0.5092231631278992
0.25735294117647056,0.7423076923076923,0.5074697732925415
0.25735294117647056,0.7442307692307693,0.5074084997177124
0.2595588235294118,0.7442307692307693,0.5056888461112976
0.2595588235294118,0.7451923076923077,0.505404531955719
0.26029411764705884,0.7451923076923077,0.5053056478500366
0.26029411764705884,0.7509615384615385,0.5044690370559692
0.2639705882352941,0.7509615384615385,0.5028208494186401
0.2639705882352941,0.7519230769230769,0.5027333498001099
0.2647058823529412,0.7519230769230769,0.502467691898346
0.2647058823529412,0.7567307692307692,0.49832388758659363
0.2661764705882353,0.7567307692307692,0.4968563914299011
0.2661764705882353,0.7586538461538461,0.495684951543808
0.26691176470588235,0.7586538461538461,0.49565839767456055
0.26691176470588235,0.7596153846153846,0.49560415744781494
0.2691176470588235,0.7596153846153846,0.4936624765396118
0.2691176470588235,0.7644230769230769,0.4924045503139496
0.2727941176470588,0.7644230769230769,0.48997408151626587
0.2727941176470588,0.7653846153846153,0.48996713757514954
0.2735294117647059,0.7653846153846153,0.48946329951286316
0.2735294117647059,0.7663461538461539,0.48946255445480347
0.2772058823529412,0.7663461538461539,0.48716047406196594
0.2772058823529412,0.7673076923076924,0.4869634211063385
0.27794117647058825,0.7673076923076924,0.4867517650127411
0.27794117647058825,0.7682692307692308,0.48659592866897583
0.2801470588235294,0.7682692307692308,0.4858764410018921
0.2801470588235294,0.7692307692307693,0.4850146174430847
0.28088235294117647,0.7692307692307693,0.4845592975616455
0.28088235294117647,0.7701923076923077,0.48303067684173584
0.2823529411764706,0.7701923076923077,0.4817754328250885
0.2823529411764706,0.7711538461538462,0.4815438687801361
0.28455882352941175,0.7711538461538462,0.4797084629535675
0.28455882352941175,0.7730769230769231,0.47947779297828674
0.2852941176470588,0.7730769230769231,0.4791688621044159
0.2852941176470588,0.775,0.47608694434165955
0.28602941176470587,0.775,0.47516319155693054
0.28602941176470587,0.7759615384615385,0.4749467372894287
0.28823529411764703,0.7759615384615385,0.4742874205112457
0.28823529411764703,0.7769230769230769,0.47336381673812866
0.2889705882352941,0.7769230769230769,0.4732397496700287
0.2889705882352941,0.7788461538461539,0.472957044839859
0.29044117647058826,0.7788461538461539,0.471037894487381
0.29044117647058826,0.7826923076923077,0.4702237844467163
0.29191176470588237,0.7826923076923077,0.46977871656417847
0.29191176470588237,0.7836538461538461,0.4692477285861969
0.2926470588235294,0.7836538461538461,0.46862611174583435
0.2926470588235294,0.7846153846153846,0.468240350484848
0.2948529411764706,0.7846153846153846,0.46659359335899353
0.2948529411764706,0.7855769230769231,0.46643397212028503
0.2963235294117647,0.7855769230769231,0.4663170576095581
0.2963235294117647,0.7884615384615384,0.4657498896121979
0.2985294117647059,0.7884615384615384,0.4650270342826843
0.2985294117647059,0.7894230769230769,0.4650149941444397
0.29926470588235293,0.7894230769230769,0.4648481011390686
0.29926470588235293,0.7913461538461538,0.4643232524394989
0.30220588235294116,0.7913461538461538,0.46260255575180054
0.30220588235294116,0.7932692307692307,0.46150875091552734
0.3058823529411765,0.7932692307692307,0.46013393998146057
0.3058823529411765,0.7951923076923076,0.459930419921875
0.3095588235294118,0.7951923076923076,0.4590008854866028
0.3095588235294118,0.7971153846153847,0.45864611864089966
0.31029411764705883,0.7971153846153847,0.4579816162586212
0.31029411764705883,0.7980769230769231,0.45780977606773376
0.31176470588235294,0.7980769230769231,0.45701125264167786
0.31176470588235294,0.7990384615384616,0.4566957354545593
0.3125,0.7990384615384616,0.4558838903903961
0.3125,0.8,0.45491278171539307
0.31691176470588234,0.8,0.453183114528656
0.31691176470588234,0.8009615384615385,0.4529946446418762
0.3176470588235294,0.8009615384615385,0.4529321789741516
0.3176470588235294,0.801923076923077,0.45277708768844604
0.32132352941176473,0.801923076923077,0.4502260386943817
0.32132352941176473,0.8028846153846154,0.45001161098480225
0.3220588235294118,0.8028846153846154,0.44975966215133667
0.3220588235294118,0.8038461538461539,0.4488893151283264
0.32279411764705884,0.8038461538461539,0.4485487639904022
0.32279411764705884,0.8067307692307693,0.4480098485946655
0.3235294117647059,0.8067307692307693,0.4478476941585541
0.3235294117647059,0.8096153846153846,0.4469342827796936
0.32426470588235295,0.8096153846153846,0.446778804063797
0.32426470588235295,0.8105769230769231,0.44648855924606323
0.32573529411764707,0.8105769230769231,0.44620653986930847
0.32573529411764707,0.8125,0.445899099111557
0.3272058823529412,0.8125,0.4450947344303131
0.3272058823529412,0.8144230769230769,0.44340449571609497
0.32794117647058824,0.8144230769230769,0.4431115686893463
0.32794117647058824,0.8153846153846154,0.44307422637939453
0.3286764705882353,0.8153846153846154,0.4419119656085968
0.3286764705882353,0.8173076923076923,0.44148769974708557
0.3301470588235294,0.8173076923076923,0.44100335240364075
0.3301470588235294,0.8211538461538461,0.4399890601634979
0.3316176470588235,0.8211538461538461,0.43985429406166077
0.3316176470588235,0.825,0.4380398094654083
0.3352941176470588,0.825,0.4345264732837677
0.3352941176470588,0.8259615384615384,0.43448758125305176
0.3360294117647059,0.8259615384615384,0.4344041347503662
0.3360294117647059,0.8278846153846153,0.43347835540771484
0.33676470588235297,0.8278846153846153,0.4329698979854584
0.33676470588235297,0.8288461538461539,0.43246856331825256
0.3375,0.8288461538461539,0.431988924741745
0.3375,0.8298076923076924,0.43163177371025085
0.34191176470588236,0.8298076923076924,0.429718941450119
0.34191176470588236,0.8307692307692308,0.4295472204685211
0.34338235294117647,0.8307692307692308,0.42891374230384827
0.34338235294117647,0.8317307692307693,0.4288432002067566
0.3448529411764706,0.8317307692307693,0.42808666825294495
0.3448529411764706,0.8346153846153846,0.4276553988456726
0.3492647058823529,0.8346153846153846,0.4258807897567749
0.3492647058823529,0.8355769230769231,0.42570170760154724
0.35,0.8355769230769231,0.42553651332855225
0.35,0.8375,0.42519673705101013
0.3536764705882353,0.8375,0.4234965741634369
0.3536764705882353,0.8384615384615385,0.4230242371559143
0.35441176470588237,0.8384615384615385,0.4227212071418762
0.35441176470588237,0.8394230769230769,0.42262089252471924
0.3551470588235294,0.8394230769230769,0.42252567410469055
0.3551470588235294,0.8403846153846154,0.42245253920555115
0.3558823529411765,0.8403846153846154,0.4223129451274872
0.3558823529411765,0.8432692307692308,0.4218240976333618
0.35661764705882354,0.8432692307692308,0.4214780330657959
0.35661764705882354,0.8442307692307692,0.4213736951351166
0.3573529411764706,0.8442307692307692,0.4211886525154114
0.3573529411764706,0.8461538461538461,0.42078542709350586
0.35808823529411765,0.8461538461538461,0.4200453460216522
0.35808823529411765,0.8480769230769231,0.4194298982620239
0.35955882352941176,0.8480769230769231,0.4175717830657959
0.35955882352941176,0.8490384615384615,0.41669753193855286
0.3625,0.8490384615384615,0.41525599360466003
0.3625,0.85,0.41443750262260437
0.3639705882352941,0.85,0.4141315817832947
0.3639705882352941,0.8509615384615384,0.41344112157821655
0.36617647058823527,0.8509615384615384,0.412199467420578
0.36617647058823527,0.8519230769230769,0.41212427616119385
0.3669117647058823,0.8519230769230769,0.4121183454990387
0.3669117647058823,0.8528846153846154,0.41102954745292664
0.36911764705882355,0.8528846153846154,0.4097544550895691
0.36911764705882355,0.8538461538461538,0.4095183312892914
0.37058823529411766,0.8538461538461538,0.40897950530052185
0.37058823529411766,0.8548076923076923,0.4087120592594147
0.3713235294117647,0.8548076923076923,0.40864893794059753
0.3713235294117647,0.8586538461538461,0.40638670325279236
0.375,0.8586538461538461,0.40508756041526794
0.375,0.8596153846153847,0.4045804440975189
0.37720588235294117,0.8596153846153847,0.4035421311855316
0.37720588235294117,0.8615384615384616,0.40309956669807434
0.3779411764705882,0.8615384615384616,0.4030510187149048
0.3779411764705882,0.864423076923077,0.40243053436279297
0.3786764705882353,0.864423076923077,0.40236103534698486
0.3786764705882353,0.8653846153846154,0.40233108401298523
0.3801470588235294,0.8653846153846154,0.40109139680862427
0.3801470588235294,0.8663461538461539,0.4006909728050232
0.3830882352941177,0.8663461538461539,0.3999178111553192
0.3830882352941177,0.8692307692307693,0.3992612957954407
0.39044117647058824,0.8692307692307693,0.39653584361076355
0.39044117647058824,0.8721153846153846,0.39626574516296387
0.3926470588235294,0.8721153846153846,0.39532381296157837
0.3926470588235294,0.8730769230769231,0.3949804902076721
0.3941176470588235,0.8730769230769231,0.39439812302589417
0.3941176470588235,0.875,0.393723726272583
0.39558823529411763,0.875,0.3936139643192291
0.39558823529411763,0.8759615384615385,0.3934924602508545
0.3963235294117647,0.8759615384615385,0.39327654242515564
0.3963235294117647,0.8778846153846154,0.39268824458122253
0.4007352941176471,0.8778846153846154,0.39111772179603577
0.4007352941176471,0.8798076923076923,0.38966408371925354
0.40147058823529413,0.8798076923076923,0.389390766620636
0.40147058823529413,0.8817307692307692,0.38885295391082764
0.4022058823529412,0.8817307692307692,0.38851436972618103
0.4022058823529412,0.8826923076923077,0.3884776830673218
0.40955882352941175,0.8826923076923077,0.38543567061424255
0.40955882352941175,0.8846153846153846,0.38476669788360596
0.4102941176470588,0.8846153846153846,0.38476288318634033
0.4102941176470588,0.8865384615384615,0.383869469165802
0.41102941176470587,0.8865384615384615,0.38324791193008423
0.41102941176470587,0.8875,0.38224688172340393
0.4117647058823529,0.8875,0.38190197944641113
0.4117647058823529,0.8884615384615384,0.3817123472690582
0.4161764705882353,0.8884615384615384,0.37940770387649536
0.4161764705882353,0.8894230769230769,0.379187673330307
0.41691176470588237,0.8894230769230769,0.37901654839515686
0.41691176470588237,0.8903846153846153,0.3788788914680481
0.4213235294117647,0.8903846153846153,0.3779394030570984
0.4213235294117647,0.8913461538461539,0.37780600786209106
0.4235294117647059,0.8913461538461539,0.37691959738731384
0.4235294117647059,0.8923076923076924,0.37685179710388184
0.4308823529411765,0.8923076923076924,0.37347251176834106
0.4308823529411765,0.8971153846153846,0.3723943829536438
0.4338235294117647,0.8971153846153846,0.3709550201892853
0.4338235294117647,0.8980769230769231,0.37051403522491455
0.43529411764705883,0.8980769230769231,0.3701629638671875
0.43529411764705883,0.8990384615384616,0.3699570298194885
0.4455882352941177,0.8990384615384616,0.36525169014930725
0.4455882352941177,0.9,0.3648931384086609
0.4470588235294118,0.9,0.3644680380821228
0.4470588235294118,0.9009615384615385,0.36391013860702515
0.44779411764705884,0.9009615384615385,0.3636179566383362
0.44779411764705884,0.9019230769230769,0.3635302484035492
0.4514705882352941,0.9019230769230769,0.3625645935535431
0.4514705882352941,0.9028846153846154,0.36232638359069824
0.4551470588235294,0.9028846153846154,0.3609369397163391
0.4551470588235294,0.9038461538461539,0.3606385290622711
0.45808823529411763,0.9038461538461539,0.35942500829696655
0.45808823529411763,0.9048076923076923,0.35906586050987244
0.4588235294117647,0.9048076923076923,0.3588951826095581
0.4588235294117647,0.9057692307692308,0.3588730990886688
0.4602941176470588,0.9057692307692308,0.3587854206562042
0.4602941176470588,0.9067307692307692,0.35871103405952454
0.4610294117647059,0.9067307692307692,0.3586620092391968
0.4610294117647059,0.9076923076923077,0.35852479934692383
0.4661764705882353,0.9076923076923077,0.35644251108169556
0.4661764705882353,0.9086538461538461,0.3562314510345459
0.47058823529411764,0.9086538461538461,0.3540184795856476
0.47058823529411764,0.9096153846153846,0.35379719734191895
0.4713235294117647,0.9096153846153846,0.3536229431629181
0.4713235294117647,0.9105769230769231,0.3532845079898834
0.47205882352941175,0.9105769230769231,0.35328343510627747
0.47205882352941175,0.9134615384615384,0.3526732325553894
0.4727941176470588,0.9134615384615384,0.35261139273643494
0.4727941176470588,0.9144230769230769,0.3518402576446533
0.47352941176470587,0.9144230769230769,0.35173362493515015
0.47352941176470587,0.9153846153846154,0.3517007827758789
0.4742647058823529,0.9153846153846154,0.3515952229499817
0.4742647058823529,0.9173076923076923,0.3513651192188263
0.4786764705882353,0.9173076923076923,0.34871578216552734
0.4786764705882353,0.9182692307692307,0.3476693034172058
0.47941176470588237,0.9182692307692307,0.3476538062095642
0.47941176470588237,0.9192307692307692,0.34730541706085205
0.4801470588235294,0.9192307692307692,0.3470187783241272
0.4801470588235294,0.9201923076923076,0.34522879123687744
0.48308823529411765,0.9201923076923076,0.34438401460647583
0.48308823529411765,0.9211538461538461,0.3442651927471161
0.4838235294117647,0.9211538461538461,0.3439602255821228
0.4838235294117647,0.9221153846153847,0.3426664471626282
0.48676470588235293,0.9221153846153847,0.34092405438423157
0.48676470588235293,0.9240384615384616,0.3403201401233673
0.48970588235294116,0.9240384615384616,0.3390011489391327
0.48970588235294116,0.925,0.3384263217449188
0.4985294117647059,0.925,0.3330748975276947
0.4985294117647059,0.9259615384615385,0.33302679657936096
0.5,0.9259615384615385,0.3323451578617096
0.5,0.926923076923077,0.3322719931602478
0.5095588235294117,0.926923076923077,0.3283616006374359
0.5095588235294117,0.9278846153846154,0.3282625675201416
0.5257352941176471,0.9278846153846154,0.32145190238952637
0.5257352941176471,0.9288461538461539,0.3213498294353485
0.5330882352941176,0.9288461538461539,0.31733569502830505
0.5330882352941176,0.9298076923076923,0.3173309862613678
0.549264705882353,0.9298076923076923,0.30521151423454285
0.549264705882353,0.9307692307692308,0.3030078411102295
0.55,0.9307692307692308,0.30207359790802
0.55,0.9317307692307693,0.3017190098762512
0.5551470588235294,0.9317307692307693,0.299761563539505
0.5551470588235294,0.9326923076923077,0.299571692943573
0.5558823529411765,0.9326923076923077,0.2994413375854492
0.5558823529411765,0.9336538461538462,0.2990681231021881
0.5654411764705882,0.9336538461538462,0.2948763966560364
0.5654411764705882,0.9346153846153846,0.294575959444046
0.5683823529411764,0.9346153846153846,0.2929287850856781
0.5683823529411764,0.9355769230769231,0.2924814224243164
0.5698529411764706,0.9355769230769231,0.29211100935935974
0.5698529411764706,0.9365384615384615,0.29181116819381714
0.5713235294117647,0.9365384615384615,0.28988856077194214
0.5713235294117647,0.9375,0.2896968424320221
0.5772058823529411,0.9375,0.2861088216304779
0.5772058823529411,0.9384615384615385,0.2856004536151886
0.5830882352941177,0.9384615384615385,0.282421737909317
0.5830882352941177,0.9394230769230769,0.2820863723754883
0.5838235294117647,0.9394230769230769,0.28182145953178406
0.5838235294117647,0.9413461538461538,0.28137004375457764
0.5852941176470589,0.9413461538461538,0.2809624969959259
0.5852941176470589,0.9432692307692307,0.27935507893562317
0.5860294117647059,0.9432692307692307,0.27920153737068176
0.5860294117647059,0.9442307692307692,0.2788377106189728
0.5875,0.9442307692307692,0.2781530022621155
0.5875,0.9451923076923077,0.27781060338020325
0.5904411764705882,0.9451923076923077,0.27637937664985657
0.5904411764705882,0.9461538461538461,0.2758171558380127
0.5941176470588235,0.9461538461538461,0.27353060245513916
0.5941176470588235,0.9471153846153846,0.27342501282691956
0.5955882352941176,0.9471153846153846,0.2732114791870117
0.5955882352941176,0.9490384615384615,0.27309200167655945
0.5963235294117647,0.9490384615384615,0.27150043845176697
0.5963235294117647,0.95,0.271224707365036
0.5970588235294118,0.95,0.27110350131988525
0.5970588235294118,0.9519230769230769,0.2701725363731384
0.5985294117647059,0.9519230769230769,0.26976341009140015
0.5985294117647059,0.9528846153846153,0.2690027952194214
0.600735294117647,0.9528846153846153,0.26818060874938965
0.600735294117647,0.9538461538461539,0.267019659280777
0.611764705882353,0.9538461538461539,0.26098862290382385
0.611764705882353,0.9548076923076924,0.2609630525112152
0.6176470588235294,0.9548076923076924,0.2582949697971344
0.6176470588235294,0.9567307692307693,0.2579452693462372
0.6198529411764706,0.9567307692307693,0.2566472589969635
0.6198529411764706,0.9576923076923077,0.2564333975315094
0.6205882352941177,0.9576923076923077,0.2557685077190399
0.6205882352941177,0.9586538461538462,0.255687415599823
0.6301470588235294,0.9586538461538462,0.25133755803108215
0.6301470588235294,0.9596153846153846,0.25045907497406006
0.6345588235294117,0.9596153846153846,0.24821944534778595
0.6345588235294117,0.9605769230769231,0.24804723262786865
0.6448529411764706,0.9605769230769231,0.24487724900245667
0.6448529411764706,0.9625,0.24432623386383057
0.6463235294117647,0.9625,0.24359044432640076
0.6463235294117647,0.9634615384615385,0.24262724816799164
0.649264705882353,0.9634615384615385,0.24059659242630005
0.649264705882353,0.9644230769230769,0.24034743010997772
0.6507352941176471,0.9644230769230769,0.24029241502285004
0.6507352941176471,0.9653846153846154,0.23960474133491516
0.6544117647058824,0.9653846153846154,0.2377907782793045
0.6544117647058824,0.9663461538461539,0.2377876192331314
0.6566176470588235,0.9663461538461539,0.23718316853046417
0.6566176470588235,0.9673076923076923,0.2365829348564148
0.6823529411764706,0.9673076923076923,0.2184821516275406
0.6823529411764706,0.9682692307692308,0.21792006492614746
0.6963235294117647,0.9682692307692308,0.211601123213768
0.6963235294117647,0.9701923076923077,0.21110329031944275
0.7382352941176471,0.9701923076923077,0.1926915943622589
0.7382352941176471,0.9711538461538461,0.1921207308769226
0.7470588235294118,0.9711538461538461,0.19011880457401276
0.7470588235294118,0.9721153846153846,0.18993715941905975
0.7485294117647059,0.9721153846153846,0.18919003009796143
0.7485294117647059,0.9730769230769231,0.18914318084716797
0.7507352941176471,0.9730769230769231,0.18798120319843292
0.7507352941176471,0.9740384615384615,0.18775171041488647
0.7551470588235294,0.9740384615384615,0.1859893500804901
0.7551470588235294,0.975,0.18554413318634033
0.7617647058823529,0.975,0.18344880640506744
0.7617647058823529,0.9759615384615384,0.18319053947925568
0.7713235294117647,0.9759615384615384,0.17886896431446075
0.7713235294117647,0.9769230769230769,0.17842397093772888
0.7727941176470589,0.9769230769230769,0.17827725410461426
0.7727941176470589,0.9778846153846154,0.17801855504512787
0.7757352941176471,0.9778846153846154,0.17584426701068878
0.7757352941176471,0.9788461538461538,0.17579269409179688
0.7801470588235294,0.9788461538461538,0.17374345660209656
0.7801470588235294,0.9798076923076923,0.1736244112253189
0.7838235294117647,0.9798076923076923,0.1716071218252182
0.7838235294117647,0.9807692307692307,0.17151011526584625
0.9022058823529412,0.9807692307692307,0.09888288378715515
0.9022058823529412,0.9817307692307692,0.098777174949646
0.9139705882352941,0.9817307692307692,0.08718986809253693
0.9139705882352941,0.9826923076923076,0.08703727275133133
0.9257352941176471,0.9826923076923076,0.0696672573685646
0.9257352941176471,0.9836538461538461,0.06959699094295502
0.9272058823529412,0.9836538461538461,0.06785468757152557
0.9272058823529412,0.9846153846153847,0.0677739828824997
0.9286764705882353,0.9846153846153847,0.06578576564788818
0.9286764705882353,0.9855769230769231,0.06569157540798187
0.9308823529411765,0.9855769230769231,0.06493360549211502
0.9308823529411765,0.9875,0.06293737143278122
0.9323529411764706,0.9875,0.061262425035238266
0.9323529411764706,0.9903846153846154,0.05999026075005531
0.9382352941176471,0.9903846153846154,0.05531155690550804
0.9382352941176471,0.9913461538461539,0.055043116211891174
0.9389705882352941,0.9913461538461539,0.054391276091337204
0.9389705882352941,0.9932692307692308,0.05417356267571449
0.9470588235294117,0.9932692307692308,0.052104491740465164
0.9470588235294117,0.9942307692307693,0.052030935883522034
0.9536764705882353,0.9942307692307693,0.04914475232362747
0.9536764705882353,0.9951923076923077,0.048944756388664246
0.9808823529411764,0.9951923076923077,0.03605629503726959
0.9808823529411764,0.9961538461538462,0.03591836616396904
0.9830882352941176,0.9961538461538462,0.03525851294398308
0.9830882352941176,0.9971153846153846,0.03525613248348236
0.9838235294117647,0.9971153846153846,0.0348663367331028
0.9838235294117647,1.0,0.034346044063568115
1.0,1.0,0.020909389480948448
