FPR,TPR,Threshold
0.0,0.0,1.9953269958496094
0.0,0.0005263157894736842,0.9953269958496094
0.0,0.7684210526315789,0.7259056568145752
0.002,0.7684210526315789,0.7258152365684509
0.002,0.7731578947368422,0.7191265821456909
0.004,0.7731578947368422,0.7185494303703308
0.004,0.7794736842105263,0.713005006313324
0.006,0.7794736842105263,0.7129980325698853
0.006,0.7826315789473685,0.7099563479423523
0.008,0.7826315789473685,0.7090994715690613
0.008,0.7910526315789473,0.7025498151779175
0.012,0.7910526315789473,0.7010039687156677
0.012,0.7952631578947369,0.6967710852622986
0.014,0.7952631578947369,0.6966473460197449
0.014,0.7968421052631579,0.6953961253166199
0.016,0.7968421052631579,0.6953951716423035
0.016,0.8010526315789473,0.6913196444511414
0.018,0.8010526315789473,0.6906920075416565
0.018,0.8015789473684211,0.6902052760124207
0.02,0.8015789473684211,0.6891379356384277
0.02,0.8042105263157895,0.6863906383514404
0.022,0.8042105263157895,0.6863003373146057
0.022,0.8131578947368421,0.6744215488433838
0.024,0.8131578947368421,0.6732359528541565
0.024,0.8142105263157895,0.6711576581001282
0.026,0.8142105263157895,0.6704803109169006
0.026,0.8152631578947368,0.6692609190940857
0.028,0.8152631578947368,0.6690510511398315
0.028,0.8205263157894737,0.6640522480010986
0.03,0.8205263157894737,0.6639722585678101
0.03,0.8215789473684211,0.6623429656028748
0.032,0.8215789473684211,0.6618781685829163
0.032,0.8226315789473684,0.6614089012145996
0.034,0.8226315789473684,0.661037266254425
0.034,0.8247368421052632,0.6591804027557373
0.036,0.8247368421052632,0.6589450836181641
0.036,0.8294736842105264,0.6549808382987976
0.042,0.8294736842105264,0.6532480716705322
0.042,0.8305263157894737,0.6529890894889832
0.048,0.8305263157894737,0.6522189378738403
0.048,0.8315789473684211,0.651600182056427
0.05,0.8315789473684211,0.651593804359436
0.05,0.8326315789473684,0.6509022116661072
0.052,0.8326315789473684,0.6498228907585144
0.052,0.8352631578947368,0.6487166285514832
0.058,0.8352631578947368,0.6485127210617065
0.058,0.8368421052631579,0.6465779542922974
0.06,0.8368421052631579,0.6455712914466858
0.06,0.8373684210526315,0.6450419425964355
0.062,0.8373684210526315,0.6449742317199707
0.062,0.838421052631579,0.6444826722145081
0.064,0.838421052631579,0.6442186236381531
0.064,0.8410526315789474,0.6420150995254517
0.068,0.8410526315789474,0.6406185030937195
0.068,0.8436842105263158,0.63888019323349
0.072,0.8436842105263158,0.638378918170929
0.072,0.8463157894736842,0.6354525685310364
0.074,0.8463157894736842,0.6349453330039978
0.074,0.848421052631579,0.6329196095466614
0.078,0.848421052631579,0.6317808628082275
0.078,0.85,0.6284699440002441
0.08,0.85,0.6268231272697449
0.08,0.8505263157894737,0.6265503764152527
0.086,0.8505263157894737,0.6259040832519531
0.086,0.8515789473684211,0.6246936321258545
0.088,0.8515789473684211,0.6238335371017456
0.088,0.8552631578947368,0.6151387691497803
0.096,0.8552631578947368,0.6127541661262512
0.096,0.8568421052631578,0.6097825169563293
0.098,0.8568421052631578,0.6095740795135498
0.098,0.8663157894736843,0.6000864505767822
0.1,0.8663157894736843,0.5996191501617432
0.1,0.8721052631578947,0.5927150249481201
0.102,0.8721052631578947,0.5925990343093872
0.102,0.8763157894736842,0.5865722894668579
0.106,0.8763157894736842,0.5847792029380798
0.106,0.8778947368421053,0.5823442339897156
0.108,0.8778947368421053,0.5809599161148071
0.108,0.8789473684210526,0.5786131024360657
0.11,0.8789473684210526,0.5780289173126221
0.11,0.8794736842105263,0.577625572681427
0.114,0.8794736842105263,0.5756779909133911
0.114,0.8810526315789474,0.5715858340263367
0.118,0.8810526315789474,0.5658981204032898
0.118,0.8831578947368421,0.5630791783332825
0.12,0.8831578947368421,0.5578681826591492
0.12,0.9005263157894737,0.5028591156005859
0.122,0.9005263157894737,0.49864068627357483
0.122,0.9052631578947369,0.48081544041633606
0.124,0.9052631578947369,0.4800529181957245
0.124,0.9063157894736842,0.4797108769416809
0.126,0.9063157894736842,0.47896531224250793
0.126,0.9068421052631579,0.4758521318435669
0.128,0.9068421052631579,0.47551441192626953
0.128,0.9147368421052632,0.4615221917629242
0.13,0.9147368421052632,0.46135756373405457
0.13,0.9152631578947369,0.460391640663147
0.136,0.9152631578947369,0.45084017515182495
0.136,0.9157894736842105,0.44915956258773804
0.156,0.9157894736842105,0.42987260222435
0.156,0.9163157894736842,0.42961275577545166
0.16,0.9163157894736842,0.4292003810405731
0.16,0.9168421052631579,0.42490383982658386
0.186,0.9168421052631579,0.4098736345767975
0.186,0.9189473684210526,0.406620055437088
0.19,0.9189473684210526,0.40395525097846985
0.19,0.9194736842105263,0.4030904769897461
0.198,0.9194736842105263,0.40068039298057556
0.198,0.92,0.39738529920578003
0.204,0.92,0.3933824300765991
0.204,0.9205263157894736,0.3917770981788635
0.206,0.9205263157894736,0.39133477210998535
0.206,0.9210526315789473,0.39073053002357483
0.21,0.9210526315789473,0.3885699510574341
0.21,0.921578947368421,0.38807404041290283
0.216,0.921578947368421,0.3831689953804016
0.216,0.9226315789473685,0.382621705532074
0.222,0.9226315789473685,0.3816489279270172
0.222,0.9231578947368421,0.38059723377227783
0.224,0.9231578947368421,0.3791296184062958
0.224,0.9236842105263158,0.3791030943393707
0.232,0.9236842105263158,0.3744679093360901
0.232,0.9242105263157895,0.37407535314559937
0.242,0.9242105263157895,0.37116119265556335
0.242,0.9263157894736842,0.3693283200263977
0.25,0.9263157894736842,0.36820870637893677
0.25,0.9268421052631579,0.3681448996067047
0.262,0.9268421052631579,0.36594158411026
0.262,0.9273684210526316,0.3651110827922821
0.27,0.9273684210526316,0.36158493161201477
0.27,0.9278947368421052,0.3614385426044464
0.272,0.9278947368421052,0.3611515164375305
0.272,0.9284210526315789,0.36112338304519653
0.276,0.9284210526315789,0.36052998900413513
0.276,0.9289473684210526,0.3605159819126129
0.278,0.9289473684210526,0.36029794812202454
0.278,0.9294736842105263,0.3597017228603363
0.286,0.9294736842105263,0.35644906759262085
0.286,0.93,0.355735719203949
0.298,0.93,0.35304608941078186
0.298,0.9305263157894736,0.35276487469673157
0.3,0.9305263157894736,0.3524976074695587
0.3,0.9342105263157895,0.3473682999610901
0.304,0.9342105263157895,0.3453865647315979
0.304,0.9347368421052632,0.3433145582675934
0.31,0.9347368421052632,0.33975473046302795
0.31,0.9357894736842105,0.3366413414478302
0.312,0.9357894736842105,0.3358776867389679
0.312,0.9363157894736842,0.33432629704475403
0.314,0.9363157894736842,0.3333888351917267
0.314,0.9394736842105263,0.3294903337955475
0.316,0.9394736842105263,0.3292277753353119
0.316,0.9415789473684211,0.32709428668022156
0.318,0.9415789473684211,0.325481116771698
0.318,0.9431578947368421,0.32356762886047363
0.322,0.9431578947368421,0.3214893639087677
0.322,0.9452631578947368,0.3168790340423584
0.326,0.9452631578947368,0.313335120677948
0.326,0.9457894736842105,0.312933087348938
0.332,0.9457894736842105,0.30759966373443604
0.332,0.9468421052631579,0.3047034740447998
0.336,0.9468421052631579,0.30321282148361206
0.336,0.9473684210526315,0.3024533987045288
0.338,0.9473684210526315,0.3021855652332306
0.338,0.9494736842105264,0.2987831234931946
0.344,0.9494736842105264,0.2973789572715759
0.344,0.95,0.29573243856430054
0.346,0.95,0.2953031659126282
0.346,0.9505263157894737,0.29383108019828796
0.348,0.9505263157894737,0.293662428855896
0.348,0.9542105263157895,0.2874234914779663
0.35,0.9542105263157895,0.2874126136302948
0.35,0.9557894736842105,0.2835414707660675
0.352,0.9557894736842105,0.28287914395332336
0.352,0.9594736842105264,0.2793096601963043
0.354,0.9594736842105264,0.279095321893692
0.354,0.9621052631578947,0.2725338339805603
0.358,0.9621052631578947,0.2694050371646881
0.358,0.9631578947368421,0.26483651995658875
0.36,0.9631578947368421,0.25959229469299316
0.36,0.9636842105263158,0.25756362080574036
0.364,0.9636842105263158,0.2566768527030945
0.364,0.9642105263157895,0.25395679473876953
0.374,0.9642105263157895,0.25063735246658325
0.374,0.9663157894736842,0.24830438196659088
0.376,0.9663157894736842,0.24695944786071777
0.376,0.966842105263158,0.24623511731624603
0.386,0.966842105263158,0.24148251116275787
0.386,0.9678947368421053,0.24119268357753754
0.41,0.9678947368421053,0.23388665914535522
0.41,0.968421052631579,0.23365023732185364
0.422,0.968421052631579,0.23202799260616302
0.422,0.9689473684210527,0.2264603078365326
0.436,0.9689473684210527,0.2161557823419571
0.436,0.9694736842105263,0.21475376188755035
0.44,0.9694736842105263,0.21333777904510498
0.44,0.97,0.21314673125743866
0.46,0.97,0.20483970642089844
0.46,0.9705263157894737,0.20445466041564941
0.47,0.9705263157894737,0.2031223326921463
0.47,0.9710526315789474,0.20310604572296143
0.472,0.9710526315789474,0.20283763110637665
0.472,0.9715789473684211,0.20242846012115479
0.474,0.9715789473684211,0.20219410955905914
0.474,0.9721052631578947,0.2020023912191391
0.484,0.9721052631578947,0.1946517527103424
0.484,0.9726315789473684,0.19420692324638367
0.486,0.9726315789473684,0.19375473260879517
0.486,0.9742105263157895,0.19248415529727936
0.506,0.9742105263157895,0.18584315478801727
0.506,0.9747368421052631,0.18509836494922638
0.526,0.9747368421052631,0.18080849945545197
0.526,0.9752631578947368,0.18027862906455994
0.54,0.9752631578947368,0.1787550449371338
0.54,0.9757894736842105,0.17875362932682037
0.562,0.9757894736842105,0.17020170390605927
0.562,0.9763157894736842,0.1699596792459488
0.57,0.9763157894736842,0.1667672097682953
0.57,0.9768421052631578,0.16534487903118134
0.586,0.9768421052631578,0.15729469060897827
0.586,0.9773684210526316,0.15721730887889862
0.598,0.9773684210526316,0.1529567986726761
0.598,0.9778947368421053,0.15232357382774353
0.6,0.9778947368421053,0.1522528976202011
0.6,0.978421052631579,0.15211063623428345
0.604,0.978421052631579,0.14965644478797913
0.604,0.9789473684210527,0.14684176445007324
0.612,0.9789473684210527,0.14631913602352142
0.612,0.9794736842105263,0.14597289264202118
0.62,0.9794736842105263,0.14369995892047882
0.62,0.98,0.14357413351535797
0.624,0.98,0.1413935422897339
0.624,0.9805263157894737,0.14127792418003082
0.628,0.9805263157894737,0.13949188590049744
0.628,0.9810526315789474,0.13929295539855957
0.642,0.9810526315789474,0.13688485324382782
0.642,0.9815789473684211,0.13627278804779053
0.646,0.9815789473684211,0.13572438061237335
0.646,0.9821052631578947,0.13480880856513977
0.65,0.9821052631578947,0.1345033198595047
0.65,0.9826315789473684,0.1341051459312439
0.652,0.9826315789473684,0.13399235904216766
0.652,0.9836842105263158,0.13248710334300995
0.656,0.9836842105263158,0.13009321689605713
0.656,0.9842105263157894,0.1300896406173706
0.676,0.9842105263157894,0.11952900886535645
0.676,0.9847368421052631,0.11881966888904572
0.686,0.9847368421052631,0.11407730728387833
0.686,0.9857894736842105,0.11379729211330414
0.69,0.9857894736842105,0.11226936429738998
0.69,0.9873684210526316,0.11118967831134796
0.704,0.9873684210526316,0.10594227910041809
0.704,0.9878947368421053,0.10531284660100937
0.71,0.9878947368421053,0.10373714566230774
0.71,0.9889473684210527,0.102641262114048
0.714,0.9889473684210527,0.09876430034637451
0.714,0.9894736842105263,0.09845668077468872
0.788,0.9894736842105263,0.05561323091387749
0.788,0.99,0.05499539524316788
0.804,0.99,0.04696133732795715
0.804,0.9905263157894737,0.046901196241378784
0.82,0.9905263157894737,0.044933054596185684
0.82,0.9910526315789474,0.04411730542778969
0.822,0.9910526315789474,0.04401640221476555
0.822,0.9921052631578947,0.043729644268751144
0.828,0.9921052631578947,0.043078094720840454
0.828,0.9926315789473684,0.04285593330860138
0.838,0.9926315789473684,0.04261740297079086
0.838,0.9931578947368421,0.042512502521276474
0.844,0.9931578947368421,0.04215310141444206
0.844,0.9936842105263158,0.04189041629433632
0.872,0.9936842105263158,0.03997967764735222
0.872,0.9942105263157894,0.03994877263903618
0.874,0.9942105263157894,0.03983326256275177
0.874,0.9947368421052631,0.03977544605731964
0.884,0.9947368421052631,0.03923662751913071
0.884,0.9952631578947368,0.0388374850153923
0.894,0.9952631578947368,0.03839175030589104
0.894,0.9957894736842106,0.03829958289861679
0.896,0.9957894736842106,0.0382666178047657
0.896,0.9968421052631579,0.03798448294401169
0.92,0.9968421052631579,0.03411795198917389
0.92,0.9973684210526316,0.033538490533828735
0.922,0.9973684210526316,0.03313688561320305
0.922,0.9978947368421053,0.032946374267339706
0.93,0.9978947368421053,0.031473558396101
0.93,0.998421052631579,0.031022151932120323
0.946,0.998421052631579,0.029562804847955704
0.946,0.9989473684210526,0.029550565406680107
0.948,0.9989473684210526,0.029385481029748917
0.948,0.9994736842105263,0.02919832244515419
0.954,0.9994736842105263,0.028339412063360214
0.954,1.0,0.028216587379574776
1.0,1.0,0.013899673707783222
