FPR,TPR,Threshold
0.0,0.0,1.9725038409233093
0.0,0.000925925925925926,0.9725038409233093
0.0,0.4777777777777778,0.7610373497009277
0.0007575757575757576,0.4777777777777778,0.7608528137207031
0.0007575757575757576,0.487962962962963,0.7556748986244202
0.0015151515151515152,0.487962962962963,0.7554499506950378
0.0015151515151515152,0.5101851851851852,0.7438938021659851
0.0022727272727272726,0.5101851851851852,0.7433030009269714
0.0022727272727272726,0.5212962962962963,0.7364172339439392
0.0030303030303030303,0.5212962962962963,0.7361965179443359
0.0030303030303030303,0.5268518518518519,0.7343442440032959
0.003787878787878788,0.5268518518518519,0.7343043088912964
0.003787878787878788,0.5462962962962963,0.7240743041038513
0.004545454545454545,0.5462962962962963,0.7235746383666992
0.004545454545454545,0.549074074074074,0.7227140069007874
0.005303030303030303,0.549074074074074,0.7226572036743164
0.005303030303030303,0.5592592592592592,0.717797577381134
0.006060606060606061,0.5592592592592592,0.716833770275116
0.006060606060606061,0.562962962962963,0.7144104242324829
0.006818181818181818,0.562962962962963,0.7143397331237793
0.006818181818181818,0.5935185185185186,0.6977576017379761
0.008333333333333333,0.5935185185185186,0.696950376033783
0.008333333333333333,0.5953703703703703,0.6962363719940186
0.00909090909090909,0.5953703703703703,0.6959479451179504
0.00909090909090909,0.5972222222222222,0.69512540102005
0.009848484848484848,0.5972222222222222,0.694963276386261
0.009848484848484848,0.600925925925926,0.6925421953201294
0.010606060606060607,0.600925925925926,0.6924306154251099
0.010606060606060607,0.6055555555555555,0.690247654914856
0.011363636363636364,0.6055555555555555,0.6897293329238892
0.011363636363636364,0.6231481481481481,0.6802170872688293
0.012121212121212121,0.6231481481481481,0.679242730140686
0.012121212121212121,0.6277777777777778,0.6736566424369812
0.012878787878787878,0.6277777777777778,0.6735121607780457
0.012878787878787878,0.6296296296296297,0.6732489466667175
0.015909090909090907,0.6296296296296297,0.669076144695282
0.015909090909090907,0.6416666666666667,0.6602785587310791
0.016666666666666666,0.6416666666666667,0.6587830781936646
0.016666666666666666,0.6435185185185185,0.6553590893745422
0.01893939393939394,0.6435185185185185,0.6552464962005615
0.01893939393939394,0.6462962962962963,0.6537631154060364
0.019696969696969695,0.6462962962962963,0.6536744832992554
0.019696969696969695,0.6472222222222223,0.653552770614624
0.020454545454545454,0.6472222222222223,0.6533892154693604
0.020454545454545454,0.6555555555555556,0.6491447687149048
0.021212121212121213,0.6555555555555556,0.6490971446037292
0.021212121212121213,0.6564814814814814,0.6490945219993591
0.02196969696969697,0.6564814814814814,0.6466765403747559
0.02196969696969697,0.6574074074074074,0.6465694904327393
0.022727272727272728,0.6574074074074074,0.6464250087738037
0.022727272727272728,0.6620370370370371,0.6428665518760681
0.023484848484848483,0.6620370370370371,0.6427963376045227
0.023484848484848483,0.6657407407407407,0.6403160691261292
0.024242424242424242,0.6657407407407407,0.6394815444946289
0.024242424242424242,0.6722222222222223,0.6338989734649658
0.025,0.6722222222222223,0.6334695219993591
0.025,0.674074074074074,0.6315492987632751
0.026515151515151516,0.674074074074074,0.6307395696640015
0.026515151515151516,0.675,0.6304202675819397
0.02803030303030303,0.675,0.6292266845703125
0.02803030303030303,0.6777777777777778,0.6287699341773987
0.02878787878787879,0.6777777777777778,0.6283596754074097
0.02878787878787879,0.6833333333333333,0.6252221465110779
0.029545454545454545,0.6833333333333333,0.6251035332679749
0.029545454545454545,0.6861111111111111,0.6239617466926575
0.030303030303030304,0.6861111111111111,0.623458981513977
0.030303030303030304,0.6907407407407408,0.6204670071601868
0.03106060606060606,0.6907407407407408,0.6201546788215637
0.03106060606060606,0.6925925925925925,0.6199628710746765
0.031818181818181815,0.6925925925925925,0.6194449067115784
0.031818181818181815,0.6990740740740741,0.6150327920913696
0.03257575757575758,0.6990740740740741,0.6145313382148743
0.03257575757575758,0.7055555555555556,0.6122298836708069
0.03333333333333333,0.7055555555555556,0.6113089323043823
0.03333333333333333,0.7148148148148148,0.6092323064804077
0.03484848484848485,0.7148148148148148,0.6090641617774963
0.03484848484848485,0.7185185185185186,0.6062695384025574
0.035606060606060606,0.7185185185185186,0.6059663891792297
0.035606060606060606,0.7194444444444444,0.6054376363754272
0.03787878787878788,0.7194444444444444,0.6011386513710022
0.03787878787878788,0.7240740740740741,0.5975073575973511
0.03939393939393939,0.7240740740740741,0.5962287187576294
0.03939393939393939,0.7268518518518519,0.5953435897827148
0.04015151515151515,0.7268518518518519,0.5952932238578796
0.04015151515151515,0.7287037037037037,0.5941516160964966
0.04090909090909091,0.7287037037037037,0.5935019850730896
0.04090909090909091,0.7296296296296296,0.5921159386634827
0.04242424242424243,0.7296296296296296,0.591438889503479
0.04242424242424243,0.7324074074074074,0.5909839272499084
0.04393939393939394,0.7324074074074074,0.5894163250923157
0.04393939393939394,0.7342592592592593,0.5888916850090027
0.04621212121212121,0.7342592592592593,0.5886275768280029
0.04621212121212121,0.7416666666666667,0.5861477255821228
0.04696969696969697,0.7416666666666667,0.5858964920043945
0.04696969696969697,0.7435185185185185,0.5848692655563354
0.04772727272727273,0.7435185185185185,0.5847147107124329
0.04772727272727273,0.7444444444444445,0.5835047960281372
0.04924242424242424,0.7444444444444445,0.5821894407272339
0.04924242424242424,0.7453703703703703,0.5818527936935425
0.05,0.7453703703703703,0.5806131958961487
0.05,0.7537037037037037,0.575209379196167
0.051515151515151514,0.7537037037037037,0.5747657418251038
0.051515151515151514,0.7564814814814815,0.5742660164833069
0.05227272727272727,0.7564814814814815,0.5740048885345459
0.05227272727272727,0.7583333333333333,0.5731547474861145
0.05454545454545454,0.7583333333333333,0.5712745785713196
0.05454545454545454,0.7592592592592593,0.5710791349411011
0.055303030303030305,0.7592592592592593,0.5707008838653564
0.055303030303030305,0.7685185185185185,0.5645754337310791
0.05606060606060606,0.7685185185185185,0.5642231106758118
0.05606060606060606,0.7703703703703704,0.5625742077827454
0.056818181818181816,0.7703703703703704,0.5624869465827942
0.056818181818181816,0.7722222222222223,0.5606133341789246
0.05909090909090909,0.7722222222222223,0.5581086277961731
0.05909090909090909,0.7731481481481481,0.5580069422721863
0.06212121212121212,0.7731481481481481,0.5570748448371887
0.06212121212121212,0.774074074074074,0.5568658709526062
0.06287878787878788,0.774074074074074,0.5549728274345398
0.06287878787878788,0.7777777777777778,0.5517879724502563
0.06439393939393939,0.7777777777777778,0.5503181219100952
0.06439393939393939,0.7796296296296297,0.543993353843689
0.06515151515151515,0.7796296296296297,0.5428679585456848
0.06515151515151515,0.7805555555555556,0.5418809652328491
0.07196969696969698,0.7805555555555556,0.5288873314857483
0.07196969696969698,0.7824074074074074,0.5272908806800842
0.07272727272727272,0.7824074074074074,0.5266735553741455
0.07272727272727272,0.7833333333333333,0.5264071226119995
0.07348484848484849,0.7833333333333333,0.5262869000434875
0.07348484848484849,0.7861111111111111,0.5255794525146484
0.07424242424242425,0.7861111111111111,0.5254313349723816
0.07424242424242425,0.787962962962963,0.5233214497566223
0.075,0.787962962962963,0.5227416157722473
0.075,0.7888888888888889,0.5214587450027466
0.07651515151515151,0.7888888888888889,0.5205226540565491
0.07651515151515151,0.7898148148148149,0.5200501680374146
0.07727272727272727,0.7898148148148149,0.5198347568511963
0.07727272727272727,0.7907407407407407,0.5190399289131165
0.07878787878787878,0.7907407407407407,0.5149402022361755
0.07878787878787878,0.7916666666666666,0.5134303569793701
0.08181818181818182,0.7916666666666666,0.5100401043891907
0.08181818181818182,0.7925925925925926,0.5096657872200012
0.08484848484848485,0.7925925925925926,0.5058733820915222
0.08484848484848485,0.7944444444444444,0.5031601190567017
0.0893939393939394,0.7944444444444444,0.4917862117290497
0.0893939393939394,0.7981481481481482,0.48941531777381897
0.09015151515151515,0.7981481481481482,0.48707085847854614
0.09015151515151515,0.799074074074074,0.48659682273864746
0.09242424242424242,0.799074074074074,0.4753502309322357
0.09242424242424242,0.8,0.4744046926498413
0.0946969696969697,0.8,0.46830087900161743
0.0946969696969697,0.8009259259259259,0.467680424451828
0.09621212121212121,0.8009259259259259,0.4642278850078583
0.09621212121212121,0.8018518518518518,0.46245208382606506
0.10151515151515152,0.8018518518518518,0.44165855646133423
0.10151515151515152,0.8027777777777778,0.4404396414756775
0.10303030303030303,0.8027777777777778,0.43902358412742615
0.10303030303030303,0.8046296296296296,0.43843865394592285
0.10833333333333334,0.8046296296296296,0.43402013182640076
0.10833333333333334,0.8055555555555556,0.43314722180366516
0.11136363636363636,0.8055555555555556,0.4265560209751129
0.11136363636363636,0.8064814814814815,0.42535459995269775
0.11212121212121212,0.8064814814814815,0.4247681200504303
0.11212121212121212,0.8074074074074075,0.4242704510688782
0.1143939393939394,0.8074074074074075,0.4217113256454468
0.1143939393939394,0.8092592592592592,0.4186900854110718
0.1159090909090909,0.8092592592592592,0.41722428798675537
0.1159090909090909,0.8101851851851852,0.416652113199234
0.11666666666666667,0.8101851851851852,0.41661888360977173
0.11666666666666667,0.8111111111111111,0.4160841405391693
0.11742424242424243,0.8111111111111111,0.41508856415748596
0.11742424242424243,0.812037037037037,0.41414210200309753
0.11818181818181818,0.812037037037037,0.4118587076663971
0.11818181818181818,0.812962962962963,0.4117269814014435
0.12121212121212122,0.812962962962963,0.4076788127422333
0.12121212121212122,0.8138888888888889,0.4055268466472626
0.12651515151515152,0.8138888888888889,0.3984334468841553
0.12651515151515152,0.8148148148148148,0.39807865023612976
0.13333333333333333,0.8148148148148148,0.39030998945236206
0.13333333333333333,0.8157407407407408,0.38976725935935974
0.13712121212121212,0.8157407407407408,0.38727810978889465
0.13712121212121212,0.8175925925925925,0.3853236436843872
0.13787878787878788,0.8175925925925925,0.38518866896629333
0.13787878787878788,0.8185185185185185,0.38510939478874207
0.13863636363636364,0.8185185185185185,0.3843519985675812
0.13863636363636364,0.8194444444444444,0.3840774595737457
0.1393939393939394,0.8194444444444444,0.38355687260627747
0.1393939393939394,0.8203703703703704,0.38354620337486267
0.14393939393939395,0.8203703703703704,0.37970098853111267
0.14393939393939395,0.8231481481481482,0.3770730495452881
0.1462121212121212,0.8231481481481482,0.3763902485370636
0.1462121212121212,0.825,0.3749008774757385
0.14696969696969697,0.825,0.37423837184906006
0.14696969696969697,0.825925925925926,0.3733675181865692
0.1484848484848485,0.825925925925926,0.37297284603118896
0.1484848484848485,0.8268518518518518,0.37275293469429016
0.15,0.8268518518518518,0.37241852283477783
0.15,0.8296296296296296,0.370497465133667
0.15151515151515152,0.8296296296296296,0.37010645866394043
0.15151515151515152,0.8305555555555556,0.3697645962238312
0.15227272727272728,0.8305555555555556,0.36933597922325134
0.15227272727272728,0.8324074074074074,0.3690015375614166
0.15378787878787878,0.8324074074074074,0.36746451258659363
0.15378787878787878,0.8333333333333334,0.3670678436756134
0.15454545454545454,0.8333333333333334,0.3662530183792114
0.15454545454545454,0.8342592592592593,0.36517778038978577
0.15681818181818183,0.8342592592592593,0.3637237250804901
0.15681818181818183,0.8361111111111111,0.36352479457855225
0.15757575757575756,0.8361111111111111,0.3620373606681824
0.15757575757575756,0.8379629629629629,0.3619956374168396
0.1590909090909091,0.8379629629629629,0.3591389060020447
0.1590909090909091,0.8388888888888889,0.35893580317497253
0.16136363636363638,0.8388888888888889,0.3574082553386688
0.16136363636363638,0.8416666666666667,0.3556482195854187
0.1643939393939394,0.8416666666666667,0.3533201217651367
0.1643939393939394,0.8425925925925926,0.35195305943489075
0.16742424242424242,0.8425925925925926,0.3481432795524597
0.16742424242424242,0.8490740740740741,0.3458247184753418
0.16818181818181818,0.8490740740740741,0.345384418964386
0.16818181818181818,0.850925925925926,0.34432584047317505
0.16893939393939394,0.850925925925926,0.34330350160598755
0.16893939393939394,0.8537037037037037,0.341025710105896
0.17045454545454544,0.8537037037037037,0.33945637941360474
0.17045454545454544,0.8555555555555555,0.33857712149620056
0.1712121212121212,0.8555555555555555,0.33483174443244934
0.1712121212121212,0.8611111111111112,0.33165791630744934
0.17196969696969697,0.8611111111111112,0.33046579360961914
0.17196969696969697,0.8629629629629629,0.3292698562145233
0.1734848484848485,0.8629629629629629,0.32764697074890137
0.1734848484848485,0.8648148148148148,0.326311856508255
0.1787878787878788,0.8648148148148148,0.31966596841812134
0.1787878787878788,0.8666666666666667,0.3163698613643646
0.18106060606060606,0.8666666666666667,0.31433674693107605
0.18106060606060606,0.8685185185185185,0.31335729360580444
0.18181818181818182,0.8685185185185185,0.31228864192962646
0.18181818181818182,0.8694444444444445,0.31218889355659485
0.18333333333333332,0.8694444444444445,0.30959632992744446
0.18333333333333332,0.8712962962962963,0.30798348784446716
0.18409090909090908,0.8712962962962963,0.3068254590034485
0.18409090909090908,0.8722222222222222,0.3067053258419037
0.18636363636363637,0.8722222222222222,0.3056601583957672
0.18636363636363637,0.8731481481481481,0.30499371886253357
0.19090909090909092,0.8731481481481481,0.301175594329834
0.19090909090909092,0.8740740740740741,0.29832321405410767
0.19242424242424241,0.8740740740740741,0.29825398325920105
0.19242424242424241,0.875,0.2982441186904907
0.19318181818181818,0.875,0.2972279489040375
0.19318181818181818,0.8759259259259259,0.2969493269920349
0.1946969696969697,0.8759259259259259,0.2950926721096039
0.1946969696969697,0.8768518518518519,0.29424700140953064
0.19545454545454546,0.8768518518518519,0.29404181241989136
0.19545454545454546,0.8777777777777778,0.29362428188323975
0.20075757575757575,0.8777777777777778,0.28993669152259827
0.20075757575757575,0.8796296296296297,0.2889472544193268
0.20227272727272727,0.8796296296296297,0.28782597184181213
0.20227272727272727,0.8814814814814815,0.28624650835990906
0.2037878787878788,0.8814814814814815,0.28491249680519104
0.2037878787878788,0.8824074074074074,0.2842535972595215
0.20681818181818182,0.8824074074074074,0.2820100486278534
0.20681818181818182,0.8851851851851852,0.2813914716243744
0.20833333333333334,0.8851851851851852,0.2807716131210327
0.20833333333333334,0.8861111111111111,0.28064781427383423
0.20909090909090908,0.8861111111111111,0.2800596058368683
0.20909090909090908,0.8870370370370371,0.2792860269546509
0.21136363636363636,0.8870370370370371,0.2782781422138214
0.21136363636363636,0.8916666666666667,0.272909015417099
0.21212121212121213,0.8916666666666667,0.27219128608703613
0.21212121212121213,0.8925925925925926,0.27177518606185913
0.2128787878787879,0.8925925925925926,0.2715684175491333
0.2128787878787879,0.8935185185185185,0.2705802619457245
0.21893939393939393,0.8935185185185185,0.26880767941474915
0.21893939393939393,0.8944444444444445,0.26867496967315674
0.225,0.8944444444444445,0.2652122974395752
0.225,0.8962962962962963,0.26434028148651123
0.2265151515151515,0.8962962962962963,0.26367995142936707
0.2265151515151515,0.8981481481481481,0.2634470760822296
0.22727272727272727,0.8981481481481481,0.26331576704978943
0.22727272727272727,0.899074074074074,0.2632422149181366
0.2287878787878788,0.899074074074074,0.2630256414413452
0.2287878787878788,0.9009259259259259,0.262443482875824
0.22954545454545455,0.9009259259259259,0.2621682286262512
0.22954545454545455,0.9018518518518519,0.26190024614334106
0.2318181818181818,0.9018518518518519,0.26079636812210083
0.2318181818181818,0.9037037037037037,0.2601950466632843
0.2340909090909091,0.9037037037037037,0.25795459747314453
0.2340909090909091,0.9046296296296297,0.25701743364334106
0.23636363636363636,0.9046296296296297,0.2566531300544739
0.23636363636363636,0.9055555555555556,0.2566452920436859
0.24015151515151514,0.9055555555555556,0.25480517745018005
0.24015151515151514,0.9064814814814814,0.25465327501296997
0.2409090909090909,0.9064814814814814,0.25461480021476746
0.2409090909090909,0.9074074074074074,0.2546003758907318
0.24393939393939393,0.9074074074074074,0.2531636953353882
0.24393939393939393,0.9092592592592592,0.2529579997062683
0.24545454545454545,0.9092592592592592,0.2515505254268646
0.24545454545454545,0.9111111111111111,0.2508337199687958
0.24848484848484848,0.9111111111111111,0.2486211210489273
0.24848484848484848,0.9138888888888889,0.24730612337589264
0.25075757575757573,0.9138888888888889,0.24653656780719757
0.25075757575757573,0.9148148148148149,0.24631433188915253
0.25984848484848483,0.9148148148148149,0.24022971093654633
0.25984848484848483,0.9175925925925926,0.23955689370632172
0.2606060606060606,0.9175925925925926,0.23955164849758148
0.2606060606060606,0.9194444444444444,0.23872634768486023
0.26136363636363635,0.9194444444444444,0.23857033252716064
0.26136363636363635,0.9212962962962963,0.23803265392780304
0.26515151515151514,0.9212962962962963,0.23481325805187225
0.26515151515151514,0.9222222222222223,0.23420843482017517
0.26590909090909093,0.9222222222222223,0.2339366227388382
0.26590909090909093,0.9231481481481482,0.23381084203720093
0.26666666666666666,0.9231481481481482,0.2337772399187088
0.26666666666666666,0.924074074074074,0.23362569510936737
0.2674242424242424,0.924074074074074,0.23232287168502808
0.2674242424242424,0.925,0.23153148591518402
0.2696969696969697,0.925,0.23028549551963806
0.2696969696969697,0.9268518518518518,0.22927938401699066
0.27045454545454545,0.9268518518518518,0.22921402752399445
0.27045454545454545,0.9277777777777778,0.22912082076072693
0.2772727272727273,0.9277777777777778,0.22554461658000946
0.2772727272727273,0.9287037037037037,0.22553615272045135
0.2787878787878788,0.9287037037037037,0.22409895062446594
0.2787878787878788,0.9296296296296296,0.22404326498508453
0.27954545454545454,0.9296296296296296,0.22328156232833862
0.27954545454545454,0.9324074074074075,0.22291770577430725
0.2803030303030303,0.9324074074074075,0.22213584184646606
0.2803030303030303,0.9333333333333333,0.22166672348976135
0.28106060606060607,0.9333333333333333,0.2215944081544876
0.28106060606060607,0.9342592592592592,0.22147232294082642
0.2818181818181818,0.9342592592592592,0.22051097452640533
0.2818181818181818,0.9351851851851852,0.2201283723115921
0.2825757575757576,0.9351851851851852,0.22009232640266418
0.2825757575757576,0.937962962962963,0.21918077766895294
0.2833333333333333,0.937962962962963,0.21888551115989685
0.2833333333333333,0.9398148148148148,0.21885113418102264
0.2840909090909091,0.9398148148148148,0.21882998943328857
0.2840909090909091,0.9407407407407408,0.2180989682674408
0.2878787878787879,0.9407407407407408,0.21406744420528412
0.2878787878787879,0.9416666666666667,0.2136887162923813
0.28863636363636364,0.9416666666666667,0.21349689364433289
0.28863636363636364,0.9425925925925925,0.21203863620758057
0.2916666666666667,0.9425925925925925,0.20621037483215332
0.2916666666666667,0.9435185185185185,0.20619536936283112
0.29545454545454547,0.9435185185185185,0.2038477063179016
0.29545454545454547,0.9453703703703704,0.2032746523618698
0.29772727272727273,0.9453703703703704,0.20234662294387817
0.29772727272727273,0.9481481481481482,0.20044773817062378
0.3037878787878788,0.9481481481481482,0.1954309046268463
0.3037878787878788,0.9490740740740741,0.19542215764522552
0.30454545454545456,0.9490740740740741,0.19428189098834991
0.30454545454545456,0.95,0.1938287764787674
0.3090909090909091,0.95,0.1926092803478241
0.3090909090909091,0.950925925925926,0.19239681959152222
0.32196969696969696,0.950925925925926,0.1867307871580124
0.32196969696969696,0.9518518518518518,0.18575835227966309
0.325,0.9518518518518518,0.18501482903957367
0.325,0.9527777777777777,0.18448065221309662
0.32651515151515154,0.9527777777777777,0.1837398260831833
0.32651515151515154,0.9537037037037037,0.1836075484752655
0.328030303030303,0.9537037037037037,0.1825561821460724
0.328030303030303,0.9546296296296296,0.18223151564598083
0.3287878787878788,0.9546296296296296,0.18214091658592224
0.3287878787878788,0.9555555555555556,0.18172620236873627
0.33106060606060606,0.9555555555555556,0.1810576170682907
0.33106060606060606,0.9574074074074074,0.18068042397499084
0.3424242424242424,0.9574074074074074,0.17598754167556763
0.3424242424242424,0.9583333333333334,0.1759089231491089
0.34545454545454546,0.9583333333333334,0.17491914331912994
0.34545454545454546,0.9592592592592593,0.1748368740081787
0.346969696969697,0.9592592592592593,0.1746646612882614
0.346969696969697,0.9601851851851851,0.174477219581604
0.3484848484848485,0.9601851851851851,0.1737828254699707
0.3484848484848485,0.9611111111111111,0.17330682277679443
0.3621212121212121,0.9611111111111111,0.1709919273853302
0.3621212121212121,0.962037037037037,0.17081822454929352
0.36287878787878786,0.962037037037037,0.17063364386558533
0.36287878787878786,0.9629629629629629,0.17007103562355042
0.3643939393939394,0.9629629629629629,0.16987060010433197
0.3643939393939394,0.9638888888888889,0.1697697788476944
0.3924242424242424,0.9638888888888889,0.16314029693603516
0.3924242424242424,0.9648148148148148,0.1630278080701828
0.39621212121212124,0.9648148148148148,0.16126790642738342
0.39621212121212124,0.9666666666666667,0.1607494056224823
0.3977272727272727,0.9666666666666667,0.16031259298324585
0.3977272727272727,0.9685185185185186,0.15944139659404755
0.40075757575757576,0.9685185185185186,0.15898685157299042
0.40075757575757576,0.9694444444444444,0.15885120630264282
0.4022727272727273,0.9694444444444444,0.1582394689321518
0.4022727272727273,0.9703703703703703,0.15801706910133362
0.40606060606060607,0.9703703703703703,0.15588641166687012
0.40606060606060607,0.9712962962962963,0.1556614637374878
0.40984848484848485,0.9712962962962963,0.1541881114244461
0.40984848484848485,0.9722222222222222,0.1540396809577942
0.4113636363636364,0.9722222222222222,0.1538010686635971
0.4113636363636364,0.9731481481481481,0.1536479890346527
0.4303030303030303,0.9731481481481481,0.14620225131511688
0.4303030303030303,0.9740740740740741,0.1458091288805008
0.46060606060606063,0.9740740740740741,0.13695350289344788
0.46060606060606063,0.975,0.1367783099412918
0.4772727272727273,0.975,0.1289006471633911
0.4772727272727273,0.975925925925926,0.12810330092906952
0.478030303030303,0.975925925925926,0.12779831886291504
0.478030303030303,0.9768518518518519,0.1274808794260025
0.48484848484848486,0.9768518518518519,0.12433568388223648
0.48484848484848486,0.9777777777777777,0.1241392269730568
0.4863636363636364,0.9777777777777777,0.12397786229848862
0.4863636363636364,0.9787037037037037,0.12383709847927094
0.49166666666666664,0.9787037037037037,0.12142516672611237
0.49166666666666664,0.9796296296296296,0.12013951689004898
0.49318181818181817,0.9796296296296296,0.11889427155256271
0.49318181818181817,0.9805555555555555,0.11883082240819931
0.4946969696969697,0.9805555555555555,0.11872057616710663
0.4946969696969697,0.9814814814814815,0.11841540783643723
0.49772727272727274,0.9814814814814815,0.11769766360521317
0.49772727272727274,0.9824074074074074,0.11764349788427353
0.5015151515151515,0.9824074074074074,0.11667024344205856
0.5015151515151515,0.9833333333333333,0.11661700159311295
0.5022727272727273,0.9833333333333333,0.11631517857313156
0.5022727272727273,0.9851851851851852,0.11608997732400894
0.5196969696969697,0.9851851851851852,0.11006191372871399
0.5196969696969697,0.9861111111111112,0.10978811979293823
0.521969696969697,0.9861111111111112,0.10902562737464905
0.521969696969697,0.987037037037037,0.10883571952581406
0.5621212121212121,0.987037037037037,0.09747150540351868
0.5621212121212121,0.9879629629629629,0.09695592522621155
0.5681818181818182,0.9879629629629629,0.09596549719572067
0.5681818181818182,0.9888888888888889,0.09590780735015869
0.5727272727272728,0.9888888888888889,0.09462909400463104
0.5727272727272728,0.9898148148148148,0.09447615593671799
0.5984848484848485,0.9898148148148148,0.08887255191802979
0.5984848484848485,0.9907407407407407,0.08857675641775131
0.6462121212121212,0.9907407407407407,0.08053188025951385
0.6462121212121212,0.9916666666666667,0.08043993264436722
0.6507575757575758,0.9916666666666667,0.07943523675203323
0.6507575757575758,0.9925925925925926,0.07931052148342133
0.6537878787878788,0.9925925925925926,0.07826320081949234
0.6537878787878788,0.9935185185185185,0.07810407131910324
0.6628787878787878,0.9935185185185185,0.07654105871915817
0.6628787878787878,0.9944444444444445,0.0761914774775505
0.6742424242424242,0.9944444444444445,0.0743061751127243
0.6742424242424242,0.9953703703703703,0.07412401586771011
0.6984848484848485,0.9953703703703703,0.0711861327290535
0.6984848484848485,0.9962962962962963,0.07106360048055649
0.7007575757575758,0.9962962962962963,0.07100357115268707
0.7007575757575758,0.9972222222222222,0.07098976522684097
0.7053030303030303,0.9972222222222222,0.07067012041807175
0.7053030303030303,0.9981481481481481,0.07053888589143753
0.7098484848484848,0.9981481481481481,0.07014962285757065
0.7098484848484848,0.9990740740740741,0.07009842991828918
0.7128787878787879,0.9990740740740741,0.06980076432228088
0.7128787878787879,1.0,0.06957748532295227
1.0,1.0,0.009634426794946194
