FPR,TPR,Threshold
0.0,0.0,1.9995468854904175
0.0,0.0002631578947368421,0.9995468854904175
0.0,0.05078947368421052,0.9980950951576233
0.0,0.05131578947368421,0.9980948567390442
0.0,0.05473684210526316,0.9979641437530518
0.0,0.05526315789473684,0.9979640245437622
0.0,0.14868421052631578,0.9909352660179138
0.0,0.14921052631578946,0.9909228682518005
0.0,0.2531578947368421,0.981238842010498
0.0,0.2536842105263158,0.9812330007553101
0.0,0.5268421052631579,0.9066638350486755
0.001,0.5268421052631579,0.9064474105834961
0.001,0.5284210526315789,0.9061733484268188
0.002,0.5284210526315789,0.9061663150787354
0.002,0.5355263157894737,0.9031955003738403
0.003,0.5355263157894737,0.9031360149383545
0.003,0.5686842105263158,0.8900073766708374
0.004,0.5686842105263158,0.8897092938423157
0.004,0.5718421052631579,0.888857901096344
0.005,0.5718421052631579,0.8887785077095032
0.005,0.5778947368421052,0.8867237567901611
0.006,0.5778947368421052,0.8866610527038574
0.006,0.5907894736842105,0.881120502948761
0.007,0.5907894736842105,0.8810828924179077
0.007,0.5923684210526315,0.8799536824226379
0.008,0.5923684210526315,0.8799287676811218
0.008,0.5976315789473684,0.8780308961868286
0.009,0.5976315789473684,0.8780013918876648
0.009,0.6007894736842105,0.8770148158073425
0.01,0.6007894736842105,0.8769922256469727
0.01,0.6057894736842105,0.8744312524795532
0.012,0.6057894736842105,0.8741096258163452
0.012,0.6086842105263158,0.8731160163879395
0.013,0.6086842105263158,0.8730224967002869
0.013,0.6097368421052631,0.8722656965255737
0.014,0.6097368421052631,0.8722566962242126
0.014,0.6107894736842105,0.8720657229423523
0.015,0.6107894736842105,0.8719570636749268
0.015,0.6136842105263158,0.8706311583518982
0.016,0.6136842105263158,0.8701979517936707
0.016,0.6260526315789474,0.8633344173431396
0.017,0.6260526315789474,0.8631165623664856
0.017,0.6281578947368421,0.8619385957717896
0.018,0.6281578947368421,0.8618876934051514
0.018,0.628421052631579,0.8616500496864319
0.019,0.628421052631579,0.8613659143447876
0.019,0.6305263157894737,0.8606491684913635
0.02,0.6305263157894737,0.8605852723121643
0.02,0.6318421052631579,0.8603830337524414
0.021,0.6318421052631579,0.860346257686615
0.021,0.6342105263157894,0.8585252165794373
0.022,0.6342105263157894,0.8585012555122375
0.022,0.6402631578947369,0.8548994660377502
0.023,0.6402631578947369,0.8548886775970459
0.023,0.6442105263157895,0.8535465598106384
0.024,0.6442105263157895,0.8532863855361938
0.024,0.6447368421052632,0.8528115153312683
0.025,0.6447368421052632,0.8526687622070312
0.025,0.6457894736842106,0.8521326780319214
0.026,0.6457894736842106,0.8520593643188477
0.026,0.6494736842105263,0.8502676486968994
0.027,0.6494736842105263,0.8500643372535706
0.027,0.6597368421052632,0.8438654541969299
0.028,0.6597368421052632,0.843771755695343
0.028,0.6605263157894737,0.8435518741607666
0.029,0.6605263157894737,0.8434563279151917
0.029,0.6673684210526316,0.8400607705116272
0.03,0.6673684210526316,0.8399934768676758
0.03,0.6702631578947369,0.8385046720504761
0.031,0.6702631578947369,0.8384701609611511
0.031,0.6710526315789473,0.8381106853485107
0.032,0.6710526315789473,0.8377748727798462
0.032,0.6721052631578948,0.8376975655555725
0.033,0.6721052631578948,0.8374897837638855
0.033,0.6736842105263158,0.8364957571029663
0.034,0.6736842105263158,0.835943877696991
0.034,0.6773684210526316,0.8341668844223022
0.035,0.6773684210526316,0.8336173295974731
0.035,0.6813157894736842,0.8308563232421875
0.036,0.6813157894736842,0.8306232690811157
0.036,0.6947368421052632,0.8223537802696228
0.037,0.6947368421052632,0.8222570419311523
0.037,0.6973684210526315,0.8200325965881348
0.038,0.6973684210526315,0.8196918964385986
0.038,0.7031578947368421,0.8157598972320557
0.039,0.7031578947368421,0.8156884908676147
0.039,0.7057894736842105,0.8141036033630371
0.04,0.7057894736842105,0.8140087127685547
0.04,0.7092105263157895,0.8120149374008179
0.041,0.7092105263157895,0.8119954466819763
0.041,0.713421052631579,0.8096083402633667
0.042,0.713421052631579,0.8094178438186646
0.042,0.7236842105263158,0.803387463092804
0.043,0.7236842105263158,0.80338054895401
0.043,0.7239473684210527,0.8033666014671326
0.044,0.7239473684210527,0.8033488392829895
0.044,0.7278947368421053,0.8002612590789795
0.045,0.7278947368421053,0.7999451756477356
0.045,0.7397368421052631,0.7935041189193726
0.046,0.7397368421052631,0.7927827835083008
0.046,0.7539473684210526,0.7829496264457703
0.047,0.7539473684210526,0.7828482389450073
0.047,0.7552631578947369,0.7811642289161682
0.048,0.7552631578947369,0.7811468839645386
0.048,0.7555263157894737,0.7810404896736145
0.049,0.7555263157894737,0.7806480526924133
0.049,0.76,0.7768255472183228
0.05,0.76,0.7767642736434937
0.05,0.765,0.7723961472511292
0.051,0.765,0.7721583843231201
0.051,0.7686842105263157,0.7684044241905212
0.052,0.7686842105263157,0.7680334448814392
0.052,0.7723684210526316,0.7651509046554565
0.053,0.7723684210526316,0.765136182308197
0.053,0.7731578947368422,0.7634773254394531
0.054,0.7731578947368422,0.7633991837501526
0.054,0.7734210526315789,0.7631228566169739
0.055,0.7734210526315789,0.7630262970924377
0.055,0.7771052631578947,0.7582700252532959
0.056,0.7771052631578947,0.758131742477417
0.056,0.7807894736842105,0.7554919123649597
0.057,0.7807894736842105,0.7553257942199707
0.057,0.7857894736842105,0.7520672082901001
0.058,0.7857894736842105,0.7515333294868469
0.058,0.786578947368421,0.7505936026573181
0.059,0.786578947368421,0.7504182457923889
0.059,0.7876315789473685,0.7487196922302246
0.061,0.7876315789473685,0.7483561635017395
0.061,0.7886842105263158,0.7467871308326721
0.062,0.7886842105263158,0.7463838458061218
0.062,0.791578947368421,0.7435495257377625
0.064,0.791578947368421,0.7431517839431763
0.064,0.7918421052631579,0.7425464391708374
0.065,0.7918421052631579,0.7423000335693359
0.065,0.7934210526315789,0.7392075061798096
0.066,0.7934210526315789,0.7389144897460938
0.066,0.7939473684210526,0.7381056547164917
0.067,0.7939473684210526,0.7378177642822266
0.067,0.7947368421052632,0.7371184825897217
0.068,0.7947368421052632,0.7370828986167908
0.068,0.7971052631578948,0.7360795140266418
0.069,0.7971052631578948,0.7357394695281982
0.069,0.8036842105263158,0.7278676629066467
0.07,0.8036842105263158,0.7269807457923889
0.07,0.8039473684210526,0.7268114686012268
0.071,0.8039473684210526,0.7266984581947327
0.071,0.8055263157894736,0.724880576133728
0.072,0.8055263157894736,0.724840521812439
0.072,0.8118421052631579,0.7167088389396667
0.073,0.8118421052631579,0.716536283493042
0.073,0.8136842105263158,0.7150006294250488
0.074,0.8136842105263158,0.7143045663833618
0.074,0.815,0.7114142179489136
0.075,0.815,0.709963321685791
0.075,0.8160526315789474,0.7096223831176758
0.076,0.8160526315789474,0.7091926336288452
0.076,0.8163157894736842,0.7080482840538025
0.077,0.8163157894736842,0.7080469727516174
0.077,0.8176315789473684,0.7062763571739197
0.078,0.8176315789473684,0.7061789035797119
0.078,0.8186842105263158,0.7052168250083923
0.079,0.8186842105263158,0.705180287361145
0.079,0.8231578947368421,0.7003557085990906
0.08,0.8231578947368421,0.7000315189361572
0.08,0.8255263157894737,0.6989494562149048
0.081,0.8255263157894737,0.6986376643180847
0.081,0.8586842105263158,0.6552932262420654
0.082,0.8586842105263158,0.6549412608146667
0.082,0.8594736842105263,0.65280681848526
0.083,0.8594736842105263,0.6527161002159119
0.083,0.8678947368421053,0.6401857137680054
0.084,0.8678947368421053,0.640125036239624
0.084,0.8694736842105263,0.6383615732192993
0.085,0.8694736842105263,0.6369994282722473
0.085,0.8739473684210526,0.6311931610107422
0.086,0.8739473684210526,0.6311084628105164
0.086,0.8760526315789474,0.6273899078369141
0.087,0.8760526315789474,0.626650333404541
0.087,0.878421052631579,0.6234782934188843
0.088,0.878421052631579,0.623043417930603
0.088,0.8807894736842106,0.6184805035591125
0.089,0.8807894736842106,0.6173644065856934
0.089,0.881578947368421,0.6157938241958618
0.09,0.881578947368421,0.6156580448150635
0.09,0.8873684210526316,0.6083046793937683
0.091,0.8873684210526316,0.6080896854400635
0.091,0.8889473684210526,0.6065666675567627
0.092,0.8889473684210526,0.6061974763870239
0.092,0.8894736842105263,0.6049473881721497
0.093,0.8894736842105263,0.6049126386642456
0.093,0.8907894736842106,0.5989174842834473
0.094,0.8907894736842106,0.598878026008606
0.094,0.8921052631578947,0.5971464514732361
0.095,0.8921052631578947,0.5951029062271118
0.095,0.8923684210526316,0.5948046445846558
0.096,0.8923684210526316,0.5941550731658936
0.096,0.8936842105263157,0.5920813083648682
0.097,0.8936842105263157,0.5912410616874695
0.097,0.8947368421052632,0.5896257758140564
0.099,0.8947368421052632,0.5893110632896423
0.099,0.8957894736842106,0.5866742730140686
0.1,0.8957894736842106,0.5859640836715698
0.1,0.8960526315789473,0.5846969485282898
0.101,0.8960526315789473,0.5841838121414185
0.101,0.8968421052631579,0.5823878645896912
0.102,0.8968421052631579,0.5823222994804382
0.102,0.8978947368421053,0.5800929069519043
0.103,0.8978947368421053,0.5799996256828308
0.103,0.8997368421052632,0.574088990688324
0.105,0.8997368421052632,0.5737400054931641
0.105,0.9005263157894737,0.5712302923202515
0.106,0.9005263157894737,0.5711368918418884
0.106,0.9023684210526316,0.5675497055053711
0.107,0.9023684210526316,0.5670985579490662
0.107,0.9026315789473685,0.5666676163673401
0.108,0.9026315789473685,0.5656710267066956
0.108,0.9047368421052632,0.560782790184021
0.109,0.9047368421052632,0.5600008964538574
0.109,0.9071052631578947,0.5555395483970642
0.11,0.9071052631578947,0.5543724298477173
0.11,0.9078947368421053,0.5514841675758362
0.113,0.9078947368421053,0.550919771194458
0.113,0.9086842105263158,0.5482117533683777
0.114,0.9086842105263158,0.5475537776947021
0.114,0.9092105263157895,0.544612467288971
0.115,0.9092105263157895,0.5445666909217834
0.115,0.9094736842105263,0.5442601442337036
0.118,0.9094736842105263,0.5431860089302063
0.118,0.9102631578947369,0.5403177738189697
0.119,0.9102631578947369,0.5403133034706116
0.119,0.9105263157894737,0.5390208959579468
0.121,0.9105263157894737,0.5363574624061584
0.121,0.9113157894736842,0.5351627469062805
0.126,0.9113157894736842,0.5302021503448486
0.126,0.9121052631578948,0.5293864607810974
0.13,0.9121052631578948,0.5263128876686096
0.13,0.9128947368421053,0.5245202779769897
0.131,0.9128947368421053,0.5242075324058533
0.131,0.9131578947368421,0.5233142375946045
0.132,0.9131578947368421,0.5227048993110657
0.132,0.9139473684210526,0.521137535572052
0.135,0.9139473684210526,0.5199446678161621
0.135,0.9142105263157895,0.515448272228241
0.136,0.9142105263157895,0.5149949789047241
0.136,0.915,0.5131840109825134
0.137,0.915,0.5122237205505371
0.137,0.9152631578947369,0.5120382308959961
0.138,0.9152631578947369,0.5113887190818787
0.138,0.916578947368421,0.508858323097229
0.139,0.916578947368421,0.5062628984451294
0.139,0.9168421052631579,0.5062215924263
0.141,0.9168421052631579,0.5048291087150574
0.141,0.9173684210526316,0.5021226406097412
0.142,0.9173684210526316,0.5013630986213684
0.142,0.9176315789473685,0.5009508728981018
0.143,0.9176315789473685,0.5008143782615662
0.143,0.9178947368421052,0.5007466673851013
0.145,0.9178947368421052,0.4987272322177887
0.145,0.9181578947368421,0.4978148341178894
0.146,0.9181578947368421,0.49696534872055054
0.146,0.9184210526315789,0.4965455234050751
0.149,0.9184210526315789,0.48992452025413513
0.149,0.9186842105263158,0.4890424609184265
0.15,0.9186842105263158,0.4882347881793976
0.15,0.9189473684210526,0.4864412844181061
0.151,0.9189473684210526,0.48577508330345154
0.151,0.9194736842105263,0.4851241707801819
0.153,0.9194736842105263,0.48475685715675354
0.153,0.9202631578947369,0.4828559458255768
0.154,0.9202631578947369,0.48159319162368774
0.154,0.9207894736842105,0.47834935784339905
0.155,0.9207894736842105,0.47574692964553833
0.155,0.9210526315789473,0.475475013256073
0.156,0.9210526315789473,0.47409069538116455
0.156,0.9213157894736842,0.47394198179244995
0.157,0.9213157894736842,0.4738813638687134
0.157,0.921578947368421,0.4733951687812805
0.158,0.921578947368421,0.472640722990036
0.158,0.9218421052631579,0.4724758267402649
0.161,0.9218421052631579,0.4689900875091553
0.161,0.9228947368421052,0.4625868499279022
0.163,0.9228947368421052,0.46159741282463074
0.163,0.9231578947368421,0.46004578471183777
0.167,0.9231578947368421,0.4589512348175049
0.167,0.9234210526315789,0.456012099981308
0.17,0.9234210526315789,0.45408546924591064
0.17,0.9236842105263158,0.45201361179351807
0.173,0.9236842105263158,0.4483496844768524
0.173,0.9252631578947368,0.4391205608844757
0.176,0.9252631578947368,0.4369344413280487
0.176,0.9255263157894736,0.4364142119884491
0.179,0.9255263157894736,0.434914231300354
0.179,0.9260526315789473,0.4335196316242218
0.181,0.9260526315789473,0.43040037155151367
0.181,0.9263157894736842,0.4259326457977295
0.185,0.9263157894736842,0.4219605624675751
0.185,0.9268421052631579,0.41874048113822937
0.187,0.9268421052631579,0.4166869819164276
0.187,0.9271052631578948,0.41405391693115234
0.19,0.9271052631578948,0.411449670791626
0.19,0.9273684210526316,0.41129136085510254
0.192,0.9273684210526316,0.40334928035736084
0.192,0.9276315789473685,0.40039828419685364
0.193,0.9276315789473685,0.3993111550807953
0.193,0.9278947368421052,0.3985978364944458
0.194,0.9278947368421052,0.39775362610816956
0.194,0.9281578947368421,0.39627689123153687
0.197,0.9281578947368421,0.3936903178691864
0.197,0.9284210526315789,0.3917446434497833
0.203,0.9284210526315789,0.38603049516677856
0.203,0.9289473684210526,0.38450512290000916
0.204,0.9289473684210526,0.378714382648468
0.204,0.9294736842105263,0.3745112419128418
0.21,0.9294736842105263,0.369150847196579
0.21,0.9297368421052632,0.36847633123397827
0.211,0.9297368421052632,0.3666097819805145
0.211,0.9302631578947368,0.3633841574192047
0.212,0.9302631578947368,0.3631111979484558
0.212,0.9305263157894736,0.36209991574287415
0.213,0.9305263157894736,0.3615799844264984
0.213,0.9310526315789474,0.36060842871665955
0.216,0.9310526315789474,0.35856249928474426
0.216,0.9313157894736842,0.35795485973358154
0.217,0.9313157894736842,0.3572681248188019
0.217,0.9315789473684211,0.3568665087223053
0.219,0.9315789473684211,0.3563879132270813
0.219,0.9318421052631579,0.35435131192207336
0.221,0.9318421052631579,0.35279420018196106
0.221,0.9321052631578948,0.35246750712394714
0.222,0.9321052631578948,0.35073912143707275
0.222,0.9326315789473684,0.3491898477077484
0.227,0.9326315789473684,0.34824424982070923
0.227,0.9328947368421052,0.34655794501304626
0.228,0.9328947368421052,0.3461165428161621
0.228,0.9331578947368421,0.3459343910217285
0.229,0.9331578947368421,0.3442644476890564
0.229,0.9334210526315789,0.34386491775512695
0.236,0.9334210526315789,0.336961030960083
0.236,0.9336842105263158,0.3363833427429199
0.241,0.9336842105263158,0.3330517113208771
0.241,0.9357894736842105,0.32321697473526
0.246,0.9357894736842105,0.32110297679901123
0.246,0.9360526315789474,0.3208851218223572
0.249,0.9360526315789474,0.3195330500602722
0.249,0.9363157894736842,0.317756712436676
0.25,0.9363157894736842,0.3172474801540375
0.25,0.9371052631578948,0.3168022930622101
0.258,0.9371052631578948,0.31201180815696716
0.258,0.9373684210526316,0.31175944209098816
0.259,0.9373684210526316,0.3107328712940216
0.259,0.9386842105263158,0.3088887929916382
0.26,0.9386842105263158,0.3088291585445404
0.26,0.9389473684210526,0.306618869304657
0.261,0.9389473684210526,0.3062319755554199
0.261,0.9392105263157895,0.30614784359931946
0.263,0.9392105263157895,0.3047448694705963
0.263,0.9397368421052632,0.30388712882995605
0.268,0.9397368421052632,0.2992991805076599
0.268,0.9402631578947368,0.29726916551589966
0.269,0.9402631578947368,0.2961499094963074
0.269,0.9407894736842105,0.29545873403549194
0.272,0.9407894736842105,0.2940337359905243
0.272,0.9413157894736842,0.2915474474430084
0.279,0.9413157894736842,0.28698012232780457
0.279,0.9421052631578948,0.28547242283821106
0.281,0.9421052631578948,0.28402388095855713
0.281,0.9426315789473684,0.28278815746307373
0.282,0.9426315789473684,0.28196629881858826
0.282,0.9431578947368421,0.2795570492744446
0.283,0.9431578947368421,0.27866488695144653
0.283,0.9434210526315789,0.2776365876197815
0.284,0.9434210526315789,0.2775379717350006
0.284,0.9442105263157895,0.27529531717300415
0.287,0.9442105263157895,0.27101725339889526
0.287,0.9452631578947368,0.2690526843070984
0.288,0.9452631578947368,0.26833778619766235
0.288,0.9455263157894737,0.2680341601371765
0.289,0.9455263157894737,0.2677701413631439
0.289,0.9463157894736842,0.2664918303489685
0.293,0.9463157894736842,0.2646287977695465
0.293,0.9465789473684211,0.2639901041984558
0.295,0.9465789473684211,0.2631981074810028
0.295,0.9471052631578948,0.26282697916030884
0.296,0.9471052631578948,0.26144298911094666
0.296,0.9481578947368421,0.2600748836994171
0.297,0.9481578947368421,0.2598657011985779
0.297,0.9486842105263158,0.25963202118873596
0.299,0.9486842105263158,0.2583653926849365
0.299,0.9492105263157895,0.2567453980445862
0.3,0.9492105263157895,0.25611749291419983
0.3,0.9494736842105264,0.25606244802474976
0.301,0.9494736842105264,0.2547810971736908
0.301,0.9502631578947368,0.25415417551994324
0.304,0.9502631578947368,0.2523442208766937
0.304,0.9505263157894737,0.2522469758987427
0.305,0.9505263157894737,0.25139132142066956
0.305,0.9510526315789474,0.250934898853302
0.306,0.9510526315789474,0.24976995587348938
0.306,0.9521052631578948,0.2467542439699173
0.307,0.9521052631578948,0.24615298211574554
0.307,0.9523684210526315,0.24345844984054565
0.308,0.9523684210526315,0.24331122636795044
0.308,0.9531578947368421,0.24125608801841736
0.309,0.9531578947368421,0.24097946286201477
0.309,0.9539473684210527,0.2406451255083084
0.312,0.9539473684210527,0.23983792960643768
0.312,0.9544736842105264,0.2388668656349182
0.314,0.9544736842105264,0.23824934661388397
0.314,0.9547368421052631,0.2380267083644867
0.315,0.9547368421052631,0.2379799336194992
0.315,0.9571052631578948,0.2350989729166031
0.316,0.9571052631578948,0.2349206954240799
0.316,0.9578947368421052,0.23240865767002106
0.318,0.9578947368421052,0.2311425507068634
0.318,0.9581578947368421,0.23048940300941467
0.319,0.9581578947368421,0.23028287291526794
0.319,0.958421052631579,0.22976616024971008
0.32,0.958421052631579,0.2296980321407318
0.32,0.9586842105263158,0.22960549592971802
0.323,0.9586842105263158,0.22731909155845642
0.323,0.9589473684210527,0.22722798585891724
0.324,0.9589473684210527,0.22715556621551514
0.324,0.9592105263157895,0.22634638845920563
0.332,0.9592105263157895,0.22212336957454681
0.332,0.9597368421052631,0.22181794047355652
0.333,0.9597368421052631,0.22175173461437225
0.333,0.9613157894736842,0.2210683375597
0.335,0.9613157894736842,0.22054047882556915
0.335,0.9615789473684211,0.2201249599456787
0.34,0.9615789473684211,0.21780848503112793
0.34,0.9618421052631579,0.21631594002246857
0.341,0.9618421052631579,0.2153627872467041
0.341,0.963421052631579,0.21365247666835785
0.343,0.963421052631579,0.2129942923784256
0.343,0.9636842105263158,0.2129470705986023
0.345,0.9636842105263158,0.21231934428215027
0.345,0.9639473684210527,0.2122824639081955
0.348,0.9639473684210527,0.21063631772994995
0.348,0.9642105263157895,0.210194930434227
0.351,0.9642105263157895,0.20861953496932983
0.351,0.9644736842105263,0.20670577883720398
0.352,0.9644736842105263,0.2059095799922943
0.352,0.9647368421052631,0.2058912217617035
0.353,0.9647368421052631,0.2057245522737503
0.353,0.965,0.20553945004940033
0.356,0.965,0.20498737692832947
0.356,0.9655263157894737,0.2045930176973343
0.357,0.9655263157894737,0.2043982297182083
0.357,0.9657894736842105,0.2039671242237091
0.361,0.9657894736842105,0.20317496359348297
0.361,0.9663157894736842,0.2022005170583725
0.364,0.9663157894736842,0.2013300657272339
0.364,0.9665789473684211,0.2004987895488739
0.365,0.9665789473684211,0.20030628144741058
0.365,0.9671052631578947,0.19991864264011383
0.366,0.9671052631578947,0.19976530969142914
0.366,0.9678947368421053,0.19873055815696716
0.367,0.9678947368421053,0.19842737913131714
0.367,0.9681578947368421,0.19839225709438324
0.368,0.9681578947368421,0.19828763604164124
0.368,0.968421052631579,0.19775569438934326
0.371,0.968421052631579,0.19696049392223358
0.371,0.9686842105263158,0.19694536924362183
0.373,0.9686842105263158,0.19528469443321228
0.373,0.9689473684210527,0.19523432850837708
0.374,0.9689473684210527,0.195218026638031
0.374,0.9697368421052631,0.19493542611598969
0.376,0.9697368421052631,0.19408303499221802
0.376,0.97,0.19391106069087982
0.379,0.97,0.19320589303970337
0.379,0.9705263157894737,0.19277918338775635
0.383,0.9705263157894737,0.19165773689746857
0.383,0.9707894736842105,0.19149784743785858
0.384,0.9707894736842105,0.19137243926525116
0.384,0.9713157894736842,0.19070333242416382
0.388,0.9713157894736842,0.18971554934978485
0.388,0.9721052631578947,0.1893964260816574
0.401,0.9721052631578947,0.18588225543498993
0.401,0.9723684210526315,0.18573518097400665
0.404,0.9723684210526315,0.18501564860343933
0.404,0.9726315789473684,0.18472658097743988
0.411,0.9726315789473684,0.1832038015127182
0.411,0.9728947368421053,0.18275997042655945
0.412,0.9728947368421053,0.18236233294010162
0.412,0.9731578947368421,0.18233458697795868
0.416,0.9731578947368421,0.18204864859580994
0.416,0.973421052631579,0.18107515573501587
0.417,0.973421052631579,0.18070323765277863
0.417,0.9736842105263158,0.18008902668952942
0.418,0.9736842105263158,0.1800815612077713
0.418,0.9742105263157895,0.17972509562969208
0.419,0.9742105263157895,0.17968013882637024
0.419,0.9744736842105263,0.1795063614845276
0.42,0.9744736842105263,0.1789637804031372
0.42,0.9747368421052631,0.1788751482963562
0.421,0.9747368421052631,0.17817699909210205
0.421,0.975,0.17813776433467865
0.423,0.975,0.177989199757576
0.423,0.9755263157894737,0.17758391797542572
0.424,0.9755263157894737,0.1773759126663208
0.424,0.9760526315789474,0.17672699689865112
0.427,0.9760526315789474,0.17588332295417786
0.427,0.9763157894736842,0.1757967174053192
0.43,0.9763157894736842,0.17546719312667847
0.43,0.9765789473684211,0.17533597350120544
0.436,0.9765789473684211,0.17401818931102753
0.436,0.9771052631578947,0.1736687868833542
0.437,0.9771052631578947,0.1736045479774475
0.437,0.9776315789473684,0.17355765402317047
0.439,0.9776315789473684,0.1735154241323471
0.439,0.9778947368421053,0.17324219644069672
0.441,0.9778947368421053,0.17317739129066467
0.441,0.9781578947368421,0.17314867675304413
0.442,0.9781578947368421,0.17301087081432343
0.442,0.978421052631579,0.17203061282634735
0.448,0.978421052631579,0.16974025964736938
0.448,0.9786842105263158,0.1695084273815155
0.45,0.9786842105263158,0.1689470410346985
0.45,0.9792105263157894,0.16823412477970123
0.451,0.9792105263157894,0.16773173213005066
0.451,0.9794736842105263,0.16724851727485657
0.461,0.9794736842105263,0.16610227525234222
0.461,0.98,0.16589461266994476
0.462,0.98,0.1658092588186264
0.462,0.9805263157894737,0.16537722945213318
0.467,0.9805263157894737,0.16383670270442963
0.467,0.9813157894736843,0.162960946559906
0.472,0.9813157894736843,0.16176797449588776
0.472,0.9818421052631578,0.16172747313976288
0.474,0.9818421052631578,0.16161729395389557
0.474,0.9821052631578947,0.1615593582391739
0.48,0.9821052631578947,0.16016507148742676
0.48,0.9823684210526316,0.1600557416677475
0.481,0.9823684210526316,0.160045325756073
0.481,0.9826315789473684,0.15978391468524933
0.483,0.9826315789473684,0.1591661423444748
0.483,0.9828947368421053,0.1590796411037445
0.484,0.9828947368421053,0.1587343066930771
0.484,0.9831578947368421,0.15805242955684662
0.486,0.9831578947368421,0.1579599827528
0.486,0.983421052631579,0.15780046582221985
0.487,0.983421052631579,0.15773549675941467
0.487,0.9836842105263158,0.15732160210609436
0.489,0.9836842105263158,0.15704262256622314
0.489,0.9839473684210527,0.15691658854484558
0.503,0.9839473684210527,0.15311208367347717
0.503,0.9844736842105263,0.15295107662677765
0.505,0.9844736842105263,0.1528451293706894
0.505,0.985,0.15213322639465332
0.506,0.985,0.1515270620584488
0.506,0.9855263157894737,0.1513366401195526
0.511,0.9855263157894737,0.15037913620471954
0.511,0.9860526315789474,0.15002110600471497
0.512,0.9860526315789474,0.14982002973556519
0.512,0.9863157894736843,0.14971506595611572
0.514,0.9863157894736843,0.14910700917243958
0.514,0.9871052631578947,0.14860881865024567
0.516,0.9871052631578947,0.14855849742889404
0.516,0.9876315789473684,0.14821726083755493
0.517,0.9876315789473684,0.14737069606781006
0.517,0.988421052631579,0.1469854712486267
0.522,0.988421052631579,0.14565478265285492
0.522,0.9886842105263158,0.1454286426305771
0.524,0.9886842105263158,0.14505170285701752
0.524,0.9889473684210527,0.14461123943328857
0.525,0.9889473684210527,0.1445840746164322
0.525,0.9894736842105263,0.14384689927101135
0.526,0.9894736842105263,0.14300960302352905
0.526,0.99,0.14280417561531067
0.528,0.99,0.1425054967403412
0.528,0.9902631578947368,0.14249886572360992
0.53,0.9902631578947368,0.14231450855731964
0.53,0.9905263157894737,0.140925794839859
0.535,0.9905263157894737,0.13997669517993927
0.535,0.9907894736842106,0.13979795575141907
0.539,0.9907894736842106,0.13954564929008484
0.539,0.9910526315789474,0.1395339071750641
0.543,0.9910526315789474,0.13900241255760193
0.543,0.991578947368421,0.13799069821834564
0.545,0.991578947368421,0.1376141607761383
0.545,0.9918421052631579,0.137316033244133
0.55,0.9918421052631579,0.13537117838859558
0.55,0.9921052631578947,0.1352485567331314
0.553,0.9921052631578947,0.13460053503513336
0.553,0.9923684210526316,0.13405771553516388
0.555,0.9923684210526316,0.13368095457553864
0.555,0.9926315789473684,0.13336241245269775
0.557,0.9926315789473684,0.13233523070812225
0.557,0.9931578947368421,0.1321292668581009
0.559,0.9931578947368421,0.13188742101192474
0.559,0.9942105263157894,0.1308606117963791
0.56,0.9942105263157894,0.1307072788476944
0.56,0.9944736842105263,0.12999838590621948
0.57,0.9944736842105263,0.12646009027957916
0.57,0.9947368421052631,0.12643548846244812
0.579,0.9947368421052631,0.12446808069944382
0.579,0.9952631578947368,0.12427650392055511
0.583,0.9952631578947368,0.12299428880214691
0.583,0.9955263157894737,0.12225241959095001
0.584,0.9955263157894737,0.12224509567022324
0.584,0.9957894736842106,0.12198988348245621
0.585,0.9957894736842106,0.12193728238344193
0.585,0.9963157894736843,0.12164505571126938
0.586,0.9963157894736843,0.12132799625396729
0.586,0.996578947368421,0.12088309973478317
0.588,0.996578947368421,0.12016725540161133
0.588,0.9968421052631579,0.11970774084329605
0.594,0.9968421052631579,0.11871014535427094
0.594,0.9971052631578947,0.11847526580095291
0.596,0.9971052631578947,0.11819249391555786
0.596,0.9973684210526316,0.11803951114416122
0.609,0.9973684210526316,0.11322738975286484
0.609,0.9978947368421053,0.11281238496303558
0.611,0.9978947368421053,0.11222895234823227
0.611,0.9981578947368421,0.11198458075523376
0.617,0.9981578947368421,0.1107344776391983
0.617,0.998421052631579,0.11049091070890427
0.621,0.998421052631579,0.10912905633449554
0.621,0.9986842105263158,0.1086687296628952
0.622,0.9986842105263158,0.10865240544080734
0.622,0.9992105263157894,0.10733525454998016
0.624,0.9992105263157894,0.10697203129529953
0.624,0.9994736842105263,0.10689453035593033
0.636,0.9994736842105263,0.1042286828160286
0.636,0.9997368421052631,0.10309172421693802
0.645,0.9997368421052631,0.10035119205713272
0.645,1.0,0.1002165749669075
1.0,1.0,0.0043050856329500675
