FPR,TPR,Threshold
0.0,0.0,1.963793396949768
0.0,0.0009615384615384616,0.9637933969497681
0.0,0.022115384615384617,0.9353257417678833
0.0007352941176470588,0.022115384615384617,0.9346458315849304
0.0007352941176470588,0.02403846153846154,0.9327640533447266
0.0014705882352941176,0.02403846153846154,0.932063639163971
0.0014705882352941176,0.03653846153846154,0.9255788326263428
0.0029411764705882353,0.03653846153846154,0.9223977327346802
0.0029411764705882353,0.041346153846153845,0.9188647270202637
0.004411764705882353,0.041346153846153845,0.9152141213417053
0.004411764705882353,0.04326923076923077,0.9146798849105835
0.005147058823529412,0.04326923076923077,0.9142758846282959
0.005147058823529412,0.04423076923076923,0.9140898585319519
0.0058823529411764705,0.04423076923076923,0.9139139652252197
0.0058823529411764705,0.04519230769230769,0.9132907390594482
0.007352941176470588,0.04519230769230769,0.91220623254776
0.007352941176470588,0.047115384615384615,0.9112275838851929
0.008088235294117648,0.047115384615384615,0.9112178683280945
0.008088235294117648,0.051923076923076926,0.9080794453620911
0.008823529411764706,0.051923076923076926,0.9074440002441406
0.008823529411764706,0.052884615384615384,0.9071223139762878
0.009558823529411765,0.052884615384615384,0.9067663550376892
0.009558823529411765,0.05480769230769231,0.9058566093444824
0.010294117647058823,0.05480769230769231,0.9057438373565674
0.010294117647058823,0.06538461538461539,0.8970615267753601
0.011029411764705883,0.06538461538461539,0.8965051770210266
0.011029411764705883,0.075,0.8903949856758118
0.011764705882352941,0.075,0.8898825645446777
0.011764705882352941,0.08846153846153847,0.8820902109146118
0.0125,0.08846153846153847,0.8811250329017639
0.0125,0.09326923076923077,0.8780860304832458
0.013235294117647059,0.09326923076923077,0.8780819177627563
0.013235294117647059,0.10288461538461538,0.8722371459007263
0.013970588235294118,0.10288461538461538,0.871909499168396
0.013970588235294118,0.10576923076923077,0.870769739151001
0.014705882352941176,0.10576923076923077,0.8703966736793518
0.014705882352941176,0.11730769230769231,0.8640066981315613
0.016176470588235296,0.11730769230769231,0.8632804155349731
0.016176470588235296,0.12307692307692308,0.8609176278114319
0.01764705882352941,0.12307692307692308,0.8604416251182556
0.01764705882352941,0.1423076923076923,0.846470832824707
0.01838235294117647,0.1423076923076923,0.8453539609909058
0.01838235294117647,0.15673076923076923,0.8374605774879456
0.01911764705882353,0.15673076923076923,0.8369761109352112
0.01911764705882353,0.1625,0.8339011669158936
0.019852941176470587,0.1625,0.8331396579742432
0.019852941176470587,0.16346153846153846,0.8327993750572205
0.020588235294117647,0.16346153846153846,0.8320319652557373
0.020588235294117647,0.16442307692307692,0.830095112323761
0.021323529411764706,0.16442307692307692,0.828718364238739
0.021323529411764706,0.175,0.825450599193573
0.022058823529411766,0.175,0.825075626373291
0.022058823529411766,0.19038461538461537,0.8181310892105103
0.022794117647058822,0.19038461538461537,0.8169476389884949
0.022794117647058822,0.20096153846153847,0.8113109469413757
0.023529411764705882,0.20096153846153847,0.8112065196037292
0.023529411764705882,0.2173076923076923,0.8016210198402405
0.02426470588235294,0.2173076923076923,0.8001828789710999
0.02426470588235294,0.22788461538461538,0.795914888381958
0.025,0.22788461538461538,0.7956519722938538
0.025,0.23557692307692307,0.7909397482872009
0.025735294117647058,0.23557692307692307,0.7906935214996338
0.025735294117647058,0.23653846153846153,0.789505124092102
0.026470588235294117,0.23653846153846153,0.788868248462677
0.026470588235294117,0.24423076923076922,0.7811378240585327
0.027205882352941177,0.24423076923076922,0.780828058719635
0.027205882352941177,0.24519230769230768,0.7805268168449402
0.027941176470588237,0.24519230769230768,0.7802894115447998
0.027941176470588237,0.2528846153846154,0.7765260934829712
0.028676470588235293,0.2528846153846154,0.7757200002670288
0.028676470588235293,0.25576923076923075,0.7753984332084656
0.029411764705882353,0.25576923076923075,0.77527916431427
0.029411764705882353,0.25769230769230766,0.7743477821350098
0.030882352941176472,0.25769230769230766,0.7732760310173035
0.030882352941176472,0.2673076923076923,0.7665886878967285
0.03161764705882353,0.2673076923076923,0.7659987211227417
0.03161764705882353,0.27307692307692305,0.763862133026123
0.03235294117647059,0.27307692307692305,0.7634260058403015
0.03235294117647059,0.28557692307692306,0.7581576108932495
0.03308823529411765,0.28557692307692306,0.7572638392448425
0.03308823529411765,0.28846153846153844,0.7545369267463684
0.033823529411764704,0.28846153846153844,0.754156768321991
0.033823529411764704,0.28942307692307695,0.7539111375808716
0.03455882352941177,0.28942307692307695,0.7537471055984497
0.03455882352941177,0.2903846153846154,0.7535746693611145
0.03602941176470588,0.2903846153846154,0.752518892288208
0.03602941176470588,0.2980769230769231,0.7470026612281799
0.0375,0.2980769230769231,0.7464703321456909
0.0375,0.30288461538461536,0.7438465356826782
0.03823529411764706,0.30288461538461536,0.7438021302223206
0.03823529411764706,0.3076923076923077,0.7424155473709106
0.03897058823529412,0.3076923076923077,0.7423266172409058
0.03897058823529412,0.3105769230769231,0.7399649620056152
0.039705882352941174,0.3105769230769231,0.7399182319641113
0.039705882352941174,0.31153846153846154,0.7396306991577148
0.04044117647058824,0.31153846153846154,0.7389341592788696
0.04044117647058824,0.3125,0.7387094497680664
0.04264705882352941,0.3125,0.7373971939086914
0.04264705882352941,0.31346153846153846,0.7372853755950928
0.04338235294117647,0.31346153846153846,0.737122654914856
0.04338235294117647,0.3144230769230769,0.7369110584259033
0.04411764705882353,0.3144230769230769,0.7368990778923035
0.04411764705882353,0.3153846153846154,0.7366856336593628
0.04485294117647059,0.3153846153846154,0.7363561987876892
0.04485294117647059,0.31634615384615383,0.7360095977783203
0.045588235294117645,0.31634615384615383,0.7359903454780579
0.045588235294117645,0.3173076923076923,0.7358615398406982
0.04632352941176471,0.3173076923076923,0.7355973720550537
0.04632352941176471,0.31826923076923075,0.7351399660110474
0.047058823529411764,0.31826923076923075,0.734805703163147
0.047058823529411764,0.33076923076923076,0.7289708256721497
0.04779411764705882,0.33076923076923076,0.7271370887756348
0.04779411764705882,0.33365384615384613,0.7257106900215149
0.04852941176470588,0.33365384615384613,0.7257015705108643
0.04852941176470588,0.3346153846153846,0.7256244421005249
0.04926470588235294,0.3346153846153846,0.7252437472343445
0.04926470588235294,0.33653846153846156,0.7251140475273132
0.05,0.33653846153846156,0.7241706252098083
0.05,0.33942307692307694,0.7235947847366333
0.05073529411764706,0.33942307692307694,0.7232195734977722
0.05073529411764706,0.34134615384615385,0.7230268716812134
0.051470588235294115,0.34134615384615385,0.7227240800857544
0.051470588235294115,0.3471153846153846,0.7208625078201294
0.05220588235294118,0.3471153846153846,0.7207884788513184
0.05220588235294118,0.35,0.7194234132766724
0.052941176470588235,0.35,0.7193872928619385
0.052941176470588235,0.35096153846153844,0.7185288667678833
0.05514705882352941,0.35096153846153844,0.7161971926689148
0.05514705882352941,0.3548076923076923,0.7135670185089111
0.05661764705882353,0.3548076923076923,0.7132700085639954
0.05661764705882353,0.3596153846153846,0.7125517725944519
0.057352941176470586,0.3596153846153846,0.7125346660614014
0.057352941176470586,0.3644230769230769,0.7110571265220642
0.05808823529411765,0.3644230769230769,0.7102211713790894
0.05808823529411765,0.3701923076923077,0.7087438106536865
0.058823529411764705,0.3701923076923077,0.7084671854972839
0.058823529411764705,0.3721153846153846,0.70742267370224
0.060294117647058824,0.3721153846153846,0.7068185210227966
0.060294117647058824,0.3730769230769231,0.7066668272018433
0.061764705882352944,0.3730769230769231,0.7057660222053528
0.061764705882352944,0.3769230769230769,0.7049943208694458
0.0625,0.3769230769230769,0.7046493291854858
0.0625,0.3778846153846154,0.7044984102249146
0.06323529411764706,0.3778846153846154,0.7031781077384949
0.06323529411764706,0.3836538461538462,0.7003967761993408
0.06470588235294118,0.3836538461538462,0.6998280882835388
0.06470588235294118,0.38461538461538464,0.6994934678077698
0.0661764705882353,0.38461538461538464,0.6992237567901611
0.0661764705882353,0.3875,0.6983069777488708
0.06838235294117648,0.3875,0.6974805593490601
0.06838235294117648,0.3894230769230769,0.6964987516403198
0.07058823529411765,0.3894230769230769,0.6959632039070129
0.07058823529411765,0.39134615384615384,0.6953538656234741
0.0713235294117647,0.39134615384615384,0.694420337677002
0.0713235294117647,0.3923076923076923,0.6941295266151428
0.07205882352941176,0.3923076923076923,0.6936454772949219
0.07205882352941176,0.39615384615384613,0.6920095086097717
0.07279411764705883,0.39615384615384613,0.6919289827346802
0.07279411764705883,0.3971153846153846,0.6919112801551819
0.07352941176470588,0.3971153846153846,0.6910461187362671
0.07352941176470588,0.39807692307692305,0.6910344362258911
0.07426470588235294,0.39807692307692305,0.6909834742546082
0.07426470588235294,0.4,0.6906459331512451
0.075,0.4,0.6902870535850525
0.075,0.4009615384615385,0.6898992657661438
0.07573529411764705,0.4009615384615385,0.6887591481208801
0.07573529411764705,0.40192307692307694,0.68873530626297
0.07647058823529412,0.40192307692307694,0.6886578798294067
0.07647058823529412,0.40384615384615385,0.6881471872329712
0.07867647058823529,0.40384615384615385,0.6875311732292175
0.07867647058823529,0.4048076923076923,0.6871214509010315
0.07941176470588235,0.4048076923076923,0.6868096590042114
0.07941176470588235,0.40673076923076923,0.6865006685256958
0.08014705882352942,0.40673076923076923,0.6863488554954529
0.08014705882352942,0.40865384615384615,0.6853973269462585
0.08161764705882353,0.40865384615384615,0.6848251819610596
0.08161764705882353,0.4115384615384615,0.684058666229248
0.08235294117647059,0.4115384615384615,0.6831309795379639
0.08235294117647059,0.41346153846153844,0.6829470992088318
0.08308823529411764,0.41346153846153844,0.6828467845916748
0.08308823529411764,0.41442307692307695,0.6827760338783264
0.0838235294117647,0.41442307692307695,0.6825217008590698
0.0838235294117647,0.4153846153846154,0.6819983720779419
0.08455882352941177,0.4153846153846154,0.6816230416297913
0.08455882352941177,0.4182692307692308,0.6811125874519348
0.08676470588235294,0.4182692307692308,0.6804384589195251
0.08676470588235294,0.41923076923076924,0.6802183985710144
0.08823529411764706,0.41923076923076924,0.6800370812416077
0.08823529411764706,0.42403846153846153,0.6793304085731506
0.08897058823529412,0.42403846153846153,0.6790797114372253
0.08897058823529412,0.4288461538461538,0.6771535873413086
0.08970588235294118,0.4288461538461538,0.6769176721572876
0.08970588235294118,0.43365384615384617,0.6756948232650757
0.09044117647058823,0.43365384615384617,0.6746221780776978
0.09044117647058823,0.4375,0.673381507396698
0.09411764705882353,0.4375,0.6719995737075806
0.09411764705882353,0.4423076923076923,0.669111430644989
0.09485294117647058,0.4423076923076923,0.6691073179244995
0.09485294117647058,0.44326923076923075,0.6690897941589355
0.09558823529411764,0.44326923076923075,0.6684381365776062
0.09558823529411764,0.44519230769230766,0.6678739786148071
0.09632352941176471,0.44519230769230766,0.6676086187362671
0.09632352941176471,0.45096153846153847,0.6647502183914185
0.09705882352941177,0.45096153846153847,0.6639955639839172
0.09705882352941177,0.45384615384615384,0.6629873514175415
0.09926470588235294,0.45384615384615384,0.662216305732727
0.09926470588235294,0.4548076923076923,0.6619606614112854
0.1,0.4548076923076923,0.6614850759506226
0.1,0.4576923076923077,0.660438060760498
0.10073529411764706,0.4576923076923077,0.6600049734115601
0.10073529411764706,0.45865384615384613,0.659626841545105
0.10147058823529412,0.45865384615384613,0.6595732569694519
0.10147058823529412,0.46057692307692305,0.6592350602149963
0.10441176470588236,0.46057692307692305,0.6585994958877563
0.10441176470588236,0.4625,0.657364547252655
0.10514705882352941,0.4625,0.6569033265113831
0.10514705882352941,0.46442307692307694,0.6567456722259521
0.10588235294117647,0.46442307692307694,0.6559203863143921
0.10588235294117647,0.46634615384615385,0.6552747488021851
0.10661764705882353,0.46634615384615385,0.6551305055618286
0.10661764705882353,0.4673076923076923,0.6548927426338196
0.10882352941176471,0.4673076923076923,0.6539707183837891
0.10882352941176471,0.4701923076923077,0.6534159183502197
0.10955882352941176,0.4701923076923077,0.6527993083000183
0.10955882352941176,0.4721153846153846,0.652662456035614
0.11029411764705882,0.4721153846153846,0.6524328589439392
0.11029411764705882,0.4740384615384615,0.6515085101127625
0.11102941176470588,0.4740384615384615,0.6513208150863647
0.11102941176470588,0.4778846153846154,0.6497458219528198
0.1125,0.4778846153846154,0.6488403081893921
0.1125,0.47884615384615387,0.6487061381340027
0.11323529411764706,0.47884615384615387,0.6487060785293579
0.11323529411764706,0.4798076923076923,0.6485065221786499
0.11397058823529412,0.4798076923076923,0.6484203934669495
0.11397058823529412,0.4807692307692308,0.6483597755432129
0.11470588235294117,0.4807692307692308,0.6483326554298401
0.11470588235294117,0.4826923076923077,0.6479765772819519
0.1161764705882353,0.4826923076923077,0.6473822593688965
0.1161764705882353,0.4855769230769231,0.646746814250946
0.11838235294117647,0.4855769230769231,0.6452999711036682
0.11838235294117647,0.48653846153846153,0.6451370120048523
0.1213235294117647,0.48653846153846153,0.6442506909370422
0.1213235294117647,0.4913461538461538,0.6430773735046387
0.12205882352941176,0.4913461538461538,0.6429212093353271
0.12205882352941176,0.4980769230769231,0.6411718726158142
0.12279411764705882,0.4980769230769231,0.6411467790603638
0.12279411764705882,0.5028846153846154,0.6397409439086914
0.125,0.5028846153846154,0.6384605765342712
0.125,0.5038461538461538,0.6377450227737427
0.1264705882352941,0.5038461538461538,0.6372606158256531
0.1264705882352941,0.5057692307692307,0.6365436911582947
0.12720588235294117,0.5057692307692307,0.6364954710006714
0.12720588235294117,0.5067307692307692,0.6361337900161743
0.12794117647058822,0.5067307692307692,0.6360177993774414
0.12794117647058822,0.5076923076923077,0.6359511017799377
0.12941176470588237,0.5076923076923077,0.6345274448394775
0.12941176470588237,0.510576923076923,0.6338754296302795
0.13014705882352942,0.510576923076923,0.6334128975868225
0.13014705882352942,0.5173076923076924,0.6319077610969543
0.13088235294117648,0.5173076923076924,0.6317920684814453
0.13088235294117648,0.5221153846153846,0.6310829520225525
0.1323529411764706,0.5221153846153846,0.6307202577590942
0.1323529411764706,0.5230769230769231,0.6302070617675781
0.1338235294117647,0.5230769230769231,0.6294941902160645
0.1338235294117647,0.5259615384615385,0.6283969879150391
0.13602941176470587,0.5259615384615385,0.6272531151771545
0.13602941176470587,0.5269230769230769,0.6272295117378235
0.1375,0.5269230769230769,0.6269213557243347
0.1375,0.5278846153846154,0.626786470413208
0.13823529411764707,0.5278846153846154,0.6267262697219849
0.13823529411764707,0.5288461538461539,0.6262544989585876
0.13897058823529412,0.5288461538461539,0.6258962154388428
0.13897058823529412,0.5298076923076923,0.6257793307304382
0.13970588235294118,0.5298076923076923,0.6255778670310974
0.13970588235294118,0.5317307692307692,0.6252423524856567
0.1411764705882353,0.5317307692307692,0.6243879199028015
0.1411764705882353,0.5346153846153846,0.6241613030433655
0.14191176470588235,0.5346153846153846,0.6236298084259033
0.14191176470588235,0.5355769230769231,0.6236273050308228
0.1426470588235294,0.5355769230769231,0.6231140494346619
0.1426470588235294,0.5384615384615384,0.6217831969261169
0.14338235294117646,0.5384615384615384,0.6217353343963623
0.14338235294117646,0.5394230769230769,0.6213800311088562
0.14411764705882352,0.5394230769230769,0.621267557144165
0.14411764705882352,0.5423076923076923,0.6209288239479065
0.1463235294117647,0.5423076923076923,0.620000958442688
0.1463235294117647,0.5471153846153847,0.6166952252388
0.14926470588235294,0.5471153846153847,0.6156734824180603
0.14926470588235294,0.5480769230769231,0.6154606342315674
0.15,0.5480769230769231,0.615342378616333
0.15,0.55,0.61485755443573
0.15073529411764705,0.55,0.6138740181922913
0.15073529411764705,0.5528846153846154,0.6128090620040894
0.15294117647058825,0.5528846153846154,0.6111789345741272
0.15294117647058825,0.5548076923076923,0.6105244159698486
0.1536764705882353,0.5548076923076923,0.6104919910430908
0.1536764705882353,0.5567307692307693,0.6104022860527039
0.15441176470588236,0.5567307692307693,0.6101353764533997
0.15441176470588236,0.5596153846153846,0.6098805665969849
0.15514705882352942,0.5596153846153846,0.6095818281173706
0.15514705882352942,0.5605769230769231,0.6091311573982239
0.15588235294117647,0.5605769230769231,0.6091240644454956
0.15588235294117647,0.5615384615384615,0.6090489029884338
0.15735294117647058,0.5615384615384615,0.6084274649620056
0.15735294117647058,0.5634615384615385,0.6077648401260376
0.15955882352941175,0.5634615384615385,0.6069446206092834
0.15955882352941175,0.5644230769230769,0.6068544983863831
0.16029411764705884,0.5644230769230769,0.6067005395889282
0.16029411764705884,0.5682692307692307,0.6056072115898132
0.16176470588235295,0.5682692307692307,0.6049955487251282
0.16176470588235295,0.5692307692307692,0.604919970035553
0.1625,0.5692307692307692,0.6046326756477356
0.1625,0.5721153846153846,0.6044162511825562
0.16397058823529412,0.5721153846153846,0.6026557683944702
0.16397058823529412,0.573076923076923,0.6025667786598206
0.16470588235294117,0.573076923076923,0.6021409034729004
0.16470588235294117,0.575,0.6020409464836121
0.16544117647058823,0.575,0.6018475890159607
0.16544117647058823,0.5759615384615384,0.6017608046531677
0.1661764705882353,0.5759615384615384,0.6015633940696716
0.1661764705882353,0.5778846153846153,0.6013693809509277
0.16911764705882354,0.5778846153846153,0.599867045879364
0.16911764705882354,0.5798076923076924,0.5997182726860046
0.1698529411764706,0.5798076923076924,0.5994538068771362
0.1698529411764706,0.5836538461538462,0.5980843901634216
0.17205882352941176,0.5836538461538462,0.5971074104309082
0.17205882352941176,0.5865384615384616,0.596104085445404
0.17352941176470588,0.5865384615384616,0.5949552059173584
0.17352941176470588,0.5894230769230769,0.5934742093086243
0.17426470588235293,0.5894230769230769,0.5933374166488647
0.17426470588235293,0.5913461538461539,0.5931439995765686
0.175,0.5913461538461539,0.5930558443069458
0.175,0.5923076923076923,0.5929388999938965
0.17573529411764705,0.5923076923076923,0.5920258164405823
0.17573529411764705,0.5932692307692308,0.5919178128242493
0.17647058823529413,0.5932692307692308,0.5917277336120605
0.17647058823529413,0.5951923076923077,0.5915713310241699
0.17794117647058824,0.5951923076923077,0.5913688540458679
0.17794117647058824,0.6,0.5890809297561646
0.17941176470588235,0.6,0.5886451005935669
0.17941176470588235,0.6076923076923076,0.5872064828872681
0.18235294117647058,0.6076923076923076,0.586137056350708
0.18235294117647058,0.6096153846153847,0.5859235525131226
0.18308823529411763,0.6096153846153847,0.5859127640724182
0.18308823529411763,0.6115384615384616,0.5857188701629639
0.18382352941176472,0.6115384615384616,0.58465176820755
0.18382352941176472,0.6125,0.5842929482460022
0.18823529411764706,0.6125,0.5822618007659912
0.18823529411764706,0.6134615384615385,0.5819109678268433
0.1889705882352941,0.6134615384615385,0.5813743472099304
0.1889705882352941,0.614423076923077,0.5813581347465515
0.18970588235294117,0.614423076923077,0.580577552318573
0.18970588235294117,0.6163461538461539,0.5804701447486877
0.19044117647058822,0.6163461538461539,0.5804110169410706
0.19044117647058822,0.6192307692307693,0.5797220468521118
0.19191176470588237,0.6192307692307693,0.5792388916015625
0.19191176470588237,0.6221153846153846,0.5786978602409363
0.19264705882352942,0.6221153846153846,0.5782331228256226
0.19264705882352942,0.6269230769230769,0.5762665867805481
0.19338235294117648,0.6269230769230769,0.5762643218040466
0.19338235294117648,0.6278846153846154,0.5759342312812805
0.19411764705882353,0.6278846153846154,0.5755679607391357
0.19411764705882353,0.6298076923076923,0.5746048092842102
0.1948529411764706,0.6298076923076923,0.5738639235496521
0.1948529411764706,0.6307692307692307,0.5728397369384766
0.1963235294117647,0.6307692307692307,0.5725316405296326
0.1963235294117647,0.6326923076923077,0.5718705058097839
0.2,0.6326923076923077,0.5711047053337097
0.2,0.6336538461538461,0.5710751414299011
0.20073529411764707,0.6336538461538461,0.5708686709403992
0.20073529411764707,0.6375,0.5687057971954346
0.20220588235294118,0.6375,0.5671603083610535
0.20220588235294118,0.6394230769230769,0.5654598474502563
0.20294117647058824,0.6394230769230769,0.5652117729187012
0.20294117647058824,0.6471153846153846,0.5626502633094788
0.20441176470588235,0.6471153846153846,0.562421441078186
0.20441176470588235,0.6480769230769231,0.5621440410614014
0.20588235294117646,0.6480769230769231,0.5619269609451294
0.20588235294117646,0.65,0.5610407590866089
0.20661764705882352,0.65,0.5600481629371643
0.20661764705882352,0.6519230769230769,0.5595303773880005
0.2073529411764706,0.6519230769230769,0.5594549179077148
0.2073529411764706,0.6548076923076923,0.5590217709541321
0.2088235294117647,0.6548076923076923,0.5580844283103943
0.2088235294117647,0.6576923076923077,0.5562799572944641
0.20955882352941177,0.6576923076923077,0.5552478432655334
0.20955882352941177,0.6634615384615384,0.5533968210220337
0.21029411764705883,0.6634615384615384,0.5528344511985779
0.21029411764705883,0.6644230769230769,0.5526772737503052
0.21176470588235294,0.6644230769230769,0.5525383949279785
0.21176470588235294,0.6653846153846154,0.552455484867096
0.2125,0.6653846153846154,0.5524309873580933
0.2125,0.6682692307692307,0.5512980818748474
0.2139705882352941,0.6682692307692307,0.5504593253135681
0.2139705882352941,0.6701923076923076,0.5495736598968506
0.21544117647058825,0.6701923076923076,0.5485808253288269
0.21544117647058825,0.6711538461538461,0.5482919812202454
0.2161764705882353,0.6711538461538461,0.5469649434089661
0.2161764705882353,0.6778846153846154,0.5461100339889526
0.21838235294117647,0.6778846153846154,0.545309841632843
0.21838235294117647,0.6798076923076923,0.5443613529205322
0.21985294117647058,0.6798076923076923,0.5436232089996338
0.21985294117647058,0.6826923076923077,0.543541669845581
0.22058823529411764,0.6826923076923077,0.543323814868927
0.22058823529411764,0.6836538461538462,0.5432782173156738
0.2213235294117647,0.6836538461538462,0.5426610708236694
0.2213235294117647,0.6846153846153846,0.5423639416694641
0.22279411764705884,0.6846153846153846,0.5407148599624634
0.22279411764705884,0.6865384615384615,0.5402011871337891
0.2235294117647059,0.6865384615384615,0.5398425459861755
0.2235294117647059,0.6875,0.5397376418113708
0.225,0.6875,0.5386682152748108
0.225,0.6894230769230769,0.537666916847229
0.22573529411764706,0.6894230769230769,0.5375757217407227
0.22573529411764706,0.6923076923076923,0.5372434258460999
0.22794117647058823,0.6923076923076923,0.5357751250267029
0.22794117647058823,0.6932692307692307,0.5357508063316345
0.2301470588235294,0.6932692307692307,0.5355786681175232
0.2301470588235294,0.698076923076923,0.535120964050293
0.23088235294117648,0.698076923076923,0.5350650548934937
0.23088235294117648,0.7,0.5341845750808716
0.2338235294117647,0.7,0.5330663919448853
0.2338235294117647,0.7019230769230769,0.5322971343994141
0.23455882352941176,0.7019230769230769,0.5318488478660583
0.23455882352941176,0.7038461538461539,0.5306866765022278
0.23529411764705882,0.7038461538461539,0.5301400423049927
0.23529411764705882,0.7057692307692308,0.5298706293106079
0.23602941176470588,0.7057692307692308,0.5297435522079468
0.23602941176470588,0.7134615384615385,0.5268776416778564
0.23676470588235293,0.7134615384615385,0.526783287525177
0.23676470588235293,0.7144230769230769,0.5256932973861694
0.23823529411764705,0.7144230769230769,0.5245075821876526
0.23823529411764705,0.7153846153846154,0.5241642594337463
0.23897058823529413,0.7153846153846154,0.5236524343490601
0.23897058823529413,0.7163461538461539,0.5236322283744812
0.23970588235294119,0.7163461538461539,0.5235849022865295
0.23970588235294119,0.7182692307692308,0.523331344127655
0.24044117647058824,0.7182692307692308,0.5223429799079895
0.24044117647058824,0.7201923076923077,0.521666407585144
0.2411764705882353,0.7201923076923077,0.520635187625885
0.2411764705882353,0.7230769230769231,0.5202459096908569
0.2426470588235294,0.7230769230769231,0.5199335217475891
0.2426470588235294,0.7240384615384615,0.5198290348052979
0.24338235294117647,0.7240384615384615,0.519559919834137
0.24338235294117647,0.725,0.5193988680839539
0.24411764705882352,0.725,0.519341766834259
0.24411764705882352,0.7259615384615384,0.5191115736961365
0.24779411764705883,0.7259615384615384,0.5171661972999573
0.24779411764705883,0.7269230769230769,0.5169087648391724
0.24926470588235294,0.7269230769230769,0.5165027976036072
0.24926470588235294,0.7307692307692307,0.5146483182907104
0.25,0.7307692307692307,0.5144977569580078
0.25,0.7326923076923076,0.5123581290245056
0.25220588235294117,0.7326923076923076,0.5119976997375488
0.25220588235294117,0.7336538461538461,0.51173335313797
0.2529411764705882,0.7336538461538461,0.5117318034172058
0.2529411764705882,0.7365384615384616,0.51063072681427
0.2551470588235294,0.7365384615384616,0.5088198184967041
0.2551470588235294,0.7403846153846154,0.5083962678909302
0.25588235294117645,0.7403846153846154,0.5068974494934082
0.25588235294117645,0.7423076923076923,0.5063146352767944
0.2566176470588235,0.7423076923076923,0.5062455534934998
0.2566176470588235,0.7432692307692308,0.5057532787322998
0.2595588235294118,0.7432692307692308,0.5042131543159485
0.2595588235294118,0.7442307692307693,0.5041452646255493
0.26029411764705884,0.7442307692307693,0.5040645599365234
0.26029411764705884,0.7451923076923077,0.5034337043762207
0.2639705882352941,0.7451923076923077,0.4997037649154663
0.2639705882352941,0.7461538461538462,0.4996364414691925
0.2647058823529412,0.7461538461538462,0.4993310570716858
0.2647058823529412,0.7471153846153846,0.4993027150630951
0.2661764705882353,0.7471153846153846,0.49881020188331604
0.2661764705882353,0.7480769230769231,0.49878761172294617
0.26691176470588235,0.7480769230769231,0.49877575039863586
0.26691176470588235,0.7490384615384615,0.49873748421669006
0.2676470588235294,0.7490384615384615,0.4977651536464691
0.2676470588235294,0.7548076923076923,0.49571213126182556
0.2691176470588235,0.7548076923076923,0.4946533739566803
0.2691176470588235,0.7567307692307692,0.49447789788246155
0.27058823529411763,0.7567307692307692,0.4935799837112427
0.27058823529411763,0.7596153846153846,0.4918142557144165
0.2713235294117647,0.7596153846153846,0.49162793159484863
0.2713235294117647,0.760576923076923,0.4915427267551422
0.27426470588235297,0.760576923076923,0.49087902903556824
0.27426470588235297,0.7615384615384615,0.49076804518699646
0.27647058823529413,0.7615384615384615,0.489378958940506
0.27647058823529413,0.7701923076923077,0.48603206872940063
0.2772058823529412,0.7701923076923077,0.4857468008995056
0.2772058823529412,0.775,0.48364612460136414
0.27941176470588236,0.775,0.4830394685268402
0.27941176470588236,0.7759615384615385,0.4829198718070984
0.28088235294117647,0.7759615384615385,0.48275941610336304
0.28088235294117647,0.7778846153846154,0.480214387178421
0.28161764705882353,0.7778846153846154,0.4801650941371918
0.28161764705882353,0.7798076923076923,0.47973906993865967
0.28308823529411764,0.7798076923076923,0.47864991426467896
0.28308823529411764,0.7817307692307692,0.47840526700019836
0.2852941176470588,0.7817307692307692,0.47533395886421204
0.2852941176470588,0.7826923076923077,0.47514835000038147
0.28602941176470587,0.7826923076923077,0.47505754232406616
0.28602941176470587,0.7846153846153846,0.4749819040298462
0.2867647058823529,0.7846153846153846,0.4745875298976898
0.2867647058823529,0.7865384615384615,0.4743608236312866
0.2875,0.7865384615384615,0.47409412264823914
0.2875,0.7875,0.4734067916870117
0.28823529411764703,0.7875,0.4727398753166199
0.28823529411764703,0.7903846153846154,0.47186657786369324
0.2911764705882353,0.7903846153846154,0.4695436656475067
0.2911764705882353,0.7923076923076923,0.4682188630104065
0.2933823529411765,0.7923076923076923,0.4677051603794098
0.2933823529411765,0.7932692307692307,0.46733537316322327
0.2948529411764706,0.7932692307692307,0.46596232056617737
0.2948529411764706,0.7942307692307692,0.4656932055950165
0.3,0.7942307692307692,0.4624437689781189
0.3,0.7951923076923076,0.4616488218307495
0.30220588235294116,0.7951923076923076,0.46070441603660583
0.30220588235294116,0.7961538461538461,0.4605933427810669
0.30367647058823527,0.7961538461538461,0.46022871136665344
0.30367647058823527,0.7971153846153847,0.46014171838760376
0.3044117647058823,0.7971153846153847,0.46013325452804565
0.3044117647058823,0.7980769230769231,0.45980092883110046
0.3058823529411765,0.7980769230769231,0.4591575860977173
0.3058823529411765,0.8009615384615385,0.45829275250434875
0.31176470588235294,0.8009615384615385,0.4554602801799774
0.31176470588235294,0.8038461538461539,0.454913467168808
0.3154411764705882,0.8038461538461539,0.45452022552490234
0.3154411764705882,0.8067307692307693,0.4529561698436737
0.31838235294117645,0.8067307692307693,0.45010048151016235
0.31838235294117645,0.8096153846153846,0.44896599650382996
0.3191176470588235,0.8096153846153846,0.448879599571228
0.3191176470588235,0.8115384615384615,0.44870153069496155
0.32132352941176473,0.8115384615384615,0.4467642605304718
0.32132352941176473,0.8134615384615385,0.44621574878692627
0.3264705882352941,0.8134615384615385,0.44490528106689453
0.3264705882352941,0.8163461538461538,0.4433273375034332
0.3272058823529412,0.8163461538461538,0.4432324171066284
0.3272058823529412,0.8173076923076923,0.44300639629364014
0.32941176470588235,0.8173076923076923,0.4422723054885864
0.32941176470588235,0.8182692307692307,0.44199472665786743
0.33088235294117646,0.8182692307692307,0.44157102704048157
0.33088235294117646,0.8211538461538461,0.439797043800354
0.3316176470588235,0.8211538461538461,0.43963661789894104
0.3316176470588235,0.8221153846153846,0.4396211504936218
0.33308823529411763,0.8221153846153846,0.43788349628448486
0.33308823529411763,0.825,0.43700188398361206
0.3338235294117647,0.825,0.43621984124183655
0.3338235294117647,0.8269230769230769,0.4354226887226105
0.33676470588235297,0.8269230769230769,0.43487778306007385
0.33676470588235297,0.8288461538461539,0.4341852366924286
0.3397058823529412,0.8288461538461539,0.4330902099609375
0.3397058823529412,0.8307692307692308,0.43225881457328796
0.3411764705882353,0.8307692307692308,0.43164464831352234
0.3411764705882353,0.8317307692307693,0.4304830729961395
0.34191176470588236,0.8317307692307693,0.4303560256958008
0.34191176470588236,0.8355769230769231,0.42955994606018066
0.34338235294117647,0.8355769230769231,0.4287671446800232
0.34338235294117647,0.8365384615384616,0.4287222623825073
0.3448529411764706,0.8365384615384616,0.4281522035598755
0.3448529411764706,0.8384615384615385,0.4273820221424103
0.34705882352941175,0.8384615384615385,0.4270131587982178
0.34705882352941175,0.8403846153846154,0.42623382806777954
0.34852941176470587,0.8403846153846154,0.4252900779247284
0.34852941176470587,0.8413461538461539,0.42390549182891846
0.3492647058823529,0.8413461538461539,0.4237810969352722
0.3492647058823529,0.8423076923076923,0.42338114976882935
0.35073529411764703,0.8423076923076923,0.42273491621017456
0.35073529411764703,0.8432692307692308,0.42268508672714233
0.3514705882352941,0.8432692307692308,0.42210155725479126
0.3514705882352941,0.8471153846153846,0.4214927852153778
0.3536764705882353,0.8471153846153846,0.4207501709461212
0.3536764705882353,0.8480769230769231,0.4205619692802429
0.35441176470588237,0.8480769230769231,0.42038846015930176
0.35441176470588237,0.85,0.41989144682884216
0.3602941176470588,0.85,0.41827696561813354
0.3602941176470588,0.8509615384615384,0.41815802454948425
0.3610294117647059,0.8509615384615384,0.41685187816619873
0.3610294117647059,0.8519230769230769,0.4168297052383423
0.36176470588235293,0.8519230769230769,0.4166634976863861
0.36176470588235293,0.8528846153846154,0.41644227504730225
0.36323529411764705,0.8528846153846154,0.4164278209209442
0.36323529411764705,0.8567307692307692,0.41457024216651917
0.3639705882352941,0.8567307692307692,0.4144359529018402
0.3639705882352941,0.8586538461538461,0.4133087992668152
0.3698529411764706,0.8586538461538461,0.4118616282939911
0.3698529411764706,0.8605769230769231,0.4110035300254822
0.37058823529411766,0.8605769230769231,0.4102102816104889
0.37058823529411766,0.8615384615384616,0.4094024896621704
0.3735294117647059,0.8615384615384616,0.40815362334251404
0.3735294117647059,0.8625,0.40778085589408875
0.3786764705882353,0.8625,0.4054141938686371
0.3786764705882353,0.8634615384615385,0.40470582246780396
0.37941176470588234,0.8634615384615385,0.40397077798843384
0.37941176470588234,0.864423076923077,0.40306973457336426
0.38382352941176473,0.864423076923077,0.40116697549819946
0.38382352941176473,0.8663461538461539,0.40017879009246826
0.3845588235294118,0.8663461538461539,0.3995731472969055
0.3845588235294118,0.8673076923076923,0.3994264006614685
0.3860294117647059,0.8673076923076923,0.3991030752658844
0.3860294117647059,0.8682692307692308,0.3990365266799927
0.38823529411764707,0.8682692307692308,0.39774930477142334
0.38823529411764707,0.8701923076923077,0.39743727445602417
0.39044117647058824,0.8701923076923077,0.3966294825077057
0.39044117647058824,0.8730769230769231,0.39629411697387695
0.3911764705882353,0.8730769230769231,0.39593178033828735
0.3911764705882353,0.8740384615384615,0.39574867486953735
0.3941176470588235,0.8740384615384615,0.3940240442752838
0.3941176470588235,0.875,0.39369097352027893
0.39705882352941174,0.875,0.39317846298217773
0.39705882352941174,0.8759615384615385,0.393108606338501
0.4,0.8759615384615385,0.3916921317577362
0.4,0.8769230769230769,0.3915215730667114
0.4007352941176471,0.8769230769230769,0.3914642632007599
0.4007352941176471,0.8778846153846154,0.3913592994213104
0.40294117647058825,0.8778846153846154,0.3897782564163208
0.40294117647058825,0.8788461538461538,0.38921546936035156
0.4051470588235294,0.8788461538461538,0.3887172341346741
0.4051470588235294,0.8798076923076923,0.3887071907520294
0.40661764705882353,0.8798076923076923,0.38855764269828796
0.40661764705882353,0.8807692307692307,0.3885493576526642
0.40808823529411764,0.8807692307692307,0.3885175883769989
0.40808823529411764,0.8817307692307692,0.3879067003726959
0.41691176470588237,0.8817307692307692,0.3851626515388489
0.41691176470588237,0.8826923076923077,0.3846791088581085
0.4176470588235294,0.8826923076923077,0.38460439443588257
0.4176470588235294,0.8836538461538461,0.38442057371139526
0.4183823529411765,0.8836538461538461,0.38404059410095215
0.4183823529411765,0.8846153846153846,0.38373681902885437
0.41911764705882354,0.8846153846153846,0.38313817977905273
0.41911764705882354,0.885576923076923,0.3831357955932617
0.42058823529411765,0.885576923076923,0.3828275799751282
0.42058823529411765,0.8865384615384615,0.38254231214523315
0.4213235294117647,0.8865384615384615,0.3821185231208801
0.4213235294117647,0.8884615384615384,0.3814840018749237
0.4227941176470588,0.8884615384615384,0.38134875893592834
0.4227941176470588,0.8894230769230769,0.3806701600551605
0.4235294117647059,0.8894230769230769,0.380357563495636
0.4235294117647059,0.8903846153846153,0.37993550300598145
0.42573529411764705,0.8903846153846153,0.37967708706855774
0.42573529411764705,0.8913461538461539,0.37910687923431396
0.4264705882352941,0.8913461538461539,0.3790630102157593
0.4264705882352941,0.8923076923076924,0.3788912296295166
0.43161764705882355,0.8923076923076924,0.37599265575408936
0.43161764705882355,0.8932692307692308,0.37549909949302673
0.43308823529411766,0.8932692307692308,0.3747924864292145
0.43308823529411766,0.8951923076923077,0.37441542744636536
0.4338235294117647,0.8951923076923077,0.37417328357696533
0.4338235294117647,0.8961538461538462,0.3735416531562805
0.4404411764705882,0.8961538461538462,0.3713510036468506
0.4404411764705882,0.8971153846153846,0.3712623417377472
0.44485294117647056,0.8971153846153846,0.3693118691444397
0.44485294117647056,0.9,0.3675040006637573
0.4455882352941177,0.9,0.3671437203884125
0.4455882352941177,0.9009615384615385,0.3667641580104828
0.4536764705882353,0.9009615384615385,0.36320731043815613
0.4536764705882353,0.9019230769230769,0.36306577920913696
0.45441176470588235,0.9019230769230769,0.3615979552268982
0.45441176470588235,0.9048076923076923,0.36134037375450134
0.4573529411764706,0.9048076923076923,0.36052948236465454
0.4573529411764706,0.9057692307692308,0.36043256521224976
0.45955882352941174,0.9057692307692308,0.3598824441432953
0.45955882352941174,0.9096153846153846,0.3585292100906372
0.4632352941176471,0.9096153846153846,0.35723263025283813
0.4632352941176471,0.9115384615384615,0.3565171957015991
0.4647058823529412,0.9115384615384615,0.3555527925491333
0.4647058823529412,0.9125,0.35525861382484436
0.4742647058823529,0.9125,0.3528358042240143
0.4742647058823529,0.9134615384615384,0.35267025232315063
0.4801470588235294,0.9134615384615384,0.35008203983306885
0.4801470588235294,0.9144230769230769,0.3496383726596832
0.4823529411764706,0.9144230769230769,0.3490169942378998
0.4823529411764706,0.9153846153846154,0.3485281765460968
0.48308823529411765,0.9153846153846154,0.34837451577186584
0.48308823529411765,0.9163461538461538,0.3483075201511383
0.48970588235294116,0.9163461538461538,0.3458802103996277
0.48970588235294116,0.9182692307692307,0.3446960151195526
0.49411764705882355,0.9182692307692307,0.343027800321579
0.49411764705882355,0.9192307692307692,0.3423410654067993
0.4948529411764706,0.9192307692307692,0.3420754373073578
0.4948529411764706,0.9201923076923076,0.3405112326145172
0.49926470588235294,0.9201923076923076,0.3387499451637268
0.49926470588235294,0.9211538461538461,0.33851951360702515
0.5,0.9211538461538461,0.3385038375854492
0.5,0.9221153846153847,0.337496280670166
0.5022058823529412,0.9221153846153847,0.33681392669677734
0.5022058823529412,0.9230769230769231,0.33681294322013855
0.5073529411764706,0.9230769230769231,0.33498135209083557
0.5073529411764706,0.9240384615384616,0.33492907881736755
0.5125,0.9240384615384616,0.33281609416007996
0.5125,0.925,0.3327903747558594
0.5147058823529411,0.925,0.3325928747653961
0.5147058823529411,0.9259615384615385,0.3319537937641144
0.5169117647058824,0.9259615384615385,0.3313941955566406
0.5169117647058824,0.926923076923077,0.33127710223197937
0.5205882352941177,0.926923076923077,0.32810577750205994
0.5205882352941177,0.9278846153846154,0.32782554626464844
0.525,0.9278846153846154,0.32571256160736084
0.525,0.9288461538461539,0.32556667923927307
0.5257352941176471,0.9288461538461539,0.3255472779273987
0.5257352941176471,0.9298076923076923,0.3254167139530182
0.5323529411764706,0.9298076923076923,0.3236738443374634
0.5323529411764706,0.9307692307692308,0.3233768045902252
0.5338235294117647,0.9307692307692308,0.3231112062931061
0.5338235294117647,0.9326923076923077,0.3224623501300812
0.5345588235294118,0.9326923076923077,0.32138964533805847
0.5345588235294118,0.9336538461538462,0.3213660418987274
0.5352941176470588,0.9336538461538462,0.3211594223976135
0.5352941176470588,0.9346153846153846,0.32092222571372986
0.5411764705882353,0.9346153846153846,0.3175865709781647
0.5411764705882353,0.9355769230769231,0.31626006960868835
0.5477941176470589,0.9355769230769231,0.31059396266937256
0.5477941176470589,0.9365384615384615,0.3098008334636688
0.5544117647058824,0.9365384615384615,0.30491843819618225
0.5544117647058824,0.9375,0.30468979477882385
0.5625,0.9375,0.3003414571285248
0.5625,0.9384615384615385,0.29892829060554504
0.5639705882352941,0.9384615384615385,0.29859232902526855
0.5639705882352941,0.9394230769230769,0.2981329560279846
0.5676470588235294,0.9394230769230769,0.29589685797691345
0.5676470588235294,0.9403846153846154,0.2949908971786499
0.5764705882352941,0.9403846153846154,0.2912328541278839
0.5764705882352941,0.9423076923076923,0.29095616936683655
0.5772058823529411,0.9423076923076923,0.2909480035305023
0.5772058823529411,0.9432692307692307,0.29086682200431824
0.5808823529411765,0.9432692307692307,0.28950512409210205
0.5808823529411765,0.9451923076923077,0.289167195558548
0.5852941176470589,0.9451923076923077,0.2874847650527954
0.5852941176470589,0.9471153846153846,0.28723400831222534
0.5897058823529412,0.9471153846153846,0.284519225358963
0.5897058823529412,0.948076923076923,0.28437539935112
0.5904411764705882,0.948076923076923,0.283834844827652
0.5904411764705882,0.9490384615384615,0.2836174964904785
0.5985294117647059,0.9490384615384615,0.2795848548412323
0.5985294117647059,0.95,0.2794848084449768
0.6022058823529411,0.95,0.2773362994194031
0.6022058823529411,0.9509615384615384,0.27726319432258606
0.6044117647058823,0.9509615384615384,0.2747788727283478
0.6044117647058823,0.9519230769230769,0.2746509313583374
0.6080882352941176,0.9519230769230769,0.2708885967731476
0.6080882352941176,0.9528846153846153,0.2705238163471222
0.6102941176470589,0.9528846153846153,0.26966091990470886
0.6102941176470589,0.9538461538461539,0.26887503266334534
0.6139705882352942,0.9538461538461539,0.2671474814414978
0.6139705882352942,0.9548076923076924,0.267137348651886
0.6154411764705883,0.9548076923076924,0.2660123109817505
0.6154411764705883,0.9557692307692308,0.2658480405807495
0.6213235294117647,0.9557692307692308,0.2637248933315277
0.6213235294117647,0.9567307692307693,0.2632811367511749
0.6220588235294118,0.9567307692307693,0.2630779445171356
0.6220588235294118,0.9576923076923077,0.2630380094051361
0.6272058823529412,0.9576923076923077,0.2602453827857971
0.6272058823529412,0.9586538461538462,0.2589050233364105
0.6308823529411764,0.9586538461538462,0.2567565143108368
0.6308823529411764,0.9596153846153846,0.25668370723724365
0.6352941176470588,0.9596153846153846,0.2542542815208435
0.6352941176470588,0.9605769230769231,0.25400859117507935
0.638235294117647,0.9605769230769231,0.2504969537258148
0.638235294117647,0.9615384615384616,0.2501842975616455
0.6536764705882353,0.9615384615384616,0.241217702627182
0.6536764705882353,0.9634615384615385,0.24118572473526
0.6654411764705882,0.9634615384615385,0.23706217110157013
0.6654411764705882,0.9644230769230769,0.2366209179162979
0.6676470588235294,0.9644230769230769,0.23569658398628235
0.6676470588235294,0.9653846153846154,0.2350989729166031
0.6698529411764705,0.9653846153846154,0.23486794531345367
0.6698529411764705,0.9663461538461539,0.23457153141498566
0.6720588235294118,0.9663461538461539,0.23389826714992523
0.6720588235294118,0.9673076923076923,0.23379483819007874
0.6757352941176471,0.9673076923076923,0.2316044420003891
0.6757352941176471,0.9682692307692308,0.23021918535232544
0.6867647058823529,0.9682692307692308,0.22356872260570526
0.6867647058823529,0.9692307692307692,0.22355522215366364
0.6926470588235294,0.9692307692307692,0.22064842283725739
0.6926470588235294,0.9701923076923077,0.22047504782676697
0.6963235294117647,0.9701923076923077,0.2191373109817505
0.6963235294117647,0.9711538461538461,0.2187022864818573
0.7220588235294118,0.9711538461538461,0.207658052444458
0.7220588235294118,0.9721153846153846,0.20728540420532227
0.7242647058823529,0.9721153846153846,0.20635738968849182
0.7242647058823529,0.9740384615384615,0.20509181916713715
0.7316176470588235,0.9740384615384615,0.2019362598657608
0.7316176470588235,0.975,0.2016216665506363
0.7382352941176471,0.975,0.19897496700286865
0.7382352941176471,0.9759615384615384,0.19890519976615906
0.7536764705882353,0.9759615384615384,0.1914619654417038
0.7536764705882353,0.9769230769230769,0.19115446507930756
0.7647058823529411,0.9769230769230769,0.1871412992477417
0.7647058823529411,0.9778846153846154,0.18678052723407745
0.7713235294117647,0.9778846153846154,0.18402031064033508
0.7713235294117647,0.9788461538461538,0.1838945895433426
0.7772058823529412,0.9788461538461538,0.18150097131729126
0.7772058823529412,0.9798076923076923,0.18042659759521484
0.7897058823529411,0.9798076923076923,0.1744348555803299
0.7897058823529411,0.9807692307692307,0.1738572120666504
0.9066176470588235,0.9807692307692307,0.10187218338251114
0.9066176470588235,0.9817307692307692,0.10184334218502045
0.9183823529411764,0.9817307692307692,0.08751330524682999
0.9183823529411764,0.9826923076923076,0.08705397695302963
0.924264705882353,0.9826923076923076,0.07746348530054092
0.924264705882353,0.9836538461538461,0.07663735002279282
0.9272058823529412,0.9836538461538461,0.07497809827327728
0.9272058823529412,0.9846153846153847,0.0748705342411995
0.9308823529411765,0.9846153846153847,0.0695459246635437
0.9308823529411765,0.9865384615384616,0.06875704228878021
0.9316176470588236,0.9865384615384616,0.06645432859659195
0.9316176470588236,0.989423076923077,0.06532856822013855
0.9338235294117647,0.989423076923077,0.06340793520212173
0.9338235294117647,0.9903846153846154,0.06265922635793686
0.9345588235294118,0.9903846153846154,0.06218356639146805
0.9345588235294118,0.9913461538461539,0.06207166612148285
0.9382352941176471,0.9913461538461539,0.0591471865773201
0.9382352941176471,0.9923076923076923,0.05882137268781662
0.9419117647058823,0.9923076923076923,0.05757451057434082
0.9419117647058823,0.9932692307692308,0.05746906250715256
0.9477941176470588,0.9932692307692308,0.05569436773657799
0.9477941176470588,0.9942307692307693,0.0553426519036293
0.9522058823529411,0.9942307692307693,0.05304189398884773
0.9522058823529411,0.9951923076923077,0.052768610417842865
0.9588235294117647,0.9951923076923077,0.04943757876753807
0.9588235294117647,0.9961538461538462,0.04938378557562828
0.9772058823529411,0.9961538461538462,0.042346131056547165
0.9772058823529411,0.9971153846153846,0.041803810745477676
0.9786764705882353,0.9971153846153846,0.04108467698097229
0.9786764705882353,0.9990384615384615,0.040341317653656006
0.9816176470588235,0.9990384615384615,0.03925493359565735
0.9816176470588235,1.0,0.03905250132083893
1.0,1.0,0.023691145703196526
