FPR,TPR,Threshold
0.0,0.0,1.9634717106819153
0.0,0.0009615384615384616,0.9634717106819153
0.0,0.03076923076923077,0.92582768201828
0.0007352941176470588,0.03076923076923077,0.9252269268035889
0.0007352941176470588,0.03653846153846154,0.9178469777107239
0.0022058823529411764,0.03653846153846154,0.9168748259544373
0.0022058823529411764,0.0375,0.9158021211624146
0.0029411764705882353,0.0375,0.9157687425613403
0.0029411764705882353,0.03942307692307692,0.9128621816635132
0.004411764705882353,0.03942307692307692,0.9124943614006042
0.004411764705882353,0.04038461538461539,0.9118725061416626
0.006617647058823529,0.04038461538461539,0.910860002040863
0.006617647058823529,0.041346153846153845,0.9107945561408997
0.007352941176470588,0.041346153846153845,0.9098603129386902
0.007352941176470588,0.04903846153846154,0.9064121842384338
0.008088235294117648,0.04903846153846154,0.9057014584541321
0.008088235294117648,0.05576923076923077,0.9019389748573303
0.008823529411764706,0.05576923076923077,0.9009560346603394
0.008823529411764706,0.05961538461538462,0.9001498222351074
0.009558823529411765,0.05961538461538462,0.8989996314048767
0.009558823529411765,0.06153846153846154,0.8953620195388794
0.010294117647058823,0.06153846153846154,0.8945922255516052
0.010294117647058823,0.07307692307692308,0.8830490112304688
0.011029411764705883,0.07307692307692308,0.8825244903564453
0.011029411764705883,0.07884615384615384,0.8791812658309937
0.011764705882352941,0.07884615384615384,0.8789828419685364
0.011764705882352941,0.08076923076923077,0.8786598443984985
0.0125,0.08076923076923077,0.8784851431846619
0.0125,0.08557692307692308,0.877018392086029
0.013235294117647059,0.08557692307692308,0.8765801191329956
0.013235294117647059,0.10096153846153846,0.8674967885017395
0.014705882352941176,0.10096153846153846,0.8661736249923706
0.014705882352941176,0.10865384615384616,0.8643732070922852
0.016176470588235296,0.10865384615384616,0.8639440536499023
0.016176470588235296,0.13653846153846153,0.8446857929229736
0.016911764705882352,0.13653846153846153,0.8441106677055359
0.016911764705882352,0.1375,0.8435932993888855
0.01838235294117647,0.1375,0.8418324589729309
0.01838235294117647,0.1528846153846154,0.83247309923172
0.01911764705882353,0.1528846153846154,0.8318943381309509
0.01911764705882353,0.1596153846153846,0.8302568793296814
0.019852941176470587,0.1596153846153846,0.8296687602996826
0.019852941176470587,0.16923076923076924,0.8246172070503235
0.020588235294117647,0.16923076923076924,0.823846697807312
0.020588235294117647,0.17307692307692307,0.8207555413246155
0.021323529411764706,0.17307692307692307,0.8204505443572998
0.021323529411764706,0.19423076923076923,0.8126153349876404
0.022058823529411766,0.19423076923076923,0.8121402263641357
0.022058823529411766,0.2,0.8095813989639282
0.022794117647058822,0.2,0.808837890625
0.022794117647058822,0.20384615384615384,0.807366669178009
0.023529411764705882,0.20384615384615384,0.8066943287849426
0.023529411764705882,0.21153846153846154,0.8030494451522827
0.025,0.21153846153846154,0.8007683157920837
0.025,0.2153846153846154,0.7973904013633728
0.025735294117647058,0.2153846153846154,0.796728789806366
0.025735294117647058,0.225,0.7903724312782288
0.026470588235294117,0.225,0.7898584604263306
0.026470588235294117,0.2326923076923077,0.7855473160743713
0.027205882352941177,0.2326923076923077,0.785483717918396
0.027205882352941177,0.23942307692307693,0.7816864848136902
0.027941176470588237,0.23942307692307693,0.7814953327178955
0.027941176470588237,0.24807692307692308,0.7767454981803894
0.028676470588235293,0.24807692307692308,0.7766467332839966
0.028676470588235293,0.25769230769230766,0.7717949151992798
0.029411764705882353,0.25769230769230766,0.7704695463180542
0.029411764705882353,0.2586538461538462,0.7702885270118713
0.030147058823529412,0.2586538461538462,0.7702587842941284
0.030147058823529412,0.2605769230769231,0.7688233852386475
0.030882352941176472,0.2605769230769231,0.7686914801597595
0.030882352941176472,0.2653846153846154,0.763276994228363
0.03235294117647059,0.2653846153846154,0.7628982067108154
0.03235294117647059,0.2673076923076923,0.7623273134231567
0.03308823529411765,0.2673076923076923,0.7623130679130554
0.03308823529411765,0.275,0.7569208741188049
0.033823529411764704,0.275,0.7567894458770752
0.033823529411764704,0.27884615384615385,0.755021333694458
0.03455882352941177,0.27884615384615385,0.7545804977416992
0.03455882352941177,0.28076923076923077,0.753993809223175
0.03529411764705882,0.28076923076923077,0.7536206245422363
0.03529411764705882,0.2932692307692308,0.7489078640937805
0.03602941176470588,0.2932692307692308,0.7480781674385071
0.03602941176470588,0.29423076923076924,0.7477735877037048
0.03676470588235294,0.29423076923076924,0.7477521300315857
0.03676470588235294,0.3,0.7446526288986206
0.0375,0.3,0.7444862127304077
0.0375,0.30288461538461536,0.7429078817367554
0.03823529411764706,0.30288461538461536,0.741727888584137
0.03823529411764706,0.30673076923076925,0.7403216361999512
0.03897058823529412,0.30673076923076925,0.7388401031494141
0.03897058823529412,0.3076923076923077,0.7381013631820679
0.039705882352941174,0.3076923076923077,0.7370079755783081
0.039705882352941174,0.3144230769230769,0.7339668869972229
0.041176470588235294,0.3144230769230769,0.7331476807594299
0.041176470588235294,0.3173076923076923,0.7327132821083069
0.04191176470588235,0.3173076923076923,0.7318532466888428
0.04191176470588235,0.31826923076923075,0.7317109107971191
0.04264705882352941,0.31826923076923075,0.7310258150100708
0.04264705882352941,0.3192307692307692,0.7309536337852478
0.04338235294117647,0.3192307692307692,0.7297040820121765
0.04338235294117647,0.3230769230769231,0.7286088466644287
0.04411764705882353,0.3230769230769231,0.7270373106002808
0.04411764705882353,0.32596153846153847,0.726011335849762
0.04485294117647059,0.32596153846153847,0.7258644700050354
0.04485294117647059,0.3298076923076923,0.7226913571357727
0.045588235294117645,0.3298076923076923,0.7226704359054565
0.045588235294117645,0.3346153846153846,0.7220936417579651
0.04632352941176471,0.3346153846153846,0.7218221426010132
0.04632352941176471,0.3384615384615385,0.7199245095252991
0.047058823529411764,0.3384615384615385,0.7195111513137817
0.047058823529411764,0.3403846153846154,0.7192423939704895
0.04852941176470588,0.3403846153846154,0.7184164524078369
0.04852941176470588,0.34326923076923077,0.7181699275970459
0.05073529411764706,0.34326923076923077,0.7173439264297485
0.05073529411764706,0.3548076923076923,0.7137051224708557
0.051470588235294115,0.3548076923076923,0.712805449962616
0.051470588235294115,0.3576923076923077,0.7115492820739746
0.05220588235294118,0.3576923076923077,0.7108112573623657
0.05220588235294118,0.3596153846153846,0.7101274132728577
0.05367647058823529,0.3596153846153846,0.7095664739608765
0.05367647058823529,0.3605769230769231,0.7092615962028503
0.054411764705882354,0.3605769230769231,0.7078450918197632
0.054411764705882354,0.36346153846153845,0.7060596346855164
0.05514705882352941,0.36346153846153845,0.7056885957717896
0.05514705882352941,0.36538461538461536,0.7052823305130005
0.05661764705882353,0.36538461538461536,0.7041728496551514
0.05661764705882353,0.37115384615384617,0.702479362487793
0.05808823529411765,0.37115384615384617,0.7015700936317444
0.05808823529411765,0.37403846153846154,0.7006450891494751
0.058823529411764705,0.37403846153846154,0.7005690336227417
0.058823529411764705,0.3769230769230769,0.6997701525688171
0.05955882352941176,0.3769230769230769,0.699568510055542
0.05955882352941176,0.3798076923076923,0.6991091966629028
0.06102941176470588,0.3798076923076923,0.6988963484764099
0.06102941176470588,0.38076923076923075,0.6988042593002319
0.061764705882352944,0.38076923076923075,0.6983215808868408
0.061764705882352944,0.3875,0.6961216926574707
0.0625,0.3875,0.6958129405975342
0.0625,0.3903846153846154,0.6934162378311157
0.06323529411764706,0.3903846153846154,0.6930171847343445
0.06323529411764706,0.3923076923076923,0.692460834980011
0.06397058823529411,0.3923076923076923,0.6924448609352112
0.06397058823529411,0.3951923076923077,0.6920921802520752
0.06470588235294118,0.3951923076923077,0.6919623017311096
0.06470588235294118,0.39615384615384613,0.6917470097541809
0.06544117647058824,0.39615384615384613,0.6916640400886536
0.06544117647058824,0.39903846153846156,0.6906749606132507
0.06691176470588235,0.39903846153846156,0.6904138326644897
0.06691176470588235,0.4009615384615385,0.689780056476593
0.06911764705882353,0.4009615384615385,0.6878174543380737
0.06911764705882353,0.4028846153846154,0.6868016719818115
0.07058823529411765,0.4028846153846154,0.6865966320037842
0.07058823529411765,0.40384615384615385,0.6860376000404358
0.0713235294117647,0.40384615384615385,0.6856303215026855
0.0713235294117647,0.4076923076923077,0.684350848197937
0.07426470588235294,0.4076923076923077,0.6833352446556091
0.07426470588235294,0.40865384615384615,0.683144748210907
0.075,0.40865384615384615,0.6828222870826721
0.075,0.4125,0.6816420555114746
0.07647058823529412,0.4125,0.6810293197631836
0.07647058823529412,0.41442307692307695,0.6807705163955688
0.07794117647058824,0.41442307692307695,0.679938793182373
0.07794117647058824,0.41634615384615387,0.6794640421867371
0.07941176470588235,0.41634615384615387,0.6792323589324951
0.07941176470588235,0.4173076923076923,0.6787929534912109
0.08088235294117647,0.4173076923076923,0.6784122586250305
0.08088235294117647,0.41923076923076924,0.6773017048835754
0.08161764705882353,0.41923076923076924,0.6771053075790405
0.08161764705882353,0.4201923076923077,0.6770171523094177
0.08235294117647059,0.4201923076923077,0.6767496466636658
0.08235294117647059,0.42115384615384616,0.6767258048057556
0.08308823529411764,0.42115384615384616,0.6767040491104126
0.08308823529411764,0.4230769230769231,0.6764734387397766
0.08602941176470588,0.4230769230769231,0.675341010093689
0.08602941176470588,0.42403846153846153,0.6750643253326416
0.08676470588235294,0.42403846153846153,0.6743482351303101
0.08676470588235294,0.4288461538461538,0.6726310849189758
0.0875,0.4288461538461538,0.6719645261764526
0.0875,0.4307692307692308,0.6712327003479004
0.08897058823529412,0.4307692307692308,0.6701793074607849
0.08897058823529412,0.4326923076923077,0.6699358224868774
0.09044117647058823,0.4326923076923077,0.6695924997329712
0.09044117647058823,0.4355769230769231,0.6693102121353149
0.09117647058823529,0.4355769230769231,0.6691023111343384
0.09117647058823529,0.4375,0.6689708232879639
0.09191176470588236,0.4375,0.667283833026886
0.09191176470588236,0.44711538461538464,0.6643573641777039
0.09338235294117647,0.44711538461538464,0.6639715433120728
0.09338235294117647,0.4519230769230769,0.6612535119056702
0.09411764705882353,0.4519230769230769,0.6610903143882751
0.09411764705882353,0.4528846153846154,0.6609973907470703
0.09558823529411764,0.4528846153846154,0.6606297492980957
0.09558823529411764,0.45384615384615384,0.6604283452033997
0.09705882352941177,0.45384615384615384,0.6595948934555054
0.09705882352941177,0.4576923076923077,0.6588816046714783
0.09779411764705882,0.4576923076923077,0.6585306525230408
0.09779411764705882,0.45865384615384613,0.6583018898963928
0.09852941176470588,0.45865384615384613,0.6580049395561218
0.09852941176470588,0.4596153846153846,0.6579713225364685
0.1,0.4596153846153846,0.657917857170105
0.1,0.46153846153846156,0.6570785045623779
0.10147058823529412,0.46153846153846156,0.6563047766685486
0.10147058823529412,0.4634615384615385,0.655540943145752
0.10220588235294117,0.4634615384615385,0.6549978256225586
0.10220588235294117,0.4653846153846154,0.6549749374389648
0.10294117647058823,0.4653846153846154,0.6548476219177246
0.10294117647058823,0.46826923076923077,0.6534619927406311
0.1036764705882353,0.46826923076923077,0.6534490585327148
0.1036764705882353,0.46923076923076923,0.6532275080680847
0.10441176470588236,0.46923076923076923,0.6530070304870605
0.10441176470588236,0.4721153846153846,0.6520601511001587
0.10514705882352941,0.4721153846153846,0.65171217918396
0.10514705882352941,0.475,0.6506894826889038
0.10588235294117647,0.475,0.6505868434906006
0.10588235294117647,0.47596153846153844,0.6502026915550232
0.10661764705882353,0.47596153846153844,0.6486746072769165
0.10661764705882353,0.47884615384615387,0.6483722925186157
0.10808823529411765,0.47884615384615387,0.6478219032287598
0.10808823529411765,0.4798076923076923,0.6478176116943359
0.10882352941176471,0.4798076923076923,0.6474615931510925
0.10882352941176471,0.4826923076923077,0.6466308832168579
0.11323529411764706,0.4826923076923077,0.644927978515625
0.11323529411764706,0.48365384615384616,0.6447864174842834
0.11397058823529412,0.48365384615384616,0.6446091532707214
0.11397058823529412,0.4855769230769231,0.6440576314926147
0.1161764705882353,0.4855769230769231,0.6436187028884888
0.1161764705882353,0.48653846153846153,0.6435641646385193
0.11691176470588235,0.48653846153846153,0.6430385708808899
0.11691176470588235,0.48846153846153845,0.6421736478805542
0.11764705882352941,0.48846153846153845,0.6420929431915283
0.11764705882352941,0.49038461538461536,0.6418706178665161
0.11838235294117647,0.49038461538461536,0.6418352723121643
0.11838235294117647,0.49903846153846154,0.6384732723236084
0.11911764705882352,0.49903846153846154,0.6383665204048157
0.11911764705882352,0.5019230769230769,0.6362473368644714
0.11985294117647059,0.5019230769230769,0.6359483003616333
0.11985294117647059,0.5038461538461538,0.6357455849647522
0.12058823529411765,0.5038461538461538,0.6355825066566467
0.12058823529411765,0.5134615384615384,0.6334323883056641
0.1213235294117647,0.5134615384615384,0.6325719952583313
0.1213235294117647,0.5153846153846153,0.6323673129081726
0.12279411764705882,0.5153846153846153,0.6319080591201782
0.12279411764705882,0.5192307692307693,0.6302807927131653
0.12352941176470589,0.5192307692307693,0.6302133202552795
0.12352941176470589,0.5211538461538462,0.6299993991851807
0.125,0.5211538461538462,0.6292163729667664
0.125,0.5221153846153846,0.629135012626648
0.12941176470588237,0.5221153846153846,0.62782222032547
0.12941176470588237,0.5230769230769231,0.6272291541099548
0.1323529411764706,0.5230769230769231,0.6260190010070801
0.1323529411764706,0.5240384615384616,0.6256690621376038
0.13308823529411765,0.5240384615384616,0.6252411007881165
0.13308823529411765,0.5259615384615385,0.6247807741165161
0.1338235294117647,0.5259615384615385,0.6247739791870117
0.1338235294117647,0.5269230769230769,0.6244451999664307
0.13602941176470587,0.5269230769230769,0.6234926581382751
0.13602941176470587,0.5278846153846154,0.6229546666145325
0.13823529411764707,0.5278846153846154,0.6228652596473694
0.13823529411764707,0.5298076923076923,0.6227467656135559
0.13897058823529412,0.5298076923076923,0.6227442622184753
0.13897058823529412,0.5317307692307692,0.6221476197242737
0.14044117647058824,0.5317307692307692,0.6215535402297974
0.14044117647058824,0.5336538461538461,0.6209425926208496
0.1411764705882353,0.5336538461538461,0.6209374070167542
0.1411764705882353,0.5346153846153846,0.6208247542381287
0.14191176470588235,0.5346153846153846,0.6207118034362793
0.14191176470588235,0.5365384615384615,0.620194673538208
0.1426470588235294,0.5365384615384615,0.6199706196784973
0.1426470588235294,0.5375,0.6199027299880981
0.14338235294117646,0.5375,0.6194165945053101
0.14338235294117646,0.5432692307692307,0.6180924773216248
0.14411764705882352,0.5432692307692307,0.6178805232048035
0.14411764705882352,0.5442307692307692,0.6174667477607727
0.1448529411764706,0.5442307692307692,0.6169959902763367
0.1448529411764706,0.5451923076923076,0.6167800426483154
0.1463235294117647,0.5451923076923076,0.6162312626838684
0.1463235294117647,0.5480769230769231,0.6160106658935547
0.14705882352941177,0.5480769230769231,0.6152660250663757
0.14705882352941177,0.5490384615384616,0.6151350736618042
0.14852941176470588,0.5490384615384616,0.6147871613502502
0.14852941176470588,0.55,0.614226758480072
0.15,0.55,0.6133344173431396
0.15,0.5509615384615385,0.6131219267845154
0.15073529411764705,0.5509615384615385,0.613002598285675
0.15073529411764705,0.551923076923077,0.6125717759132385
0.1514705882352941,0.551923076923077,0.6123881340026855
0.1514705882352941,0.5538461538461539,0.6110050678253174
0.15220588235294116,0.5538461538461539,0.6108860373497009
0.15220588235294116,0.5548076923076923,0.6106261610984802
0.15294117647058825,0.5548076923076923,0.6100642085075378
0.15294117647058825,0.5567307692307693,0.6098985075950623
0.16029411764705884,0.5567307692307693,0.608337938785553
0.16029411764705884,0.5625,0.6056531071662903
0.1610294117647059,0.5625,0.6055852770805359
0.1610294117647059,0.5644230769230769,0.6051080822944641
0.16323529411764706,0.5644230769230769,0.6042627096176147
0.16323529411764706,0.5663461538461538,0.6038456559181213
0.16470588235294117,0.5663461538461538,0.6033632755279541
0.16470588235294117,0.5682692307692307,0.6025808453559875
0.16544117647058823,0.5682692307692307,0.6023179888725281
0.16544117647058823,0.5692307692307692,0.6021257042884827
0.16691176470588234,0.5692307692307692,0.6017823815345764
0.16691176470588234,0.5711538461538461,0.601056694984436
0.1676470588235294,0.5711538461538461,0.6010456085205078
0.1676470588235294,0.5759615384615384,0.5992940664291382
0.17058823529411765,0.5759615384615384,0.5982850193977356
0.17058823529411765,0.5769230769230769,0.5980485677719116
0.17205882352941176,0.5769230769230769,0.5976302623748779
0.17205882352941176,0.5798076923076924,0.5969558358192444
0.17352941176470588,0.5798076923076924,0.5952098965644836
0.17352941176470588,0.5807692307692308,0.594234049320221
0.17426470588235293,0.5807692307692308,0.5936403274536133
0.17426470588235293,0.5817307692307693,0.5930711030960083
0.175,0.5817307692307693,0.5930247902870178
0.175,0.5836538461538462,0.5913764238357544
0.17573529411764705,0.5836538461538462,0.5912923216819763
0.17573529411764705,0.5846153846153846,0.5911123752593994
0.1786764705882353,0.5846153846153846,0.5901827812194824
0.1786764705882353,0.5865384615384616,0.5894814133644104
0.17941176470588235,0.5865384615384616,0.5893490314483643
0.17941176470588235,0.5875,0.589080274105072
0.1801470588235294,0.5875,0.5886224508285522
0.1801470588235294,0.5894230769230769,0.5874798893928528
0.18088235294117647,0.5894230769230769,0.58680659532547
0.18088235294117647,0.5913461538461539,0.5866654515266418
0.18161764705882352,0.5913461538461539,0.5861870646476746
0.18161764705882352,0.5932692307692308,0.5857440829277039
0.18235294117647058,0.5932692307692308,0.5854284167289734
0.18235294117647058,0.5961538461538461,0.5849093198776245
0.18382352941176472,0.5961538461538461,0.5845743417739868
0.18382352941176472,0.5980769230769231,0.5832745432853699
0.18529411764705883,0.5980769230769231,0.5824388265609741
0.18529411764705883,0.6048076923076923,0.5806953310966492
0.1860294117647059,0.6048076923076923,0.5805858373641968
0.1860294117647059,0.6067307692307692,0.5792676210403442
0.1875,0.6067307692307692,0.5792117118835449
0.1875,0.6096153846153847,0.5784239172935486
0.18823529411764706,0.6096153846153847,0.5781697630882263
0.18823529411764706,0.614423076923077,0.5765337347984314
0.1889705882352941,0.614423076923077,0.5763850808143616
0.1889705882352941,0.6173076923076923,0.5758082270622253
0.18970588235294117,0.6173076923076923,0.5755536556243896
0.18970588235294117,0.6201923076923077,0.5749273300170898
0.19044117647058822,0.6201923076923077,0.5747567415237427
0.19044117647058822,0.6211538461538462,0.5746663808822632
0.19191176470588237,0.6211538461538462,0.5742006897926331
0.19191176470588237,0.6221153846153846,0.5741627812385559
0.19338235294117648,0.6221153846153846,0.5728408694267273
0.19338235294117648,0.6240384615384615,0.5721977949142456
0.19705882352941176,0.6240384615384615,0.5710112452507019
0.19705882352941176,0.6269230769230769,0.5695111751556396
0.19779411764705881,0.6269230769230769,0.5694951415061951
0.19779411764705881,0.6278846153846154,0.5693703889846802
0.19852941176470587,0.6278846153846154,0.5682140588760376
0.19852941176470587,0.6317307692307692,0.5677601099014282
0.19926470588235295,0.6317307692307692,0.5674575567245483
0.19926470588235295,0.6326923076923077,0.5674452781677246
0.20147058823529412,0.6326923076923077,0.5669428706169128
0.20147058823529412,0.6346153846153846,0.5668833255767822
0.20220588235294118,0.6346153846153846,0.5668736696243286
0.20220588235294118,0.635576923076923,0.5666779279708862
0.20294117647058824,0.635576923076923,0.566194474697113
0.20294117647058824,0.6365384615384615,0.5660961270332336
0.2036764705882353,0.6365384615384615,0.5660765767097473
0.2036764705882353,0.6375,0.5658828020095825
0.20588235294117646,0.6375,0.56545090675354
0.20588235294117646,0.6423076923076924,0.563442051410675
0.20661764705882352,0.6423076923076924,0.5634208917617798
0.20661764705882352,0.6451923076923077,0.5626551508903503
0.2073529411764706,0.6451923076923077,0.5623118281364441
0.2073529411764706,0.6471153846153846,0.5621674656867981
0.20808823529411766,0.6471153846153846,0.5621268153190613
0.20808823529411766,0.6538461538461539,0.5604995489120483
0.2088235294117647,0.6538461538461539,0.5598740577697754
0.2088235294117647,0.6557692307692308,0.5592703819274902
0.20955882352941177,0.6557692307692308,0.5591663718223572
0.20955882352941177,0.6596153846153846,0.557468831539154
0.21102941176470588,0.6596153846153846,0.5573567748069763
0.21102941176470588,0.6615384615384615,0.5562004446983337
0.21323529411764705,0.6615384615384615,0.555938184261322
0.21323529411764705,0.6625,0.5557131171226501
0.21470588235294116,0.6625,0.5556143522262573
0.21470588235294116,0.6634615384615384,0.5553348064422607
0.21544117647058825,0.6634615384615384,0.5549809336662292
0.21544117647058825,0.6663461538461538,0.5535447001457214
0.21691176470588236,0.6663461538461538,0.5532590746879578
0.21691176470588236,0.6682692307692307,0.5530416369438171
0.21764705882352942,0.6682692307692307,0.5526859760284424
0.21764705882352942,0.6692307692307692,0.5513003468513489
0.21838235294117647,0.6692307692307692,0.5509397983551025
0.21838235294117647,0.6701923076923076,0.5499095320701599
0.21911764705882353,0.6701923076923076,0.5495617389678955
0.21911764705882353,0.6740384615384616,0.5484315156936646
0.21985294117647058,0.6740384615384616,0.5484002232551575
0.21985294117647058,0.676923076923077,0.5467162132263184
0.2213235294117647,0.676923076923077,0.5454978346824646
0.2213235294117647,0.6778846153846154,0.5454029440879822
0.22279411764705884,0.6778846153846154,0.5443071722984314
0.22279411764705884,0.6798076923076923,0.5439491868019104
0.2235294117647059,0.6798076923076923,0.5439429879188538
0.2235294117647059,0.6817307692307693,0.5431777238845825
0.22426470588235295,0.6817307692307693,0.542908251285553
0.22426470588235295,0.6846153846153846,0.5425585508346558
0.225,0.6846153846153846,0.5423901081085205
0.225,0.6855769230769231,0.5418492555618286
0.22573529411764706,0.6855769230769231,0.5417270064353943
0.22573529411764706,0.6875,0.5412711501121521
0.22720588235294117,0.6875,0.5400777459144592
0.22720588235294117,0.6903846153846154,0.5383166670799255
0.22794117647058823,0.6903846153846154,0.53788822889328
0.22794117647058823,0.6932692307692307,0.536433219909668
0.2301470588235294,0.6932692307692307,0.536138117313385
0.2301470588235294,0.6990384615384615,0.5341841578483582
0.2323529411764706,0.6990384615384615,0.5322463512420654
0.2323529411764706,0.7,0.5322082042694092
0.23308823529411765,0.7,0.5321001410484314
0.23308823529411765,0.7038461538461539,0.5313176512718201
0.2338235294117647,0.7038461538461539,0.5306258797645569
0.2338235294117647,0.7067307692307693,0.5296828150749207
0.23455882352941176,0.7067307692307693,0.5296505093574524
0.23455882352941176,0.7076923076923077,0.5291572213172913
0.23897058823529413,0.7076923076923077,0.5270852446556091
0.23897058823529413,0.7086538461538462,0.526300311088562
0.23970588235294119,0.7086538461538462,0.5254877805709839
0.23970588235294119,0.7115384615384616,0.5243422985076904
0.24044117647058824,0.7115384615384616,0.5238415002822876
0.24044117647058824,0.7125,0.523711621761322
0.24191176470588235,0.7125,0.5235194563865662
0.24191176470588235,0.7144230769230769,0.5228009223937988
0.24411764705882352,0.7144230769230769,0.5219296216964722
0.24411764705882352,0.7153846153846154,0.5215094685554504
0.24485294117647058,0.7153846153846154,0.5207427144050598
0.24485294117647058,0.7163461538461539,0.5202735662460327
0.24558823529411763,0.7163461538461539,0.5200517773628235
0.24558823529411763,0.7192307692307692,0.518865168094635
0.24632352941176472,0.7192307692307692,0.5188388228416443
0.24632352941176472,0.7211538461538461,0.5186151266098022
0.24705882352941178,0.7211538461538461,0.5184858441352844
0.24705882352941178,0.7230769230769231,0.5181077718734741
0.24779411764705883,0.7230769230769231,0.5178030133247375
0.24779411764705883,0.7269230769230769,0.5141692161560059
0.25073529411764706,0.7269230769230769,0.5131545066833496
0.25073529411764706,0.7298076923076923,0.5130406618118286
0.2529411764705882,0.7298076923076923,0.5124642848968506
0.2529411764705882,0.7307692307692307,0.512115478515625
0.2536764705882353,0.7307692307692307,0.5121036767959595
0.2536764705882353,0.7317307692307692,0.5113949775695801
0.2566176470588235,0.7317307692307692,0.510418713092804
0.2566176470588235,0.7326923076923076,0.5103611946105957
0.25735294117647056,0.7326923076923076,0.5100475549697876
0.25735294117647056,0.7355769230769231,0.5089507699012756
0.2595588235294118,0.7355769230769231,0.5076703429222107
0.2595588235294118,0.7365384615384616,0.5063557028770447
0.26029411764705884,0.7365384615384616,0.5063380002975464
0.26029411764705884,0.7384615384615385,0.5062891244888306
0.2610294117647059,0.7384615384615385,0.5062175393104553
0.2610294117647059,0.739423076923077,0.5060263872146606
0.2639705882352941,0.739423076923077,0.5042964220046997
0.2639705882352941,0.7413461538461539,0.5026267170906067
0.26544117647058824,0.7413461538461539,0.5023992657661438
0.26544117647058824,0.7432692307692308,0.5014814138412476
0.2661764705882353,0.7432692307692308,0.5013566613197327
0.2661764705882353,0.7451923076923077,0.5003476738929749
0.2676470588235294,0.7451923076923077,0.4998213052749634
0.2676470588235294,0.7519230769230769,0.4980512857437134
0.2698529411764706,0.7519230769230769,0.4977005422115326
0.2698529411764706,0.7538461538461538,0.4969174861907959
0.27058823529411763,0.7538461538461538,0.4968237280845642
0.27058823529411763,0.7557692307692307,0.49635782837867737
0.27205882352941174,0.7557692307692307,0.49576878547668457
0.27205882352941174,0.7567307692307692,0.4947907328605652
0.2727941176470588,0.7567307692307692,0.49453049898147583
0.2727941176470588,0.7596153846153846,0.4937216341495514
0.27426470588235297,0.7596153846153846,0.4934898018836975
0.27426470588235297,0.7625,0.49181851744651794
0.2757352941176471,0.7625,0.4912692904472351
0.2757352941176471,0.7653846153846153,0.49028971791267395
0.27647058823529413,0.7653846153846153,0.48949384689331055
0.27647058823529413,0.7682692307692308,0.48821672797203064
0.2772058823529412,0.7682692307692308,0.48801079392433167
0.2772058823529412,0.7692307692307693,0.48754650354385376
0.2786764705882353,0.7692307692307693,0.4856187403202057
0.2786764705882353,0.7730769230769231,0.48344072699546814
0.2801470588235294,0.7730769230769231,0.4829741418361664
0.2801470588235294,0.7769230769230769,0.4808521568775177
0.28308823529411764,0.7769230769230769,0.4801730513572693
0.28308823529411764,0.7807692307692308,0.4790182113647461
0.28455882352941175,0.7807692307692308,0.47805559635162354
0.28455882352941175,0.7817307692307692,0.4780057966709137
0.2852941176470588,0.7817307692307692,0.4771190583705902
0.2852941176470588,0.7826923076923077,0.4770934283733368
0.2875,0.7826923076923077,0.47697168588638306
0.2875,0.7836538461538461,0.47690579295158386
0.28823529411764703,0.7836538461538461,0.4767366051673889
0.28823529411764703,0.7846153846153846,0.4766811430454254
0.2897058823529412,0.7846153846153846,0.4755838215351105
0.2897058823529412,0.7855769230769231,0.47555944323539734
0.29044117647058826,0.7855769230769231,0.4749727249145508
0.29044117647058826,0.7884615384615384,0.47381681203842163
0.2911764705882353,0.7884615384615384,0.4736423194408417
0.2911764705882353,0.7894230769230769,0.47345566749572754
0.29558823529411765,0.7894230769230769,0.4725967347621918
0.29558823529411765,0.7903846153846154,0.47216856479644775
0.2963235294117647,0.7903846153846154,0.47187018394470215
0.2963235294117647,0.7942307692307692,0.47010287642478943
0.29926470588235293,0.7942307692307692,0.4691407382488251
0.29926470588235293,0.7951923076923076,0.4684061110019684
0.30073529411764705,0.7951923076923076,0.4682866036891937
0.30073529411764705,0.7990384615384616,0.4663372039794922
0.30220588235294116,0.7990384615384616,0.4651448428630829
0.30220588235294116,0.8,0.46477845311164856
0.30367647058823527,0.8,0.46398770809173584
0.30367647058823527,0.8009615384615385,0.4639580249786377
0.3044117647058823,0.8009615384615385,0.46361884474754333
0.3044117647058823,0.8028846153846154,0.4633007049560547
0.30514705882352944,0.8028846153846154,0.4630172848701477
0.30514705882352944,0.8096153846153846,0.45898911356925964
0.3073529411764706,0.8096153846153846,0.4579339623451233
0.3073529411764706,0.8105769230769231,0.45738834142684937
0.30808823529411766,0.8105769230769231,0.45699334144592285
0.30808823529411766,0.8115384615384615,0.4567992687225342
0.3095588235294118,0.8115384615384615,0.4562782645225525
0.3095588235294118,0.8134615384615385,0.4551668167114258
0.3110294117647059,0.8134615384615385,0.4545229375362396
0.3110294117647059,0.8144230769230769,0.45405349135398865
0.3125,0.8144230769230769,0.45307111740112305
0.3125,0.8153846153846154,0.4529103636741638
0.3154411764705882,0.8153846153846154,0.4509902596473694
0.3154411764705882,0.8182692307692307,0.4490300118923187
0.3161764705882353,0.8182692307692307,0.44829055666923523
0.3161764705882353,0.8192307692307692,0.44815823435783386
0.31838235294117645,0.8192307692307692,0.44580745697021484
0.31838235294117645,0.8201923076923077,0.445711225271225
0.31985294117647056,0.8201923076923077,0.4450360834598541
0.31985294117647056,0.823076923076923,0.44350242614746094
0.3205882352941177,0.823076923076923,0.4428102970123291
0.3205882352941177,0.8240384615384615,0.44237256050109863
0.3220588235294118,0.8240384615384615,0.441780149936676
0.3220588235294118,0.8269230769230769,0.44012582302093506
0.32426470588235295,0.8269230769230769,0.43971148133277893
0.32426470588235295,0.8278846153846153,0.43962690234184265
0.32573529411764707,0.8278846153846153,0.43840688467025757
0.32573529411764707,0.8288461538461539,0.4377996325492859
0.3264705882352941,0.8288461538461539,0.4373684525489807
0.3264705882352941,0.8298076923076924,0.4367195963859558
0.3272058823529412,0.8298076923076924,0.4364239573478699
0.3272058823529412,0.8317307692307693,0.4354858994483948
0.32941176470588235,0.8317307692307693,0.4339574873447418
0.32941176470588235,0.8326923076923077,0.4334668517112732
0.3301470588235294,0.8326923076923077,0.4332329034805298
0.3301470588235294,0.8336538461538462,0.4331929385662079
0.33088235294117646,0.8336538461538462,0.43306005001068115
0.33088235294117646,0.8355769230769231,0.43236708641052246
0.3316176470588235,0.8355769230769231,0.43223196268081665
0.3316176470588235,0.8365384615384616,0.4321618974208832
0.33455882352941174,0.8365384615384616,0.43099215626716614
0.33455882352941174,0.8375,0.43098777532577515
0.3375,0.8375,0.4295167028903961
0.3375,0.8384615384615385,0.4290650486946106
0.34044117647058825,0.8384615384615385,0.4278685748577118
0.34044117647058825,0.8403846153846154,0.4270680546760559
0.3426470588235294,0.8403846153846154,0.4263458251953125
0.3426470588235294,0.8413461538461539,0.4263004958629608
0.34558823529411764,0.8413461538461539,0.42463403940200806
0.34558823529411764,0.8432692307692308,0.42435941100120544
0.3492647058823529,0.8432692307692308,0.4229912757873535
0.3492647058823529,0.8442307692307692,0.4229424297809601
0.35,0.8442307692307692,0.4228133261203766
0.35,0.8451923076923077,0.4228130877017975
0.35294117647058826,0.8451923076923077,0.4218437671661377
0.35294117647058826,0.8461538461538461,0.42175716161727905
0.3536764705882353,0.8461538461538461,0.4214765131473541
0.3536764705882353,0.8471153846153846,0.4213642179965973
0.35441176470588237,0.8471153846153846,0.42070016264915466
0.35441176470588237,0.8480769230769231,0.4205659329891205
0.3610294117647059,0.8480769230769231,0.41842058300971985
0.3610294117647059,0.85,0.41771572828292847
0.3625,0.85,0.41657429933547974
0.3625,0.8519230769230769,0.4163583815097809
0.36323529411764705,0.8519230769230769,0.41632920503616333
0.36323529411764705,0.8528846153846154,0.4162996709346771
0.3639705882352941,0.8528846153846154,0.41607946157455444
0.3639705882352941,0.8557692307692307,0.4138769209384918
0.3683823529411765,0.8557692307692307,0.4108336269855499
0.3683823529411765,0.8567307692307692,0.41038671135902405
0.36911764705882355,0.8567307692307692,0.4100595712661743
0.36911764705882355,0.8605769230769231,0.4083448350429535
0.37426470588235294,0.8605769230769231,0.4070720970630646
0.37426470588235294,0.8615384615384616,0.4069438576698303
0.375,0.8615384615384616,0.40636691451072693
0.375,0.8634615384615385,0.4057896137237549
0.37720588235294117,0.8634615384615385,0.40552666783332825
0.37720588235294117,0.864423076923077,0.4052106738090515
0.38529411764705884,0.864423076923077,0.40152108669281006
0.38529411764705884,0.8653846153846154,0.4010704457759857
0.3860294117647059,0.8653846153846154,0.4005090892314911
0.3860294117647059,0.8663461538461539,0.4004836976528168
0.38676470588235295,0.8663461538461539,0.4003058075904846
0.38676470588235295,0.8682692307692308,0.3996160924434662
0.3875,0.8682692307692308,0.39937710762023926
0.3875,0.8692307692307693,0.3991677761077881
0.3911764705882353,0.8692307692307693,0.39729684591293335
0.3911764705882353,0.8701923076923077,0.3969637155532837
0.3926470588235294,0.8701923076923077,0.3963383734226227
0.3926470588235294,0.8711538461538462,0.396302729845047
0.39338235294117646,0.8711538461538462,0.39622074365615845
0.39338235294117646,0.8721153846153846,0.39600831270217896
0.39558823529411763,0.8721153846153846,0.3949505090713501
0.39558823529411763,0.8730769230769231,0.3935021460056305
0.4,0.8730769230769231,0.39234068989753723
0.4,0.8740384615384615,0.3922589421272278
0.40147058823529413,0.8740384615384615,0.39203551411628723
0.40147058823529413,0.8769230769230769,0.3909943401813507
0.4022058823529412,0.8769230769230769,0.3908233940601349
0.4022058823529412,0.8778846153846154,0.3907290995121002
0.40294117647058825,0.8778846153846154,0.39031559228897095
0.40294117647058825,0.8798076923076923,0.3901544213294983
0.40588235294117647,0.8798076923076923,0.38946259021759033
0.40588235294117647,0.8807692307692307,0.38895508646965027
0.40808823529411764,0.8807692307692307,0.38836371898651123
0.40808823529411764,0.8817307692307692,0.38797804713249207
0.4117647058823529,0.8817307692307692,0.38663145899772644
0.4117647058823529,0.8826923076923077,0.386027991771698
0.4139705882352941,0.8826923076923077,0.38515785336494446
0.4139705882352941,0.8836538461538461,0.3850470781326294
0.41544117647058826,0.8836538461538461,0.3832228183746338
0.41544117647058826,0.885576923076923,0.3830227851867676
0.41911764705882354,0.885576923076923,0.3816753029823303
0.41911764705882354,0.8865384615384615,0.3811732232570648
0.42205882352941176,0.8865384615384615,0.3805695176124573
0.42205882352941176,0.8875,0.38046854734420776
0.4227941176470588,0.8875,0.38035985827445984
0.4227941176470588,0.8894230769230769,0.37927907705307007
0.42426470588235293,0.8894230769230769,0.37883755564689636
0.42426470588235293,0.8903846153846153,0.3782755434513092
0.425,0.8903846153846153,0.37821659445762634
0.425,0.8913461538461539,0.377970427274704
0.42573529411764705,0.8913461538461539,0.37786662578582764
0.42573529411764705,0.8923076923076924,0.37755057215690613
0.42720588235294116,0.8923076923076924,0.37704774737358093
0.42720588235294116,0.8932692307692308,0.37675461173057556
0.4279411764705882,0.8932692307692308,0.37547409534454346
0.4279411764705882,0.8942307692307693,0.3748777508735657
0.43676470588235294,0.8942307692307693,0.3735786974430084
0.43676470588235294,0.8951923076923077,0.3731521666049957
0.4375,0.8951923076923077,0.37300679087638855
0.4375,0.8961538461538462,0.37286484241485596
0.43823529411764706,0.8961538461538462,0.3728220462799072
0.43823529411764706,0.8971153846153846,0.37281692028045654
0.4389705882352941,0.8971153846153846,0.37250465154647827
0.4389705882352941,0.8980769230769231,0.3724403381347656
0.44191176470588234,0.8980769230769231,0.3712446391582489
0.44191176470588234,0.8990384615384616,0.3709978759288788
0.44338235294117645,0.8990384615384616,0.37041574716567993
0.44338235294117645,0.9019230769230769,0.36960369348526
0.4485294117647059,0.9019230769230769,0.3680558502674103
0.4485294117647059,0.9038461538461539,0.36712247133255005
0.45073529411764707,0.9038461538461539,0.3665023446083069
0.45073529411764707,0.9057692307692308,0.3664388954639435
0.45808823529411763,0.9057692307692308,0.3624517619609833
0.45808823529411763,0.9067307692307692,0.3618184030056
0.4602941176470588,0.9067307692307692,0.36072251200675964
0.4602941176470588,0.9076923076923077,0.36021772027015686
0.4632352941176471,0.9076923076923077,0.35922855138778687
0.4632352941176471,0.9096153846153846,0.3585350215435028
0.4661764705882353,0.9096153846153846,0.3576452434062958
0.4661764705882353,0.9105769230769231,0.35759052634239197
0.4698529411764706,0.9105769230769231,0.35588470101356506
0.4698529411764706,0.9115384615384615,0.3558398485183716
0.47058823529411764,0.9115384615384615,0.35581761598587036
0.47058823529411764,0.9125,0.355517715215683
0.47794117647058826,0.9125,0.3540410101413727
0.47794117647058826,0.9134615384615384,0.35326868295669556
0.4786764705882353,0.9134615384615384,0.3531538248062134
0.4786764705882353,0.9153846153846154,0.3531138598918915
0.4852941176470588,0.9153846153846154,0.3499671220779419
0.4852941176470588,0.9163461538461538,0.34976527094841003
0.4860294117647059,0.9163461538461538,0.34973394870758057
0.4860294117647059,0.9173076923076923,0.349661648273468
0.49411764705882355,0.9173076923076923,0.34681135416030884
0.49411764705882355,0.9182692307692307,0.3467872738838196
0.49558823529411766,0.9182692307692307,0.3461652994155884
0.49558823529411766,0.9192307692307692,0.3458130955696106
0.49779411764705883,0.9192307692307692,0.3448910117149353
0.49779411764705883,0.9201923076923076,0.3444255292415619
0.49926470588235294,0.9201923076923076,0.344153493642807
0.49926470588235294,0.9221153846153847,0.3434925973415375
0.5014705882352941,0.9221153846153847,0.34220460057258606
0.5014705882352941,0.9230769230769231,0.3420582711696625
0.5022058823529412,0.9230769230769231,0.3419669568538666
0.5022058823529412,0.925,0.3415955901145935
0.5036764705882353,0.925,0.3410789668560028
0.5036764705882353,0.9259615384615385,0.34089934825897217
0.5058823529411764,0.9259615384615385,0.33980897068977356
0.5058823529411764,0.926923076923077,0.3397280275821686
0.513235294117647,0.926923076923077,0.3373285233974457
0.513235294117647,0.9278846153846154,0.3372352421283722
0.5147058823529411,0.9278846153846154,0.3371027410030365
0.5147058823529411,0.9298076923076923,0.33704426884651184
0.5161764705882353,0.9298076923076923,0.3365124464035034
0.5161764705882353,0.9307692307692308,0.3361593782901764
0.5169117647058824,0.9307692307692308,0.33581915497779846
0.5169117647058824,0.9317307692307693,0.33568963408470154
0.5235294117647059,0.9317307692307693,0.33273839950561523
0.5235294117647059,0.9326923076923077,0.33260899782180786
0.5257352941176471,0.9326923076923077,0.3316529095172882
0.5257352941176471,0.9336538461538462,0.33158713579177856
0.5264705882352941,0.9336538461538462,0.33057692646980286
0.5264705882352941,0.9355769230769231,0.3295672535896301
0.5279411764705882,0.9355769230769231,0.32799166440963745
0.5279411764705882,0.9375,0.3278610110282898
0.5316176470588235,0.9375,0.3270466923713684
0.5316176470588235,0.9394230769230769,0.3263087570667267
0.5360294117647059,0.9394230769230769,0.3243233859539032
0.5360294117647059,0.9403846153846154,0.32253095507621765
0.5389705882352941,0.9403846153846154,0.32112056016921997
0.5389705882352941,0.9413461538461538,0.32049551606178284
0.5507352941176471,0.9413461538461538,0.3146470785140991
0.5507352941176471,0.9423076923076923,0.31431078910827637
0.5536764705882353,0.9423076923076923,0.31098341941833496
0.5536764705882353,0.9432692307692307,0.3108765482902527
0.5573529411764706,0.9432692307692307,0.30845504999160767
0.5573529411764706,0.9442307692307692,0.3082577586174011
0.5676470588235294,0.9442307692307692,0.30097439885139465
0.5676470588235294,0.9471153846153846,0.3006543219089508
0.586764705882353,0.9471153846153846,0.2915543019771576
0.586764705882353,0.9490384615384615,0.2908720374107361
0.5926470588235294,0.9490384615384615,0.28735288977622986
0.5926470588235294,0.95,0.28732720017433167
0.5941176470588235,0.95,0.2856072187423706
0.5941176470588235,0.9509615384615384,0.2848478853702545
0.6066176470588235,0.9509615384615384,0.27973636984825134
0.6066176470588235,0.9519230769230769,0.27885520458221436
0.6176470588235294,0.9519230769230769,0.2738030254840851
0.6176470588235294,0.9528846153846153,0.27377834916114807
0.6191176470588236,0.9528846153846153,0.2731034755706787
0.6191176470588236,0.9538461538461539,0.27176597714424133
0.6308823529411764,0.9538461538461539,0.2654248774051666
0.6308823529411764,0.9548076923076924,0.2648368775844574
0.6345588235294117,0.9548076923076924,0.26225942373275757
0.6345588235294117,0.9557692307692308,0.2619624435901642
0.6352941176470588,0.9557692307692308,0.26127830147743225
0.6352941176470588,0.9567307692307693,0.26083144545555115
0.6367647058823529,0.9567307692307693,0.26038169860839844
0.6367647058823529,0.9576923076923077,0.2597094774246216
0.6455882352941177,0.9576923076923077,0.2538909316062927
0.6455882352941177,0.9586538461538462,0.2532203197479248
0.6544117647058824,0.9586538461538462,0.2487819790840149
0.6544117647058824,0.9596153846153846,0.2477913647890091
0.6588235294117647,0.9596153846153846,0.24575617909431458
0.6588235294117647,0.9605769230769231,0.24572822451591492
0.6595588235294118,0.9605769230769231,0.2447882741689682
0.6595588235294118,0.9625,0.243339404463768
0.6610294117647059,0.9625,0.24258330464363098
0.6610294117647059,0.9634615384615385,0.2424105703830719
0.6617647058823529,0.9634615384615385,0.2422795295715332
0.6617647058823529,0.9644230769230769,0.24150176346302032
0.6735294117647059,0.9644230769230769,0.23571917414665222
0.6735294117647059,0.9653846153846154,0.23481786251068115
0.674264705882353,0.9653846153846154,0.2342062145471573
0.674264705882353,0.9682692307692308,0.23296330869197845
0.6897058823529412,0.9682692307692308,0.22713647782802582
0.6897058823529412,0.9692307692307692,0.22701337933540344
0.6970588235294117,0.9692307692307692,0.2222522348165512
0.6970588235294117,0.9711538461538461,0.22192996740341187
0.6977941176470588,0.9711538461538461,0.22165144979953766
0.6977941176470588,0.9721153846153846,0.22080330550670624
0.6992647058823529,0.9721153846153846,0.22015900909900665
0.6992647058823529,0.9730769230769231,0.21955247223377228
0.700735294117647,0.9730769230769231,0.21941758692264557
0.700735294117647,0.9740384615384615,0.21940617263317108
0.7139705882352941,0.9740384615384615,0.21585480868816376
0.7139705882352941,0.975,0.2155778408050537
0.7286764705882353,0.975,0.21038350462913513
0.7286764705882353,0.9778846153846154,0.2082374095916748
0.7352941176470589,0.9778846153846154,0.20513302087783813
0.7352941176470589,0.9788461538461538,0.20438140630722046
0.7441176470588236,0.9788461538461538,0.19915355741977692
0.7441176470588236,0.9798076923076923,0.19914448261260986
0.7764705882352941,0.9798076923076923,0.1838262677192688
0.7764705882352941,0.9807692307692307,0.18365001678466797
0.9007352941176471,0.9807692307692307,0.11210054904222488
0.9007352941176471,0.9817307692307692,0.11202631145715714
0.9198529411764705,0.9817307692307692,0.0932794064283371
0.9198529411764705,0.9826923076923076,0.09152723848819733
0.9272058823529412,0.9826923076923076,0.08009800314903259
0.9272058823529412,0.9836538461538461,0.07984749227762222
0.9294117647058824,0.9836538461538461,0.07756520807743073
0.9294117647058824,0.9846153846153847,0.07455949485301971
0.9323529411764706,0.9846153846153847,0.0719892829656601
0.9323529411764706,0.9865384615384616,0.07144562900066376
0.9330882352941177,0.9865384615384616,0.06970757246017456
0.9330882352941177,0.9884615384615385,0.06913727521896362
0.9367647058823529,0.9884615384615385,0.06377328932285309
0.9367647058823529,0.989423076923077,0.06374525278806686
0.9375,0.989423076923077,0.06293044984340668
0.9375,0.9903846153846154,0.06275208294391632
0.9397058823529412,0.9903846153846154,0.061743542551994324
0.9397058823529412,0.9913461538461539,0.06142784282565117
0.9426470588235294,0.9913461538461539,0.05975170433521271
0.9426470588235294,0.9923076923076923,0.05924975126981735
0.9433823529411764,0.9923076923076923,0.05905047431588173
0.9433823529411764,0.9932692307692308,0.05902884528040886
0.9441176470588235,0.9932692307692308,0.058109626173973083
0.9441176470588235,0.9942307692307693,0.05653251335024834
0.9470588235294117,0.9942307692307693,0.055342238396406174
0.9470588235294117,0.9951923076923077,0.05519821494817734
0.9485294117647058,0.9951923076923077,0.054370760917663574
0.9485294117647058,0.9971153846153846,0.05393684282898903
0.9588235294117647,0.9971153846153846,0.050629906356334686
0.9588235294117647,0.9990384615384615,0.05052673816680908
0.9772058823529411,0.9990384615384615,0.04473701864480972
0.9772058823529411,1.0,0.04450356215238571
1.0,1.0,0.027944320812821388
