FPR,TPR,Threshold
0.0,0.0,1.9850976467132568
0.0,0.000925925925925926,0.9850976467132568
0.0,0.16944444444444445,0.9566107988357544
0.0007575757575757576,0.16944444444444445,0.9565845131874084
0.0007575757575757576,0.1712962962962963,0.9564530849456787
0.0015151515151515152,0.1712962962962963,0.9563259482383728
0.0015151515151515152,0.18888888888888888,0.9544615745544434
0.0022727272727272726,0.18888888888888888,0.9542274475097656
0.0022727272727272726,0.22037037037037038,0.9519085884094238
0.0030303030303030303,0.22037037037037038,0.9518314003944397
0.0030303030303030303,0.2222222222222222,0.9513716101646423
0.003787878787878788,0.2222222222222222,0.9512676000595093
0.003787878787878788,0.22314814814814815,0.9512475728988647
0.004545454545454545,0.22314814814814815,0.9508945345878601
0.004545454545454545,0.225,0.950592041015625
0.006060606060606061,0.225,0.9503841996192932
0.006060606060606061,0.2324074074074074,0.949617326259613
0.007575757575757576,0.2324074074074074,0.9495050311088562
0.007575757575757576,0.2361111111111111,0.9493311643600464
0.008333333333333333,0.2361111111111111,0.9493196606636047
0.008333333333333333,0.24259259259259258,0.9487291574478149
0.00909090909090909,0.24259259259259258,0.9486951231956482
0.00909090909090909,0.28703703703703703,0.9410969614982605
0.009848484848484848,0.28703703703703703,0.9409312605857849
0.009848484848484848,0.30185185185185187,0.9382494688034058
0.010606060606060607,0.30185185185185187,0.9381396174430847
0.010606060606060607,0.3101851851851852,0.936058521270752
0.010606060606060607,0.31203703703703706,0.9360015988349915
0.010606060606060607,0.31574074074074077,0.9352396726608276
0.011363636363636364,0.31574074074074077,0.9351773262023926
0.011363636363636364,0.37407407407407406,0.9182214140892029
0.012121212121212121,0.37407407407407406,0.9180712699890137
0.012121212121212121,0.38425925925925924,0.9162420034408569
0.013636363636363636,0.38425925925925924,0.9154877066612244
0.013636363636363636,0.4046296296296296,0.9098326563835144
0.014393939393939395,0.4046296296296296,0.9095859527587891
0.014393939393939395,0.4212962962962963,0.9065756797790527
0.015151515151515152,0.4212962962962963,0.9065608978271484
0.015151515151515152,0.4935185185185185,0.8791363835334778
0.015909090909090907,0.4935185185185185,0.879112720489502
0.015909090909090907,0.5194444444444445,0.8732699751853943
0.016666666666666666,0.5194444444444445,0.8730979561805725
0.016666666666666666,0.525,0.8721733689308167
0.017424242424242425,0.525,0.8717631697654724
0.017424242424242425,0.5361111111111111,0.8674466609954834
0.01818181818181818,0.5361111111111111,0.8674209713935852
0.01818181818181818,0.5481481481481482,0.8639493584632874
0.01893939393939394,0.5481481481481482,0.8638349771499634
0.01893939393939394,0.55,0.8620215058326721
0.019696969696969695,0.55,0.8617988228797913
0.019696969696969695,0.5509259259259259,0.8616340756416321
0.022727272727272728,0.5509259259259259,0.8612233400344849
0.022727272727272728,0.5546296296296296,0.860410213470459
0.023484848484848483,0.5546296296296296,0.859465479850769
0.023484848484848483,0.5555555555555556,0.8593317866325378
0.025,0.5555555555555556,0.8592947721481323
0.025,0.5601851851851852,0.8580191731452942
0.026515151515151516,0.5601851851851852,0.8577255606651306
0.026515151515151516,0.562037037037037,0.8571939468383789
0.02727272727272727,0.562037037037037,0.8569318056106567
0.02727272727272727,0.5638888888888889,0.8565869331359863
0.02803030303030303,0.5638888888888889,0.8563615679740906
0.02803030303030303,0.5648148148148148,0.856357991695404
0.02878787878787879,0.5648148148148148,0.855922520160675
0.02878787878787879,0.5685185185185185,0.8522666096687317
0.029545454545454545,0.5685185185185185,0.8521648049354553
0.029545454545454545,0.5851851851851851,0.8465591073036194
0.03106060606060606,0.5851851851851851,0.8455368280410767
0.03106060606060606,0.5907407407407408,0.8410283923149109
0.031818181818181815,0.5907407407407408,0.8408373594284058
0.031818181818181815,0.5935185185185186,0.8401607871055603
0.03257575757575758,0.5935185185185186,0.8396492600440979
0.03257575757575758,0.5944444444444444,0.8390768766403198
0.03333333333333333,0.5944444444444444,0.837761640548706
0.03333333333333333,0.5953703703703703,0.8376730680465698
0.03484848484848485,0.5953703703703703,0.8365454077720642
0.03484848484848485,0.5962962962962963,0.8362745642662048
0.03636363636363636,0.5962962962962963,0.8333092927932739
0.03636363636363636,0.5972222222222222,0.8330214619636536
0.03787878787878788,0.5972222222222222,0.832705557346344
0.03787878787878788,0.5990740740740741,0.8321955800056458
0.04090909090909091,0.5990740740740741,0.829245388507843
0.04090909090909091,0.6,0.8287478685379028
0.041666666666666664,0.6,0.8286104798316956
0.041666666666666664,0.612037037037037,0.8212749361991882
0.04393939393939394,0.612037037037037,0.8200790286064148
0.04393939393939394,0.6138888888888889,0.8198612928390503
0.0446969696969697,0.6138888888888889,0.8198096752166748
0.0446969696969697,0.6305555555555555,0.8092932105064392
0.045454545454545456,0.6305555555555555,0.8092052340507507
0.045454545454545456,0.7018518518518518,0.7765030860900879
0.04621212121212121,0.7018518518518518,0.7760363817214966
0.04621212121212121,0.7129629629629629,0.767414927482605
0.04696969696969697,0.7129629629629629,0.7670235633850098
0.04696969696969697,0.7296296296296296,0.7558191418647766
0.04772727272727273,0.7296296296296296,0.7554406523704529
0.04772727272727273,0.7305555555555555,0.7538885474205017
0.048484848484848485,0.7305555555555555,0.7533029317855835
0.048484848484848485,0.7361111111111112,0.7486109733581543
0.04924242424242424,0.7361111111111112,0.7482995390892029
0.04924242424242424,0.7407407407407407,0.7463575005531311
0.05,0.7407407407407407,0.7443564534187317
0.05,0.7425925925925926,0.7419825792312622
0.05075757575757576,0.7425925925925926,0.7415651679039001
0.05075757575757576,0.7435185185185185,0.7413008809089661
0.051515151515151514,0.7435185185185185,0.74117511510849
0.051515151515151514,0.7444444444444445,0.7406688332557678
0.05227272727272727,0.7444444444444445,0.7390905618667603
0.05227272727272727,0.7490740740740741,0.7368417978286743
0.05303030303030303,0.7490740740740741,0.7366219162940979
0.05303030303030303,0.7509259259259259,0.7347503304481506
0.05378787878787879,0.7509259259259259,0.7346646189689636
0.05378787878787879,0.7518518518518519,0.7344905734062195
0.05606060606060606,0.7518518518518519,0.7339701652526855
0.05606060606060606,0.7546296296296297,0.7323380708694458
0.056818181818181816,0.7546296296296297,0.7302981019020081
0.056818181818181816,0.7564814814814815,0.729901909828186
0.058333333333333334,0.7564814814814815,0.7291080355644226
0.058333333333333334,0.7583333333333333,0.7287619113922119
0.06136363636363636,0.7583333333333333,0.7265689969062805
0.06136363636363636,0.7601851851851852,0.7247806787490845
0.06212121212121212,0.7601851851851852,0.7246872782707214
0.06212121212121212,0.7657407407407407,0.718566358089447
0.06287878787878788,0.7657407407407407,0.7184746861457825
0.06287878787878788,0.7685185185185185,0.7157827019691467
0.06515151515151515,0.7685185185185185,0.7142252326011658
0.06515151515151515,0.7694444444444445,0.7140777111053467
0.06893939393939394,0.7694444444444445,0.7089634537696838
0.06893939393939394,0.7712962962962963,0.7079964280128479
0.07196969696969698,0.7712962962962963,0.7026825547218323
0.07196969696969698,0.7722222222222223,0.7008991241455078
0.07348484848484849,0.7722222222222223,0.6947820782661438
0.07348484848484849,0.7731481481481481,0.6880765557289124
0.07651515151515151,0.7731481481481481,0.6708231568336487
0.07651515151515151,0.775,0.6663894653320312
0.07803030303030303,0.775,0.6648826003074646
0.07803030303030303,0.7787037037037037,0.6560845375061035
0.0803030303030303,0.7787037037037037,0.6538717150688171
0.0803030303030303,0.7842592592592592,0.6467652320861816
0.08333333333333333,0.7842592592592592,0.6422714591026306
0.08333333333333333,0.787962962962963,0.6398772597312927
0.08484848484848485,0.787962962962963,0.6391230821609497
0.08484848484848485,0.7907407407407407,0.6382613182067871
0.0856060606060606,0.7907407407407407,0.6379738450050354
0.0856060606060606,0.7916666666666666,0.6377013921737671
0.08712121212121213,0.7916666666666666,0.6369317173957825
0.08712121212121213,0.7925925925925926,0.6368087530136108
0.08863636363636364,0.7925925925925926,0.6367442011833191
0.08863636363636364,0.7935185185185185,0.6365587711334229
0.0893939393939394,0.7935185185185185,0.6364626288414001
0.0893939393939394,0.7953703703703704,0.6343140602111816
0.09090909090909091,0.7953703703703704,0.6336172819137573
0.09090909090909091,0.7972222222222223,0.6330178380012512
0.09166666666666666,0.7972222222222223,0.6327871084213257
0.09166666666666666,0.7981481481481482,0.631855845451355
0.09242424242424242,0.7981481481481482,0.6318299174308777
0.09242424242424242,0.8009259259259259,0.631469190120697
0.09318181818181819,0.8009259259259259,0.6314480900764465
0.09318181818181819,0.8027777777777778,0.6307362914085388
0.09393939393939393,0.8027777777777778,0.6306328773498535
0.09393939393939393,0.8074074074074075,0.625667154788971
0.09545454545454546,0.8074074074074075,0.6253476738929749
0.09545454545454546,0.8092592592592592,0.6249428391456604
0.09696969696969697,0.8092592592592592,0.6245402097702026
0.09696969696969697,0.8101851851851852,0.6242671012878418
0.1,0.8101851851851852,0.6238861083984375
0.1,0.812037037037037,0.6228441596031189
0.10303030303030303,0.812037037037037,0.6219714879989624
0.10303030303030303,0.812962962962963,0.6218000650405884
0.10378787878787879,0.812962962962963,0.6213430166244507
0.10378787878787879,0.8166666666666667,0.6196060180664062
0.10454545454545454,0.8166666666666667,0.6193884611129761
0.10454545454545454,0.8175925925925925,0.6192079186439514
0.1053030303030303,0.8175925925925925,0.6191782355308533
0.1053030303030303,0.8194444444444444,0.6185880899429321
0.10833333333333334,0.8194444444444444,0.617604672908783
0.10833333333333334,0.8268518518518518,0.6155558824539185
0.10909090909090909,0.8268518518518518,0.6153894066810608
0.10909090909090909,0.8277777777777777,0.6116268038749695
0.10984848484848485,0.8277777777777777,0.6116225123405457
0.10984848484848485,0.8324074074074074,0.608923077583313
0.11136363636363636,0.8324074074074074,0.6051859259605408
0.11136363636363636,0.8361111111111111,0.6003841757774353
0.11287878787878788,0.8361111111111111,0.5936799049377441
0.11287878787878788,0.8379629629629629,0.5872390270233154
0.11363636363636363,0.8379629629629629,0.5863689184188843
0.11363636363636363,0.8388888888888889,0.5831860303878784
0.1143939393939394,0.8388888888888889,0.5827632546424866
0.1143939393939394,0.8435185185185186,0.5736966133117676
0.1159090909090909,0.8435185185185186,0.5704575181007385
0.1159090909090909,0.8444444444444444,0.569433331489563
0.11742424242424243,0.8444444444444444,0.5687543153762817
0.11742424242424243,0.8453703703703703,0.564520001411438
0.11893939393939394,0.8453703703703703,0.5605577826499939
0.11893939393939394,0.8481481481481481,0.5520285964012146
0.11969696969696969,0.8481481481481481,0.5499395132064819
0.11969696969696969,0.8490740740740741,0.548508882522583
0.12121212121212122,0.8490740740740741,0.5472667813301086
0.12121212121212122,0.85,0.5465136170387268
0.12272727272727273,0.85,0.5455267429351807
0.12272727272727273,0.8555555555555555,0.5400345921516418
0.12348484848484849,0.8555555555555555,0.5378915667533875
0.12348484848484849,0.8574074074074074,0.5347490310668945
0.12424242424242424,0.8574074074074074,0.5321989059448242
0.12424242424242424,0.8611111111111112,0.5295621752738953
0.125,0.8611111111111112,0.5274926424026489
0.125,0.8657407407407407,0.5246629118919373
0.12651515151515152,0.8657407407407407,0.523056149482727
0.12651515151515152,0.8675925925925926,0.522803008556366
0.12878787878787878,0.8675925925925926,0.5219766497612
0.12878787878787878,0.8685185185185185,0.5210481286048889
0.12954545454545455,0.8685185185185185,0.5202786326408386
0.12954545454545455,0.8694444444444445,0.5182816386222839
0.13106060606060607,0.8694444444444445,0.5173105597496033
0.13106060606060607,0.8712962962962963,0.516454815864563
0.1318181818181818,0.8712962962962963,0.515961766242981
0.1318181818181818,0.8768518518518519,0.4996587038040161
0.13257575757575757,0.8768518518518519,0.4991752505302429
0.13257575757575757,0.8824074074074074,0.49467888474464417
0.13333333333333333,0.8824074074074074,0.4926051199436188
0.13333333333333333,0.8916666666666667,0.4824495017528534
0.1340909090909091,0.8916666666666667,0.4810575246810913
0.1340909090909091,0.912962962962963,0.47018662095069885
0.13484848484848486,0.912962962962963,0.4700518846511841
0.13484848484848486,0.9268518518518518,0.4630313217639923
0.13560606060606062,0.9268518518518518,0.4620702862739563
0.13560606060606062,0.9296296296296296,0.459744393825531
0.13636363636363635,0.9296296296296296,0.45948851108551025
0.13636363636363635,0.9333333333333333,0.45578068494796753
0.13787878787878788,0.9333333333333333,0.45328372716903687
0.13787878787878788,0.9342592592592592,0.4521927535533905
0.13863636363636364,0.9342592592592592,0.45183777809143066
0.13863636363636364,0.9398148148148148,0.44825050234794617
0.1393939393939394,0.9398148148148148,0.44759729504585266
0.1393939393939394,0.9416666666666667,0.4440310597419739
0.14015151515151514,0.9416666666666667,0.44340386986732483
0.14015151515151514,0.9453703703703704,0.44157156348228455
0.14166666666666666,0.9453703703703704,0.44141721725463867
0.14166666666666666,0.9462962962962963,0.44119831919670105
0.14242424242424243,0.9462962962962963,0.44011372327804565
0.14242424242424243,0.9564814814814815,0.435432106256485
0.14393939393939395,0.9564814814814815,0.4340357184410095
0.14393939393939395,0.9583333333333334,0.43329644203186035
0.14545454545454545,0.9583333333333334,0.4328252077102661
0.14545454545454545,0.9629629629629629,0.4299287497997284
0.14696969696969697,0.9629629629629629,0.4288378059864044
0.14696969696969697,0.9648148148148148,0.42744848132133484
0.14924242424242423,0.9648148148148148,0.42489367723464966
0.14924242424242423,0.9740740740740741,0.416287362575531
0.15,0.9740740740740741,0.41519975662231445
0.15,0.975,0.4144670069217682
0.15075757575757576,0.975,0.4127160906791687
0.15075757575757576,0.9768518518518519,0.4125250577926636
0.15151515151515152,0.9768518518518519,0.41194674372673035
0.15151515151515152,0.9787037037037037,0.4083334505558014
0.15303030303030302,0.9787037037037037,0.4029760956764221
0.15303030303030302,0.9796296296296296,0.40183600783348083
0.15833333333333333,0.9796296296296296,0.3936288356781006
0.15833333333333333,0.9805555555555555,0.39275291562080383
0.16363636363636364,0.9805555555555555,0.38502728939056396
0.16363636363636364,0.9814814814814815,0.3837730884552002
0.2765151515151515,0.9814814814814815,0.2841438949108124
0.2765151515151515,0.9824074074074074,0.2826210856437683
0.28863636363636364,0.9824074074074074,0.2733820676803589
0.28863636363636364,0.9833333333333333,0.2733258008956909
0.30303030303030304,0.9833333333333333,0.261799156665802
0.30303030303030304,0.9842592592592593,0.2608986496925354
0.3037878787878788,0.9842592592592593,0.2608273923397064
0.3037878787878788,0.9861111111111112,0.26026448607444763
0.3159090909090909,0.9861111111111112,0.2502601742744446
0.3159090909090909,0.987037037037037,0.24970896542072296
0.31893939393939397,0.987037037037037,0.2464178055524826
0.31893939393939397,0.9888888888888889,0.24599415063858032
0.3212121212121212,0.9888888888888889,0.24505972862243652
0.3212121212121212,0.9898148148148148,0.24402263760566711
0.32727272727272727,0.9898148148148148,0.24069644510746002
0.32727272727272727,0.9916666666666667,0.24041125178337097
0.33106060606060606,0.9916666666666667,0.23892085254192352
0.33106060606060606,0.9925925925925926,0.23862765729427338
0.3340909090909091,0.9925925925925926,0.23601284623146057
0.3340909090909091,0.9935185185185185,0.23598694801330566
0.3371212121212121,0.9935185185185185,0.2344793677330017
0.3371212121212121,0.9972222222222222,0.23226018249988556
0.3462121212121212,0.9972222222222222,0.22678302228450775
0.3462121212121212,0.9981481481481481,0.22628901898860931
0.35833333333333334,0.9981481481481481,0.21096171438694
0.35833333333333334,0.9990740740740741,0.21057415008544922
0.35984848484848486,0.9990740740740741,0.20894765853881836
0.35984848484848486,1.0,0.2085508406162262
1.0,1.0,0.010576508939266205
