FPR,TPR,Threshold
0.0,0.0,1.9690451622009277
0.0,0.0009615384615384616,0.9690451622009277
0.0,0.021153846153846155,0.9464355111122131
0.0007352941176470588,0.021153846153846155,0.9451544880867004
0.0007352941176470588,0.026923076923076925,0.9420228600502014
0.0014705882352941176,0.026923076923076925,0.9415435791015625
0.0014705882352941176,0.027884615384615386,0.9415111541748047
0.0022058823529411764,0.027884615384615386,0.9411033987998962
0.0022058823529411764,0.03076923076923077,0.9406094551086426
0.0029411764705882353,0.03076923076923077,0.939412534236908
0.0029411764705882353,0.032692307692307694,0.9377307295799255
0.003676470588235294,0.032692307692307694,0.9345380663871765
0.003676470588235294,0.0375,0.9309423565864563
0.004411764705882353,0.0375,0.9307141900062561
0.004411764705882353,0.038461538461538464,0.9303718209266663
0.005147058823529412,0.038461538461538464,0.9301272034645081
0.005147058823529412,0.03942307692307692,0.9299780130386353
0.006617647058823529,0.03942307692307692,0.9292823076248169
0.006617647058823529,0.04230769230769231,0.9279518127441406
0.007352941176470588,0.04230769230769231,0.9272735714912415
0.007352941176470588,0.04326923076923077,0.9267633557319641
0.008088235294117648,0.04326923076923077,0.9251351356506348
0.008088235294117648,0.047115384615384615,0.9232668876647949
0.008823529411764706,0.047115384615384615,0.9230906367301941
0.008823529411764706,0.06538461538461539,0.9124488830566406
0.009558823529411765,0.06538461538461539,0.9107469916343689
0.009558823529411765,0.07596153846153846,0.9034537672996521
0.010294117647058823,0.07596153846153846,0.9034333229064941
0.010294117647058823,0.07692307692307693,0.9031376242637634
0.011029411764705883,0.07692307692307693,0.9031316041946411
0.011029411764705883,0.08365384615384615,0.8990705013275146
0.011764705882352941,0.08365384615384615,0.8989431262016296
0.011764705882352941,0.10096153846153846,0.8869959712028503
0.013235294117647059,0.10096153846153846,0.8866133689880371
0.013235294117647059,0.1076923076923077,0.8811044096946716
0.013970588235294118,0.1076923076923077,0.8804665207862854
0.013970588235294118,0.11538461538461539,0.8750542402267456
0.014705882352941176,0.11538461538461539,0.875038743019104
0.014705882352941176,0.12884615384615383,0.8711233735084534
0.016176470588235296,0.12884615384615383,0.8704987168312073
0.016176470588235296,0.13365384615384615,0.8698701858520508
0.016911764705882352,0.13365384615384615,0.8698618412017822
0.016911764705882352,0.13557692307692307,0.8687648177146912
0.01764705882352941,0.13557692307692307,0.8682219982147217
0.01764705882352941,0.14711538461538462,0.8578549027442932
0.01838235294117647,0.14711538461538462,0.8574930429458618
0.01838235294117647,0.15,0.8564075827598572
0.01911764705882353,0.15,0.8561293482780457
0.01911764705882353,0.15576923076923077,0.8515585660934448
0.019852941176470587,0.15576923076923077,0.8498663306236267
0.019852941176470587,0.16153846153846155,0.846817135810852
0.020588235294117647,0.16153846153846155,0.8463703989982605
0.020588235294117647,0.16346153846153846,0.845687210559845
0.021323529411764706,0.16346153846153846,0.8448792099952698
0.021323529411764706,0.17596153846153847,0.8404831290245056
0.022058823529411766,0.17596153846153847,0.8397470116615295
0.022058823529411766,0.18269230769230768,0.8361809253692627
0.023529411764705882,0.18269230769230768,0.8355019092559814
0.023529411764705882,0.18557692307692308,0.833126962184906
0.02426470588235294,0.18557692307692308,0.8328346014022827
0.02426470588235294,0.1875,0.8323307633399963
0.025,0.1875,0.831964910030365
0.025,0.20288461538461539,0.8235927820205688
0.025735294117647058,0.20288461538461539,0.8234237432479858
0.025735294117647058,0.20576923076923076,0.8227025866508484
0.026470588235294117,0.20576923076923076,0.8216361999511719
0.026470588235294117,0.22692307692307692,0.8093453049659729
0.027205882352941177,0.22692307692307692,0.8088597059249878
0.027205882352941177,0.2375,0.8009351491928101
0.027941176470588237,0.2375,0.7998751997947693
0.027941176470588237,0.25576923076923075,0.7892024517059326
0.028676470588235293,0.25576923076923075,0.7879508137702942
0.028676470588235293,0.25961538461538464,0.7849593162536621
0.029411764705882353,0.25961538461538464,0.7844839692115784
0.029411764705882353,0.26826923076923076,0.7819064259529114
0.030882352941176472,0.26826923076923076,0.7813700437545776
0.030882352941176472,0.2692307692307692,0.781226396560669
0.03161764705882353,0.2692307692307692,0.7810879349708557
0.03161764705882353,0.27307692307692305,0.7782129645347595
0.03308823529411765,0.27307692307692305,0.7771506309509277
0.03308823529411765,0.2875,0.7699646949768066
0.033823529411764704,0.2875,0.7697884440422058
0.033823529411764704,0.2923076923076923,0.7689130306243896
0.03529411764705882,0.2923076923076923,0.7681374549865723
0.03529411764705882,0.2932692307692308,0.7678505182266235
0.03602941176470588,0.2932692307692308,0.7673346400260925
0.03602941176470588,0.2951923076923077,0.7659693360328674
0.0375,0.2951923076923077,0.7651302218437195
0.0375,0.30096153846153845,0.7640841007232666
0.03823529411764706,0.30096153846153845,0.7636785507202148
0.03823529411764706,0.3019230769230769,0.7628638744354248
0.03897058823529412,0.3019230769230769,0.7627483010292053
0.03897058823529412,0.3038461538461538,0.7614244222640991
0.039705882352941174,0.3038461538461538,0.7611240744590759
0.039705882352941174,0.31346153846153846,0.7572982907295227
0.04044117647058824,0.31346153846153846,0.7572513222694397
0.04044117647058824,0.3144230769230769,0.7570067644119263
0.041176470588235294,0.3144230769230769,0.7566339373588562
0.041176470588235294,0.3173076923076923,0.7558531761169434
0.04191176470588235,0.3173076923076923,0.7558093667030334
0.04191176470588235,0.3211538461538462,0.7534278631210327
0.04485294117647059,0.3211538461538462,0.7523511052131653
0.04485294117647059,0.32403846153846155,0.7521682977676392
0.045588235294117645,0.32403846153846155,0.7521330714225769
0.045588235294117645,0.3298076923076923,0.7507622838020325
0.047058823529411764,0.3298076923076923,0.7495241165161133
0.047058823529411764,0.3326923076923077,0.7485391497612
0.04779411764705882,0.3326923076923077,0.7484152913093567
0.04779411764705882,0.3346153846153846,0.7476062178611755
0.04852941176470588,0.3346153846153846,0.7466737627983093
0.04852941176470588,0.33557692307692305,0.7464583516120911
0.05,0.33557692307692305,0.7461850643157959
0.05,0.3451923076923077,0.7392926216125488
0.052941176470588235,0.3451923076923077,0.7380760908126831
0.052941176470588235,0.34615384615384615,0.738068699836731
0.05367647058823529,0.34615384615384615,0.7365784645080566
0.05367647058823529,0.34807692307692306,0.7355313301086426
0.054411764705882354,0.34807692307692306,0.7354490756988525
0.054411764705882354,0.3490384615384615,0.7348617911338806
0.05588235294117647,0.3490384615384615,0.7345216870307922
0.05588235294117647,0.35384615384615387,0.7320636510848999
0.057352941176470586,0.35384615384615387,0.7314853072166443
0.057352941176470586,0.3548076923076923,0.7313550114631653
0.05808823529411765,0.3548076923076923,0.7310497164726257
0.05808823529411765,0.35673076923076924,0.7309376001358032
0.058823529411764705,0.35673076923076924,0.7307604551315308
0.058823529411764705,0.3576923076923077,0.7299269437789917
0.05955882352941176,0.3576923076923077,0.7298609614372253
0.05955882352941176,0.35865384615384616,0.7298563122749329
0.061764705882352944,0.35865384615384616,0.7283222079277039
0.061764705882352944,0.3596153846153846,0.7282550930976868
0.06323529411764706,0.3596153846153846,0.7277643084526062
0.06323529411764706,0.3605769230769231,0.7274768352508545
0.06397058823529411,0.3605769230769231,0.7274361848831177
0.06397058823529411,0.3625,0.7265673875808716
0.06470588235294118,0.3625,0.7264164686203003
0.06470588235294118,0.36538461538461536,0.7256668210029602
0.06544117647058824,0.36538461538461536,0.725127637386322
0.06544117647058824,0.36730769230769234,0.7250485420227051
0.06691176470588235,0.36730769230769234,0.7249725461006165
0.06691176470588235,0.3682692307692308,0.7246420383453369
0.06764705882352941,0.3682692307692308,0.7246068716049194
0.06764705882352941,0.38846153846153847,0.7170852422714233
0.06838235294117648,0.38846153846153847,0.7167620658874512
0.06838235294117648,0.39134615384615384,0.7164863348007202
0.06911764705882353,0.39134615384615384,0.7164167761802673
0.06911764705882353,0.3923076923076923,0.7156925797462463
0.07058823529411765,0.3923076923076923,0.7147414684295654
0.07058823529411765,0.3942307692307692,0.7129733562469482
0.07352941176470588,0.3942307692307692,0.7116438150405884
0.07352941176470588,0.3951923076923077,0.7116124033927917
0.07426470588235294,0.3951923076923077,0.7115913033485413
0.07426470588235294,0.39615384615384613,0.7106106877326965
0.075,0.39615384615384613,0.7104904055595398
0.075,0.39807692307692305,0.7075616717338562
0.07573529411764705,0.39807692307692305,0.7072600722312927
0.07573529411764705,0.4,0.7067943215370178
0.07647058823529412,0.4,0.7058823704719543
0.07647058823529412,0.40192307692307694,0.7051135897636414
0.07794117647058824,0.40192307692307694,0.7048993110656738
0.07794117647058824,0.40384615384615385,0.7048347592353821
0.08014705882352942,0.40384615384615385,0.7037211656570435
0.08014705882352942,0.4076923076923077,0.703200101852417
0.08088235294117647,0.4076923076923077,0.7029167413711548
0.08088235294117647,0.40865384615384615,0.7018300890922546
0.08161764705882353,0.40865384615384615,0.7007357478141785
0.08161764705882353,0.4096153846153846,0.7005255222320557
0.0838235294117647,0.4096153846153846,0.6995846033096313
0.0838235294117647,0.41634615384615387,0.6976280808448792
0.08455882352941177,0.41634615384615387,0.6973837018013
0.08455882352941177,0.4201923076923077,0.6961106061935425
0.08529411764705883,0.4201923076923077,0.6960811614990234
0.08529411764705883,0.425,0.6944758296012878
0.08602941176470588,0.425,0.6944203972816467
0.08602941176470588,0.42596153846153845,0.6942624449729919
0.08676470588235294,0.42596153846153845,0.6941968202590942
0.08676470588235294,0.4269230769230769,0.6941392421722412
0.0875,0.4269230769230769,0.6939475536346436
0.0875,0.42788461538461536,0.6932077407836914
0.08970588235294118,0.42788461538461536,0.6917609572410583
0.08970588235294118,0.4288461538461538,0.6917051076889038
0.09044117647058823,0.4288461538461538,0.6914714574813843
0.09044117647058823,0.42980769230769234,0.6913686990737915
0.09117647058823529,0.42980769230769234,0.6906543970108032
0.09117647058823529,0.43365384615384617,0.6889108419418335
0.09338235294117647,0.43365384615384617,0.6880627870559692
0.09338235294117647,0.4375,0.6860065460205078
0.09485294117647058,0.4375,0.6859461069107056
0.09485294117647058,0.4394230769230769,0.6856634616851807
0.09558823529411764,0.4394230769230769,0.6856489777565002
0.09558823529411764,0.44134615384615383,0.6854346394538879
0.09705882352941177,0.44134615384615383,0.6850370764732361
0.09705882352941177,0.4442307692307692,0.6840314865112305
0.09779411764705882,0.4442307692307692,0.683733344078064
0.09779411764705882,0.44711538461538464,0.6829224228858948
0.09926470588235294,0.44711538461538464,0.6828169226646423
0.09926470588235294,0.4519230769230769,0.6816456317901611
0.10147058823529412,0.4519230769230769,0.681395947933197
0.10147058823529412,0.4596153846153846,0.679426908493042
0.10220588235294117,0.4596153846153846,0.6786213517189026
0.10220588235294117,0.46057692307692305,0.6784327626228333
0.10294117647058823,0.46057692307692305,0.6784041523933411
0.10294117647058823,0.46153846153846156,0.6779935359954834
0.1036764705882353,0.46153846153846156,0.6775293350219727
0.1036764705882353,0.46923076923076923,0.6760571599006653
0.10441176470588236,0.46923076923076923,0.676043689250946
0.10441176470588236,0.47115384615384615,0.6758557558059692
0.10514705882352941,0.47115384615384615,0.6758333444595337
0.10514705882352941,0.4721153846153846,0.6753718256950378
0.10661764705882353,0.4721153846153846,0.6740249991416931
0.10661764705882353,0.47307692307692306,0.673473060131073
0.10735294117647058,0.47307692307692306,0.6734060049057007
0.10735294117647058,0.4740384615384615,0.6732622981071472
0.10808823529411765,0.4740384615384615,0.6729494333267212
0.10808823529411765,0.475,0.6723920106887817
0.10955882352941176,0.475,0.6718043088912964
0.10955882352941176,0.47596153846153844,0.6716744899749756
0.11029411764705882,0.47596153846153844,0.6716020703315735
0.11029411764705882,0.47692307692307695,0.6713958978652954
0.1125,0.47692307692307695,0.6700918674468994
0.1125,0.47884615384615387,0.6673990488052368
0.11323529411764706,0.47884615384615387,0.6669057607650757
0.11323529411764706,0.48173076923076924,0.6660342812538147
0.11397058823529412,0.48173076923076924,0.665738582611084
0.11397058823529412,0.4826923076923077,0.6655412912368774
0.11470588235294117,0.4826923076923077,0.6652846336364746
0.11470588235294117,0.48365384615384616,0.6651799082756042
0.1161764705882353,0.48365384615384616,0.6648074388504028
0.1161764705882353,0.4846153846153846,0.664770781993866
0.11691176470588235,0.4846153846153846,0.6647505760192871
0.11691176470588235,0.48653846153846153,0.6640508770942688
0.11764705882352941,0.48653846153846153,0.6640080809593201
0.11764705882352941,0.4875,0.6635586023330688
0.11911764705882352,0.4875,0.6618332266807556
0.11911764705882352,0.4894230769230769,0.6612889766693115
0.12058823529411765,0.4894230769230769,0.6609318852424622
0.12058823529411765,0.4913461538461538,0.6603884696960449
0.12279411764705882,0.4913461538461538,0.6598833799362183
0.12279411764705882,0.4932692307692308,0.6596008539199829
0.12573529411764706,0.4932692307692308,0.6586577296257019
0.12573529411764706,0.4971153846153846,0.6583889126777649
0.12720588235294117,0.4971153846153846,0.6580128073692322
0.12720588235294117,0.5038461538461538,0.6557740569114685
0.12867647058823528,0.5038461538461538,0.6554697751998901
0.12867647058823528,0.5096153846153846,0.6544485688209534
0.13088235294117648,0.5096153846153846,0.6535125374794006
0.13088235294117648,0.510576923076923,0.6534044146537781
0.1323529411764706,0.510576923076923,0.652907133102417
0.1323529411764706,0.5115384615384615,0.6527987122535706
0.13308823529411765,0.5115384615384615,0.6519456505775452
0.13308823529411765,0.5144230769230769,0.6513608694076538
0.1338235294117647,0.5144230769230769,0.6513407826423645
0.1338235294117647,0.5153846153846153,0.6512485146522522
0.13529411764705881,0.5153846153846153,0.650783896446228
0.13529411764705881,0.5163461538461539,0.6506974101066589
0.13676470588235295,0.5163461538461539,0.6495423316955566
0.13676470588235295,0.5201923076923077,0.648402988910675
0.1375,0.5201923076923077,0.6483733057975769
0.1375,0.5221153846153846,0.6482338905334473
0.13897058823529412,0.5221153846153846,0.647826611995697
0.13897058823529412,0.525,0.6469966769218445
0.14044117647058824,0.525,0.6465134024620056
0.14044117647058824,0.5317307692307692,0.6448409557342529
0.1411764705882353,0.5317307692307692,0.644554078578949
0.1411764705882353,0.5326923076923077,0.644077479839325
0.14191176470588235,0.5326923076923077,0.6438906788825989
0.14191176470588235,0.5355769230769231,0.6430953741073608
0.1426470588235294,0.5355769230769231,0.6427372694015503
0.1426470588235294,0.5365384615384615,0.6420931816101074
0.14338235294117646,0.5365384615384615,0.6410686373710632
0.14338235294117646,0.5375,0.640924870967865
0.1448529411764706,0.5375,0.6399971842765808
0.1448529411764706,0.5384615384615384,0.6398636102676392
0.1463235294117647,0.5384615384615384,0.6396819353103638
0.1463235294117647,0.5394230769230769,0.639577329158783
0.14705882352941177,0.5394230769230769,0.639514148235321
0.14705882352941177,0.5403846153846154,0.6393332481384277
0.14852941176470588,0.5403846153846154,0.63882976770401
0.14852941176470588,0.5423076923076923,0.6376124620437622
0.15073529411764705,0.5423076923076923,0.6362735033035278
0.15073529411764705,0.5432692307692307,0.6356238126754761
0.1514705882352941,0.5432692307692307,0.6356188058853149
0.1514705882352941,0.5461538461538461,0.634719729423523
0.15441176470588236,0.5461538461538461,0.633913516998291
0.15441176470588236,0.5471153846153847,0.6338683366775513
0.15514705882352942,0.5471153846153847,0.633330762386322
0.15514705882352942,0.55,0.6328361630439758
0.15588235294117647,0.55,0.6323758959770203
0.15588235294117647,0.5509615384615385,0.6321634650230408
0.15661764705882353,0.5509615384615385,0.6319287419319153
0.15661764705882353,0.551923076923077,0.6311439871788025
0.15955882352941175,0.551923076923077,0.6292811036109924
0.15955882352941175,0.5557692307692308,0.628167450428009
0.16029411764705884,0.5557692307692308,0.6281234622001648
0.16029411764705884,0.5567307692307693,0.6278802752494812
0.1610294117647059,0.5567307692307693,0.6273873448371887
0.1610294117647059,0.5634615384615385,0.6244497299194336
0.16176470588235295,0.5634615384615385,0.624366283416748
0.16176470588235295,0.5653846153846154,0.6242084503173828
0.1625,0.5653846153846154,0.6233896017074585
0.1625,0.5673076923076923,0.623157262802124
0.1661764705882353,0.5673076923076923,0.622448742389679
0.1661764705882353,0.5692307692307692,0.6218581795692444
0.1676470588235294,0.5692307692307692,0.62136310338974
0.1676470588235294,0.575,0.6209827661514282
0.16911764705882354,0.575,0.6202319860458374
0.16911764705882354,0.5769230769230769,0.6198523640632629
0.1698529411764706,0.5769230769230769,0.6198042631149292
0.1698529411764706,0.5778846153846153,0.6193724274635315
0.1713235294117647,0.5778846153846153,0.6190948486328125
0.1713235294117647,0.5798076923076924,0.6188136339187622
0.17205882352941176,0.5798076923076924,0.6188124418258667
0.17205882352941176,0.5836538461538462,0.6169356107711792
0.17279411764705882,0.5836538461538462,0.6168208122253418
0.17279411764705882,0.5855769230769231,0.6161488890647888
0.17352941176470588,0.5855769230769231,0.6160249710083008
0.17352941176470588,0.5875,0.6144671440124512
0.17426470588235293,0.5875,0.6143061518669128
0.17426470588235293,0.5884615384615385,0.6139150857925415
0.175,0.5884615384615385,0.6136681437492371
0.175,0.5894230769230769,0.6134968996047974
0.17573529411764705,0.5894230769230769,0.6130514144897461
0.17573529411764705,0.5913461538461539,0.6125321984291077
0.17647058823529413,0.5913461538461539,0.6124541759490967
0.17647058823529413,0.5951923076923077,0.6112881898880005
0.17720588235294119,0.5951923076923077,0.6111212968826294
0.17720588235294119,0.5961538461538461,0.6101568937301636
0.17794117647058824,0.5961538461538461,0.6100450158119202
0.17794117647058824,0.5971153846153846,0.6093464493751526
0.1786764705882353,0.5971153846153846,0.6093181371688843
0.1786764705882353,0.5980769230769231,0.6091612577438354
0.17941176470588235,0.5980769230769231,0.6087474822998047
0.17941176470588235,0.6,0.6083077192306519
0.1801470588235294,0.6,0.6080443859100342
0.1801470588235294,0.6086538461538461,0.6058952212333679
0.18088235294117647,0.6086538461538461,0.6052987575531006
0.18088235294117647,0.6105769230769231,0.6047953367233276
0.18161764705882352,0.6105769230769231,0.6043636202812195
0.18161764705882352,0.614423076923077,0.6030831933021545
0.18235294117647058,0.614423076923077,0.6028254628181458
0.18235294117647058,0.6163461538461539,0.6026926040649414
0.18308823529411763,0.6163461538461539,0.6025145053863525
0.18308823529411763,0.6173076923076923,0.6021847724914551
0.18382352941176472,0.6173076923076923,0.6012577414512634
0.18382352941176472,0.6192307692307693,0.6012074947357178
0.18455882352941178,0.6192307692307693,0.6011796593666077
0.18455882352941178,0.6201923076923077,0.6008581519126892
0.18529411764705883,0.6201923076923077,0.6005420684814453
0.18529411764705883,0.6230769230769231,0.5995154976844788
0.1860294117647059,0.6230769230769231,0.5991580486297607
0.1860294117647059,0.6259615384615385,0.5982037782669067
0.1875,0.6259615384615385,0.5977949500083923
0.1875,0.6278846153846154,0.5965785384178162
0.18823529411764706,0.6278846153846154,0.5965035557746887
0.18823529411764706,0.6288461538461538,0.5956199765205383
0.1889705882352941,0.6288461538461538,0.5951768755912781
0.1889705882352941,0.6298076923076923,0.5947334170341492
0.19191176470588237,0.6298076923076923,0.5941473841667175
0.19191176470588237,0.6317307692307692,0.5932756066322327
0.19264705882352942,0.6317307692307692,0.59325110912323
0.19264705882352942,0.6326923076923077,0.5930911302566528
0.1948529411764706,0.6326923076923077,0.5919495224952698
0.1948529411764706,0.6346153846153846,0.5914128422737122
0.19705882352941176,0.6346153846153846,0.5908125042915344
0.19705882352941176,0.635576923076923,0.5903029441833496
0.19779411764705881,0.635576923076923,0.5902330279350281
0.19779411764705881,0.6365384615384615,0.589723527431488
0.19926470588235295,0.6365384615384615,0.5890979766845703
0.19926470588235295,0.6375,0.5880696773529053
0.2,0.6375,0.5880481600761414
0.2,0.6432692307692308,0.5872484445571899
0.20073529411764707,0.6432692307692308,0.5865643620491028
0.20073529411764707,0.6442307692307693,0.5865495204925537
0.20147058823529412,0.6442307692307693,0.586489200592041
0.20147058823529412,0.6480769230769231,0.5854382514953613
0.20220588235294118,0.6480769230769231,0.5850846767425537
0.20220588235294118,0.6490384615384616,0.5847128033638
0.2036764705882353,0.6490384615384616,0.5839359760284424
0.2036764705882353,0.65,0.5833486914634705
0.20661764705882352,0.65,0.5824272036552429
0.20661764705882352,0.6519230769230769,0.5820366144180298
0.20808823529411766,0.6519230769230769,0.5815662145614624
0.20808823529411766,0.6528846153846154,0.5815383791923523
0.2088235294117647,0.6528846153846154,0.581417441368103
0.2088235294117647,0.6538461538461539,0.5811007022857666
0.21102941176470588,0.6538461538461539,0.5800833106040955
0.21102941176470588,0.6557692307692308,0.5794723033905029
0.21176470588235294,0.6557692307692308,0.5793615579605103
0.21176470588235294,0.6615384615384615,0.5780960917472839
0.2125,0.6615384615384615,0.5775107741355896
0.2125,0.6625,0.5772209167480469
0.21323529411764705,0.6625,0.5764644742012024
0.21323529411764705,0.6644230769230769,0.5762892365455627
0.21470588235294116,0.6644230769230769,0.5760016441345215
0.21470588235294116,0.6653846153846154,0.5749626755714417
0.21691176470588236,0.6653846153846154,0.5748568177223206
0.21691176470588236,0.6663461538461538,0.5738818645477295
0.21764705882352942,0.6663461538461538,0.5736425518989563
0.21764705882352942,0.6701923076923076,0.5729156136512756
0.21838235294117647,0.6701923076923076,0.5728240609169006
0.21838235294117647,0.6730769230769231,0.5714237689971924
0.21911764705882353,0.6730769230769231,0.5714063048362732
0.21911764705882353,0.676923076923077,0.569808304309845
0.21985294117647058,0.676923076923077,0.5695134401321411
0.21985294117647058,0.6778846153846154,0.5693047046661377
0.2213235294117647,0.6778846153846154,0.5674189329147339
0.2213235294117647,0.6788461538461539,0.567232608795166
0.22205882352941175,0.6788461538461539,0.5661789774894714
0.22205882352941175,0.6807692307692308,0.5644072890281677
0.22279411764705884,0.6807692307692308,0.5641846656799316
0.22279411764705884,0.6817307692307693,0.5641645193099976
0.2235294117647059,0.6817307692307693,0.5640061497688293
0.2235294117647059,0.6836538461538462,0.5630038976669312
0.225,0.6836538461538462,0.5626428723335266
0.225,0.6855769230769231,0.559714138507843
0.22720588235294117,0.6855769230769231,0.5581826567649841
0.22720588235294117,0.6865384615384615,0.5568636655807495
0.22794117647058823,0.6865384615384615,0.5566427707672119
0.22794117647058823,0.6932692307692307,0.5533968806266785
0.2286764705882353,0.6932692307692307,0.5532209873199463
0.2286764705882353,0.6990384615384615,0.5507125854492188
0.23088235294117648,0.6990384615384615,0.5498899817466736
0.23088235294117648,0.7,0.5492871403694153
0.23161764705882354,0.7,0.5491107702255249
0.23161764705882354,0.7009615384615384,0.5490808486938477
0.2338235294117647,0.7009615384615384,0.5483623147010803
0.2338235294117647,0.7019230769230769,0.5479903221130371
0.23455882352941176,0.7019230769230769,0.5476535558700562
0.23455882352941176,0.7038461538461539,0.5468651056289673
0.23529411764705882,0.7038461538461539,0.5464780330657959
0.23529411764705882,0.7067307692307693,0.5451075434684753
0.23970588235294119,0.7067307692307693,0.5442355275154114
0.23970588235294119,0.7105769230769231,0.5423798561096191
0.2426470588235294,0.7105769230769231,0.5400728583335876
0.2426470588235294,0.7125,0.5396435260772705
0.24338235294117647,0.7125,0.5393170714378357
0.24338235294117647,0.7134615384615385,0.5388390421867371
0.24411764705882352,0.7134615384615385,0.5387557744979858
0.24411764705882352,0.7153846153846154,0.5379140377044678
0.24485294117647058,0.7153846153846154,0.536296546459198
0.24485294117647058,0.7230769230769231,0.5346797704696655
0.24558823529411763,0.7230769230769231,0.5341551899909973
0.24558823529411763,0.7259615384615384,0.5334389805793762
0.24632352941176472,0.7259615384615384,0.5331682562828064
0.24632352941176472,0.7269230769230769,0.5328603386878967
0.24779411764705883,0.7269230769230769,0.5320520401000977
0.24779411764705883,0.7278846153846154,0.5320282578468323
0.24926470588235294,0.7278846153846154,0.5311859250068665
0.24926470588235294,0.7288461538461538,0.5311070084571838
0.25073529411764706,0.7288461538461538,0.5306565165519714
0.25073529411764706,0.7317307692307692,0.5290169715881348
0.2514705882352941,0.7317307692307692,0.5280002951622009
0.2514705882352941,0.7326923076923076,0.527948796749115
0.2529411764705882,0.7326923076923076,0.527299702167511
0.2529411764705882,0.7355769230769231,0.5267180800437927
0.25441176470588234,0.7355769230769231,0.5261409878730774
0.25441176470588234,0.7365384615384616,0.5259416103363037
0.2551470588235294,0.7365384615384616,0.5259270071983337
0.2551470588235294,0.7375,0.5251972079277039
0.25588235294117645,0.7375,0.5246727466583252
0.25588235294117645,0.7384615384615385,0.5244857668876648
0.25735294117647056,0.7384615384615385,0.5233820676803589
0.25735294117647056,0.7413461538461539,0.5229628086090088
0.2580882352941177,0.7413461538461539,0.5216408967971802
0.2580882352941177,0.7423076923076923,0.521060585975647
0.25882352941176473,0.7423076923076923,0.5206981301307678
0.25882352941176473,0.7442307692307693,0.5201674699783325
0.2610294117647059,0.7442307692307693,0.519637405872345
0.2610294117647059,0.7471153846153846,0.5189229249954224
0.26323529411764707,0.7471153846153846,0.5175328850746155
0.26323529411764707,0.7519230769230769,0.5160979628562927
0.2639705882352941,0.7519230769230769,0.5159670114517212
0.2639705882352941,0.7528846153846154,0.5148970484733582
0.2647058823529412,0.7528846153846154,0.5145137310028076
0.2647058823529412,0.7538461538461538,0.5138859748840332
0.26544117647058824,0.7538461538461538,0.5129615068435669
0.26544117647058824,0.7548076923076923,0.5126929879188538
0.2661764705882353,0.7548076923076923,0.5126712918281555
0.2661764705882353,0.7557692307692307,0.5113584399223328
0.26691176470588235,0.7557692307692307,0.5112496018409729
0.26691176470588235,0.7576923076923077,0.5103880167007446
0.26838235294117646,0.7576923076923077,0.5095906257629395
0.26838235294117646,0.7596153846153846,0.508220374584198
0.2698529411764706,0.7596153846153846,0.5064504146575928
0.2698529411764706,0.7644230769230769,0.5053698420524597
0.27205882352941174,0.7644230769230769,0.5047664046287537
0.27205882352941174,0.7663461538461539,0.5043859481811523
0.2727941176470588,0.7663461538461539,0.5041863918304443
0.2727941176470588,0.7673076923076924,0.5041748881340027
0.275,0.7673076923076924,0.503486156463623
0.275,0.7701923076923077,0.5029341578483582
0.2757352941176471,0.7701923076923077,0.5026225447654724
0.2757352941176471,0.7730769230769231,0.5010056495666504
0.2772058823529412,0.7730769230769231,0.4999043047428131
0.2772058823529412,0.7759615384615385,0.4993033707141876
0.27794117647058825,0.7759615384615385,0.4990278482437134
0.27794117647058825,0.7798076923076923,0.49808576703071594
0.2786764705882353,0.7798076923076923,0.4976787567138672
0.2786764705882353,0.7826923076923077,0.4969187080860138
0.2801470588235294,0.7826923076923077,0.496639221906662
0.2801470588235294,0.7855769230769231,0.4949573278427124
0.28161764705882353,0.7855769230769231,0.49426645040512085
0.28161764705882353,0.7875,0.4937439560890198
0.2823529411764706,0.7875,0.49347102642059326
0.2823529411764706,0.7884615384615384,0.4931107759475708
0.28308823529411764,0.7884615384615384,0.4929005801677704
0.28308823529411764,0.7913461538461538,0.4920029938220978
0.28455882352941175,0.7913461538461538,0.4909895062446594
0.28455882352941175,0.7932692307692307,0.49051952362060547
0.28602941176470587,0.7932692307692307,0.48987820744514465
0.28602941176470587,0.7942307692307692,0.48981064558029175
0.2867647058823529,0.7942307692307692,0.48922261595726013
0.2867647058823529,0.7951923076923076,0.4892127811908722
0.2875,0.7951923076923076,0.4888608753681183
0.2875,0.7961538461538461,0.4886595904827118
0.29044117647058826,0.7961538461538461,0.48743385076522827
0.29044117647058826,0.7971153846153847,0.48635736107826233
0.2911764705882353,0.7971153846153847,0.48631393909454346
0.2911764705882353,0.7980769230769231,0.4861189126968384
0.29191176470588237,0.7980769230769231,0.4855579137802124
0.29191176470588237,0.8009615384615385,0.48512473702430725
0.2926470588235294,0.8009615384615385,0.48483380675315857
0.2926470588235294,0.801923076923077,0.4832303524017334
0.29411764705882354,0.801923076923077,0.48269808292388916
0.29411764705882354,0.8076923076923077,0.47833654284477234
0.2963235294117647,0.8076923076923077,0.4770248532295227
0.2963235294117647,0.8096153846153846,0.47640353441238403
0.29705882352941176,0.8096153846153846,0.4755994975566864
0.29705882352941176,0.8105769230769231,0.47447898983955383
0.29926470588235293,0.8105769230769231,0.4737316966056824
0.29926470588235293,0.8115384615384615,0.4734542965888977
0.3,0.8115384615384615,0.47243911027908325
0.3,0.8125,0.4723667502403259
0.30073529411764705,0.8125,0.4719294011592865
0.30073529411764705,0.8134615384615385,0.4713342487812042
0.3014705882352941,0.8134615384615385,0.4713173508644104
0.3014705882352941,0.8144230769230769,0.4711695909500122
0.3029411764705882,0.8144230769230769,0.47003209590911865
0.3029411764705882,0.8173076923076923,0.46865156292915344
0.30367647058823527,0.8173076923076923,0.467351496219635
0.30367647058823527,0.8182692307692307,0.4673111140727997
0.31029411764705883,0.8182692307692307,0.4631754159927368
0.31029411764705883,0.8192307692307692,0.46281173825263977
0.3110294117647059,0.8192307692307692,0.4626515805721283
0.3110294117647059,0.8201923076923077,0.46244776248931885
0.31176470588235294,0.8201923076923077,0.46215853095054626
0.31176470588235294,0.8221153846153846,0.46197792887687683
0.31691176470588234,0.8221153846153846,0.45974111557006836
0.31691176470588234,0.823076923076923,0.459725946187973
0.3176470588235294,0.823076923076923,0.459635853767395
0.3176470588235294,0.825,0.4587440490722656
0.31838235294117645,0.825,0.45870301127433777
0.31838235294117645,0.8259615384615384,0.4585780203342438
0.3191176470588235,0.8259615384615384,0.45824509859085083
0.3191176470588235,0.8269230769230769,0.4580184519290924
0.3205882352941177,0.8269230769230769,0.4576849043369293
0.3205882352941177,0.8288461538461539,0.45740896463394165
0.32132352941176473,0.8288461538461539,0.45736998319625854
0.32132352941176473,0.8307692307692308,0.4571891129016876
0.3264705882352941,0.8307692307692308,0.45290982723236084
0.3264705882352941,0.8317307692307693,0.4528994858264923
0.3272058823529412,0.8317307692307693,0.4526568651199341
0.3272058823529412,0.8336538461538462,0.4525483548641205
0.32794117647058824,0.8346153846153846,0.45185837149620056
0.32794117647058824,0.8355769230769231,0.4515322744846344
0.3301470588235294,0.8355769230769231,0.45126134157180786
0.3301470588235294,0.8365384615384616,0.44945085048675537
0.33088235294117646,0.8365384615384616,0.44943004846572876
0.33088235294117646,0.8375,0.44933298230171204
0.3323529411764706,0.8375,0.4488149583339691
0.3323529411764706,0.8384615384615385,0.448504239320755
0.33308823529411763,0.8384615384615385,0.448341429233551
0.33308823529411763,0.8403846153846154,0.44823506474494934
0.3338235294117647,0.8403846153846154,0.44780588150024414
0.3338235294117647,0.8413461538461539,0.44769662618637085
0.33455882352941174,0.8413461538461539,0.44605422019958496
0.33455882352941174,0.8442307692307692,0.44556161761283875
0.3375,0.8442307692307692,0.44431498646736145
0.3375,0.8451923076923077,0.4430546462535858
0.3382352941176471,0.8451923076923077,0.44291171431541443
0.3382352941176471,0.8461538461538461,0.4428485035896301
0.34191176470588236,0.8461538461538461,0.44085001945495605
0.34191176470588236,0.8471153846153846,0.4408069849014282
0.34338235294117647,0.8471153846153846,0.439795583486557
0.34338235294117647,0.8509615384615384,0.43880733847618103
0.34411764705882353,0.8509615384615384,0.4384262263774872
0.34411764705882353,0.8528846153846154,0.43750521540641785
0.34558823529411764,0.8528846153846154,0.4373238682746887
0.34558823529411764,0.8538461538461538,0.43728962540626526
0.3477941176470588,0.8538461538461538,0.43628400564193726
0.3477941176470588,0.8548076923076923,0.43558675050735474
0.35073529411764703,0.8548076923076923,0.4340614974498749
0.35073529411764703,0.8576923076923076,0.4326852560043335
0.3514705882352941,0.8576923076923076,0.432643860578537
0.3514705882352941,0.8586538461538461,0.4326079785823822
0.3536764705882353,0.8586538461538461,0.4315856695175171
0.3536764705882353,0.8596153846153847,0.4315620958805084
0.3551470588235294,0.8596153846153847,0.43133917450904846
0.3551470588235294,0.8615384615384616,0.43099549412727356
0.35955882352941176,0.8615384615384616,0.4295182526111603
0.35955882352941176,0.8625,0.42928361892700195
0.36911764705882355,0.8625,0.42541298270225525
0.36911764705882355,0.864423076923077,0.42528194189071655
0.3720588235294118,0.864423076923077,0.4248424768447876
0.3720588235294118,0.8653846153846154,0.4246903657913208
0.37279411764705883,0.8653846153846154,0.4240681827068329
0.37279411764705883,0.8673076923076923,0.42381417751312256
0.375,0.8673076923076923,0.42238014936447144
0.375,0.8682692307692308,0.42236194014549255
0.3779411764705882,0.8682692307692308,0.42150822281837463
0.3779411764705882,0.8701923076923077,0.42106887698173523
0.3816176470588235,0.8701923076923077,0.41915762424468994
0.3816176470588235,0.8711538461538462,0.41884079575538635
0.38235294117647056,0.8711538461538462,0.41826677322387695
0.38235294117647056,0.8721153846153846,0.4181196093559265
0.38382352941176473,0.8721153846153846,0.41783252358436584
0.38382352941176473,0.8730769230769231,0.41764816641807556
0.3860294117647059,0.8730769230769231,0.4166119396686554
0.3860294117647059,0.8740384615384615,0.4165029227733612
0.38823529411764707,0.8740384615384615,0.4150334596633911
0.38823529411764707,0.875,0.4139936864376068
0.3926470588235294,0.875,0.4110938310623169
0.3926470588235294,0.8807692307692307,0.4097069799900055
0.39338235294117646,0.8807692307692307,0.4091953933238983
0.39338235294117646,0.8817307692307692,0.40907835960388184
0.3948529411764706,0.8817307692307692,0.4081978499889374
0.3948529411764706,0.8826923076923077,0.4080956280231476
0.3963235294117647,0.8826923076923077,0.40707314014434814
0.3963235294117647,0.8846153846153846,0.40660637617111206
0.39705882352941174,0.8846153846153846,0.40656325221061707
0.39705882352941174,0.885576923076923,0.40608954429626465
0.3985294117647059,0.885576923076923,0.40546345710754395
0.3985294117647059,0.8865384615384615,0.40511149168014526
0.4,0.8865384615384615,0.40375906229019165
0.4,0.8884615384615384,0.4030369520187378
0.4022058823529412,0.8884615384615384,0.4019292891025543
0.4022058823529412,0.8894230769230769,0.40137144923210144
0.40441176470588236,0.8894230769230769,0.4000248908996582
0.40441176470588236,0.8903846153846153,0.3998003304004669
0.40588235294117647,0.8903846153846153,0.3994064927101135
0.40588235294117647,0.8913461538461539,0.3987472355365753
0.4125,0.8913461538461539,0.39706847071647644
0.4125,0.8923076923076924,0.3965994417667389
0.41544117647058826,0.8923076923076924,0.3958621323108673
0.41544117647058826,0.8932692307692308,0.39574992656707764
0.42205882352941176,0.8932692307692308,0.3939771354198456
0.42205882352941176,0.8942307692307693,0.3938058614730835
0.4264705882352941,0.8942307692307693,0.3926868140697479
0.4264705882352941,0.8951923076923077,0.39265334606170654
0.42867647058823527,0.8951923076923077,0.39168596267700195
0.42867647058823527,0.8961538461538462,0.39164820313453674
0.43308823529411766,0.8961538461538462,0.3901858329772949
0.43308823529411766,0.8990384615384616,0.38963770866394043
0.4338235294117647,0.8990384615384616,0.3893063962459564
0.4338235294117647,0.9,0.388744056224823
0.4345588235294118,0.9,0.3879443109035492
0.4345588235294118,0.9019230769230769,0.3876645565032959
0.4360294117647059,0.9019230769230769,0.3870091736316681
0.4360294117647059,0.9028846153846154,0.3869023621082306
0.43676470588235294,0.9028846153846154,0.3865228593349457
0.43676470588235294,0.9038461538461539,0.38647058606147766
0.44191176470588234,0.9038461538461539,0.3821127712726593
0.44191176470588234,0.9057692307692308,0.38101017475128174
0.4602941176470588,0.9057692307692308,0.3744948208332062
0.4602941176470588,0.9067307692307692,0.37426361441612244
0.46176470588235297,0.9067307692307692,0.3729480504989624
0.46176470588235297,0.9076923076923077,0.372134804725647
0.4661764705882353,0.9076923076923077,0.3705858290195465
0.4661764705882353,0.9086538461538461,0.37053778767585754
0.46691176470588236,0.9086538461538461,0.37024253606796265
0.46691176470588236,0.9096153846153846,0.3702169358730316
0.46838235294117647,0.9096153846153846,0.3697834014892578
0.46838235294117647,0.9115384615384615,0.3694190979003906
0.4727941176470588,0.9115384615384615,0.36687543988227844
0.4727941176470588,0.9125,0.3667643666267395
0.4764705882352941,0.9125,0.36544737219810486
0.4764705882352941,0.9134615384615384,0.3650117516517639
0.4786764705882353,0.9134615384615384,0.36417141556739807
0.4786764705882353,0.9144230769230769,0.3634853661060333
0.4801470588235294,0.9144230769230769,0.36270543932914734
0.4801470588235294,0.9153846153846154,0.3626094460487366
0.48676470588235293,0.9153846153846154,0.35964253544807434
0.48676470588235293,0.9182692307692307,0.3584638237953186
0.48823529411764705,0.9182692307692307,0.35809069871902466
0.48823529411764705,0.9201923076923076,0.3578665554523468
0.4904411764705882,0.9201923076923076,0.3570835590362549
0.4904411764705882,0.9211538461538461,0.3566242456436157
0.49117647058823527,0.9211538461538461,0.3561428189277649
0.49117647058823527,0.9221153846153847,0.3559855818748474
0.4970588235294118,0.9221153846153847,0.3547322750091553
0.4970588235294118,0.9230769230769231,0.3547283709049225
0.4985294117647059,0.9230769230769231,0.35364311933517456
0.4985294117647059,0.9240384615384616,0.3528273105621338
0.5,0.9240384615384616,0.35230743885040283
0.5,0.9259615384615385,0.3509272336959839
0.5014705882352941,0.9259615384615385,0.35068318247795105
0.5014705882352941,0.926923076923077,0.350455105304718
0.5058823529411764,0.926923076923077,0.34816789627075195
0.5058823529411764,0.9278846153846154,0.3479766845703125
0.5095588235294117,0.9278846153846154,0.34480178356170654
0.5095588235294117,0.9288461538461539,0.34455397725105286
0.5139705882352941,0.9288461538461539,0.34257635474205017
0.5139705882352941,0.9298076923076923,0.342555969953537
0.5198529411764706,0.9298076923076923,0.3400954604148865
0.5198529411764706,0.9307692307692308,0.3400351405143738
0.5205882352941177,0.9307692307692308,0.33994054794311523
0.5205882352941177,0.9317307692307693,0.33985134959220886
0.524264705882353,0.9317307692307693,0.3380977511405945
0.524264705882353,0.9326923076923077,0.33761659264564514
0.525,0.9326923076923077,0.3376040756702423
0.525,0.9336538461538462,0.33711543679237366
0.5316176470588235,0.9336538461538462,0.33374083042144775
0.5316176470588235,0.9346153846153846,0.3334663510322571
0.5330882352941176,0.9346153846153846,0.3331209719181061
0.5330882352941176,0.9365384615384615,0.3323509693145752
0.5338235294117647,0.9365384615384615,0.33192896842956543
0.5338235294117647,0.9375,0.3314897418022156
0.538235294117647,0.9375,0.3302244544029236
0.538235294117647,0.9384615384615385,0.3302198648452759
0.5411764705882353,0.9384615384615385,0.3291020095348358
0.5411764705882353,0.9394230769230769,0.32907772064208984
0.5419117647058823,0.9394230769230769,0.3276784121990204
0.5419117647058823,0.9403846153846154,0.3276200294494629
0.5426470588235294,0.9403846153846154,0.3273735046386719
0.5426470588235294,0.9413461538461538,0.32735711336135864
0.5441176470588235,0.9413461538461538,0.325857549905777
0.5441176470588235,0.9423076923076923,0.3257659077644348
0.5507352941176471,0.9423076923076923,0.3213323652744293
0.5507352941176471,0.9432692307692307,0.32131943106651306
0.5617647058823529,0.9432692307692307,0.314700186252594
0.5617647058823529,0.9442307692307692,0.3145751655101776
0.5830882352941177,0.9442307692307692,0.30027854442596436
0.5830882352941177,0.9461538461538461,0.2998834252357483
0.5852941176470589,0.9461538461538461,0.2988470494747162
0.5852941176470589,0.9471153846153846,0.2986682653427124
0.5860294117647059,0.9471153846153846,0.29803594946861267
0.5860294117647059,0.948076923076923,0.2979433536529541
0.5941176470588235,0.948076923076923,0.29342323541641235
0.5941176470588235,0.9490384615384615,0.2930845320224762
0.5955882352941176,0.9490384615384615,0.2924288511276245
0.5955882352941176,0.95,0.29217857122421265
0.6095588235294118,0.95,0.28363001346588135
0.6095588235294118,0.9509615384615384,0.28220134973526
0.611764705882353,0.9509615384615384,0.28174957633018494
0.611764705882353,0.9519230769230769,0.28146395087242126
0.6198529411764706,0.9519230769230769,0.27671903371810913
0.6198529411764706,0.9528846153846153,0.27586033940315247
0.6257352941176471,0.9528846153846153,0.2712104320526123
0.6257352941176471,0.9538461538461539,0.2707546055316925
0.6279411764705882,0.9538461538461539,0.2692056894302368
0.6279411764705882,0.9557692307692308,0.2687756419181824
0.6308823529411764,0.9557692307692308,0.266630619764328
0.6308823529411764,0.9576923076923077,0.2662302553653717
0.6316176470588235,0.9576923076923077,0.26534393429756165
0.6316176470588235,0.9586538461538462,0.26528093218803406
0.6426470588235295,0.9586538461538462,0.25694015622138977
0.6426470588235295,0.9596153846153846,0.25621795654296875
0.6485294117647059,0.9596153846153846,0.2539219856262207
0.6485294117647059,0.9605769230769231,0.2539181113243103
0.65,0.9605769230769231,0.2522842288017273
0.65,0.9615384615384616,0.25169864296913147
0.6536764705882353,0.9615384615384616,0.24920961260795593
0.6536764705882353,0.9625,0.24901168048381805
0.6558823529411765,0.9625,0.24811407923698425
0.6558823529411765,0.9634615384615385,0.24709679186344147
0.6639705882352941,0.9634615384615385,0.2444280982017517
0.6639705882352941,0.9644230769230769,0.24370254576206207
0.6676470588235294,0.9644230769230769,0.24280446767807007
0.6676470588235294,0.9653846153846154,0.2419452667236328
0.6713235294117647,0.9653846153846154,0.23861131072044373
0.6713235294117647,0.9663461538461539,0.23856928944587708
0.6727941176470589,0.9663461538461539,0.23744814097881317
0.6727941176470589,0.9682692307692308,0.23721429705619812
0.6735294117647059,0.9682692307692308,0.23691140115261078
0.6735294117647059,0.9692307692307692,0.23573248088359833
0.6779411764705883,0.9692307692307692,0.2338896095752716
0.6779411764705883,0.9701923076923077,0.23364071547985077
0.6808823529411765,0.9701923076923077,0.23156481981277466
0.6808823529411765,0.9711538461538461,0.23152455687522888
0.6867647058823529,0.9711538461538461,0.22915366291999817
0.6867647058823529,0.9721153846153846,0.22834639251232147
0.6897058823529412,0.9721153846153846,0.22738508880138397
0.6897058823529412,0.9730769230769231,0.2267688810825348
0.6992647058823529,0.9730769230769231,0.21918489038944244
0.6992647058823529,0.9740384615384615,0.21900339424610138
0.7014705882352941,0.9740384615384615,0.2177889347076416
0.7014705882352941,0.975,0.217577263712883
0.7029411764705882,0.975,0.217386856675148
0.7029411764705882,0.9759615384615384,0.21727392077445984
0.7088235294117647,0.9759615384615384,0.2150244563817978
0.7088235294117647,0.9769230769230769,0.21419820189476013
0.7125,0.9769230769230769,0.21277806162834167
0.7125,0.9778846153846154,0.21267789602279663
0.7176470588235294,0.9778846153846154,0.21083711087703705
0.7176470588235294,0.9788461538461538,0.2106294184923172
0.7191176470588235,0.9788461538461538,0.21010839939117432
0.7191176470588235,0.9798076923076923,0.20959864556789398
0.7683823529411765,0.9798076923076923,0.19082757830619812
0.7683823529411765,0.9807692307692307,0.19070394337177277
0.9102941176470588,0.9807692307692307,0.0999104231595993
0.9102941176470588,0.9817307692307692,0.09859068691730499
0.9227941176470589,0.9817307692307692,0.08700099587440491
0.9227941176470589,0.9826923076923076,0.08661480993032455
0.9330882352941177,0.9826923076923076,0.06839916110038757
0.9330882352941177,0.9855769230769231,0.06510074436664581
0.9345588235294118,0.9855769230769231,0.06407272815704346
0.9345588235294118,0.9875,0.06247671693563461
0.9360294117647059,0.9875,0.062215156853199005
0.9360294117647059,0.989423076923077,0.06025971844792366
0.9367647058823529,0.989423076923077,0.05954611301422119
0.9367647058823529,0.9903846153846154,0.05928647890686989
0.9382352941176471,0.9903846153846154,0.059135738760232925
0.9382352941176471,0.9932692307692308,0.05854517221450806
0.9433823529411764,0.9932692307692308,0.054425910115242004
0.9433823529411764,0.9942307692307693,0.05405956879258156
0.9485294117647058,0.9942307692307693,0.05123795568943024
0.9485294117647058,0.9951923076923077,0.05117495730519295
0.9558823529411765,0.9951923076923077,0.048420533537864685
0.9558823529411765,0.9961538461538462,0.04811353236436844
0.9602941176470589,0.9961538461538462,0.046896614134311676
0.9602941176470589,0.9971153846153846,0.0468582920730114
0.9647058823529412,0.9971153846153846,0.046258408576250076
0.9647058823529412,0.9980769230769231,0.0461079366505146
0.9683823529411765,0.9980769230769231,0.04547389969229698
0.9683823529411765,0.9990384615384615,0.04542732238769531
0.9698529411764706,0.9990384615384615,0.045052237808704376
0.9698529411764706,1.0,0.04503203183412552
1.0,1.0,0.028767237439751625
