FPR,TPR,Threshold
0.0,0.0,1.9869648218154907
0.0,0.000925925925925926,0.9869648218154907
0.0,0.5435185185185185,0.8090217113494873
0.0007575757575757576,0.5435185185185185,0.8083794713020325
0.0007575757575757576,0.5657407407407408,0.800387978553772
0.0015151515151515152,0.5657407407407408,0.800132155418396
0.0015151515151515152,0.5740740740740741,0.7964625358581543
0.0022727272727272726,0.5740740740740741,0.7953790426254272
0.0022727272727272726,0.575,0.7953720688819885
0.0030303030303030303,0.575,0.7949331998825073
0.0030303030303030303,0.575925925925926,0.7948397397994995
0.003787878787878788,0.575925925925926,0.7945449948310852
0.003787878787878788,0.5796296296296296,0.7936334609985352
0.004545454545454545,0.5796296296296296,0.7932879328727722
0.004545454545454545,0.5842592592592593,0.792310893535614
0.005303030303030303,0.5842592592592593,0.7922179698944092
0.005303030303030303,0.5981481481481481,0.7872239351272583
0.006818181818181818,0.5981481481481481,0.7862937450408936
0.006818181818181818,0.5990740740740741,0.7862029075622559
0.007575757575757576,0.5990740740740741,0.7856892347335815
0.007575757575757576,0.6064814814814815,0.7823644876480103
0.00909090909090909,0.6064814814814815,0.7812439203262329
0.00909090909090909,0.6083333333333333,0.7803037166595459
0.009848484848484848,0.6083333333333333,0.780074417591095
0.009848484848484848,0.6101851851851852,0.779135525226593
0.010606060606060607,0.6101851851851852,0.7781839966773987
0.010606060606060607,0.612037037037037,0.7772894501686096
0.013636363636363636,0.612037037037037,0.7763699293136597
0.013636363636363636,0.6166666666666667,0.7730168104171753
0.014393939393939395,0.6166666666666667,0.7729116082191467
0.014393939393939395,0.6185185185185185,0.7727705240249634
0.015151515151515152,0.6185185185185185,0.7726061940193176
0.015151515151515152,0.6222222222222222,0.7716135382652283
0.016666666666666666,0.6222222222222222,0.7691900134086609
0.016666666666666666,0.625,0.7689222693443298
0.017424242424242425,0.625,0.7677231431007385
0.017424242424242425,0.6268518518518519,0.7676233649253845
0.01818181818181818,0.6268518518518519,0.7675352692604065
0.01818181818181818,0.6277777777777778,0.7672571539878845
0.01893939393939394,0.6277777777777778,0.7672160863876343
0.01893939393939394,0.6305555555555555,0.7657030820846558
0.019696969696969695,0.6305555555555555,0.7654936909675598
0.019696969696969695,0.6314814814814815,0.764889657497406
0.020454545454545454,0.6314814814814815,0.7647814750671387
0.020454545454545454,0.6333333333333333,0.7644508481025696
0.021212121212121213,0.6333333333333333,0.7644094824790955
0.021212121212121213,0.6351851851851852,0.7643349766731262
0.02196969696969697,0.6351851851851852,0.7640402913093567
0.02196969696969697,0.6435185185185185,0.7601925134658813
0.023484848484848483,0.6435185185185185,0.7596157789230347
0.023484848484848483,0.6472222222222223,0.7580766081809998
0.025757575757575757,0.6472222222222223,0.7570419907569885
0.025757575757575757,0.65,0.7550386190414429
0.026515151515151516,0.65,0.7546597719192505
0.026515151515151516,0.6518518518518519,0.7532709240913391
0.02803030303030303,0.6518518518518519,0.7527690529823303
0.02803030303030303,0.6537037037037037,0.7517527341842651
0.029545454545454545,0.6537037037037037,0.7511480450630188
0.029545454545454545,0.6574074074074074,0.7487054467201233
0.030303030303030304,0.6574074074074074,0.747260332107544
0.030303030303030304,0.6583333333333333,0.7471290826797485
0.031818181818181815,0.6583333333333333,0.7466683983802795
0.031818181818181815,0.6611111111111111,0.7455517053604126
0.03257575757575758,0.6611111111111111,0.7445752620697021
0.03257575757575758,0.6620370370370371,0.7444395422935486
0.035606060606060606,0.6620370370370371,0.7417749762535095
0.035606060606060606,0.6851851851851852,0.7265200018882751
0.03636363636363636,0.6851851851851852,0.7255918383598328
0.03636363636363636,0.6916666666666667,0.7204867601394653
0.037121212121212124,0.6916666666666667,0.7204837203025818
0.037121212121212124,0.6925925925925925,0.719023585319519
0.03787878787878788,0.6925925925925925,0.7187289595603943
0.03787878787878788,0.6972222222222222,0.7166938781738281
0.038636363636363635,0.6972222222222222,0.7164693474769592
0.038636363636363635,0.7,0.7152572274208069
0.03939393939393939,0.7,0.7150281071662903
0.03939393939393939,0.7027777777777777,0.7136598825454712
0.04015151515151515,0.7027777777777777,0.7136596441268921
0.04015151515151515,0.7055555555555556,0.7117471694946289
0.04090909090909091,0.7055555555555556,0.7112720012664795
0.04090909090909091,0.7074074074074074,0.710817277431488
0.041666666666666664,0.7074074074074074,0.7104918360710144
0.041666666666666664,0.7083333333333334,0.7103131413459778
0.04242424242424243,0.7083333333333334,0.7087069153785706
0.04242424242424243,0.7101851851851851,0.7079897522926331
0.04318181818181818,0.7101851851851851,0.7075784802436829
0.04318181818181818,0.7111111111111111,0.7074501514434814
0.0446969696969697,0.7111111111111111,0.7060490250587463
0.0446969696969697,0.7138888888888889,0.705165684223175
0.04621212121212121,0.7138888888888889,0.702582597732544
0.04621212121212121,0.7148148148148148,0.7020670771598816
0.04696969696969697,0.7148148148148148,0.701138436794281
0.04696969696969697,0.7166666666666667,0.6995283365249634
0.04772727272727273,0.7166666666666667,0.6993098855018616
0.04772727272727273,0.7175925925925926,0.696629524230957
0.04924242424242424,0.7175925925925926,0.6925948262214661
0.04924242424242424,0.7212962962962963,0.6907766461372375
0.05,0.7212962962962963,0.689471960067749
0.05,0.7222222222222222,0.6894457936286926
0.05075757575757576,0.7222222222222222,0.687515377998352
0.05075757575757576,0.725,0.6851786375045776
0.051515151515151514,0.725,0.6847303509712219
0.051515151515151514,0.7305555555555555,0.6813758611679077
0.05227272727272727,0.7305555555555555,0.6794646382331848
0.05227272727272727,0.7324074074074074,0.6787329912185669
0.05378787878787879,0.7324074074074074,0.6783393025398254
0.05378787878787879,0.737037037037037,0.6753227710723877
0.05454545454545454,0.737037037037037,0.6748634576797485
0.05454545454545454,0.7379629629629629,0.6746878623962402
0.055303030303030305,0.7379629629629629,0.6744260191917419
0.055303030303030305,0.7416666666666667,0.6734766364097595
0.05606060606060606,0.7416666666666667,0.6724942326545715
0.05606060606060606,0.7435185185185185,0.670120120048523
0.05757575757575758,0.7435185185185185,0.6691060066223145
0.05757575757575758,0.7444444444444445,0.6687678098678589
0.05909090909090909,0.7444444444444445,0.6684107184410095
0.05909090909090909,0.7481481481481481,0.6666190028190613
0.059848484848484845,0.7481481481481481,0.6666077971458435
0.059848484848484845,0.75,0.6646845936775208
0.06136363636363636,0.75,0.6633967757225037
0.06136363636363636,0.7546296296296297,0.6614015102386475
0.06287878787878788,0.7546296296296297,0.6600121855735779
0.06287878787878788,0.7574074074074074,0.6584089398384094
0.06363636363636363,0.7574074074074074,0.6580089926719666
0.06363636363636363,0.7611111111111111,0.6566992402076721
0.06439393939393939,0.7611111111111111,0.6554777026176453
0.06439393939393939,0.7648148148148148,0.6526413559913635
0.06515151515151515,0.7648148148148148,0.6523231863975525
0.06515151515151515,0.7666666666666667,0.6512890458106995
0.07121212121212121,0.7666666666666667,0.6449973583221436
0.07121212121212121,0.7675925925925926,0.6447386145591736
0.07196969696969698,0.7675925925925926,0.644115149974823
0.07196969696969698,0.7694444444444445,0.6422516703605652
0.07272727272727272,0.7694444444444445,0.6410040259361267
0.07272727272727272,0.7722222222222223,0.6384570598602295
0.07348484848484849,0.7722222222222223,0.6377039551734924
0.07348484848484849,0.774074074074074,0.6371393203735352
0.07424242424242425,0.774074074074074,0.6364015936851501
0.07424242424242425,0.7768518518518519,0.6336537003517151
0.075,0.7768518518518519,0.6336096525192261
0.075,0.7796296296296297,0.6330496072769165
0.07575757575757576,0.7796296296296297,0.6316487789154053
0.07575757575757576,0.7805555555555556,0.6312007308006287
0.07727272727272727,0.7805555555555556,0.6308489441871643
0.07727272727272727,0.7851851851851852,0.6260239481925964
0.07954545454545454,0.7851851851851852,0.620911717414856
0.07954545454545454,0.787962962962963,0.6178842782974243
0.08787878787878788,0.787962962962963,0.6013414859771729
0.08787878787878788,0.7888888888888889,0.6009857058525085
0.08863636363636364,0.7888888888888889,0.5995801091194153
0.08863636363636364,0.7898148148148149,0.5976882576942444
0.0893939393939394,0.7898148148148149,0.5966091156005859
0.0893939393939394,0.7944444444444444,0.5897575616836548
0.09166666666666666,0.7944444444444444,0.5785099267959595
0.09166666666666666,0.7953703703703704,0.5780311822891235
0.09393939393939393,0.7953703703703704,0.5767015814781189
0.09393939393939393,0.7962962962962963,0.5763592720031738
0.09621212121212121,0.7962962962962963,0.5701008439064026
0.09621212121212121,0.7972222222222223,0.5694827437400818
0.09696969696969697,0.7972222222222223,0.567351758480072
0.09696969696969697,0.7981481481481482,0.5665591359138489
0.10075757575757575,0.7981481481481482,0.5605249404907227
0.10075757575757575,0.799074074074074,0.5591940879821777
0.10227272727272728,0.799074074074074,0.5580556988716125
0.10227272727272728,0.8,0.5564888715744019
0.10378787878787879,0.8,0.5545512437820435
0.10378787878787879,0.8009259259259259,0.551288366317749
0.10606060606060606,0.8009259259259259,0.5497519373893738
0.10606060606060606,0.8018518518518518,0.5489320755004883
0.10757575757575757,0.8018518518518518,0.547731339931488
0.10757575757575757,0.8037037037037037,0.5453488826751709
0.11287878787878788,0.8037037037037037,0.5400248169898987
0.11287878787878788,0.8046296296296296,0.5398932695388794
0.11363636363636363,0.8046296296296296,0.5392511487007141
0.11363636363636363,0.8055555555555556,0.539020299911499
0.11515151515151516,0.8055555555555556,0.5366029739379883
0.11515151515151516,0.8074074074074075,0.5359132289886475
0.11742424242424243,0.8074074074074075,0.5327247977256775
0.11742424242424243,0.8083333333333333,0.5320904850959778
0.11818181818181818,0.8083333333333333,0.5287994146347046
0.11818181818181818,0.8111111111111111,0.5218210816383362
0.11969696969696969,0.8111111111111111,0.5193300247192383
0.11969696969696969,0.812962962962963,0.5174802541732788
0.12121212121212122,0.812962962962963,0.5152958631515503
0.12121212121212122,0.8148148148148148,0.5124375224113464
0.12196969696969696,0.8148148148148148,0.5123578310012817
0.12196969696969696,0.8157407407407408,0.5121188163757324
0.12272727272727273,0.8157407407407408,0.5114059448242188
0.12272727272727273,0.8194444444444444,0.5092700719833374
0.12424242424242424,0.8194444444444444,0.5056107640266418
0.12424242424242424,0.8203703703703704,0.5055262446403503
0.125,0.8203703703703704,0.5039886236190796
0.125,0.8231481481481482,0.49987414479255676
0.12651515151515152,0.8231481481481482,0.497649222612381
0.12651515151515152,0.8240740740740741,0.4973824620246887
0.1303030303030303,0.8240740740740741,0.4908316731452942
0.1303030303030303,0.825925925925926,0.49033522605895996
0.13106060606060607,0.825925925925926,0.48831403255462646
0.13106060606060607,0.8268518518518518,0.48801642656326294
0.13333333333333333,0.8268518518518518,0.4860130846500397
0.13333333333333333,0.8287037037037037,0.48285672068595886
0.13560606060606062,0.8287037037037037,0.47938892245292664
0.13560606060606062,0.8296296296296296,0.4784122109413147
0.13712121212121212,0.8296296296296296,0.47755080461502075
0.13712121212121212,0.8305555555555556,0.4762498736381531
0.1393939393939394,0.8305555555555556,0.4720960259437561
0.1393939393939394,0.8342592592592593,0.469187468290329
0.14166666666666666,0.8342592592592593,0.46758049726486206
0.14166666666666666,0.8351851851851851,0.4674880802631378
0.14242424242424243,0.8351851851851851,0.4666634798049927
0.14242424242424243,0.8361111111111111,0.4650523066520691
0.14393939393939395,0.8361111111111111,0.46248069405555725
0.14393939393939395,0.837037037037037,0.4592391848564148
0.14469696969696969,0.837037037037037,0.4592169523239136
0.14469696969696969,0.8379629629629629,0.45776212215423584
0.14545454545454545,0.8379629629629629,0.4558582603931427
0.14545454545454545,0.8398148148148148,0.45502451062202454
0.14772727272727273,0.8398148148148148,0.4545585513114929
0.14772727272727273,0.8407407407407408,0.4544961452484131
0.15,0.8407407407407408,0.4517767131328583
0.15,0.8416666666666667,0.4495231807231903
0.15227272727272728,0.8416666666666667,0.4489066004753113
0.15227272727272728,0.8425925925925926,0.44886529445648193
0.15454545454545454,0.8425925925925926,0.4478493928909302
0.15454545454545454,0.8444444444444444,0.44655030965805054
0.1590909090909091,0.8444444444444444,0.44195693731307983
0.1590909090909091,0.8453703703703703,0.44189223647117615
0.16287878787878787,0.8453703703703703,0.4355826675891876
0.16287878787878787,0.8462962962962963,0.43444427847862244
0.16515151515151516,0.8462962962962963,0.4318714141845703
0.16515151515151516,0.8472222222222222,0.43151578307151794
0.1696969696969697,0.8472222222222222,0.4273054599761963
0.1696969696969697,0.8481481481481481,0.4271652400493622
0.1712121212121212,0.8481481481481481,0.4266223907470703
0.1712121212121212,0.8518518518518519,0.4216829538345337
0.17196969696969697,0.8518518518518519,0.42146217823028564
0.17196969696969697,0.8537037037037037,0.4184313714504242
0.17272727272727273,0.8537037037037037,0.4172818660736084
0.17272727272727273,0.8564814814814815,0.41501861810684204
0.17727272727272728,0.8564814814814815,0.4144517183303833
0.17727272727272728,0.8583333333333333,0.4126283824443817
0.17954545454545454,0.8583333333333333,0.4120004177093506
0.17954545454545454,0.8592592592592593,0.41114485263824463
0.18106060606060606,0.8592592592592593,0.4036087095737457
0.18106060606060606,0.8601851851851852,0.4028106927871704
0.18181818181818182,0.8601851851851852,0.4026746451854706
0.18181818181818182,0.8611111111111112,0.4020226001739502
0.1856060606060606,0.8611111111111112,0.4002893567085266
0.1856060606060606,0.8629629629629629,0.3978017568588257
0.18636363636363637,0.8629629629629629,0.39694997668266296
0.18636363636363637,0.8638888888888889,0.3966963589191437
0.19015151515151515,0.8638888888888889,0.39573848247528076
0.19015151515151515,0.8657407407407407,0.3953181803226471
0.19090909090909092,0.8657407407407407,0.394233375787735
0.19090909090909092,0.8666666666666667,0.39394456148147583
0.19393939393939394,0.8666666666666667,0.39228102564811707
0.19393939393939394,0.8675925925925926,0.3913310468196869
0.19545454545454546,0.8675925925925926,0.3902762830257416
0.19545454545454546,0.8685185185185185,0.39027419686317444
0.19696969696969696,0.8685185185185185,0.3898310661315918
0.19696969696969696,0.8694444444444445,0.38973602652549744
0.1984848484848485,0.8694444444444445,0.38862740993499756
0.1984848484848485,0.8703703703703703,0.3875492215156555
0.20075757575757575,0.8703703703703703,0.38713327050209045
0.20075757575757575,0.8712962962962963,0.3861653208732605
0.20227272727272727,0.8712962962962963,0.38498079776763916
0.20227272727272727,0.8722222222222222,0.38410666584968567
0.2037878787878788,0.8722222222222222,0.3824543356895447
0.2037878787878788,0.8731481481481481,0.3820873200893402
0.20681818181818182,0.8731481481481481,0.3806025981903076
0.20681818181818182,0.8740740740740741,0.3805358409881592
0.20909090909090908,0.8740740740740741,0.38036274909973145
0.20909090909090908,0.875,0.3798651695251465
0.20984848484848484,0.875,0.3797532618045807
0.20984848484848484,0.8768518518518519,0.37945500016212463
0.2106060606060606,0.8768518518518519,0.3792441487312317
0.2106060606060606,0.8777777777777778,0.3786458671092987
0.21136363636363636,0.8777777777777778,0.3786044716835022
0.21136363636363636,0.8787037037037037,0.37845951318740845
0.2128787878787879,0.8787037037037037,0.37815091013908386
0.2128787878787879,0.8796296296296297,0.378060519695282
0.2159090909090909,0.8796296296296297,0.3771931231021881
0.2159090909090909,0.8833333333333333,0.37448856234550476
0.21742424242424244,0.8833333333333333,0.37414437532424927
0.21742424242424244,0.8842592592592593,0.3741304576396942
0.21818181818181817,0.8842592592592593,0.3733719289302826
0.21818181818181817,0.8851851851851852,0.3732191026210785
0.22045454545454546,0.8851851851851852,0.37234917283058167
0.22045454545454546,0.8916666666666667,0.3705650866031647
0.22196969696969698,0.8916666666666667,0.37021368741989136
0.22196969696969698,0.8925925925925926,0.3695659041404724
0.22424242424242424,0.8925925925925926,0.3682205080986023
0.22424242424242424,0.8944444444444445,0.36596694588661194
0.22727272727272727,0.8944444444444445,0.36334097385406494
0.22727272727272727,0.8962962962962963,0.3623405992984772
0.22803030303030303,0.8962962962962963,0.36216405034065247
0.22803030303030303,0.8972222222222223,0.361314594745636
0.2287878787878788,0.8972222222222223,0.3604293465614319
0.2287878787878788,0.899074074074074,0.3593814969062805
0.2318181818181818,0.899074074074074,0.35763341188430786
0.2318181818181818,0.9,0.35743916034698486
0.23333333333333334,0.9,0.3561987578868866
0.23333333333333334,0.9009259259259259,0.35558459162712097
0.2340909090909091,0.9009259259259259,0.35551586747169495
0.2340909090909091,0.9037037037037037,0.35452285408973694
0.2356060606060606,0.9037037037037037,0.3538073003292084
0.2356060606060606,0.9046296296296297,0.3530632555484772
0.23712121212121212,0.9046296296296297,0.3521914780139923
0.23712121212121212,0.9064814814814814,0.3507050573825836
0.23787878787878788,0.9064814814814814,0.3503444790840149
0.23787878787878788,0.9092592592592592,0.34958139061927795
0.24242424242424243,0.9092592592592592,0.3479327857494354
0.24242424242424243,0.9101851851851852,0.3475894629955292
0.24393939393939393,0.9101851851851852,0.34630292654037476
0.24393939393939393,0.9120370370370371,0.34528636932373047
0.24621212121212122,0.9120370370370371,0.34446555376052856
0.24621212121212122,0.9138888888888889,0.3422296345233917
0.24848484848484848,0.9138888888888889,0.3410508930683136
0.24848484848484848,0.9157407407407407,0.34009960293769836
0.2515151515151515,0.9157407407407407,0.33712878823280334
0.2515151515151515,0.9166666666666666,0.3366324305534363
0.25227272727272726,0.9166666666666666,0.33458635210990906
0.25227272727272726,0.9175925925925926,0.33398666977882385
0.25303030303030305,0.9175925925925926,0.3320353627204895
0.25303030303030305,0.9185185185185185,0.331400066614151
0.2537878787878788,0.9185185185185185,0.3313494622707367
0.2537878787878788,0.9194444444444444,0.33117222785949707
0.2553030303030303,0.9194444444444444,0.32955557107925415
0.2553030303030303,0.9212962962962963,0.328104168176651
0.25606060606060604,0.9212962962962963,0.3277176320552826
0.25606060606060604,0.9222222222222223,0.3257259726524353
0.25833333333333336,0.9222222222222223,0.3245435059070587
0.25833333333333336,0.9231481481481482,0.32446959614753723
0.25984848484848483,0.9231481481481482,0.3228267431259155
0.25984848484848483,0.925,0.3206945061683655
0.2606060606060606,0.925,0.3203098773956299
0.2606060606060606,0.9268518518518518,0.32007884979248047
0.26136363636363635,0.9268518518518518,0.31939154863357544
0.26136363636363635,0.9305555555555556,0.31784990429878235
0.26212121212121214,0.9305555555555556,0.317173033952713
0.26212121212121214,0.9314814814814815,0.31675252318382263
0.2628787878787879,0.9314814814814815,0.3159162104129791
0.2628787878787879,0.9333333333333333,0.31258895993232727
0.27045454545454545,0.9333333333333333,0.30787545442581177
0.27045454545454545,0.9351851851851852,0.3075198829174042
0.2734848484848485,0.9351851851851852,0.30640050768852234
0.2734848484848485,0.9361111111111111,0.3062102794647217
0.27575757575757576,0.9361111111111111,0.30586060881614685
0.27575757575757576,0.937037037037037,0.30538320541381836
0.2772727272727273,0.937037037037037,0.30142438411712646
0.2772727272727273,0.937962962962963,0.30114448070526123
0.2818181818181818,0.937962962962963,0.2980975806713104
0.2818181818181818,0.9388888888888889,0.297863632440567
0.2825757575757576,0.9388888888888889,0.2973356544971466
0.2825757575757576,0.9398148148148148,0.29681718349456787
0.2833333333333333,0.9398148148148148,0.29645460844039917
0.2833333333333333,0.9407407407407408,0.2960571348667145
0.28484848484848485,0.9407407407407408,0.29600122570991516
0.28484848484848485,0.9416666666666667,0.29547691345214844
0.2856060606060606,0.9416666666666667,0.29529255628585815
0.2856060606060606,0.9425925925925925,0.2950994670391083
0.2871212121212121,0.9425925925925925,0.2938915193080902
0.2871212121212121,0.9435185185185185,0.2936480641365051
0.2878787878787879,0.9435185185185185,0.2932816743850708
0.2878787878787879,0.9444444444444444,0.2929937541484833
0.2924242424242424,0.9444444444444444,0.29046642780303955
0.2924242424242424,0.9453703703703704,0.29010745882987976
0.29318181818181815,0.9453703703703704,0.2901042401790619
0.29318181818181815,0.9462962962962963,0.2896556854248047
0.2946969696969697,0.9462962962962963,0.28853219747543335
0.2946969696969697,0.9472222222222222,0.2885068655014038
0.29545454545454547,0.9472222222222222,0.2882722318172455
0.29545454545454547,0.9481481481481482,0.28815409541130066
0.3,0.9481481481481482,0.2855244278907776
0.3,0.9490740740740741,0.2854502499103546
0.30303030303030304,0.9490740740740741,0.28302785754203796
0.30303030303030304,0.95,0.2829403579235077
0.31136363636363634,0.95,0.27859681844711304
0.31136363636363634,0.950925925925926,0.27842265367507935
0.31212121212121213,0.950925925925926,0.2783655822277069
0.31212121212121213,0.9518518518518518,0.2775714695453644
0.31893939393939397,0.9518518518518518,0.2740009129047394
0.31893939393939397,0.9527777777777777,0.27359646558761597
0.32196969696969696,0.9527777777777777,0.2726854681968689
0.32196969696969696,0.9537037037037037,0.2719029188156128
0.3234848484848485,0.9537037037037037,0.27112215757369995
0.3234848484848485,0.9546296296296296,0.2705630362033844
0.3303030303030303,0.9546296296296296,0.2671147286891937
0.3303030303030303,0.9555555555555556,0.267063707113266
0.33560606060606063,0.9555555555555556,0.26576489210128784
0.33560606060606063,0.9574074074074074,0.26542872190475464
0.33636363636363636,0.9574074074074074,0.2653294801712036
0.33636363636363636,0.9592592592592593,0.2637961208820343
0.34545454545454546,0.9592592592592593,0.259365439414978
0.34545454545454546,0.9601851851851851,0.25891637802124023
0.3560606060606061,0.9601851851851851,0.25192365050315857
0.3560606060606061,0.9611111111111111,0.25143322348594666
0.3606060606060606,0.9611111111111111,0.24631395936012268
0.3606060606060606,0.962037037037037,0.24618354439735413
0.37727272727272726,0.962037037037037,0.2325047105550766
0.37727272727272726,0.9629629629629629,0.2323760986328125
0.396969696969697,0.9629629629629629,0.22549936175346375
0.396969696969697,0.9638888888888889,0.22545798122882843
0.3984848484848485,0.9638888888888889,0.22473841905593872
0.3984848484848485,0.9648148148148148,0.224703848361969
0.39924242424242423,0.9648148148148148,0.22411476075649261
0.39924242424242423,0.9657407407407408,0.22343192994594574
0.4037878787878788,0.9657407407407408,0.22103214263916016
0.4037878787878788,0.9666666666666667,0.22075340151786804
0.4053030303030303,0.9666666666666667,0.21847081184387207
0.4053030303030303,0.9675925925925926,0.21838344633579254
0.4113636363636364,0.9675925925925926,0.21309059858322144
0.4113636363636364,0.9694444444444444,0.21226750314235687
0.42424242424242425,0.9694444444444444,0.20348794758319855
0.42424242424242425,0.9703703703703703,0.20346762239933014
0.4257575757575758,0.9703703703703703,0.2028907686471939
0.4257575757575758,0.9712962962962963,0.2005632221698761
0.42727272727272725,0.9712962962962963,0.1998288482427597
0.42727272727272725,0.9722222222222222,0.19972878694534302
0.42954545454545456,0.9722222222222222,0.19933131337165833
0.42954545454545456,0.9731481481481481,0.19891391694545746
0.4318181818181818,0.9731481481481481,0.19820931553840637
0.4318181818181818,0.9740740740740741,0.19795694947242737
0.43257575757575756,0.9740740740740741,0.19778211414813995
0.43257575757575756,0.975,0.19755683839321136
0.4348484848484849,0.975,0.1961412876844406
0.4348484848484849,0.975925925925926,0.1959419846534729
0.43863636363636366,0.975925925925926,0.19441452622413635
0.43863636363636366,0.9768518518518519,0.19429831206798553
0.4393939393939394,0.9768518518518519,0.19406677782535553
0.4393939393939394,0.9777777777777777,0.19391416013240814
0.45681818181818185,0.9777777777777777,0.18652576208114624
0.45681818181818185,0.9787037037037037,0.18636052310466766
0.4590909090909091,0.9787037037037037,0.1852767914533615
0.4590909090909091,0.9805555555555555,0.1848088651895523
0.4803030303030303,0.9805555555555555,0.17289452254772186
0.4803030303030303,0.9814814814814815,0.17258666455745697
0.4893939393939394,0.9814814814814815,0.16862066090106964
0.4893939393939394,0.9824074074074074,0.16856598854064941
0.49772727272727274,0.9824074074074074,0.16554464399814606
0.49772727272727274,0.9833333333333333,0.16551290452480316
0.5022727272727273,0.9833333333333333,0.16389484703540802
0.5022727272727273,0.9842592592592593,0.16359730064868927
0.5136363636363637,0.9842592592592593,0.15903285145759583
0.5136363636363637,0.9851851851851852,0.1589186191558838
0.5318181818181819,0.9851851851851852,0.1518125981092453
0.5318181818181819,0.9861111111111112,0.1517256647348404
0.5393939393939394,0.9861111111111112,0.14902812242507935
0.5393939393939394,0.987037037037037,0.1490246206521988
0.546969696969697,0.987037037037037,0.14458049833774567
0.546969696969697,0.9879629629629629,0.14387193322181702
0.5477272727272727,0.9879629629629629,0.14373841881752014
0.5477272727272727,0.9888888888888889,0.1430424451828003
0.5818181818181818,0.9888888888888889,0.1314951330423355
0.5818181818181818,0.9898148148148148,0.13088952004909515
0.5878787878787879,0.9898148148148148,0.1287645548582077
0.5878787878787879,0.9907407407407407,0.12871646881103516
0.6045454545454545,0.9907407407407407,0.1247800886631012
0.6045454545454545,0.9916666666666667,0.12476396560668945
0.6136363636363636,0.9916666666666667,0.12158965319395065
0.6136363636363636,0.9925925925925926,0.12129661440849304
0.6287878787878788,0.9925925925925926,0.11742672324180603
0.6287878787878788,0.9935185185185185,0.11733731627464294
0.6439393939393939,0.9935185185185185,0.11467645317316055
0.6439393939393939,0.9944444444444445,0.11456972360610962
0.6446969696969697,0.9944444444444445,0.11436561495065689
0.6446969696969697,0.9972222222222222,0.11419089138507843
0.6454545454545455,0.9972222222222222,0.11411077529191971
0.6454545454545455,0.9981481481481481,0.11356927454471588
0.6553030303030303,0.9981481481481481,0.11124063283205032
0.6553030303030303,0.9990740740740741,0.11116362363100052
0.6863636363636364,0.9990740740740741,0.10278747230768204
0.6863636363636364,1.0,0.10268087685108185
1.0,1.0,0.014793704263865948
