FPR,TPR,Threshold
0.0,0.0,1.94734787940979
0.0,0.0009615384615384616,0.94734787940979
0.0,0.04807692307692308,0.9142323136329651
0.0007352941176470588,0.04807692307692308,0.913658082485199
0.0007352941176470588,0.06538461538461539,0.9076630473136902
0.0014705882352941176,0.06538461538461539,0.9076037406921387
0.0014705882352941176,0.07115384615384615,0.9064379334449768
0.0022058823529411764,0.07115384615384615,0.9064193964004517
0.0022058823529411764,0.07307692307692308,0.9056194424629211
0.0029411764705882353,0.07307692307692308,0.9052115678787231
0.0029411764705882353,0.07596153846153846,0.9045245051383972
0.003676470588235294,0.07596153846153846,0.9044613838195801
0.003676470588235294,0.07788461538461539,0.9033814072608948
0.005147058823529412,0.07788461538461539,0.9019731283187866
0.005147058823529412,0.08076923076923077,0.9006876945495605
0.0058823529411764705,0.08076923076923077,0.9005421996116638
0.0058823529411764705,0.08269230769230769,0.9004343748092651
0.006617647058823529,0.08269230769230769,0.9003480672836304
0.006617647058823529,0.08653846153846154,0.8986806869506836
0.008088235294117648,0.08653846153846154,0.8973854184150696
0.008088235294117648,0.08846153846153847,0.8968598246574402
0.009558823529411765,0.08846153846153847,0.8968036770820618
0.009558823529411765,0.09038461538461538,0.8956928849220276
0.010294117647058823,0.09038461538461538,0.895146906375885
0.010294117647058823,0.09326923076923077,0.8936113119125366
0.011764705882352941,0.09326923076923077,0.8923860192298889
0.011764705882352941,0.10192307692307692,0.881131112575531
0.0125,0.10192307692307692,0.8796575665473938
0.0125,0.16634615384615384,0.8605743050575256
0.013235294117647059,0.16634615384615384,0.8601785898208618
0.013235294117647059,0.1798076923076923,0.8554340600967407
0.013970588235294118,0.1798076923076923,0.8539295792579651
0.013970588235294118,0.18653846153846154,0.848838210105896
0.014705882352941176,0.18653846153846154,0.8477693200111389
0.014705882352941176,0.23846153846153847,0.8210968971252441
0.015441176470588236,0.23846153846153847,0.8204346895217896
0.015441176470588236,0.25384615384615383,0.8123724460601807
0.016911764705882352,0.25384615384615383,0.8112370371818542
0.016911764705882352,0.26153846153846155,0.8079212307929993
0.01764705882352941,0.26153846153846155,0.8073893189430237
0.01764705882352941,0.2644230769230769,0.8069697022438049
0.01838235294117647,0.2644230769230769,0.8061935901641846
0.01838235294117647,0.27692307692307694,0.8027547001838684
0.01911764705882353,0.27692307692307694,0.8027368783950806
0.01911764705882353,0.2798076923076923,0.8016129732131958
0.019852941176470587,0.2798076923076923,0.8014249801635742
0.019852941176470587,0.28076923076923077,0.8011714816093445
0.020588235294117647,0.28076923076923077,0.8009878396987915
0.020588235294117647,0.28173076923076923,0.8008325099945068
0.021323529411764706,0.28173076923076923,0.8001919984817505
0.021323529411764706,0.2846153846153846,0.7996823191642761
0.022058823529411766,0.2846153846153846,0.7994459867477417
0.022058823529411766,0.28557692307692306,0.7991413474082947
0.022794117647058822,0.28557692307692306,0.7984364628791809
0.022794117647058822,0.2903846153846154,0.7973313927650452
0.023529411764705882,0.2903846153846154,0.7972670793533325
0.023529411764705882,0.2923076923076923,0.7971373796463013
0.02426470588235294,0.2923076923076923,0.7966969013214111
0.02426470588235294,0.2932692307692308,0.7965167164802551
0.025735294117647058,0.2932692307692308,0.7957078814506531
0.025735294117647058,0.2971153846153846,0.795366644859314
0.026470588235294117,0.2971153846153846,0.7952895760536194
0.026470588235294117,0.3,0.7941337823867798
0.027205882352941177,0.3,0.7939993143081665
0.027205882352941177,0.30096153846153845,0.7931666970252991
0.027941176470588237,0.30096153846153845,0.7929378151893616
0.027941176470588237,0.3057692307692308,0.7914096117019653
0.029411764705882353,0.3057692307692308,0.7903777956962585
0.029411764705882353,0.30673076923076925,0.7899734377861023
0.030147058823529412,0.30673076923076925,0.789104163646698
0.030147058823529412,0.30865384615384617,0.7879378795623779
0.030882352941176472,0.30865384615384617,0.7878581285476685
0.030882352941176472,0.31153846153846154,0.7864235043525696
0.03161764705882353,0.31153846153846154,0.7859677672386169
0.03161764705882353,0.31346153846153846,0.784631609916687
0.03235294117647059,0.31346153846153846,0.7846182584762573
0.03235294117647059,0.3153846153846154,0.7844486832618713
0.03308823529411765,0.3153846153846154,0.78412264585495
0.03308823529411765,0.31634615384615383,0.7832770943641663
0.033823529411764704,0.31634615384615383,0.7832369208335876
0.033823529411764704,0.3173076923076923,0.7831753492355347
0.03529411764705882,0.3173076923076923,0.782965362071991
0.03529411764705882,0.3298076923076923,0.7802952527999878
0.03602941176470588,0.3298076923076923,0.7800471782684326
0.03602941176470588,0.3375,0.7765768766403198
0.0375,0.3375,0.7765540480613708
0.0375,0.33942307692307694,0.7765082716941833
0.03897058823529412,0.33942307692307694,0.7743973731994629
0.03897058823529412,0.3403846153846154,0.7736667990684509
0.041176470588235294,0.3403846153846154,0.7722589373588562
0.041176470588235294,0.3451923076923077,0.7707287073135376
0.04191176470588235,0.3451923076923077,0.770221471786499
0.04191176470588235,0.3490384615384615,0.769737184047699
0.04264705882352941,0.3490384615384615,0.7693082690238953
0.04264705882352941,0.35096153846153844,0.768887460231781
0.045588235294117645,0.35096153846153844,0.7681612372398376
0.045588235294117645,0.3528846153846154,0.7679914832115173
0.047058823529411764,0.3528846153846154,0.7668331861495972
0.047058823529411764,0.3548076923076923,0.7664449214935303
0.04779411764705882,0.3548076923076923,0.7661718130111694
0.04779411764705882,0.3557692307692308,0.7653119564056396
0.04852941176470588,0.3557692307692308,0.7643625140190125
0.04852941176470588,0.3576923076923077,0.7637600302696228
0.05073529411764706,0.3576923076923077,0.7630123496055603
0.05073529411764706,0.3596153846153846,0.7626687288284302
0.052941176470588235,0.3596153846153846,0.7615095376968384
0.052941176470588235,0.3605769230769231,0.7614725232124329
0.05661764705882353,0.3605769230769231,0.7610991597175598
0.05661764705882353,0.36153846153846153,0.7608434557914734
0.05808823529411765,0.36153846153846153,0.7600390911102295
0.05808823529411765,0.36346153846153845,0.7596220374107361
0.058823529411764705,0.36346153846153845,0.7593752145767212
0.058823529411764705,0.36730769230769234,0.7582777142524719
0.060294117647058824,0.36730769230769234,0.7579248547554016
0.060294117647058824,0.36923076923076925,0.7574594020843506
0.06102941176470588,0.36923076923076925,0.7569307088851929
0.06102941176470588,0.37115384615384617,0.756561279296875
0.0625,0.37115384615384617,0.7561727166175842
0.0625,0.3721153846153846,0.7560529112815857
0.06323529411764706,0.3721153846153846,0.7558306455612183
0.06323529411764706,0.3730769230769231,0.7555895447731018
0.06691176470588235,0.3730769230769231,0.7550916075706482
0.06691176470588235,0.37403846153846154,0.7548571825027466
0.06911764705882353,0.37403846153846154,0.7539690732955933
0.06911764705882353,0.375,0.7539248466491699
0.06985294117647059,0.375,0.7537543773651123
0.06985294117647059,0.3798076923076923,0.752694845199585
0.07058823529411765,0.3798076923076923,0.7523862719535828
0.07058823529411765,0.3817307692307692,0.751573383808136
0.07205882352941176,0.3817307692307692,0.7511144280433655
0.07205882352941176,0.3836538461538462,0.7507709264755249
0.07352941176470588,0.3836538461538462,0.7506268620491028
0.07352941176470588,0.3894230769230769,0.7494627833366394
0.07426470588235294,0.3894230769230769,0.7492362260818481
0.07426470588235294,0.3903846153846154,0.7491941452026367
0.075,0.3903846153846154,0.7489907741546631
0.075,0.3923076923076923,0.7485441565513611
0.07573529411764705,0.3923076923076923,0.7478589415550232
0.07573529411764705,0.40384615384615385,0.7440271973609924
0.07647058823529412,0.40384615384615385,0.7436137199401855
0.07647058823529412,0.40673076923076923,0.7433727979660034
0.07720588235294118,0.40673076923076923,0.7426975965499878
0.07720588235294118,0.4201923076923077,0.7386418581008911
0.07794117647058824,0.4201923076923077,0.738473117351532
0.07794117647058824,0.4269230769230769,0.7369009852409363
0.07941176470588235,0.4269230769230769,0.736292839050293
0.07941176470588235,0.4307692307692308,0.7349354028701782
0.08014705882352942,0.4307692307692308,0.7346238493919373
0.08014705882352942,0.43173076923076925,0.7343605160713196
0.08088235294117647,0.43173076923076925,0.7338958978652954
0.08088235294117647,0.4326923076923077,0.7331576347351074
0.08161764705882353,0.4326923076923077,0.7330993413925171
0.08161764705882353,0.4346153846153846,0.7329750657081604
0.08235294117647059,0.4346153846153846,0.7329217195510864
0.08235294117647059,0.4375,0.7312840819358826
0.08308823529411764,0.4375,0.7306947708129883
0.08308823529411764,0.4423076923076923,0.7274284362792969
0.0838235294117647,0.4423076923076923,0.7273456454277039
0.0838235294117647,0.44903846153846155,0.7241020798683167
0.08455882352941177,0.44903846153846155,0.7231473326683044
0.08455882352941177,0.4519230769230769,0.7227957844734192
0.08529411764705883,0.4519230769230769,0.7221907377243042
0.08529411764705883,0.45384615384615384,0.7187961339950562
0.08602941176470588,0.45384615384615384,0.7176446318626404
0.08602941176470588,0.4548076923076923,0.7166121602058411
0.08676470588235294,0.4548076923076923,0.7165392637252808
0.08676470588235294,0.45576923076923076,0.7163093090057373
0.0875,0.45576923076923076,0.7158074975013733
0.0875,0.46153846153846156,0.7136799097061157
0.08823529411764706,0.46153846153846156,0.7135636210441589
0.08823529411764706,0.4625,0.7134120464324951
0.08897058823529412,0.4625,0.7132169604301453
0.08897058823529412,0.4634615384615385,0.7130482196807861
0.08970588235294118,0.4634615384615385,0.7128403186798096
0.08970588235294118,0.46634615384615385,0.7121366858482361
0.09044117647058823,0.46634615384615385,0.712058961391449
0.09044117647058823,0.4673076923076923,0.7115517258644104
0.09191176470588236,0.4673076923076923,0.7108973264694214
0.09191176470588236,0.4721153846153846,0.7099888920783997
0.09338235294117647,0.4721153846153846,0.7093729972839355
0.09338235294117647,0.47596153846153844,0.7084643840789795
0.09411764705882353,0.47596153846153844,0.7081678509712219
0.09411764705882353,0.4807692307692308,0.7062807679176331
0.09485294117647058,0.4807692307692308,0.7059147357940674
0.09485294117647058,0.48173076923076924,0.7054170370101929
0.09632352941176471,0.48173076923076924,0.7050648927688599
0.09632352941176471,0.4826923076923077,0.7046518325805664
0.09705882352941177,0.4826923076923077,0.7043562531471252
0.09705882352941177,0.4855769230769231,0.7042126655578613
0.09779411764705882,0.4855769230769231,0.7040991187095642
0.09779411764705882,0.48846153846153845,0.703488290309906
0.1,0.48846153846153845,0.7024258971214294
0.1,0.49230769230769234,0.7011232972145081
0.10073529411764706,0.49230769230769234,0.7009324431419373
0.10073529411764706,0.5009615384615385,0.6992006301879883
0.10147058823529412,0.5009615384615385,0.699198305606842
0.10147058823529412,0.5096153846153846,0.6981815099716187
0.10220588235294117,0.5096153846153846,0.6981377601623535
0.10220588235294117,0.5125,0.6978334784507751
0.10294117647058823,0.5125,0.6974273920059204
0.10294117647058823,0.5182692307692308,0.6962277293205261
0.10441176470588236,0.5182692307692308,0.6961658000946045
0.10441176470588236,0.5211538461538462,0.6951736807823181
0.10514705882352941,0.5211538461538462,0.6951009035110474
0.10514705882352941,0.5240384615384616,0.6940902471542358
0.10661764705882353,0.5240384615384616,0.6938222646713257
0.10661764705882353,0.5259615384615385,0.6930316686630249
0.10735294117647058,0.5259615384615385,0.6922877430915833
0.10735294117647058,0.5298076923076923,0.6898310780525208
0.10882352941176471,0.5298076923076923,0.6895458102226257
0.10882352941176471,0.5307692307692308,0.6890283226966858
0.10955882352941176,0.5307692307692308,0.6890116930007935
0.10955882352941176,0.5326923076923077,0.6869646906852722
0.11176470588235295,0.5326923076923077,0.6858720183372498
0.11176470588235295,0.5346153846153846,0.6845883727073669
0.11397058823529412,0.5346153846153846,0.6834993362426758
0.11397058823529412,0.5355769230769231,0.6832250356674194
0.11838235294117647,0.5355769230769231,0.6790323257446289
0.11838235294117647,0.5375,0.6788734197616577
0.11911764705882352,0.5375,0.6780959367752075
0.11911764705882352,0.5394230769230769,0.6774015426635742
0.11985294117647059,0.5394230769230769,0.6768929362297058
0.11985294117647059,0.5403846153846154,0.6767193675041199
0.12205882352941176,0.5403846153846154,0.6758807301521301
0.12205882352941176,0.5423076923076923,0.6751949191093445
0.12352941176470589,0.5423076923076923,0.6739996671676636
0.12352941176470589,0.5442307692307692,0.6739091277122498
0.1264705882352941,0.5442307692307692,0.6718141436576843
0.1264705882352941,0.5451923076923076,0.6717930436134338
0.12720588235294117,0.5451923076923076,0.6713812947273254
0.12720588235294117,0.5461538461538461,0.6710031032562256
0.1338235294117647,0.5461538461538461,0.6675534844398499
0.1338235294117647,0.55,0.6650190353393555
0.13455882352941176,0.55,0.6650104522705078
0.13455882352941176,0.551923076923077,0.6646219491958618
0.13529411764705881,0.551923076923077,0.6643854975700378
0.13529411764705881,0.5528846153846154,0.6640322804450989
0.1375,0.5528846153846154,0.6623824238777161
0.1375,0.5538461538461539,0.6619337201118469
0.13823529411764707,0.5538461538461539,0.6616530418395996
0.13823529411764707,0.5548076923076923,0.6610599160194397
0.1411764705882353,0.5548076923076923,0.66018146276474
0.1411764705882353,0.5567307692307693,0.6592242121696472
0.14191176470588235,0.5567307692307693,0.6590640544891357
0.14191176470588235,0.5576923076923077,0.6590026617050171
0.1426470588235294,0.5576923076923077,0.6578920483589172
0.1426470588235294,0.5596153846153846,0.6574869751930237
0.1448529411764706,0.5596153846153846,0.6569642424583435
0.1448529411764706,0.5605769230769231,0.6562979221343994
0.14705882352941177,0.5605769230769231,0.6542413830757141
0.14705882352941177,0.5615384615384615,0.6541939973831177
0.14852941176470588,0.5615384615384615,0.6534408330917358
0.14852941176470588,0.5653846153846154,0.6524500250816345
0.15,0.5653846153846154,0.6519806385040283
0.15,0.5663461538461538,0.6519652009010315
0.15073529411764705,0.5663461538461538,0.6514294743537903
0.15073529411764705,0.5673076923076923,0.651115894317627
0.1514705882352941,0.5673076923076923,0.6506620049476624
0.1514705882352941,0.5682692307692307,0.6505534648895264
0.1536764705882353,0.5682692307692307,0.6503427028656006
0.1536764705882353,0.5692307692307692,0.6497717499732971
0.15514705882352942,0.5692307692307692,0.649220883846283
0.15514705882352942,0.5701923076923077,0.6490725874900818
0.15588235294117647,0.5701923076923077,0.6488735675811768
0.15588235294117647,0.5711538461538461,0.6488538980484009
0.15661764705882353,0.5711538461538461,0.648815929889679
0.15661764705882353,0.5759615384615384,0.6485274434089661
0.1625,0.5759615384615384,0.6458483934402466
0.1625,0.5769230769230769,0.6458355188369751
0.16397058823529412,0.5769230769230769,0.6455520391464233
0.16397058823529412,0.5778846153846153,0.6452411413192749
0.1661764705882353,0.5778846153846153,0.644849956035614
0.1661764705882353,0.5817307692307693,0.6439966559410095
0.16911764705882354,0.5817307692307693,0.6435614824295044
0.16911764705882354,0.5836538461538462,0.6432144045829773
0.17058823529411765,0.5836538461538462,0.6429516673088074
0.17058823529411765,0.5865384615384616,0.6425331830978394
0.1713235294117647,0.5865384615384616,0.642137885093689
0.1713235294117647,0.5875,0.6421263813972473
0.17352941176470588,0.5875,0.6416262984275818
0.17352941176470588,0.5884615384615385,0.6415101289749146
0.17426470588235293,0.5884615384615385,0.6413452625274658
0.17426470588235293,0.5913461538461539,0.6401544213294983
0.17647058823529413,0.5913461538461539,0.6378628611564636
0.17647058823529413,0.5923076923076923,0.6378582119941711
0.1786764705882353,0.5923076923076923,0.6375805139541626
0.1786764705882353,0.5951923076923077,0.6367564797401428
0.18161764705882352,0.5951923076923077,0.6348668932914734
0.18161764705882352,0.5980769230769231,0.6348162889480591
0.18455882352941178,0.5980769230769231,0.6339035630226135
0.18455882352941178,0.5990384615384615,0.6335192918777466
0.1860294117647059,0.5990384615384615,0.6328654885292053
0.1860294117647059,0.6009615384615384,0.6324402093887329
0.18823529411764706,0.6009615384615384,0.6316814422607422
0.18823529411764706,0.6019230769230769,0.6315018534660339
0.1889705882352941,0.6019230769230769,0.6313847303390503
0.1889705882352941,0.6028846153846154,0.6312536597251892
0.19044117647058822,0.6028846153846154,0.6307597756385803
0.19044117647058822,0.6038461538461538,0.6305614709854126
0.19191176470588237,0.6038461538461538,0.6297412514686584
0.19191176470588237,0.6048076923076923,0.6296764016151428
0.19264705882352942,0.6048076923076923,0.6294553875923157
0.19264705882352942,0.6086538461538461,0.6285832524299622
0.19338235294117648,0.6086538461538461,0.6277400255203247
0.19338235294117648,0.6105769230769231,0.6275762915611267
0.19411764705882353,0.6105769230769231,0.6266269087791443
0.19411764705882353,0.6134615384615385,0.6259250044822693
0.19558823529411765,0.6134615384615385,0.6249701380729675
0.19558823529411765,0.6192307692307693,0.6231513619422913
0.1963235294117647,0.6192307692307693,0.6229881644248962
0.1963235294117647,0.6375,0.6175963878631592
0.19705882352941176,0.6375,0.6170982122421265
0.19705882352941176,0.6461538461538462,0.6134049296379089
0.19779411764705881,0.6461538461538462,0.6133851408958435
0.19779411764705881,0.6471153846153846,0.6133332848548889
0.19852941176470587,0.6471153846153846,0.6131628751754761
0.19852941176470587,0.6528846153846154,0.6108977198600769
0.19926470588235295,0.6528846153846154,0.6108005046844482
0.19926470588235295,0.6548076923076923,0.6098214387893677
0.2,0.6548076923076923,0.6097668409347534
0.2,0.6596153846153846,0.60822594165802
0.20073529411764707,0.6596153846153846,0.6076789498329163
0.20073529411764707,0.6625,0.6066598892211914
0.20147058823529412,0.6625,0.6057417988777161
0.20147058823529412,0.6634615384615384,0.6055516600608826
0.20220588235294118,0.6634615384615384,0.6054362058639526
0.20220588235294118,0.6682692307692307,0.6027480959892273
0.20294117647058824,0.6682692307692307,0.6022281646728516
0.20294117647058824,0.6692307692307692,0.6019431352615356
0.2036764705882353,0.6692307692307692,0.6007554531097412
0.2036764705882353,0.6701923076923076,0.6006867289543152
0.20441176470588235,0.6701923076923076,0.6004953384399414
0.20441176470588235,0.6721153846153847,0.5998032093048096
0.2051470588235294,0.6721153846153847,0.5993660688400269
0.2051470588235294,0.6730769230769231,0.599138081073761
0.20588235294117646,0.6730769230769231,0.5983281135559082
0.20588235294117646,0.676923076923077,0.5963873863220215
0.20661764705882352,0.676923076923077,0.59583580493927
0.20661764705882352,0.6788461538461539,0.5937797427177429
0.20808823529411766,0.6788461538461539,0.593303382396698
0.20808823529411766,0.6798076923076923,0.5932127833366394
0.2088235294117647,0.6798076923076923,0.5923312306404114
0.2088235294117647,0.6817307692307693,0.5917907953262329
0.20955882352941177,0.6817307692307693,0.5913593769073486
0.20955882352941177,0.6875,0.5892201662063599
0.21102941176470588,0.6875,0.588351309299469
0.21102941176470588,0.6913461538461538,0.587266206741333
0.21323529411764705,0.6913461538461538,0.5859504342079163
0.21323529411764705,0.6923076923076923,0.585576593875885
0.2139705882352941,0.6923076923076923,0.5854370594024658
0.2139705882352941,0.6951923076923077,0.585213840007782
0.21470588235294116,0.6951923076923077,0.5851753950119019
0.21470588235294116,0.6961538461538461,0.5851689577102661
0.21691176470588236,0.6961538461538461,0.583713173866272
0.21691176470588236,0.6971153846153846,0.5829336643218994
0.21838235294117647,0.6971153846153846,0.5816959738731384
0.21838235294117647,0.6990384615384615,0.5805366635322571
0.225,0.6990384615384615,0.5749373435974121
0.225,0.7,0.5736545920372009
0.22573529411764706,0.7,0.5730521082878113
0.22573529411764706,0.7009615384615384,0.5725118517875671
0.22720588235294117,0.7009615384615384,0.5710926055908203
0.22720588235294117,0.7019230769230769,0.5710082650184631
0.22794117647058823,0.7019230769230769,0.5702515244483948
0.22794117647058823,0.7028846153846153,0.5700146555900574
0.2286764705882353,0.7028846153846153,0.5692265033721924
0.2286764705882353,0.7038461538461539,0.5692006349563599
0.22941176470588234,0.7038461538461539,0.5689355731010437
0.22941176470588234,0.7048076923076924,0.5683925747871399
0.2301470588235294,0.7048076923076924,0.5683249831199646
0.2301470588235294,0.7057692307692308,0.5682504773139954
0.23088235294117648,0.7057692307692308,0.5681763887405396
0.23088235294117648,0.7067307692307693,0.5679134130477905
0.23161764705882354,0.7067307692307693,0.5678569078445435
0.23161764705882354,0.7076923076923077,0.5673313140869141
0.2323529411764706,0.7076923076923077,0.5670740008354187
0.2323529411764706,0.7096153846153846,0.5666987299919128
0.2338235294117647,0.7096153846153846,0.5652838945388794
0.2338235294117647,0.7105769230769231,0.5650129914283752
0.23455882352941176,0.7105769230769231,0.5649218559265137
0.23455882352941176,0.7144230769230769,0.5632792711257935
0.23602941176470588,0.7144230769230769,0.5624021887779236
0.23602941176470588,0.7153846153846154,0.561802089214325
0.23676470588235293,0.7153846153846154,0.5615202188491821
0.23676470588235293,0.7201923076923077,0.5599719285964966
0.23823529411764705,0.7201923076923077,0.5593502521514893
0.23823529411764705,0.7211538461538461,0.5591540336608887
0.23897058823529413,0.7211538461538461,0.5591395497322083
0.23897058823529413,0.7240384615384615,0.5572712421417236
0.23970588235294119,0.7240384615384615,0.5567717552185059
0.23970588235294119,0.7307692307692307,0.5534745454788208
0.24044117647058824,0.7307692307692307,0.55313640832901
0.24044117647058824,0.7317307692307692,0.5524172186851501
0.2411764705882353,0.7317307692307692,0.5517633557319641
0.2411764705882353,0.7336538461538461,0.5511499047279358
0.24191176470588235,0.7336538461538461,0.5507974624633789
0.24191176470588235,0.7365384615384616,0.550239086151123
0.2426470588235294,0.7365384615384616,0.5501521229743958
0.2426470588235294,0.7375,0.5500437617301941
0.24338235294117647,0.7375,0.549910306930542
0.24338235294117647,0.7384615384615385,0.5494481921195984
0.24411764705882352,0.7384615384615385,0.5492048263549805
0.24411764705882352,0.7451923076923077,0.5477893352508545
0.24485294117647058,0.7451923076923077,0.547527015209198
0.24485294117647058,0.7461538461538462,0.547082781791687
0.24558823529411763,0.7461538461538462,0.5470414161682129
0.24558823529411763,0.7471153846153846,0.546979546546936
0.24632352941176472,0.7471153846153846,0.5466023087501526
0.24632352941176472,0.75,0.5458451509475708
0.24779411764705883,0.75,0.5455611348152161
0.24779411764705883,0.7557692307692307,0.5433921217918396
0.24926470588235294,0.7557692307692307,0.5430952906608582
0.24926470588235294,0.7567307692307692,0.5421963930130005
0.25,0.7567307692307692,0.5418733358383179
0.25,0.7634615384615384,0.54033362865448
0.25073529411764706,0.7634615384615384,0.5402402877807617
0.25073529411764706,0.7644230769230769,0.5400952100753784
0.2514705882352941,0.7644230769230769,0.5400063991546631
0.2514705882352941,0.7673076923076924,0.539599597454071
0.25220588235294117,0.7673076923076924,0.5395267605781555
0.25220588235294117,0.7692307692307693,0.5394135117530823
0.2529411764705882,0.7692307692307693,0.5391625165939331
0.2529411764705882,0.7721153846153846,0.5379388332366943
0.2536764705882353,0.7721153846153846,0.5377346873283386
0.2536764705882353,0.7740384615384616,0.5371518135070801
0.25441176470588234,0.7740384615384616,0.536572277545929
0.25441176470588234,0.775,0.5358376502990723
0.25588235294117645,0.775,0.5353131294250488
0.25588235294117645,0.7769230769230769,0.5351649522781372
0.25735294117647056,0.7769230769230769,0.5344009399414062
0.25735294117647056,0.7778846153846154,0.5343390703201294
0.2580882352941177,0.7778846153846154,0.5336686968803406
0.2580882352941177,0.7807692307692308,0.5334084033966064
0.25882352941176473,0.7807692307692308,0.5333185195922852
0.25882352941176473,0.7836538461538461,0.5321103930473328
0.26029411764705884,0.7836538461538461,0.5314182639122009
0.26029411764705884,0.7855769230769231,0.5308785438537598
0.2625,0.7855769230769231,0.530021071434021
0.2625,0.7865384615384615,0.5289652347564697
0.26544117647058824,0.7865384615384615,0.527953028678894
0.26544117647058824,0.7875,0.5274724364280701
0.26691176470588235,0.7875,0.5265395641326904
0.26691176470588235,0.7903846153846154,0.5250903964042664
0.2676470588235294,0.7903846153846154,0.5248388051986694
0.2676470588235294,0.7971153846153847,0.5221172571182251
0.2691176470588235,0.7971153846153847,0.5217728018760681
0.2691176470588235,0.8,0.5212799906730652
0.2698529411764706,0.8,0.5208967328071594
0.2698529411764706,0.8009615384615385,0.5208835601806641
0.27058823529411763,0.8009615384615385,0.5204710960388184
0.27058823529411763,0.8028846153846154,0.519935131072998
0.2727941176470588,0.8028846153846154,0.5186771750450134
0.2727941176470588,0.8038461538461539,0.5186684727668762
0.2757352941176471,0.8038461538461539,0.5181092619895935
0.2757352941176471,0.8067307692307693,0.5161711573600769
0.2772058823529412,0.8067307692307693,0.5152568221092224
0.2772058823529412,0.8076923076923077,0.5152073502540588
0.27941176470588236,0.8076923076923077,0.5127505660057068
0.27941176470588236,0.8086538461538462,0.5115567445755005
0.2801470588235294,0.8086538461538462,0.5114288330078125
0.2801470588235294,0.8096153846153846,0.5111044645309448
0.28088235294117647,0.8096153846153846,0.5095121264457703
0.28088235294117647,0.8105769230769231,0.5079240202903748
0.2823529411764706,0.8105769230769231,0.5071994662284851
0.2823529411764706,0.8125,0.5064869523048401
0.2852941176470588,0.8125,0.5056906342506409
0.2852941176470588,0.8134615384615385,0.5054318308830261
0.2875,0.8134615384615385,0.503987193107605
0.2875,0.8144230769230769,0.5027646422386169
0.2933823529411765,0.8144230769230769,0.4971950352191925
0.2933823529411765,0.8153846153846154,0.495250940322876
0.29411764705882354,0.8153846153846154,0.4944833219051361
0.29411764705882354,0.8163461538461538,0.4937499463558197
0.29558823529411765,0.8163461538461538,0.491853803396225
0.29558823529411765,0.8173076923076923,0.4917607307434082
0.29705882352941176,0.8173076923076923,0.48923811316490173
0.29705882352941176,0.8182692307692307,0.4888826906681061
0.29926470588235293,0.8182692307692307,0.4860790967941284
0.29926470588235293,0.8201923076923077,0.4856220483779907
0.3,0.8201923076923077,0.4853018820285797
0.3,0.8211538461538461,0.48511990904808044
0.30073529411764705,0.8211538461538461,0.48379039764404297
0.30073529411764705,0.8221153846153846,0.48341503739356995
0.3029411764705882,0.8221153846153846,0.482777863740921
0.3029411764705882,0.823076923076923,0.4812268614768982
0.31029411764705883,0.823076923076923,0.47807034850120544
0.31029411764705883,0.8240384615384615,0.47730234265327454
0.3191176470588235,0.8240384615384615,0.47567129135131836
0.3191176470588235,0.825,0.475373774766922
0.3286764705882353,0.825,0.4713115990161896
0.3286764705882353,0.8269230769230769,0.47029444575309753
0.32941176470588235,0.8269230769230769,0.4701453745365143
0.32941176470588235,0.8278846153846153,0.46984875202178955
0.34191176470588236,0.8278846153846153,0.46330925822257996
0.34191176470588236,0.8288461538461539,0.4631554186344147
0.3448529411764706,0.8288461538461539,0.4618963301181793
0.3448529411764706,0.8298076923076924,0.46189093589782715
0.34852941176470587,0.8298076923076924,0.46094951033592224
0.34852941176470587,0.8307692307692308,0.4608808159828186
0.3492647058823529,0.8307692307692308,0.460796058177948
0.3492647058823529,0.8326923076923077,0.46007025241851807
0.35,0.8326923076923077,0.4600462317466736
0.35,0.8336538461538462,0.4592241942882538
0.3522058823529412,0.8336538461538462,0.45851796865463257
0.3522058823529412,0.8346153846153846,0.45851531624794006
0.35294117647058826,0.8346153846153846,0.45849373936653137
0.35294117647058826,0.8365384615384616,0.4576222896575928
0.3558823529411765,0.8365384615384616,0.457047700881958
0.3558823529411765,0.8384615384615385,0.4558752179145813
0.36176470588235293,0.8384615384615385,0.45496538281440735
0.36176470588235293,0.8403846153846154,0.4544992446899414
0.3625,0.8403846153846154,0.4544133245944977
0.3625,0.8413461538461539,0.4539947509765625
0.36470588235294116,0.8413461538461539,0.45316794514656067
0.36470588235294116,0.8423076923076923,0.4530634880065918
0.37058823529411766,0.8423076923076923,0.44976189732551575
0.37058823529411766,0.8451923076923077,0.44949090480804443
0.3735294117647059,0.8451923076923077,0.4479108154773712
0.3735294117647059,0.8461538461538461,0.4478496015071869
0.37720588235294117,0.8461538461538461,0.4469524323940277
0.37720588235294117,0.8519230769230769,0.44566795229911804
0.3786764705882353,0.8519230769230769,0.44489532709121704
0.3786764705882353,0.8528846153846154,0.4442595839500427
0.38088235294117645,0.8528846153846154,0.4435914158821106
0.38088235294117645,0.8538461538461538,0.4433114230632782
0.38235294117647056,0.8538461538461538,0.4432024657726288
0.38235294117647056,0.8557692307692307,0.44273242354393005
0.3845588235294118,0.8557692307692307,0.4421963095664978
0.3845588235294118,0.8567307692307692,0.4421594738960266
0.3860294117647059,0.8567307692307692,0.44120556116104126
0.3860294117647059,0.8586538461538461,0.44115015864372253
0.3875,0.8586538461538461,0.4399307370185852
0.3875,0.8596153846153847,0.43990543484687805
0.3911764705882353,0.8596153846153847,0.43920594453811646
0.3911764705882353,0.8605769230769231,0.4390909671783447
0.3926470588235294,0.8605769230769231,0.43892619013786316
0.3926470588235294,0.8615384615384616,0.4386003017425537
0.39338235294117646,0.8615384615384616,0.43847209215164185
0.39338235294117646,0.8625,0.43833738565444946
0.3941176470588235,0.8625,0.43832409381866455
0.3941176470588235,0.8634615384615385,0.4379020631313324
0.3948529411764706,0.8634615384615385,0.43763455748558044
0.3948529411764706,0.8653846153846154,0.437441349029541
0.3985294117647059,0.8653846153846154,0.43622615933418274
0.3985294117647059,0.8663461538461539,0.4359130561351776
0.39926470588235297,0.8663461538461539,0.4347579777240753
0.39926470588235297,0.8673076923076923,0.43468502163887024
0.4007352941176471,0.8673076923076923,0.43408116698265076
0.4007352941176471,0.8682692307692308,0.43399906158447266
0.4036764705882353,0.8682692307692308,0.4332710802555084
0.4036764705882353,0.8692307692307693,0.43320298194885254
0.40661764705882353,0.8692307692307693,0.4327073395252228
0.40661764705882353,0.8701923076923077,0.4326687753200531
0.40808823529411764,0.8701923076923077,0.4323227107524872
0.40808823529411764,0.8721153846153846,0.43216389417648315
0.4088235294117647,0.8721153846153846,0.432143896818161
0.4088235294117647,0.8730769230769231,0.43171262741088867
0.4139705882352941,0.8730769230769231,0.43075451254844666
0.4139705882352941,0.8740384615384615,0.4305304288864136
0.4147058823529412,0.8740384615384615,0.4302346408367157
0.4147058823529412,0.875,0.43022024631500244
0.4198529411764706,0.875,0.42796626687049866
0.4198529411764706,0.8778846153846154,0.4269547164440155
0.425,0.8778846153846154,0.4259667694568634
0.425,0.8788461538461538,0.4255879819393158
0.4264705882352941,0.8788461538461538,0.42516762018203735
0.4264705882352941,0.8798076923076923,0.4248795807361603
0.42720588235294116,0.8798076923076923,0.4248778522014618
0.42720588235294116,0.8807692307692307,0.42398372292518616
0.4308823529411765,0.8807692307692307,0.42268720269203186
0.4308823529411765,0.8826923076923077,0.42243918776512146
0.43161764705882355,0.8826923076923077,0.4219217002391815
0.43161764705882355,0.8846153846153846,0.42125189304351807
0.4323529411764706,0.8846153846153846,0.4212505519390106
0.4323529411764706,0.8865384615384615,0.4211888611316681
0.4345588235294118,0.8865384615384615,0.42033445835113525
0.4345588235294118,0.8875,0.42032021284103394
0.43676470588235294,0.8875,0.419159471988678
0.43676470588235294,0.8894230769230769,0.418901264667511
0.44485294117647056,0.8894230769230769,0.4141927659511566
0.44485294117647056,0.8903846153846153,0.41416817903518677
0.4522058823529412,0.8903846153846153,0.4111779034137726
0.4522058823529412,0.8913461538461539,0.4109106957912445
0.45294117647058824,0.8913461538461539,0.4105750322341919
0.45294117647058824,0.8923076923076924,0.4102615416049957
0.4551470588235294,0.8923076923076924,0.4095340073108673
0.4551470588235294,0.8932692307692308,0.40920767188072205
0.45808823529411763,0.8932692307692308,0.4062362611293793
0.45808823529411763,0.8942307692307693,0.40578213334083557
0.4948529411764706,0.8942307692307693,0.38362279534339905
0.4948529411764706,0.8951923076923077,0.3833191990852356
0.5036764705882353,0.8951923076923077,0.37927722930908203
0.5036764705882353,0.8971153846153846,0.37889358401298523
0.5058823529411764,0.8971153846153846,0.3786983788013458
0.5058823529411764,0.8980769230769231,0.37824875116348267
0.5095588235294117,0.8980769230769231,0.37565428018569946
0.5095588235294117,0.8990384615384616,0.3748801648616791
0.5139705882352941,0.8990384615384616,0.3658381998538971
0.5139705882352941,0.9,0.3653777837753296
0.5147058823529411,0.9,0.36531782150268555
0.5147058823529411,0.9009615384615385,0.36511245369911194
0.5301470588235294,0.9009615384615385,0.3546741306781769
0.5301470588235294,0.9028846153846154,0.3525032699108124
0.5367647058823529,0.9028846153846154,0.34724679589271545
0.5367647058823529,0.9038461538461539,0.347032368183136
0.5375,0.9038461538461539,0.34674617648124695
0.5375,0.9057692307692308,0.3461333215236664
0.5448529411764705,0.9057692307692308,0.34220996499061584
0.5448529411764705,0.9067307692307692,0.3419451415538788
0.5485294117647059,0.9067307692307692,0.3334203064441681
0.5485294117647059,0.9086538461538461,0.32979804277420044
0.55,0.9086538461538461,0.32727453112602234
0.55,0.9096153846153846,0.3259795308113098
0.5507352941176471,0.9096153846153846,0.32553136348724365
0.5507352941176471,0.9105769230769231,0.32517871260643005
0.5522058823529412,0.9105769230769231,0.32471784949302673
0.5522058823529412,0.9125,0.3225952088832855
0.5536764705882353,0.9125,0.32097336649894714
0.5536764705882353,0.9144230769230769,0.3193814158439636
0.5551470588235294,0.9144230769230769,0.3133750259876251
0.5551470588235294,0.9153846153846154,0.311201274394989
0.5558823529411765,0.9153846153846154,0.3110359311103821
0.5558823529411765,0.9163461538461538,0.31028252840042114
0.5573529411764706,0.9163461538461538,0.30992045998573303
0.5573529411764706,0.9192307692307692,0.3078937828540802
0.5647058823529412,0.9192307692307692,0.29946672916412354
0.5647058823529412,0.9201923076923076,0.29914283752441406
0.5845588235294118,0.9201923076923076,0.2865375578403473
0.5845588235294118,0.9211538461538461,0.2863719165325165
0.5911764705882353,0.9211538461538461,0.27895647287368774
0.5911764705882353,0.9221153846153847,0.2764333188533783
0.5985294117647059,0.9221153846153847,0.27312707901000977
0.5985294117647059,0.9240384615384616,0.2707594633102417
0.5992647058823529,0.9240384615384616,0.2702898383140564
0.5992647058823529,0.9278846153846154,0.2678864598274231
0.600735294117647,0.9278846153846154,0.2667337656021118
0.600735294117647,0.9307692307692308,0.2642117738723755
0.6014705882352941,0.9307692307692308,0.2641816735267639
0.6014705882352941,0.9317307692307693,0.2639058828353882
0.6022058823529411,0.9317307692307693,0.26387113332748413
0.6022058823529411,0.9326923076923077,0.26323577761650085
0.6051470588235294,0.9326923076923077,0.26202866435050964
0.6051470588235294,0.9355769230769231,0.2602384388446808
0.6058823529411764,0.9355769230769231,0.25969186425209045
0.6058823529411764,0.9375,0.25820261240005493
0.6066176470588235,0.9375,0.2581771910190582
0.6066176470588235,0.9394230769230769,0.2578229308128357
0.6073529411764705,0.9394230769230769,0.2577493190765381
0.6073529411764705,0.9413461538461538,0.2575511634349823
0.6088235294117647,0.9413461538461538,0.2570412755012512
0.6088235294117647,0.9423076923076923,0.25594618916511536
0.6102941176470589,0.9423076923076923,0.2552880346775055
0.6102941176470589,0.9432692307692307,0.2551199793815613
0.6110294117647059,0.9432692307692307,0.25378572940826416
0.6110294117647059,0.9451923076923077,0.2536975145339966
0.6139705882352942,0.9451923076923077,0.25168055295944214
0.6139705882352942,0.9471153846153846,0.25108593702316284
0.6147058823529412,0.9471153846153846,0.25060588121414185
0.6147058823529412,0.948076923076923,0.25019481778144836
0.6154411764705883,0.948076923076923,0.24938811361789703
0.6154411764705883,0.9548076923076924,0.24516603350639343
0.6161764705882353,0.9548076923076924,0.24500955641269684
0.6161764705882353,0.9557692307692308,0.24478712677955627
0.6169117647058824,0.9557692307692308,0.24466654658317566
0.6169117647058824,0.9576923076923077,0.24418453872203827
0.6176470588235294,0.9576923076923077,0.2434709370136261
0.6176470588235294,0.9586538461538462,0.24285337328910828
0.6213235294117647,0.9586538461538462,0.23957128822803497
0.6213235294117647,0.9596153846153846,0.2385183721780777
0.6227941176470588,0.9596153846153846,0.23778444528579712
0.6227941176470588,0.9625,0.23717211186885834
0.6242647058823529,0.9625,0.23547880351543427
0.6242647058823529,0.9634615384615385,0.23546837270259857
0.6264705882352941,0.9634615384615385,0.23394685983657837
0.6264705882352941,0.9644230769230769,0.2338595688343048
0.6272058823529412,0.9644230769230769,0.23381315171718597
0.6272058823529412,0.9653846153846154,0.23334245383739471
0.6286764705882353,0.9653846153846154,0.23298220336437225
0.6286764705882353,0.9682692307692308,0.2322649508714676
0.6294117647058823,0.9682692307692308,0.23197726905345917
0.6294117647058823,0.9701923076923077,0.23157218098640442
0.6301470588235294,0.9701923076923077,0.22915251553058624
0.6301470588235294,0.9711538461538461,0.22912468016147614
0.6338235294117647,0.9711538461538461,0.22830553352832794
0.6338235294117647,0.9721153846153846,0.22795552015304565
0.6345588235294117,0.9721153846153846,0.22778165340423584
0.6345588235294117,0.9730769230769231,0.22769451141357422
0.6352941176470588,0.9730769230769231,0.22765837609767914
0.6352941176470588,0.9740384615384615,0.22762541472911835
0.6375,0.9740384615384615,0.22638683021068573
0.6375,0.9759615384615384,0.22605183720588684
0.6389705882352941,0.9759615384615384,0.22471800446510315
0.6389705882352941,0.9778846153846154,0.22367407381534576
0.6404411764705882,0.9778846153846154,0.2231234908103943
0.6404411764705882,0.9798076923076923,0.22262173891067505
0.6433823529411765,0.9798076923076923,0.22139625251293182
0.6433823529411765,0.9807692307692307,0.22131648659706116
0.6441176470588236,0.9807692307692307,0.22123996913433075
0.6441176470588236,0.9836538461538461,0.21989253163337708
0.6455882352941177,0.9836538461538461,0.21929973363876343
0.6455882352941177,0.9855769230769231,0.21897421777248383
0.6536764705882353,0.9855769230769231,0.21449360251426697
0.6536764705882353,0.9865384615384616,0.21399827301502228
0.663235294117647,0.9865384615384616,0.21000245213508606
0.663235294117647,0.9875,0.20981378853321075
0.6713235294117647,0.9875,0.20702765882015228
0.6713235294117647,0.9884615384615385,0.20655454695224762
0.675,0.9884615384615385,0.20509998500347137
0.675,0.989423076923077,0.20493878424167633
0.6786764705882353,0.989423076923077,0.20391345024108887
0.6786764705882353,0.9913461538461539,0.20335876941680908
0.6838235294117647,0.9913461538461539,0.200346440076828
0.6838235294117647,0.9923076923076923,0.19988150894641876
0.6926470588235294,0.9923076923076923,0.19284293055534363
0.6926470588235294,0.9932692307692308,0.19267062842845917
0.6941176470588235,0.9932692307692308,0.19214290380477905
0.6941176470588235,0.9942307692307693,0.1917743980884552
0.7110294117647059,0.9942307692307693,0.18167169392108917
0.7110294117647059,0.9951923076923077,0.18149890005588531
0.7176470588235294,0.9951923076923077,0.17738069593906403
0.7176470588235294,0.9961538461538462,0.17715708911418915
0.7191176470588235,0.9961538461538462,0.17682886123657227
0.7191176470588235,0.9971153846153846,0.17676858603954315
0.7448529411764706,0.9971153846153846,0.16826282441616058
0.7448529411764706,0.9990384615384615,0.1680285483598709
0.7617647058823529,0.9990384615384615,0.15944495797157288
0.7617647058823529,1.0,0.15925990045070648
1.0,1.0,0.019484641030430794
