FPR,TPR,Threshold
0.0,0.0,1.986631691455841
0.0,0.000925925925925926,0.9866316914558411
0.0,0.27314814814814814,0.9506284594535828
0.0007575757575757576,0.27314814814814814,0.9505624175071716
0.0007575757575757576,0.28703703703703703,0.9494587779045105
0.0015151515151515152,0.28703703703703703,0.9494320154190063
0.0015151515151515152,0.2962962962962963,0.9480466842651367
0.0022727272727272726,0.2962962962962963,0.9479675889015198
0.0022727272727272726,0.2972222222222222,0.947921872138977
0.0030303030303030303,0.2972222222222222,0.947902262210846
0.0030303030303030303,0.30185185185185187,0.9477330446243286
0.004545454545454545,0.30185185185185187,0.9475840330123901
0.004545454545454545,0.30277777777777776,0.9473141431808472
0.005303030303030303,0.30277777777777776,0.9471821784973145
0.005303030303030303,0.3037037037037037,0.9469720721244812
0.007575757575757576,0.3037037037037037,0.9465310573577881
0.007575757575757576,0.3074074074074074,0.9462703466415405
0.008333333333333333,0.3074074074074074,0.946078896522522
0.008333333333333333,0.30833333333333335,0.9458714127540588
0.00909090909090909,0.30833333333333335,0.9458354711532593
0.00909090909090909,0.3212962962962963,0.9445011019706726
0.009848484848484848,0.3212962962962963,0.9444237947463989
0.009848484848484848,0.33796296296296297,0.9412851333618164
0.010606060606060607,0.33796296296296297,0.9407426714897156
0.010606060606060607,0.34074074074074073,0.9394305944442749
0.011363636363636364,0.34074074074074073,0.9393193125724792
0.011363636363636364,0.3592592592592593,0.9356557130813599
0.012121212121212121,0.3592592592592593,0.9355171322822571
0.012121212121212121,0.37037037037037035,0.9293503761291504
0.012878787878787878,0.37037037037037035,0.9285486936569214
0.012878787878787878,0.4305555555555556,0.9184328317642212
0.013636363636363636,0.4305555555555556,0.9181978106498718
0.013636363636363636,0.4675925925925926,0.9092231392860413
0.014393939393939395,0.4675925925925926,0.9085162878036499
0.014393939393939395,0.47685185185185186,0.9054512977600098
0.015151515151515152,0.47685185185185186,0.9051449298858643
0.015151515151515152,0.5453703703703704,0.8867939114570618
0.015909090909090907,0.5453703703703704,0.8865678310394287
0.015909090909090907,0.5472222222222223,0.8858232498168945
0.017424242424242425,0.5472222222222223,0.8852834701538086
0.017424242424242425,0.549074074074074,0.8844918608665466
0.01818181818181818,0.549074074074074,0.8840584754943848
0.01818181818181818,0.5518518518518518,0.883237361907959
0.01893939393939394,0.5518518518518518,0.8830617666244507
0.01893939393939394,0.5527777777777778,0.8823506236076355
0.021212121212121213,0.5527777777777778,0.8814520239830017
0.021212121212121213,0.5537037037037037,0.8812571167945862
0.02196969696969697,0.5537037037037037,0.8811377882957458
0.02196969696969697,0.5546296296296296,0.8808671832084656
0.022727272727272728,0.5546296296296296,0.8808287978172302
0.022727272727272728,0.5555555555555556,0.8808083534240723
0.025757575757575757,0.5555555555555556,0.8802059888839722
0.025757575757575757,0.5564814814814815,0.8801289796829224
0.030303030303030304,0.5564814814814815,0.8795270323753357
0.030303030303030304,0.5601851851851852,0.8791348338127136
0.03333333333333333,0.5601851851851852,0.8784072399139404
0.03333333333333333,0.5638888888888889,0.8779493570327759
0.03409090909090909,0.5638888888888889,0.8776923418045044
0.03409090909090909,0.5648148148148148,0.8774937987327576
0.03484848484848485,0.5648148148148148,0.8773501515388489
0.03484848484848485,0.5685185185185185,0.8767260909080505
0.035606060606060606,0.5685185185185185,0.8757193684577942
0.035606060606060606,0.5861111111111111,0.8697978854179382
0.03636363636363636,0.5861111111111111,0.8694444894790649
0.03636363636363636,0.587037037037037,0.8691871166229248
0.037121212121212124,0.587037037037037,0.8666272759437561
0.037121212121212124,0.5879629629629629,0.8664656281471252
0.03787878787878788,0.5879629629629629,0.8657750487327576
0.03787878787878788,0.5944444444444444,0.8551069498062134
0.038636363636363635,0.5944444444444444,0.8539409041404724
0.038636363636363635,0.600925925925926,0.8510681986808777
0.03939393939393939,0.600925925925926,0.8509640693664551
0.03939393939393939,0.6037037037037037,0.8498902320861816
0.04090909090909091,0.6037037037037037,0.8461016416549683
0.04090909090909091,0.6092592592592593,0.8439386487007141
0.041666666666666664,0.6092592592592593,0.8429860472679138
0.041666666666666664,0.6203703703703703,0.8367611169815063
0.04242424242424243,0.6203703703703703,0.8356095552444458
0.04242424242424243,0.6231481481481481,0.8345409035682678
0.04393939393939394,0.6231481481481481,0.8334939479827881
0.04393939393939394,0.674074074074074,0.8177548050880432
0.045454545454545456,0.674074074074074,0.817252516746521
0.045454545454545456,0.7194444444444444,0.8012343049049377
0.04621212121212121,0.7194444444444444,0.7982591390609741
0.04621212121212121,0.7212962962962963,0.7964972853660583
0.04696969696969697,0.7212962962962963,0.795775294303894
0.04696969696969697,0.7268518518518519,0.7926441431045532
0.048484848484848485,0.7268518518518519,0.7883695363998413
0.048484848484848485,0.7296296296296296,0.7862405776977539
0.05,0.7296296296296296,0.7853111624717712
0.05,0.7305555555555555,0.7833014130592346
0.051515151515151514,0.7305555555555555,0.7827636003494263
0.051515151515151514,0.7314814814814815,0.782666027545929
0.05227272727272727,0.7314814814814815,0.7822306752204895
0.05227272727272727,0.7324074074074074,0.7821823358535767
0.05303030303030303,0.7324074074074074,0.782136857509613
0.05303030303030303,0.7333333333333333,0.782082200050354
0.055303030303030305,0.7333333333333333,0.7812952995300293
0.055303030303030305,0.737037037037037,0.7778878211975098
0.05606060606060606,0.737037037037037,0.7740812301635742
0.05606060606060606,0.7388888888888889,0.7714294195175171
0.056818181818181816,0.7388888888888889,0.7693801522254944
0.056818181818181816,0.7407407407407407,0.7678097486495972
0.05757575757575758,0.7407407407407407,0.7675754427909851
0.05757575757575758,0.7425925925925926,0.7655415534973145
0.058333333333333334,0.7425925925925926,0.7653674483299255
0.058333333333333334,0.7444444444444445,0.764746904373169
0.059848484848484845,0.7444444444444445,0.7615419626235962
0.059848484848484845,0.7481481481481481,0.758860170841217
0.06363636363636363,0.7481481481481481,0.7558721899986267
0.06363636363636363,0.7490740740740741,0.7557510733604431
0.06742424242424243,0.7490740740740741,0.751520574092865
0.06742424242424243,0.7527777777777778,0.7494133710861206
0.06818181818181818,0.7527777777777778,0.7486673593521118
0.06818181818181818,0.7546296296296297,0.7471931576728821
0.06893939393939394,0.7546296296296297,0.7471232414245605
0.06893939393939394,0.762962962962963,0.7401742935180664
0.0696969696969697,0.762962962962963,0.7398056387901306
0.0696969696969697,0.7657407407407407,0.7379866242408752
0.07045454545454545,0.7657407407407407,0.7372815608978271
0.07045454545454545,0.7703703703703704,0.7269575595855713
0.07121212121212121,0.7703703703703704,0.7259960174560547
0.07121212121212121,0.7712962962962963,0.725073516368866
0.07348484848484849,0.7712962962962963,0.7180535197257996
0.07348484848484849,0.7759259259259259,0.7063077688217163
0.07424242424242425,0.7759259259259259,0.7061188220977783
0.07424242424242425,0.7768518518518519,0.7048571109771729
0.075,0.7768518518518519,0.703331708908081
0.075,0.7777777777777778,0.7024256587028503
0.07575757575757576,0.7777777777777778,0.7021267414093018
0.07575757575757576,0.7851851851851852,0.6981478333473206
0.0803030303030303,0.7851851851851852,0.6889615654945374
0.0803030303030303,0.7861111111111111,0.6886054277420044
0.08484848484848485,0.7861111111111111,0.6840986609458923
0.08484848484848485,0.7870370370370371,0.6836654543876648
0.08636363636363636,0.7870370370370371,0.6818446516990662
0.08636363636363636,0.7898148148148149,0.6746649146080017
0.08712121212121213,0.7898148148148149,0.6731117367744446
0.08712121212121213,0.7907407407407407,0.6728774905204773
0.08787878787878788,0.7907407407407407,0.6712408661842346
0.08787878787878788,0.7916666666666666,0.6692072749137878
0.08863636363636364,0.7916666666666666,0.6681477427482605
0.08863636363636364,0.7944444444444444,0.6628816723823547
0.0893939393939394,0.7944444444444444,0.6623411774635315
0.0893939393939394,0.7962962962962963,0.6613686680793762
0.09015151515151515,0.7962962962962963,0.6611949801445007
0.09015151515151515,0.8,0.6604665517807007
0.09242424242424242,0.8,0.6599076986312866
0.09242424242424242,0.8018518518518518,0.6596755981445312
0.09318181818181819,0.8018518518518518,0.6596312522888184
0.09318181818181819,0.8092592592592592,0.6583961844444275
0.0946969696969697,0.8092592592592592,0.6580303907394409
0.0946969696969697,0.8111111111111111,0.6576848030090332
0.09621212121212121,0.8111111111111111,0.6569588780403137
0.09621212121212121,0.812037037037037,0.6566494703292847
0.09924242424242424,0.812037037037037,0.6555396318435669
0.09924242424242424,0.8148148148148148,0.6551434993743896
0.10606060606060606,0.8148148148148148,0.651628851890564
0.10606060606060606,0.8157407407407408,0.6515935063362122
0.10757575757575757,0.8157407407407408,0.6501904726028442
0.10757575757575757,0.8166666666666667,0.6490723490715027
0.10833333333333334,0.8166666666666667,0.6490209698677063
0.10833333333333334,0.8305555555555556,0.6359469294548035
0.10909090909090909,0.8305555555555556,0.6342936158180237
0.10909090909090909,0.8314814814814815,0.6328436136245728
0.11060606060606061,0.8314814814814815,0.6319552063941956
0.11060606060606061,0.8324074074074074,0.6318674087524414
0.11136363636363636,0.8324074074074074,0.6310781836509705
0.11136363636363636,0.8351851851851851,0.6256754994392395
0.11212121212121212,0.8351851851851851,0.6246749758720398
0.11212121212121212,0.837037037037037,0.6204925775527954
0.11287878787878788,0.837037037037037,0.6151822805404663
0.11287878787878788,0.8416666666666667,0.608719527721405
0.1143939393939394,0.8416666666666667,0.6083776950836182
0.1143939393939394,0.8425925925925926,0.6062510013580322
0.11515151515151516,0.8425925925925926,0.6023024320602417
0.11515151515151516,0.8472222222222222,0.5960055589675903
0.1159090909090909,0.8472222222222222,0.5947896242141724
0.1159090909090909,0.8481481481481481,0.5928763747215271
0.11666666666666667,0.8481481481481481,0.5921041369438171
0.11666666666666667,0.8555555555555555,0.5864756107330322
0.11742424242424243,0.8555555555555555,0.5861542224884033
0.11742424242424243,0.8564814814814815,0.5835795402526855
0.11818181818181818,0.8564814814814815,0.5827535390853882
0.11818181818181818,0.8583333333333333,0.5793582201004028
0.11893939393939394,0.8583333333333333,0.5793060660362244
0.11893939393939394,0.8592592592592593,0.5771399140357971
0.11969696969696969,0.8592592592592593,0.5769108533859253
0.11969696969696969,0.8601851851851852,0.5762954950332642
0.12348484848484849,0.8601851851851852,0.5735855102539062
0.12348484848484849,0.862037037037037,0.5715553760528564
0.12727272727272726,0.862037037037037,0.5681416392326355
0.12727272727272726,0.8629629629629629,0.5677878856658936
0.12803030303030302,0.8629629629629629,0.5670737028121948
0.12803030303030302,0.8731481481481481,0.560882568359375
0.12878787878787878,0.8731481481481481,0.5597903728485107
0.12878787878787878,0.8796296296296297,0.5579453706741333
0.12954545454545455,0.8796296296296297,0.5578473806381226
0.12954545454545455,0.8833333333333333,0.5548784732818604
0.1303030303030303,0.8833333333333333,0.5545254945755005
0.1303030303030303,0.8851851851851852,0.5537742376327515
0.13106060606060607,0.8851851851851852,0.5534846186637878
0.13106060606060607,0.8972222222222223,0.5501583814620972
0.1318181818181818,0.8972222222222223,0.5492061972618103
0.1318181818181818,0.9157407407407407,0.538241982460022
0.13257575757575757,0.9157407407407407,0.5376008749008179
0.13257575757575757,0.924074074074074,0.5199992060661316
0.13333333333333333,0.924074074074074,0.5198675394058228
0.13333333333333333,0.9259259259259259,0.5167722105979919
0.13484848484848486,0.9259259259259259,0.5146605372428894
0.13484848484848486,0.9296296296296296,0.5130525827407837
0.13560606060606062,0.9296296296296296,0.5128278732299805
0.13560606060606062,0.9305555555555556,0.5117641687393188
0.13863636363636364,0.9305555555555556,0.5099146366119385
0.13863636363636364,0.9324074074074075,0.5079987645149231
0.1431818181818182,0.9324074074074075,0.5066930651664734
0.1431818181818182,0.937962962962963,0.5046910643577576
0.14393939393939395,0.937962962962963,0.5044946670532227
0.14393939393939395,0.9537037037037037,0.4944295287132263
0.14469696969696969,0.9537037037037037,0.4927372932434082
0.14469696969696969,0.9574074074074074,0.49158477783203125
0.14545454545454545,0.9574074074074074,0.4896458089351654
0.14545454545454545,0.9592592592592593,0.4865924119949341
0.1462121212121212,0.9592592592592593,0.48030462861061096
0.1462121212121212,0.9648148148148148,0.4726792275905609
0.14696969696969697,0.9648148148148148,0.47197777032852173
0.14696969696969697,0.9657407407407408,0.46623554825782776
0.14772727272727273,0.9657407407407408,0.46613380312919617
0.14772727272727273,0.9694444444444444,0.4599122405052185
0.14924242424242423,0.9694444444444444,0.4578147828578949
0.14924242424242423,0.9712962962962963,0.4557129442691803
0.15151515151515152,0.9712962962962963,0.45390158891677856
0.15151515151515152,0.975,0.4500308930873871
0.15227272727272728,0.975,0.44947415590286255
0.15227272727272728,0.975925925925926,0.44940173625946045
0.1553030303030303,0.975925925925926,0.4460517466068268
0.1553030303030303,0.9768518518518519,0.4437206983566284
0.15984848484848485,0.9768518518518519,0.4395098388195038
0.15984848484848485,0.9777777777777777,0.4394782483577728
0.16590909090909092,0.9777777777777777,0.4374334216117859
0.16590909090909092,0.9787037037037037,0.4372688829898834
0.1787878787878788,0.9787037037037037,0.42450425028800964
0.1787878787878788,0.9796296296296296,0.4243839383125305
0.19015151515151515,0.9796296296296296,0.4134047031402588
0.19015151515151515,0.9805555555555555,0.41292014718055725
0.19545454545454546,0.9805555555555555,0.40860989689826965
0.19545454545454546,0.9814814814814815,0.40764808654785156
0.2803030303030303,0.9814814814814815,0.3226919174194336
0.2803030303030303,0.9824074074074074,0.3186948597431183
0.28106060606060607,0.9824074074074074,0.3185685873031616
0.28106060606060607,0.9833333333333333,0.3170369863510132
0.28484848484848485,0.9833333333333333,0.31110692024230957
0.28484848484848485,0.9851851851851852,0.30765199661254883
0.2871212121212121,0.9851851851851852,0.3070709705352783
0.2871212121212121,0.987037037037037,0.304427832365036
0.29015151515151516,0.987037037037037,0.30276378989219666
0.29015151515151516,0.9907407407407407,0.30072489380836487
0.2924242424242424,0.9907407407407407,0.30041199922561646
0.2924242424242424,0.9916666666666667,0.3002329170703888
0.29393939393939394,0.9916666666666667,0.3000750243663788
0.29393939393939394,0.9935185185185185,0.29946842789649963
0.30303030303030304,0.9935185185185185,0.29465252161026
0.30303030303030304,0.9944444444444445,0.2941945195198059
0.32575757575757575,0.9944444444444445,0.28251904249191284
0.32575757575757575,0.9953703703703703,0.2819894254207611
0.3560606060606061,0.9953703703703703,0.2603286802768707
0.3560606060606061,0.9962962962962963,0.2602090537548065
0.35909090909090907,0.9962962962962963,0.2570217251777649
0.35909090909090907,0.9972222222222222,0.256702721118927
0.3659090909090909,0.9972222222222222,0.24918080866336823
0.3659090909090909,0.9981481481481481,0.2491462081670761
0.3696969696969697,0.9981481481481481,0.24396297335624695
0.3696969696969697,0.9990740740740741,0.2431570291519165
0.39166666666666666,0.9990740740740741,0.23454004526138306
0.39166666666666666,1.0,0.2323763519525528
1.0,1.0,0.01669774204492569
