FPR,TPR,Threshold
0.0,0.0,1.9824531078338623
0.0,0.000925925925925926,0.9824531078338623
0.0,0.28055555555555556,0.8669369220733643
0.0007575757575757576,0.28055555555555556,0.8669360280036926
0.0007575757575757576,0.2833333333333333,0.8653106689453125
0.0022727272727272726,0.2833333333333333,0.8652335405349731
0.0022727272727272726,0.29074074074074074,0.8637815117835999
0.005303030303030303,0.29074074074074074,0.8627730011940002
0.005303030303030303,0.29444444444444445,0.8618736267089844
0.006818181818181818,0.29444444444444445,0.8601465225219727
0.006818181818181818,0.2953703703703704,0.8598955869674683
0.008333333333333333,0.2953703703703704,0.859460175037384
0.008333333333333333,0.2972222222222222,0.8582093715667725
0.00909090909090909,0.2972222222222222,0.8581257462501526
0.00909090909090909,0.3037037037037037,0.8563584089279175
0.009848484848484848,0.3037037037037037,0.8558433055877686
0.009848484848484848,0.30462962962962964,0.8548822999000549
0.010606060606060607,0.30462962962962964,0.8548076748847961
0.010606060606060607,0.31574074074074077,0.8518285155296326
0.011363636363636364,0.31574074074074077,0.8507798314094543
0.011363636363636364,0.3175925925925926,0.8505861163139343
0.012121212121212121,0.3175925925925926,0.8504909873008728
0.012121212121212121,0.337037037037037,0.8444143533706665
0.012878787878787878,0.337037037037037,0.8442952036857605
0.012878787878787878,0.33796296296296297,0.8441472053527832
0.013636363636363636,0.33796296296296297,0.8423822522163391
0.013636363636363636,0.3398148148148148,0.8411436080932617
0.014393939393939395,0.3398148148148148,0.8407792448997498
0.014393939393939395,0.3435185185185185,0.8380385041236877
0.015151515151515152,0.3435185185185185,0.837566077709198
0.015151515151515152,0.3453703703703704,0.8372877240180969
0.015909090909090907,0.3453703703703704,0.8370408415794373
0.015909090909090907,0.34629629629629627,0.8365186452865601
0.017424242424242425,0.34629629629629627,0.8358232378959656
0.017424242424242425,0.34814814814814815,0.8354652523994446
0.01818181818181818,0.34814814814814815,0.8352047801017761
0.01818181818181818,0.3490740740740741,0.8350398540496826
0.01893939393939394,0.3490740740740741,0.8346850275993347
0.01893939393939394,0.35,0.8343331217765808
0.019696969696969695,0.35,0.8341549038887024
0.019696969696969695,0.3509259259259259,0.8334404230117798
0.020454545454545454,0.3509259259259259,0.8332709670066833
0.020454545454545454,0.3527777777777778,0.8325073719024658
0.02196969696969697,0.3527777777777778,0.8319417834281921
0.02196969696969697,0.3574074074074074,0.8297427892684937
0.023484848484848483,0.3574074074074074,0.8294588327407837
0.023484848484848483,0.35833333333333334,0.8293470144271851
0.024242424242424242,0.35833333333333334,0.8289743661880493
0.024242424242424242,0.37777777777777777,0.8240116238594055
0.025757575757575757,0.37777777777777777,0.8234236240386963
0.025757575757575757,0.3888888888888889,0.8145635724067688
0.026515151515151516,0.3888888888888889,0.8145423531532288
0.026515151515151516,0.3962962962962963,0.810706615447998
0.02727272727272727,0.3962962962962963,0.8092306852340698
0.02727272727272727,0.4064814814814815,0.8024090528488159
0.02803030303030303,0.4064814814814815,0.8023827075958252
0.02803030303030303,0.4083333333333333,0.8017123341560364
0.02878787878787879,0.4083333333333333,0.8015897870063782
0.02878787878787879,0.44074074074074077,0.7838174700737
0.029545454545454545,0.44074074074074077,0.7837296724319458
0.029545454545454545,0.44537037037037036,0.7826080322265625
0.030303030303030304,0.44537037037037036,0.7823539972305298
0.030303030303030304,0.4675925925925926,0.7737473249435425
0.03106060606060606,0.4675925925925926,0.7736179828643799
0.03106060606060606,0.47314814814814815,0.7693242430686951
0.031818181818181815,0.47314814814814815,0.7692922949790955
0.031818181818181815,0.48148148148148145,0.7654359340667725
0.03257575757575758,0.48148148148148145,0.765015184879303
0.03257575757575758,0.4962962962962963,0.7598869800567627
0.03333333333333333,0.4962962962962963,0.7595775127410889
0.03333333333333333,0.49907407407407406,0.7591372132301331
0.03409090909090909,0.49907407407407406,0.7586900591850281
0.03409090909090909,0.5009259259259259,0.7573579549789429
0.03484848484848485,0.5009259259259259,0.757251501083374
0.03484848484848485,0.5083333333333333,0.7549176216125488
0.035606060606060606,0.5083333333333333,0.7543420195579529
0.035606060606060606,0.5157407407407407,0.751436173915863
0.03636363636363636,0.5157407407407407,0.750764787197113
0.03636363636363636,0.5166666666666667,0.7507462501525879
0.037121212121212124,0.5166666666666667,0.7502836585044861
0.037121212121212124,0.5194444444444445,0.7493444681167603
0.03787878787878788,0.5194444444444445,0.7480422258377075
0.03787878787878788,0.5231481481481481,0.7473183274269104
0.038636363636363635,0.5231481481481481,0.7473112344741821
0.038636363636363635,0.5259259259259259,0.746544599533081
0.04090909090909091,0.5259259259259259,0.7461910247802734
0.04090909090909091,0.5277777777777778,0.7454413771629333
0.04393939393939394,0.5277777777777778,0.7446661591529846
0.04393939393939394,0.5287037037037037,0.7445642352104187
0.0446969696969697,0.5287037037037037,0.7441402077674866
0.0446969696969697,0.5314814814814814,0.7435815930366516
0.04772727272727273,0.5314814814814814,0.7409029006958008
0.04772727272727273,0.5351851851851852,0.7369444966316223
0.048484848484848485,0.5351851851851852,0.736614465713501
0.048484848484848485,0.5388888888888889,0.7336828112602234
0.05075757575757576,0.5388888888888889,0.733479917049408
0.05075757575757576,0.5407407407407407,0.7321049571037292
0.051515151515151514,0.5407407407407407,0.7315751910209656
0.051515151515151514,0.5425925925925926,0.7310006618499756
0.05227272727272727,0.5425925925925926,0.7309631705284119
0.05227272727272727,0.5435185185185185,0.7306130528450012
0.05454545454545454,0.5435185185185185,0.7300164699554443
0.05454545454545454,0.5462962962962963,0.7280511856079102
0.056818181818181816,0.5462962962962963,0.7277508974075317
0.056818181818181816,0.5481481481481482,0.7269079685211182
0.05757575757575758,0.5481481481481482,0.7268305420875549
0.05757575757575758,0.549074074074074,0.7265216708183289
0.058333333333333334,0.549074074074074,0.7252357006072998
0.058333333333333334,0.5564814814814815,0.7231854200363159
0.05909090909090909,0.5564814814814815,0.7229405045509338
0.05909090909090909,0.562962962962963,0.7196412682533264
0.059848484848484845,0.562962962962963,0.718177855014801
0.059848484848484845,0.5916666666666667,0.7088013887405396
0.06060606060606061,0.5916666666666667,0.7082706689834595
0.06060606060606061,0.6648148148148149,0.65613853931427
0.06136363636363636,0.6648148148148149,0.6546465754508972
0.06136363636363636,0.7055555555555556,0.6209886074066162
0.06212121212121212,0.7055555555555556,0.6203940510749817
0.06212121212121212,0.712037037037037,0.6137060523033142
0.06287878787878788,0.712037037037037,0.6136277914047241
0.06287878787878788,0.7185185185185186,0.6111235618591309
0.06363636363636363,0.7185185185185186,0.6106597185134888
0.06363636363636363,0.7194444444444444,0.6105727553367615
0.06439393939393939,0.7194444444444444,0.6086124777793884
0.06439393939393939,0.725925925925926,0.6048460006713867
0.06515151515151515,0.725925925925926,0.6043784022331238
0.06515151515151515,0.7268518518518519,0.6008083820343018
0.06666666666666667,0.7268518518518519,0.5994371771812439
0.06666666666666667,0.7296296296296296,0.5983729362487793
0.06742424242424243,0.7296296296296296,0.5980982184410095
0.06742424242424243,0.7305555555555555,0.5974359512329102
0.06818181818181818,0.7305555555555555,0.5966113805770874
0.06818181818181818,0.7314814814814815,0.5959693193435669
0.06893939393939394,0.7314814814814815,0.5956942439079285
0.06893939393939394,0.7342592592592593,0.5950083136558533
0.0696969696969697,0.7342592592592593,0.594563901424408
0.0696969696969697,0.7351851851851852,0.5938841700553894
0.07121212121212121,0.7351851851851852,0.5930184721946716
0.07121212121212121,0.7379629629629629,0.5919893383979797
0.07196969696969698,0.7379629629629629,0.5916191339492798
0.07196969696969698,0.7416666666666667,0.5891476273536682
0.07272727272727272,0.7416666666666667,0.5890467166900635
0.07272727272727272,0.7425925925925926,0.588939905166626
0.07348484848484849,0.7425925925925926,0.5878599286079407
0.07348484848484849,0.7518518518518519,0.5796496868133545
0.07424242424242425,0.7518518518518519,0.5776747465133667
0.07424242424242425,0.7527777777777778,0.5776058435440063
0.07575757575757576,0.7527777777777778,0.5769714713096619
0.07575757575757576,0.7537037037037037,0.5735152363777161
0.07651515151515151,0.7537037037037037,0.5729488730430603
0.07651515151515151,0.7546296296296297,0.5717304944992065
0.07803030303030303,0.7546296296296297,0.5678759217262268
0.07803030303030303,0.7601851851851852,0.5619029998779297
0.07878787878787878,0.7601851851851852,0.5613454580307007
0.07878787878787878,0.7611111111111111,0.5601693391799927
0.0803030303030303,0.7611111111111111,0.5565767288208008
0.0803030303030303,0.7620370370370371,0.5561561584472656
0.08106060606060606,0.7620370370370371,0.5546842813491821
0.08106060606060606,0.7638888888888888,0.5508888363838196
0.08333333333333333,0.7638888888888888,0.5465328693389893
0.08333333333333333,0.7657407407407407,0.5456113815307617
0.08484848484848485,0.7657407407407407,0.5433793663978577
0.08484848484848485,0.7675925925925926,0.5427880883216858
0.08712121212121213,0.7675925925925926,0.5405330061912537
0.08712121212121213,0.7685185185185185,0.5403650403022766
0.08787878787878788,0.7685185185185185,0.5398947596549988
0.08787878787878788,0.7703703703703704,0.5393701791763306
0.08863636363636364,0.7703703703703704,0.5390926003456116
0.08863636363636364,0.7712962962962963,0.5390155911445618
0.09015151515151515,0.7712962962962963,0.5385494232177734
0.09015151515151515,0.774074074074074,0.5381212830543518
0.09090909090909091,0.774074074074074,0.5379716753959656
0.09090909090909091,0.775,0.5373438596725464
0.09242424242424242,0.775,0.5359229445457458
0.09242424242424242,0.7787037037037037,0.5334545373916626
0.09545454545454546,0.7787037037037037,0.5315503478050232
0.09545454545454546,0.7805555555555556,0.5303033590316772
0.09848484848484848,0.7805555555555556,0.5295842885971069
0.09848484848484848,0.7824074074074074,0.5292928814888
0.09924242424242424,0.7824074074074074,0.5290451049804688
0.09924242424242424,0.7833333333333333,0.5288312435150146
0.10454545454545454,0.7833333333333333,0.5265335440635681
0.10454545454545454,0.787962962962963,0.5253264307975769
0.1053030303030303,0.787962962962963,0.5252012014389038
0.1053030303030303,0.7888888888888889,0.525193989276886
0.10606060606060606,0.7888888888888889,0.5251822471618652
0.10606060606060606,0.7962962962962963,0.5211215615272522
0.10681818181818181,0.7962962962962963,0.5205122232437134
0.10681818181818181,0.7972222222222223,0.5195229649543762
0.10757575757575757,0.7972222222222223,0.5187867283821106
0.10757575757575757,0.7981481481481482,0.5184894800186157
0.10984848484848485,0.7981481481481482,0.5176944732666016
0.10984848484848485,0.799074074074074,0.516944169998169
0.11060606060606061,0.799074074074074,0.5161325931549072
0.11060606060606061,0.8018518518518518,0.5140014290809631
0.11136363636363636,0.8018518518518518,0.5139597654342651
0.11136363636363636,0.8027777777777778,0.5138328075408936
0.11287878787878788,0.8027777777777778,0.5129138827323914
0.11287878787878788,0.8074074074074075,0.511408269405365
0.1143939393939394,0.8074074074074075,0.5111294984817505
0.1143939393939394,0.8083333333333333,0.5111005306243896
0.11515151515151516,0.8083333333333333,0.5110393762588501
0.11515151515151516,0.8101851851851852,0.5105121731758118
0.11666666666666667,0.8101851851851852,0.5099514722824097
0.11666666666666667,0.8157407407407408,0.508967936038971
0.11818181818181818,0.8157407407407408,0.5080342888832092
0.11818181818181818,0.8166666666666667,0.5072999000549316
0.12045454545454545,0.8166666666666667,0.5062307715415955
0.12045454545454545,0.8222222222222222,0.5034796595573425
0.12121212121212122,0.8222222222222222,0.503292977809906
0.12121212121212122,0.8342592592592593,0.4875900447368622
0.12196969696969696,0.8342592592592593,0.4866805672645569
0.12196969696969696,0.8351851851851851,0.48665329813957214
0.12272727272727273,0.8351851851851851,0.48585787415504456
0.12272727272727273,0.8416666666666667,0.4802921712398529
0.12348484848484849,0.8416666666666667,0.4799482226371765
0.12348484848484849,0.8462962962962963,0.47812971472740173
0.12424242424242424,0.8462962962962963,0.4775768518447876
0.12424242424242424,0.8481481481481481,0.47621849179267883
0.125,0.8481481481481481,0.4756295382976532
0.125,0.850925925925926,0.47252118587493896
0.12575757575757576,0.850925925925926,0.4715996980667114
0.12575757575757576,0.8527777777777777,0.4704810380935669
0.12651515151515152,0.8527777777777777,0.4692206382751465
0.12651515151515152,0.8537037037037037,0.4689338803291321
0.12727272727272726,0.8537037037037037,0.46730995178222656
0.12727272727272726,0.8583333333333333,0.4639902114868164
0.12803030303030302,0.8583333333333333,0.4636404812335968
0.12803030303030302,0.8592592592592593,0.4630991816520691
0.12878787878787878,0.8592592592592593,0.4626244008541107
0.12878787878787878,0.8601851851851852,0.46237117052078247
0.13333333333333333,0.8601851851851852,0.45841678977012634
0.13333333333333333,0.862037037037037,0.45763322710990906
0.13484848484848486,0.862037037037037,0.4569900631904602
0.13484848484848486,0.8629629629629629,0.45601919293403625
0.13712121212121212,0.8629629629629629,0.4552054703235626
0.13712121212121212,0.8638888888888889,0.45443519949913025
0.1393939393939394,0.8638888888888889,0.4497385621070862
0.1393939393939394,0.8648148148148148,0.44764405488967896
0.1409090909090909,0.8648148148148148,0.44655168056488037
0.1409090909090909,0.8657407407407407,0.4454081356525421
0.14166666666666666,0.8657407407407407,0.44488325715065
0.14166666666666666,0.8666666666666667,0.4441726803779602
0.14393939393939395,0.8666666666666667,0.44169342517852783
0.14393939393939395,0.8675925925925926,0.4414389729499817
0.14772727272727273,0.8675925925925926,0.43313005566596985
0.14772727272727273,0.8694444444444445,0.43257904052734375
0.15606060606060607,0.8694444444444445,0.4258716106414795
0.15606060606060607,0.8703703703703703,0.4252071678638458
0.15757575757575756,0.8703703703703703,0.42506837844848633
0.15757575757575756,0.8712962962962963,0.42466455698013306
0.16742424242424242,0.8712962962962963,0.4190196394920349
0.16742424242424242,0.8731481481481481,0.4184047281742096
0.17575757575757575,0.8731481481481481,0.41148999333381653
0.17575757575757575,0.8740740740740741,0.41105911135673523
0.18409090909090908,0.8740740740740741,0.39951545000076294
0.18409090909090908,0.875,0.398826003074646
0.18863636363636363,0.875,0.3907242715358734
0.18863636363636363,0.8759259259259259,0.3904242217540741
0.20303030303030303,0.8759259259259259,0.3794594407081604
0.20303030303030303,0.8768518518518519,0.37870827317237854
0.2037878787878788,0.8768518518518519,0.37550461292266846
0.2037878787878788,0.8824074074074074,0.3697112202644348
0.20681818181818182,0.8824074074074074,0.3686760365962982
0.20681818181818182,0.8833333333333333,0.3678593933582306
0.20757575757575758,0.8833333333333333,0.367562860250473
0.20757575757575758,0.8842592592592593,0.366298645734787
0.20909090909090908,0.8842592592592593,0.36559799313545227
0.20909090909090908,0.8851851851851852,0.3652219772338867
0.21212121212121213,0.8851851851851852,0.36357080936431885
0.21212121212121213,0.8861111111111111,0.36329349875450134
0.2159090909090909,0.8861111111111111,0.3613628149032593
0.2159090909090909,0.8870370370370371,0.36123859882354736
0.21742424242424244,0.8870370370370371,0.35947421193122864
0.21742424242424244,0.8888888888888888,0.35874655842781067
0.21818181818181817,0.8888888888888888,0.35764434933662415
0.21818181818181817,0.8898148148148148,0.3572843670845032
0.21893939393939393,0.8898148148148148,0.35666945576667786
0.21893939393939393,0.8907407407407407,0.3566286265850067
0.2196969696969697,0.8907407407407407,0.35516050457954407
0.2196969696969697,0.8925925925925926,0.3545674681663513
0.22045454545454546,0.8925925925925926,0.35456201434135437
0.22045454545454546,0.8935185185185185,0.3544716238975525
0.22121212121212122,0.8935185185185185,0.35441625118255615
0.22121212121212122,0.9027777777777778,0.35086336731910706
0.22196969696969698,0.9027777777777778,0.35068222880363464
0.22196969696969698,0.9037037037037037,0.3502686023712158
0.22272727272727272,0.9037037037037037,0.3500443398952484
0.22272727272727272,0.9046296296296297,0.3500177562236786
0.22348484848484848,0.9046296296296297,0.3499927520751953
0.22348484848484848,0.9064814814814814,0.348792165517807
0.225,0.9064814814814814,0.34607502818107605
0.225,0.9074074074074074,0.34475797414779663
0.2265151515151515,0.9074074074074074,0.3426440358161926
0.2265151515151515,0.9083333333333333,0.3426060080528259
0.22727272727272727,0.9083333333333333,0.3418983817100525
0.22727272727272727,0.9092592592592592,0.34110069274902344
0.22803030303030303,0.9092592592592592,0.34103521704673767
0.22803030303030303,0.9101851851851852,0.3400847017765045
0.2318181818181818,0.9101851851851852,0.33822017908096313
0.2318181818181818,0.9111111111111111,0.3381074070930481
0.23787878787878788,0.9111111111111111,0.3360961079597473
0.23787878787878788,0.9120370370370371,0.3352724611759186
0.25,0.9120370370370371,0.32933032512664795
0.25,0.912962962962963,0.32888534665107727
0.2545454545454545,0.912962962962963,0.3256898522377014
0.2545454545454545,0.9138888888888889,0.3256753087043762
0.2590909090909091,0.9138888888888889,0.32258278131484985
0.2590909090909091,0.9148148148148149,0.3221729099750519
0.26136363636363635,0.9148148148148149,0.3207155466079712
0.26136363636363635,0.9157407407407407,0.3203912079334259
0.2636363636363636,0.9157407407407407,0.3194461464881897
0.2636363636363636,0.9166666666666666,0.31876859068870544
0.26666666666666666,0.9166666666666666,0.3172492980957031
0.26666666666666666,0.9175925925925926,0.3166287839412689
0.2689393939393939,0.9175925925925926,0.3154361844062805
0.2689393939393939,0.9203703703703704,0.31504639983177185
0.2696969696969697,0.9203703703703704,0.3149336278438568
0.2696969696969697,0.9212962962962963,0.31488099694252014
0.271969696969697,0.9212962962962963,0.3145659267902374
0.271969696969697,0.9222222222222223,0.31445184350013733
0.2734848484848485,0.9222222222222223,0.31408730149269104
0.2734848484848485,0.9231481481481482,0.3139326274394989
0.27575757575757576,0.9231481481481482,0.31321996450424194
0.27575757575757576,0.924074074074074,0.31307387351989746
0.2765151515151515,0.924074074074074,0.31273555755615234
0.2765151515151515,0.925,0.31150221824645996
0.27954545454545454,0.925,0.31012779474258423
0.27954545454545454,0.9259259259259259,0.30983009934425354
0.2840909090909091,0.9259259259259259,0.3072638511657715
0.2840909090909091,0.9268518518518518,0.30711930990219116
0.2909090909090909,0.9268518518518518,0.30436909198760986
0.2909090909090909,0.9287037037037037,0.30374130606651306
0.2962121212121212,0.9287037037037037,0.3023647367954254
0.2962121212121212,0.9296296296296296,0.30162477493286133
0.3,0.9296296296296296,0.30108192563056946
0.3,0.9305555555555556,0.3009660542011261
0.31742424242424244,0.9305555555555556,0.29483267664909363
0.31742424242424244,0.9314814814814815,0.2945147752761841
0.31893939393939397,0.9314814814814815,0.29398325085639954
0.31893939393939397,0.9324074074074075,0.2932716906070709
0.32651515151515154,0.9324074074074075,0.29120564460754395
0.32651515151515154,0.9333333333333333,0.2911160886287689
0.33181818181818185,0.9333333333333333,0.28851982951164246
0.33181818181818185,0.9342592592592592,0.2882111668586731
0.3325757575757576,0.9342592592592592,0.2879112660884857
0.3325757575757576,0.9351851851851852,0.2872983515262604
0.33484848484848484,0.9351851851851852,0.2861061990261078
0.33484848484848484,0.9361111111111111,0.2860341966152191
0.33636363636363636,0.9361111111111111,0.28476110100746155
0.33636363636363636,0.937037037037037,0.2842186987400055
0.3371212121212121,0.937037037037037,0.2841278910636902
0.3371212121212121,0.9416666666666667,0.2827472984790802
0.3378787878787879,0.9416666666666667,0.2827068567276001
0.3378787878787879,0.9425925925925925,0.2826525866985321
0.3393939393939394,0.9425925925925925,0.28122127056121826
0.3393939393939394,0.9435185185185185,0.2806844115257263
0.3446969696969697,0.9435185185185185,0.2786034047603607
0.3446969696969697,0.9444444444444444,0.27856457233428955
0.3462121212121212,0.9444444444444444,0.2771599292755127
0.3462121212121212,0.9453703703703704,0.2767367660999298
0.3477272727272727,0.9453703703703704,0.27584871649742126
0.3477272727272727,0.9472222222222222,0.27387115359306335
0.3613636363636364,0.9472222222222222,0.26739823818206787
0.3613636363636364,0.9481481481481482,0.2664485275745392
0.36287878787878786,0.9481481481481482,0.2650066018104553
0.36287878787878786,0.950925925925926,0.26394712924957275
0.36515151515151517,0.950925925925926,0.2627417743206024
0.36515151515151517,0.9537037037037037,0.2613319456577301
0.36666666666666664,0.9537037037037037,0.26046621799468994
0.36666666666666664,0.9555555555555556,0.25979503989219666
0.3712121212121212,0.9555555555555556,0.2569023370742798
0.3712121212121212,0.9574074074074074,0.2555061876773834
0.375,0.9574074074074074,0.2527464032173157
0.375,0.9583333333333334,0.25190815329551697
0.3840909090909091,0.9583333333333334,0.24730047583580017
0.3840909090909091,0.9592592592592593,0.24657762050628662
0.38636363636363635,0.9592592592592593,0.2455938309431076
0.38636363636363635,0.9601851851851851,0.24524444341659546
0.39621212121212124,0.9601851851851851,0.2382020652294159
0.39621212121212124,0.9611111111111111,0.2349143922328949
0.40075757575757576,0.9611111111111111,0.23211900889873505
0.40075757575757576,0.962037037037037,0.23131681978702545
0.4106060606060606,0.962037037037037,0.22117769718170166
0.4106060606060606,0.9629629629629629,0.2210506796836853
0.43257575757575756,0.9629629629629629,0.20809480547904968
0.43257575757575756,0.9638888888888889,0.2079801857471466
0.4401515151515151,0.9638888888888889,0.20331119000911713
0.4401515151515151,0.9648148148148148,0.20323924720287323
0.4825757575757576,0.9648148148148148,0.18230868875980377
0.4825757575757576,0.9657407407407408,0.1823066771030426
0.49166666666666664,0.9657407407407408,0.17926788330078125
0.49166666666666664,0.9666666666666667,0.1791571080684662
0.4946969696969697,0.9666666666666667,0.17728589475154877
0.4946969696969697,0.9685185185185186,0.1772376149892807
0.5098484848484849,0.9685185185185186,0.17347167432308197
0.5098484848484849,0.9694444444444444,0.17290137708187103
0.5128787878787879,0.9694444444444444,0.17233434319496155
0.5128787878787879,0.9703703703703703,0.17227527499198914
0.5143939393939394,0.9703703703703703,0.1720750629901886
0.5143939393939394,0.9712962962962963,0.1720525622367859
0.5303030303030303,0.9712962962962963,0.1682988852262497
0.5303030303030303,0.9722222222222222,0.1682681441307068
0.5318181818181819,0.9722222222222222,0.16782842576503754
0.5318181818181819,0.9731481481481481,0.16770398616790771
0.5393939393939394,0.9731481481481481,0.16648072004318237
0.5393939393939394,0.9740740740740741,0.16641448438167572
0.5454545454545454,0.9740740740740741,0.16505135595798492
0.5454545454545454,0.975,0.16493242979049683
0.5492424242424242,0.975,0.16465893387794495
0.5492424242424242,0.975925925925926,0.16462984681129456
0.5515151515151515,0.975925925925926,0.16442853212356567
0.5515151515151515,0.9768518518518519,0.1640886813402176
0.5537878787878788,0.9768518518518519,0.1638193130493164
0.5537878787878788,0.9777777777777777,0.16373328864574432
0.5553030303030303,0.9777777777777777,0.16370297968387604
0.5553030303030303,0.9787037037037037,0.16370147466659546
0.556060606060606,0.9787037037037037,0.16370083391666412
0.556060606060606,0.9805555555555555,0.1633400321006775
0.5590909090909091,0.9805555555555555,0.16322696208953857
0.5590909090909091,0.9814814814814815,0.16306494176387787
0.6659090909090909,0.9814814814814815,0.1322791874408722
0.6659090909090909,0.9824074074074074,0.13196583092212677
0.7780303030303031,0.9824074074074074,0.10565286874771118
0.7780303030303031,0.9833333333333333,0.10554243624210358
0.8234848484848485,0.9833333333333333,0.0892525166273117
0.8234848484848485,0.9842592592592593,0.08827503770589828
0.8265151515151515,0.9842592592592593,0.08745741099119186
0.8265151515151515,0.9851851851851852,0.08730669319629669
0.8303030303030303,0.9851851851851852,0.08569639921188354
0.8303030303030303,0.9861111111111112,0.0853407233953476
0.8340909090909091,0.9861111111111112,0.08469817787408829
0.8340909090909091,0.987037037037037,0.08407670259475708
0.8363636363636363,0.987037037037037,0.08347748965024948
0.8363636363636363,0.9879629629629629,0.08343798667192459
0.8431818181818181,0.9879629629629629,0.08174948394298553
0.8431818181818181,0.9898148148148148,0.08145561069250107
0.8462121212121212,0.9898148148148148,0.08059412986040115
0.8462121212121212,0.9916666666666667,0.0801662802696228
0.8477272727272728,0.9916666666666667,0.07993882149457932
0.8477272727272728,0.9925925925925926,0.07982824742794037
0.8492424242424242,0.9925925925925926,0.07961335778236389
0.8492424242424242,0.9935185185185185,0.07961245626211166
0.8507575757575757,0.9935185185185185,0.07923135906457901
0.8507575757575757,0.9981481481481481,0.07870505750179291
0.8606060606060606,0.9981481481481481,0.07672997564077377
0.8606060606060606,0.9990740740740741,0.07662024348974228
0.8613636363636363,0.9990740740740741,0.07659703493118286
0.8613636363636363,1.0,0.07655472308397293
1.0,1.0,0.014527084305882454
