FPR,TPR,Threshold
0.0,0.0,1.9710214138031006
0.0,0.0009615384615384616,0.9710214138031006
0.0,0.05480769230769231,0.9313002824783325
0.0014705882352941176,0.05480769230769231,0.9294973015785217
0.0014705882352941176,0.05673076923076923,0.9285294413566589
0.0029411764705882353,0.05673076923076923,0.9284858703613281
0.0029411764705882353,0.06057692307692308,0.9276090860366821
0.003676470588235294,0.06057692307692308,0.9275842308998108
0.003676470588235294,0.06153846153846154,0.9270640015602112
0.004411764705882353,0.06153846153846154,0.9264947772026062
0.004411764705882353,0.0625,0.9263321161270142
0.0058823529411764705,0.0625,0.9261744022369385
0.0058823529411764705,0.06346153846153846,0.9261106252670288
0.007352941176470588,0.06346153846153846,0.9239810705184937
0.007352941176470588,0.06826923076923076,0.9225265979766846
0.009558823529411765,0.06826923076923076,0.9220966100692749
0.009558823529411765,0.07403846153846154,0.9193071722984314
0.011029411764705883,0.07403846153846154,0.9191195964813232
0.011029411764705883,0.07788461538461539,0.9150983691215515
0.011764705882352941,0.07788461538461539,0.9147475361824036
0.011764705882352941,0.0798076923076923,0.9140384793281555
0.013235294117647059,0.0798076923076923,0.9126507043838501
0.013235294117647059,0.08653846153846154,0.9091474413871765
0.014705882352941176,0.08653846153846154,0.9087210893630981
0.014705882352941176,0.09519230769230769,0.9045844078063965
0.015441176470588236,0.09519230769230769,0.9040339589118958
0.015441176470588236,0.09807692307692308,0.9023262858390808
0.016176470588235296,0.09807692307692308,0.9012871980667114
0.016176470588235296,0.11826923076923077,0.8955018520355225
0.016911764705882352,0.11826923076923077,0.8951413035392761
0.016911764705882352,0.1326923076923077,0.8906306028366089
0.01764705882352941,0.1326923076923077,0.8900716304779053
0.01764705882352941,0.1346153846153846,0.8897068500518799
0.01838235294117647,0.1346153846153846,0.8896924257278442
0.01838235294117647,0.1423076923076923,0.8878203630447388
0.019852941176470587,0.1423076923076923,0.8873730301856995
0.019852941176470587,0.14615384615384616,0.8847329616546631
0.020588235294117647,0.14615384615384616,0.8846680521965027
0.020588235294117647,0.15096153846153845,0.8828195929527283
0.021323529411764706,0.15096153846153845,0.8826190233230591
0.021323529411764706,0.1528846153846154,0.8817237019538879
0.022058823529411766,0.1528846153846154,0.8810703158378601
0.022058823529411766,0.1576923076923077,0.8800902366638184
0.023529411764705882,0.1576923076923077,0.8788167238235474
0.023529411764705882,0.16346153846153846,0.8761186003684998
0.025,0.16346153846153846,0.8755695819854736
0.025,0.16634615384615384,0.8748098611831665
0.025735294117647058,0.16634615384615384,0.8748070597648621
0.025735294117647058,0.17403846153846153,0.8715569972991943
0.026470588235294117,0.17403846153846153,0.87131667137146
0.026470588235294117,0.18173076923076922,0.8690413236618042
0.027205882352941177,0.18173076923076922,0.8686070442199707
0.027205882352941177,0.18461538461538463,0.8670428991317749
0.027941176470588237,0.18461538461538463,0.8659897446632385
0.027941176470588237,0.19038461538461537,0.8633908629417419
0.028676470588235293,0.19038461538461537,0.8633243441581726
0.028676470588235293,0.19903846153846153,0.8612360954284668
0.029411764705882353,0.19903846153846153,0.8611792325973511
0.029411764705882353,0.2548076923076923,0.8394764065742493
0.030147058823529412,0.2548076923076923,0.839432954788208
0.030147058823529412,0.2653846153846154,0.8351103067398071
0.030882352941176472,0.2653846153846154,0.8351037502288818
0.030882352941176472,0.2980769230769231,0.8255420327186584
0.03161764705882353,0.2980769230769231,0.8253721594810486
0.03161764705882353,0.30288461538461536,0.8244219422340393
0.03235294117647059,0.30288461538461536,0.8241006731987
0.03235294117647059,0.3153846153846154,0.8199676275253296
0.03308823529411765,0.3153846153846154,0.8195914030075073
0.03308823529411765,0.33557692307692305,0.8124715089797974
0.033823529411764704,0.33557692307692305,0.8121829628944397
0.033823529411764704,0.3384615384615385,0.8113920092582703
0.03455882352941177,0.3384615384615385,0.8112263679504395
0.03455882352941177,0.34615384615384615,0.8093063831329346
0.03602941176470588,0.34615384615384615,0.8089086413383484
0.03602941176470588,0.3490384615384615,0.8084505200386047
0.03676470588235294,0.3490384615384615,0.8074460029602051
0.03676470588235294,0.35096153846153844,0.8072223663330078
0.0375,0.35096153846153844,0.8068011999130249
0.0375,0.3576923076923077,0.8037577867507935
0.03823529411764706,0.3576923076923077,0.8037218451499939
0.03823529411764706,0.3605769230769231,0.8028207421302795
0.03897058823529412,0.3605769230769231,0.8026155829429626
0.03897058823529412,0.36153846153846153,0.8025434017181396
0.041176470588235294,0.36153846153846153,0.8011529445648193
0.041176470588235294,0.36346153846153845,0.8005824685096741
0.04191176470588235,0.36346153846153845,0.8000232577323914
0.04191176470588235,0.3663461538461538,0.7983869314193726
0.04338235294117647,0.3663461538461538,0.7981192469596863
0.04338235294117647,0.3682692307692308,0.7978988885879517
0.04411764705882353,0.3682692307692308,0.7978709936141968
0.04411764705882353,0.375,0.7948762774467468
0.04485294117647059,0.375,0.7948591709136963
0.04485294117647059,0.37596153846153846,0.794701337814331
0.04779411764705882,0.37596153846153846,0.7936327457427979
0.04779411764705882,0.3769230769230769,0.7935301065444946
0.04926470588235294,0.3769230769230769,0.7930430769920349
0.04926470588235294,0.3817307692307692,0.7923045754432678
0.05,0.3817307692307692,0.7920102477073669
0.05,0.38269230769230766,0.7912468314170837
0.052941176470588235,0.38269230769230766,0.789121150970459
0.052941176470588235,0.38461538461538464,0.7886627316474915
0.05514705882352941,0.38461538461538464,0.7877178192138672
0.05514705882352941,0.38653846153846155,0.7874249815940857
0.05588235294117647,0.38653846153846155,0.7872666120529175
0.05588235294117647,0.3875,0.7871385216712952
0.05661764705882353,0.3875,0.7870784401893616
0.05661764705882353,0.38846153846153847,0.7869446873664856
0.057352941176470586,0.38846153846153847,0.7868185639381409
0.057352941176470586,0.3903846153846154,0.7866657972335815
0.05808823529411765,0.3903846153846154,0.7865435481071472
0.05808823529411765,0.39615384615384613,0.7847558259963989
0.058823529411764705,0.39615384615384613,0.784407913684845
0.058823529411764705,0.39807692307692305,0.7839655876159668
0.060294117647058824,0.39807692307692305,0.7838855385780334
0.060294117647058824,0.4028846153846154,0.7833036780357361
0.06102941176470588,0.4028846153846154,0.7832069993019104
0.06102941176470588,0.4048076923076923,0.7821786999702454
0.061764705882352944,0.4048076923076923,0.7821337580680847
0.061764705882352944,0.4076923076923077,0.7807585000991821
0.0625,0.4076923076923077,0.7802425622940063
0.0625,0.40865384615384615,0.7801726460456848
0.06323529411764706,0.40865384615384615,0.7800299525260925
0.06323529411764706,0.4115384615384615,0.7794128060340881
0.06397058823529411,0.4115384615384615,0.7792335748672485
0.06397058823529411,0.41346153846153844,0.7790209650993347
0.06470588235294118,0.41346153846153844,0.7790011763572693
0.06470588235294118,0.41442307692307695,0.7788158059120178
0.0661764705882353,0.41442307692307695,0.7783315777778625
0.0661764705882353,0.4153846153846154,0.7779038548469543
0.06691176470588235,0.4153846153846154,0.7778488993644714
0.06691176470588235,0.4173076923076923,0.7777426838874817
0.06764705882352941,0.4173076923076923,0.7774906158447266
0.06764705882352941,0.4201923076923077,0.7764380574226379
0.06838235294117648,0.4201923076923077,0.7763457298278809
0.06838235294117648,0.42115384615384616,0.7761484980583191
0.06911764705882353,0.42115384615384616,0.775754988193512
0.06911764705882353,0.4221153846153846,0.7757430076599121
0.07426470588235294,0.4221153846153846,0.7744967341423035
0.07426470588235294,0.42403846153846153,0.7737991809844971
0.07720588235294118,0.42403846153846153,0.7731606960296631
0.07720588235294118,0.42596153846153845,0.7730052471160889
0.07794117647058824,0.42596153846153845,0.7727882862091064
0.07794117647058824,0.4307692307692308,0.7717270851135254
0.07941176470588235,0.4307692307692308,0.7710924744606018
0.07941176470588235,0.4326923076923077,0.7710159420967102
0.08014705882352942,0.4326923076923077,0.7707912921905518
0.08014705882352942,0.43365384615384617,0.7704670429229736
0.08088235294117647,0.43365384615384617,0.7704272270202637
0.08088235294117647,0.4355769230769231,0.7700437307357788
0.08161764705882353,0.4355769230769231,0.7699663043022156
0.08161764705882353,0.4375,0.7691497206687927
0.08308823529411764,0.4375,0.7680371403694153
0.08308823529411764,0.43846153846153846,0.7679761052131653
0.08455882352941177,0.43846153846153846,0.767939567565918
0.08455882352941177,0.44134615384615383,0.7675200700759888
0.08529411764705883,0.44134615384615383,0.7669422030448914
0.08529411764705883,0.4442307692307692,0.7666189670562744
0.08676470588235294,0.4442307692307692,0.7659806609153748
0.08676470588235294,0.44711538461538464,0.7658932209014893
0.08823529411764706,0.44711538461538464,0.7651058435440063
0.08823529411764706,0.45,0.7648453712463379
0.08897058823529412,0.45,0.7643840909004211
0.08897058823529412,0.45384615384615384,0.7633689641952515
0.08970588235294118,0.45384615384615384,0.7633553743362427
0.08970588235294118,0.45576923076923076,0.762723445892334
0.09044117647058823,0.45576923076923076,0.7626064419746399
0.09044117647058823,0.45865384615384613,0.7622350454330444
0.09191176470588236,0.45865384615384613,0.7617029547691345
0.09191176470588236,0.46153846153846156,0.7605272531509399
0.09264705882352942,0.46153846153846156,0.760462760925293
0.09264705882352942,0.4634615384615385,0.7602153420448303
0.09338235294117647,0.4634615384615385,0.7598440051078796
0.09338235294117647,0.46442307692307694,0.7594521641731262
0.09558823529411764,0.46442307692307694,0.7588233351707458
0.09558823529411764,0.4653846153846154,0.7584423422813416
0.1,0.4653846153846154,0.7570121884346008
0.1,0.4673076923076923,0.7566985487937927
0.10073529411764706,0.4673076923076923,0.7563467025756836
0.10073529411764706,0.46923076923076923,0.7559509873390198
0.10147058823529412,0.46923076923076923,0.755580723285675
0.10147058823529412,0.4701923076923077,0.7551316618919373
0.10294117647058823,0.4701923076923077,0.7544082999229431
0.10294117647058823,0.47115384615384615,0.7540197968482971
0.1036764705882353,0.47115384615384615,0.753525972366333
0.1036764705882353,0.47307692307692306,0.7527838945388794
0.10441176470588236,0.47307692307692306,0.7525531053543091
0.10441176470588236,0.475,0.7518197894096375
0.10588235294117647,0.475,0.751578152179718
0.10588235294117647,0.47596153846153844,0.751425564289093
0.10661764705882353,0.47596153846153844,0.7514225840568542
0.10661764705882353,0.47692307692307695,0.7513745427131653
0.10882352941176471,0.47692307692307695,0.7504533529281616
0.10882352941176471,0.4778846153846154,0.750135600566864
0.11029411764705882,0.4778846153846154,0.7494429349899292
0.11029411764705882,0.47884615384615387,0.7489091157913208
0.11102941176470588,0.47884615384615387,0.7488594651222229
0.11102941176470588,0.4798076923076923,0.7483572959899902
0.1125,0.4798076923076923,0.7476886510848999
0.1125,0.48846153846153845,0.7450219988822937
0.11323529411764706,0.48846153846153845,0.744981586933136
0.11323529411764706,0.4913461538461538,0.7442017793655396
0.11470588235294117,0.4913461538461538,0.7437479496002197
0.11470588235294117,0.49230769230769234,0.7436972260475159
0.11544117647058824,0.49230769230769234,0.742601215839386
0.11544117647058824,0.49615384615384617,0.7411773204803467
0.1161764705882353,0.49615384615384617,0.7411664724349976
0.1161764705882353,0.5,0.7407832741737366
0.11764705882352941,0.5,0.7405346035957336
0.11764705882352941,0.5009615384615385,0.7403112649917603
0.11838235294117647,0.5009615384615385,0.7397107481956482
0.11838235294117647,0.5038461538461538,0.7383737564086914
0.11985294117647059,0.5038461538461538,0.738034188747406
0.11985294117647059,0.5076923076923077,0.7378273606300354
0.12058823529411765,0.5076923076923077,0.7376677393913269
0.12058823529411765,0.5086538461538461,0.7370038628578186
0.1213235294117647,0.5086538461538461,0.7366916537284851
0.1213235294117647,0.5096153846153846,0.7361583113670349
0.12205882352941176,0.5096153846153846,0.7356057167053223
0.12205882352941176,0.510576923076923,0.7355465292930603
0.12352941176470589,0.510576923076923,0.7352651357650757
0.12352941176470589,0.5115384615384615,0.7351535558700562
0.12426470588235294,0.5115384615384615,0.7350612282752991
0.12426470588235294,0.5125,0.7349741458892822
0.12573529411764706,0.5125,0.7347128987312317
0.12573529411764706,0.5144230769230769,0.7340548038482666
0.1264705882352941,0.5144230769230769,0.7340088486671448
0.1264705882352941,0.5173076923076924,0.732271134853363
0.12720588235294117,0.5173076923076924,0.7318782210350037
0.12720588235294117,0.5182692307692308,0.7318099737167358
0.12867647058823528,0.5182692307692308,0.7314823269844055
0.12867647058823528,0.5192307692307693,0.731411874294281
0.12941176470588237,0.5192307692307693,0.7313970923423767
0.12941176470588237,0.5201923076923077,0.7313724756240845
0.13088235294117648,0.5201923076923077,0.731353223323822
0.13088235294117648,0.5269230769230769,0.7301875948905945
0.13161764705882353,0.5269230769230769,0.7301017642021179
0.13161764705882353,0.5278846153846154,0.7299249768257141
0.1323529411764706,0.5278846153846154,0.7296741604804993
0.1323529411764706,0.5307692307692308,0.7290428280830383
0.13308823529411765,0.5307692307692308,0.7276543378829956
0.13308823529411765,0.5317307692307692,0.7274894714355469
0.1338235294117647,0.5317307692307692,0.7270485758781433
0.1338235294117647,0.5336538461538461,0.7259960770606995
0.13455882352941176,0.5336538461538461,0.725675642490387
0.13455882352941176,0.5355769230769231,0.7249246835708618
0.13602941176470587,0.5355769230769231,0.7247158288955688
0.13602941176470587,0.5365384615384615,0.7244970798492432
0.13676470588235295,0.5365384615384615,0.7244822382926941
0.13676470588235295,0.5413461538461538,0.7237221598625183
0.13970588235294118,0.5413461538461538,0.7228044271469116
0.13970588235294118,0.5451923076923076,0.7224466800689697
0.14044117647058824,0.5451923076923076,0.7222275733947754
0.14044117647058824,0.5461538461538461,0.7221161723136902
0.1411764705882353,0.5461538461538461,0.7219853401184082
0.1411764705882353,0.5490384615384616,0.7205833792686462
0.14191176470588235,0.5490384615384616,0.720527708530426
0.14191176470588235,0.55,0.7202855348587036
0.1426470588235294,0.55,0.7201305031776428
0.1426470588235294,0.5509615384615385,0.7199454307556152
0.14705882352941177,0.5509615384615385,0.719068706035614
0.14705882352941177,0.5538461538461539,0.7184588313102722
0.14779411764705883,0.5538461538461539,0.7181031703948975
0.14779411764705883,0.5596153846153846,0.716865062713623
0.14852941176470588,0.5596153846153846,0.716727077960968
0.14852941176470588,0.5605769230769231,0.7159780859947205
0.15,0.5605769230769231,0.7159263491630554
0.15,0.5625,0.7155194282531738
0.15073529411764705,0.5625,0.7148652672767639
0.15073529411764705,0.5634615384615385,0.7148005962371826
0.15220588235294116,0.5634615384615385,0.7147173285484314
0.15220588235294116,0.5653846153846154,0.7143350839614868
0.15441176470588236,0.5653846153846154,0.7131400108337402
0.15441176470588236,0.573076923076923,0.710432767868042
0.15661764705882353,0.573076923076923,0.7088765501976013
0.15661764705882353,0.5740384615384615,0.7084447145462036
0.15735294117647058,0.5740384615384615,0.7082257866859436
0.15735294117647058,0.5769230769230769,0.7072543501853943
0.15955882352941175,0.5769230769230769,0.707050621509552
0.15955882352941175,0.5798076923076924,0.7063325643539429
0.16029411764705884,0.5798076923076924,0.7062740325927734
0.16029411764705884,0.5807692307692308,0.7061964869499207
0.1610294117647059,0.5807692307692308,0.706138014793396
0.1610294117647059,0.5817307692307693,0.7060009241104126
0.16176470588235295,0.5817307692307693,0.7058729529380798
0.16176470588235295,0.5875,0.7044439911842346
0.1625,0.5875,0.704142153263092
0.1625,0.5884615384615385,0.7037968039512634
0.16323529411764706,0.5884615384615385,0.703734815120697
0.16323529411764706,0.5894230769230769,0.7036855220794678
0.16544117647058823,0.5894230769230769,0.7025983333587646
0.16544117647058823,0.5913461538461539,0.7024239897727966
0.1661764705882353,0.5913461538461539,0.7021981477737427
0.1661764705882353,0.5932692307692308,0.7016777396202087
0.16691176470588234,0.5932692307692308,0.7015817165374756
0.16691176470588234,0.5942307692307692,0.7015088796615601
0.1676470588235294,0.5942307692307692,0.7014334201812744
0.1676470588235294,0.5951923076923077,0.7010952830314636
0.16911764705882354,0.5951923076923077,0.7003185153007507
0.16911764705882354,0.5980769230769231,0.6999682188034058
0.1698529411764706,0.5980769230769231,0.6999154686927795
0.1698529411764706,0.6,0.6985757350921631
0.1713235294117647,0.6,0.6980940699577332
0.1713235294117647,0.6009615384615384,0.6978740692138672
0.17279411764705882,0.6009615384615384,0.6977750062942505
0.17279411764705882,0.6028846153846154,0.6972654461860657
0.17352941176470588,0.6028846153846154,0.6971083283424377
0.17352941176470588,0.6038461538461538,0.6969888210296631
0.17426470588235293,0.6038461538461538,0.6967576146125793
0.17426470588235293,0.6057692307692307,0.6966050267219543
0.17573529411764705,0.6057692307692307,0.695957362651825
0.17573529411764705,0.6076923076923076,0.6959125995635986
0.17647058823529413,0.6076923076923076,0.6958825588226318
0.17647058823529413,0.6115384615384616,0.6951583027839661
0.17794117647058824,0.6115384615384616,0.6950945854187012
0.17794117647058824,0.6125,0.6946595311164856
0.1801470588235294,0.6125,0.6942846775054932
0.1801470588235294,0.6134615384615385,0.6942304968833923
0.18088235294117647,0.6134615384615385,0.6938033103942871
0.18088235294117647,0.6173076923076923,0.692986249923706
0.18235294117647058,0.6173076923076923,0.6924641132354736
0.18235294117647058,0.6201923076923077,0.6919645667076111
0.18308823529411763,0.6201923076923077,0.6918831467628479
0.18308823529411763,0.6230769230769231,0.6911609172821045
0.1860294117647059,0.6230769230769231,0.6904857754707336
0.1860294117647059,0.6259615384615385,0.689164400100708
0.18676470588235294,0.6259615384615385,0.6889398097991943
0.18676470588235294,0.6269230769230769,0.6884979605674744
0.18823529411764706,0.6269230769230769,0.6880635619163513
0.18823529411764706,0.6278846153846154,0.6880393028259277
0.1889705882352941,0.6278846153846154,0.6875161528587341
0.1889705882352941,0.6288461538461538,0.6874265074729919
0.18970588235294117,0.6288461538461538,0.6872924566268921
0.18970588235294117,0.6298076923076923,0.687201976776123
0.19044117647058822,0.6298076923076923,0.6864638328552246
0.19044117647058822,0.6317307692307692,0.6860462427139282
0.19191176470588237,0.6317307692307692,0.6853206157684326
0.19191176470588237,0.6326923076923077,0.6849706768989563
0.19264705882352942,0.6326923076923077,0.6849319338798523
0.19264705882352942,0.6375,0.683158278465271
0.19338235294117648,0.6375,0.683128297328949
0.19338235294117648,0.6413461538461539,0.6825445890426636
0.1948529411764706,0.6413461538461539,0.6823025345802307
0.1948529411764706,0.6423076923076924,0.6821098327636719
0.19558823529411765,0.6423076923076924,0.682029128074646
0.19558823529411765,0.6442307692307693,0.681807279586792
0.19779411764705881,0.6442307692307693,0.6809701323509216
0.19779411764705881,0.6451923076923077,0.6809214949607849
0.19852941176470587,0.6451923076923077,0.6805500984191895
0.19852941176470587,0.6461538461538462,0.6805369853973389
0.19926470588235295,0.6461538461538462,0.6805076003074646
0.19926470588235295,0.6480769230769231,0.6803051829338074
0.20147058823529412,0.6480769230769231,0.6795663833618164
0.20147058823529412,0.6538461538461539,0.6776413917541504
0.20294117647058824,0.6538461538461539,0.6771990656852722
0.20294117647058824,0.6548076923076923,0.6765300035476685
0.20441176470588235,0.6548076923076923,0.6760377883911133
0.20441176470588235,0.6586538461538461,0.6755630970001221
0.2073529411764706,0.6586538461538461,0.6751455664634705
0.2073529411764706,0.6596153846153846,0.6751366853713989
0.20808823529411766,0.6596153846153846,0.6750649809837341
0.20808823529411766,0.6605769230769231,0.6747573018074036
0.20955882352941177,0.6605769230769231,0.6746713519096375
0.20955882352941177,0.6615384615384615,0.6743024587631226
0.21029411764705883,0.6615384615384615,0.6739360690116882
0.21029411764705883,0.6653846153846154,0.6725067496299744
0.21102941176470588,0.6653846153846154,0.6721380352973938
0.21102941176470588,0.6740384615384616,0.6710959076881409
0.2125,0.6740384615384616,0.670667290687561
0.2125,0.6798076923076923,0.6701109409332275
0.2139705882352941,0.6798076923076923,0.6700824499130249
0.2139705882352941,0.6817307692307693,0.6698514819145203
0.21544117647058825,0.6817307692307693,0.6690665483474731
0.21544117647058825,0.6826923076923077,0.6689682602882385
0.21691176470588236,0.6826923076923077,0.6688297986984253
0.21691176470588236,0.6836538461538462,0.6685214638710022
0.21764705882352942,0.6836538461538462,0.6681604981422424
0.21764705882352942,0.6884615384615385,0.6670420169830322
0.21838235294117647,0.6884615384615385,0.6670259237289429
0.21838235294117647,0.6913461538461538,0.6661056280136108
0.21911764705882353,0.6913461538461538,0.6660952568054199
0.21911764705882353,0.6961538461538461,0.6653550863265991
0.21985294117647058,0.6961538461538461,0.6646759510040283
0.21985294117647058,0.6971153846153846,0.6646241545677185
0.22058823529411764,0.6971153846153846,0.6646084189414978
0.22058823529411764,0.7,0.6640859842300415
0.2235294117647059,0.7,0.6629209518432617
0.2235294117647059,0.7048076923076924,0.6616787314414978
0.225,0.7048076923076924,0.661232054233551
0.225,0.7086538461538462,0.6604003310203552
0.22573529411764706,0.7086538461538462,0.659859299659729
0.22573529411764706,0.7125,0.6594293117523193
0.22647058823529412,0.7125,0.6594018340110779
0.22647058823529412,0.7134615384615385,0.6590755581855774
0.22720588235294117,0.7134615384615385,0.658653199672699
0.22720588235294117,0.7144230769230769,0.6584932208061218
0.22794117647058823,0.7144230769230769,0.6581313610076904
0.22794117647058823,0.7173076923076923,0.6578283905982971
0.2301470588235294,0.7173076923076923,0.6573060750961304
0.2301470588235294,0.7230769230769231,0.6557938456535339
0.2323529411764706,0.7230769230769231,0.6545442342758179
0.2323529411764706,0.7259615384615384,0.6539469361305237
0.23308823529411765,0.7259615384615384,0.6538166403770447
0.23308823529411765,0.7288461538461538,0.6527705788612366
0.2338235294117647,0.7288461538461538,0.6522641181945801
0.2338235294117647,0.7307692307692307,0.6520652770996094
0.23455882352941176,0.7307692307692307,0.6508721113204956
0.23455882352941176,0.7365384615384616,0.6500356793403625
0.23529411764705882,0.7365384615384616,0.649846613407135
0.23529411764705882,0.7423076923076923,0.6488519310951233
0.23602941176470588,0.7423076923076923,0.6486560106277466
0.23602941176470588,0.7432692307692308,0.6485700607299805
0.2375,0.7432692307692308,0.6470906734466553
0.2375,0.7442307692307693,0.6467206478118896
0.23823529411764705,0.7442307692307693,0.6466837525367737
0.23823529411764705,0.7461538461538462,0.6454837322235107
0.23897058823529413,0.7461538461538462,0.6452858448028564
0.23897058823529413,0.7567307692307692,0.6428917050361633
0.24044117647058824,0.7567307692307692,0.6425971388816833
0.24044117647058824,0.7615384615384615,0.6413690447807312
0.2411764705882353,0.7615384615384615,0.6411997079849243
0.2411764705882353,0.7701923076923077,0.6372367739677429
0.2426470588235294,0.7701923076923077,0.6365488171577454
0.2426470588235294,0.7721153846153846,0.6363222599029541
0.24338235294117647,0.7721153846153846,0.6358091831207275
0.24338235294117647,0.775,0.6351838111877441
0.24411764705882352,0.775,0.6350998282432556
0.24411764705882352,0.7788461538461539,0.6327196359634399
0.24632352941176472,0.7788461538461539,0.6314185261726379
0.24632352941176472,0.7855769230769231,0.6299436092376709
0.24705882352941178,0.7855769230769231,0.6298054456710815
0.24705882352941178,0.7875,0.6278471350669861
0.24779411764705883,0.7875,0.6278294324874878
0.24779411764705883,0.7884615384615384,0.6268194317817688
0.24926470588235294,0.7884615384615384,0.6262882947921753
0.24926470588235294,0.7894230769230769,0.6262496113777161
0.25,0.7894230769230769,0.6262452602386475
0.25,0.7942307692307692,0.6248846054077148
0.2514705882352941,0.7942307692307692,0.6244906783103943
0.2514705882352941,0.7951923076923076,0.6241256594657898
0.25220588235294117,0.7951923076923076,0.6233174800872803
0.25220588235294117,0.7961538461538461,0.6224564909934998
0.2536764705882353,0.7961538461538461,0.6215786933898926
0.2536764705882353,0.7971153846153847,0.6211950778961182
0.25441176470588234,0.7971153846153847,0.621060311794281
0.25441176470588234,0.8009615384615385,0.6187887787818909
0.2551470588235294,0.8009615384615385,0.6181639432907104
0.2551470588235294,0.8028846153846154,0.6169114708900452
0.25588235294117645,0.8028846153846154,0.616895854473114
0.25588235294117645,0.8038461538461539,0.6159155964851379
0.25735294117647056,0.8038461538461539,0.6143013834953308
0.25735294117647056,0.8057692307692308,0.6133884191513062
0.25882352941176473,0.8057692307692308,0.6119158267974854
0.25882352941176473,0.8067307692307693,0.6117177605628967
0.2595588235294118,0.8067307692307693,0.6107137799263
0.2595588235294118,0.8076923076923077,0.6102163791656494
0.2610294117647059,0.8076923076923077,0.6090300679206848
0.2610294117647059,0.8086538461538462,0.6083635687828064
0.2625,0.8086538461538462,0.607795000076294
0.2625,0.8096153846153846,0.6066433787345886
0.2639705882352941,0.8096153846153846,0.6053332686424255
0.2639705882352941,0.8115384615384615,0.6051284074783325
0.2647058823529412,0.8115384615384615,0.6049189567565918
0.2647058823529412,0.8125,0.6048770546913147
0.2713235294117647,0.8125,0.601607620716095
0.2713235294117647,0.8134615384615385,0.6010118126869202
0.27205882352941174,0.8134615384615385,0.6007212400436401
0.27205882352941174,0.8144230769230769,0.6000200510025024
0.27647058823529413,0.8144230769230769,0.5967087745666504
0.27647058823529413,0.8153846153846154,0.5963202714920044
0.2823529411764706,0.8153846153846154,0.5917466282844543
0.2823529411764706,0.8163461538461538,0.5912941694259644
0.2838235294117647,0.8163461538461538,0.5908037424087524
0.2838235294117647,0.8173076923076923,0.5905429720878601
0.28455882352941175,0.8173076923076923,0.5904574990272522
0.28455882352941175,0.8182692307692307,0.5900665521621704
0.2852941176470588,0.8182692307692307,0.5892764329910278
0.2852941176470588,0.8201923076923077,0.5886421799659729
0.28602941176470587,0.8201923076923077,0.588634192943573
0.28602941176470587,0.8211538461538461,0.5885019302368164
0.2875,0.8211538461538461,0.5879392623901367
0.2875,0.8240384615384615,0.5872972011566162
0.2889705882352941,0.8240384615384615,0.5871273875236511
0.2889705882352941,0.825,0.5870692729949951
0.2926470588235294,0.825,0.5848914384841919
0.2926470588235294,0.8259615384615384,0.58465176820755
0.29411764705882354,0.8259615384615384,0.5833423733711243
0.29411764705882354,0.8269230769230769,0.5828463435173035
0.2948529411764706,0.8269230769230769,0.5824304223060608
0.2948529411764706,0.8278846153846153,0.5819786190986633
0.30661764705882355,0.8278846153846153,0.5751097202301025
0.30661764705882355,0.8288461538461539,0.5750772356987
0.3073529411764706,0.8288461538461539,0.5749251842498779
0.3073529411764706,0.8298076923076924,0.5746379494667053
0.3088235294117647,0.8298076923076924,0.5739973187446594
0.3088235294117647,0.8317307692307693,0.5732762813568115
0.3161764705882353,0.8317307692307693,0.5700977444648743
0.3161764705882353,0.8336538461538462,0.5688703060150146
0.31838235294117645,0.8336538461538462,0.5675985217094421
0.31838235294117645,0.8355769230769231,0.5666002035140991
0.3205882352941177,0.8355769230769231,0.5658444762229919
0.3205882352941177,0.8365384615384616,0.5656011700630188
0.325,0.8365384615384616,0.5640344619750977
0.325,0.8384615384615385,0.5639146566390991
0.32573529411764707,0.8384615384615385,0.5636764764785767
0.32573529411764707,0.8403846153846154,0.5628824234008789
0.3264705882352941,0.8403846153846154,0.5626726746559143
0.3264705882352941,0.8413461538461539,0.562289297580719
0.32941176470588235,0.8413461538461539,0.5610110759735107
0.32941176470588235,0.8423076923076923,0.5607907772064209
0.3301470588235294,0.8423076923076923,0.560676097869873
0.3301470588235294,0.8432692307692308,0.5604930520057678
0.33088235294117646,0.8432692307692308,0.5604664087295532
0.33088235294117646,0.8442307692307692,0.5602796673774719
0.33308823529411763,0.8442307692307692,0.5585206747055054
0.33308823529411763,0.8471153846153846,0.5582130551338196
0.33455882352941174,0.8471153846153846,0.5565882325172424
0.33455882352941174,0.8490384615384615,0.5560243725776672
0.3397058823529412,0.8490384615384615,0.5551460981369019
0.3397058823529412,0.8509615384615384,0.554608166217804
0.3426470588235294,0.8509615384615384,0.5533616542816162
0.3426470588235294,0.8519230769230769,0.5531303286552429
0.34411764705882353,0.8519230769230769,0.5527614951133728
0.34411764705882353,0.8538461538461538,0.55265873670578
0.3448529411764706,0.8538461538461538,0.551689624786377
0.3448529411764706,0.8548076923076923,0.551398754119873
0.3477941176470588,0.8548076923076923,0.5507720112800598
0.3477941176470588,0.8567307692307692,0.5500808954238892
0.34852941176470587,0.8567307692307692,0.5499268174171448
0.34852941176470587,0.8576923076923076,0.5495171546936035
0.35,0.8576923076923076,0.5488577485084534
0.35,0.8605769230769231,0.5486809015274048
0.3522058823529412,0.8605769230769231,0.54742032289505
0.3522058823529412,0.8615384615384616,0.5470444560050964
0.35441176470588237,0.8615384615384616,0.5462741851806641
0.35441176470588237,0.8625,0.5457550287246704
0.3558823529411765,0.8625,0.5450036525726318
0.3558823529411765,0.864423076923077,0.5447845458984375
0.35661764705882354,0.864423076923077,0.5440579056739807
0.35661764705882354,0.8653846153846154,0.5440159440040588
0.35955882352941176,0.8653846153846154,0.5437232255935669
0.35955882352941176,0.8663461538461539,0.5436616539955139
0.36323529411764705,0.8663461538461539,0.5423447489738464
0.36323529411764705,0.8673076923076923,0.542205274105072
0.3639705882352941,0.8673076923076923,0.5421041250228882
0.3639705882352941,0.8692307692307693,0.541839063167572
0.36617647058823527,0.8692307692307693,0.5416556000709534
0.36617647058823527,0.8701923076923077,0.541343629360199
0.3669117647058823,0.8701923076923077,0.5412533283233643
0.3669117647058823,0.8711538461538462,0.54096519947052
0.3713235294117647,0.8711538461538462,0.5394778251647949
0.3713235294117647,0.8721153846153846,0.5393405556678772
0.37426470588235294,0.8721153846153846,0.5384491682052612
0.37426470588235294,0.8730769230769231,0.5378432273864746
0.3779411764705882,0.8730769230769231,0.5367094874382019
0.3779411764705882,0.8759615384615385,0.5359966158866882
0.3830882352941177,0.8759615384615385,0.5332940220832825
0.3830882352941177,0.8769230769230769,0.5332834124565125
0.3845588235294118,0.8769230769230769,0.5322781801223755
0.3845588235294118,0.8788461538461538,0.5320734977722168
0.38529411764705884,0.8788461538461538,0.531889796257019
0.38529411764705884,0.8807692307692307,0.5314852595329285
0.38676470588235295,0.8807692307692307,0.5302249789237976
0.38676470588235295,0.8817307692307692,0.5297539234161377
0.3889705882352941,0.8817307692307692,0.5296378135681152
0.3889705882352941,0.8826923076923077,0.5294048190116882
0.39044117647058824,0.8826923076923077,0.5291000604629517
0.39044117647058824,0.8836538461538461,0.5290948152542114
0.39191176470588235,0.8836538461538461,0.5287746787071228
0.39191176470588235,0.8846153846153846,0.5284914374351501
0.39338235294117646,0.8846153846153846,0.5275963544845581
0.39338235294117646,0.885576923076923,0.5275797843933105
0.3948529411764706,0.885576923076923,0.5274503827095032
0.3948529411764706,0.8865384615384615,0.5274059772491455
0.39558823529411763,0.8865384615384615,0.5272762179374695
0.39558823529411763,0.8875,0.5272408127784729
0.3985294117647059,0.8875,0.5252462029457092
0.3985294117647059,0.8884615384615384,0.5252331495285034
0.39926470588235297,0.8884615384615384,0.5251976847648621
0.39926470588235297,0.8894230769230769,0.5250290632247925
0.4022058823529412,0.8894230769230769,0.5239118337631226
0.4022058823529412,0.8913461538461539,0.5229677557945251
0.4051470588235294,0.8913461538461539,0.5224459171295166
0.4051470588235294,0.8942307692307693,0.5217834711074829
0.4073529411764706,0.8942307692307693,0.5216596722602844
0.4073529411764706,0.8951923076923077,0.5214378833770752
0.41544117647058826,0.8951923076923077,0.5181422233581543
0.41544117647058826,0.8961538461538462,0.5177971720695496
0.4161764705882353,0.8961538461538462,0.5177203416824341
0.4161764705882353,0.8990384615384616,0.5172639489173889
0.41691176470588237,0.8990384615384616,0.5170369148254395
0.41691176470588237,0.9,0.5170222520828247
0.4213235294117647,0.9,0.5158867835998535
0.4213235294117647,0.9009615384615385,0.5154151916503906
0.4235294117647059,0.9009615384615385,0.5137544870376587
0.4235294117647059,0.9019230769230769,0.5132158398628235
0.4294117647058823,0.9019230769230769,0.5116333365440369
0.4294117647058823,0.9038461538461539,0.511400043964386
0.4323529411764706,0.9038461538461539,0.5108005404472351
0.4323529411764706,0.9048076923076923,0.5103650093078613
0.4345588235294118,0.9048076923076923,0.5098944306373596
0.4345588235294118,0.9057692307692308,0.5098937153816223
0.4389705882352941,0.9057692307692308,0.5082950592041016
0.4389705882352941,0.9067307692307692,0.5082860589027405
0.4411764705882353,0.9067307692307692,0.5072144269943237
0.4411764705882353,0.9076923076923077,0.5071273446083069
0.44632352941176473,0.9076923076923077,0.5056468844413757
0.44632352941176473,0.9086538461538461,0.505592942237854
0.45,0.9086538461538461,0.5041715502738953
0.45,0.9105769230769231,0.5038565993309021
0.4514705882352941,0.9105769230769231,0.5031367540359497
0.4514705882352941,0.9115384615384615,0.5028979182243347
0.4522058823529412,0.9115384615384615,0.5027971267700195
0.4522058823529412,0.9134615384615384,0.5026681423187256
0.45441176470588235,0.9134615384615384,0.5019158720970154
0.45441176470588235,0.9144230769230769,0.5018125772476196
0.4566176470588235,0.9144230769230769,0.501274824142456
0.4566176470588235,0.9163461538461538,0.5008161067962646
0.4588235294117647,0.9163461538461538,0.4999171793460846
0.4588235294117647,0.9173076923076923,0.4995740056037903
0.4610294117647059,0.9173076923076923,0.4985140860080719
0.4610294117647059,0.9182692307692307,0.4981718361377716
0.4647058823529412,0.9182692307692307,0.4963275194168091
0.4647058823529412,0.9201923076923076,0.4960281550884247
0.4661764705882353,0.9201923076923076,0.4958309531211853
0.4661764705882353,0.9211538461538461,0.4957915246486664
0.46691176470588236,0.9211538461538461,0.4954140782356262
0.46691176470588236,0.9221153846153847,0.49508199095726013
0.47058823529411764,0.9221153846153847,0.4937313497066498
0.47058823529411764,0.9230769230769231,0.49363428354263306
0.4727941176470588,0.9230769230769231,0.492695152759552
0.4727941176470588,0.9240384615384616,0.4924069941043854
0.4786764705882353,0.9240384615384616,0.4902760684490204
0.4786764705882353,0.925,0.490107923746109
0.4808823529411765,0.925,0.4888419508934021
0.4808823529411765,0.926923076923077,0.4882084131240845
0.4904411764705882,0.926923076923077,0.4866822063922882
0.4904411764705882,0.9278846153846154,0.4861977994441986
0.4963235294117647,0.9278846153846154,0.48413947224617004
0.4963235294117647,0.9288461538461539,0.48392850160598755
0.5014705882352941,0.9288461538461539,0.482232004404068
0.5014705882352941,0.9298076923076923,0.48222285509109497
0.5073529411764706,0.9298076923076923,0.4811635911464691
0.5073529411764706,0.9307692307692308,0.48114097118377686
0.5110294117647058,0.9307692307692308,0.4804992079734802
0.5110294117647058,0.9317307692307693,0.48026564717292786
0.5161764705882353,0.9317307692307693,0.47936829924583435
0.5161764705882353,0.9326923076923077,0.4788413345813751
0.5169117647058824,0.9326923076923077,0.47814175486564636
0.5169117647058824,0.9346153846153846,0.4777996838092804
0.5264705882352941,0.9346153846153846,0.4734064042568207
0.5264705882352941,0.9355769230769231,0.47332343459129333
0.5272058823529412,0.9355769230769231,0.47270479798316956
0.5272058823529412,0.9365384615384615,0.47237879037857056
0.5286764705882353,0.9365384615384615,0.47199922800064087
0.5286764705882353,0.9375,0.47189292311668396
0.5367647058823529,0.9375,0.4693094491958618
0.5367647058823529,0.9384615384615385,0.46927323937416077
0.5375,0.9384615384615385,0.4691856801509857
0.5375,0.9394230769230769,0.46906861662864685
0.5433823529411764,0.9394230769230769,0.4676467478275299
0.5433823529411764,0.9403846153846154,0.46606525778770447
0.549264705882353,0.9403846153846154,0.4637753963470459
0.549264705882353,0.9413461538461538,0.4636395573616028
0.5595588235294118,0.9413461538461538,0.45898890495300293
0.5595588235294118,0.9423076923076923,0.458840936422348
0.5882352941176471,0.9423076923076923,0.4431440532207489
0.5882352941176471,0.9432692307692307,0.4428829252719879
0.5941176470588235,0.9432692307692307,0.436934232711792
0.5941176470588235,0.9442307692307692,0.4360092282295227
0.6102941176470589,0.9442307692307692,0.42141881585121155
0.6102941176470589,0.9451923076923077,0.42086681723594666
0.6161764705882353,0.9451923076923077,0.4138108491897583
0.6161764705882353,0.9461538461538461,0.41104656457901
0.6235294117647059,0.9461538461538461,0.40455612540245056
0.6235294117647059,0.9471153846153846,0.40447142720222473
0.6294117647058823,0.9471153846153846,0.3996764123439789
0.6294117647058823,0.948076923076923,0.39885213971138
0.6316176470588235,0.948076923076923,0.39728984236717224
0.6316176470588235,0.9490384615384615,0.3971143662929535
0.6323529411764706,0.9490384615384615,0.3964448571205139
0.6323529411764706,0.95,0.3960021138191223
0.6330882352941176,0.95,0.39583924412727356
0.6330882352941176,0.9509615384615384,0.3956798017024994
0.638235294117647,0.9509615384615384,0.39231428503990173
0.638235294117647,0.9519230769230769,0.39198917150497437
0.6419117647058824,0.9519230769230769,0.38903912901878357
0.6419117647058824,0.9528846153846153,0.3888653516769409
0.6455882352941177,0.9528846153846153,0.3861302137374878
0.6455882352941177,0.9548076923076924,0.38491812348365784
0.6536764705882353,0.9548076923076924,0.37847086787223816
0.6536764705882353,0.9557692307692308,0.3774542510509491
0.6544117647058824,0.9557692307692308,0.3773196339607239
0.6544117647058824,0.9576923076923077,0.375615656375885
0.6551470588235294,0.9576923076923077,0.3743430972099304
0.6551470588235294,0.9586538461538462,0.3740502595901489
0.6595588235294118,0.9586538461538462,0.3687894940376282
0.6595588235294118,0.9605769230769231,0.3685082495212555
0.6602941176470588,0.9605769230769231,0.3678232431411743
0.6602941176470588,0.9625,0.36694005131721497
0.6617647058823529,0.9625,0.3658638894557953
0.6617647058823529,0.9653846153846154,0.3631720244884491
0.663235294117647,0.9653846153846154,0.3630106449127197
0.663235294117647,0.9663461538461539,0.36299121379852295
0.6654411764705882,0.9663461538461539,0.3627798557281494
0.6654411764705882,0.9682692307692308,0.36154142022132874
0.6676470588235294,0.9682692307692308,0.35821467638015747
0.6676470588235294,0.9692307692307692,0.356466144323349
0.6691176470588235,0.9692307692307692,0.35572606325149536
0.6691176470588235,0.9701923076923077,0.35541588068008423
0.6705882352941176,0.9701923076923077,0.3540540635585785
0.6705882352941176,0.9711538461538461,0.3539612889289856
0.6852941176470588,0.9711538461538461,0.3463278114795685
0.6852941176470588,0.9730769230769231,0.3454517126083374
0.6867647058823529,0.9730769230769231,0.34452518820762634
0.6867647058823529,0.9740384615384615,0.3437698185443878
0.6875,0.9740384615384615,0.3437560200691223
0.6875,0.975,0.3421178460121155
0.6941176470588235,0.975,0.3389817178249359
0.6941176470588235,0.9769230769230769,0.3369036316871643
0.6992647058823529,0.9769230769230769,0.3338905870914459
0.6992647058823529,0.9778846153846154,0.3338874578475952
0.7051470588235295,0.9778846153846154,0.3326667547225952
0.7051470588235295,0.9788461538461538,0.33091020584106445
0.7073529411764706,0.9788461538461538,0.3283291161060333
0.7073529411764706,0.9798076923076923,0.32794860005378723
0.7139705882352941,0.9798076923076923,0.32414907217025757
0.7139705882352941,0.9807692307692307,0.32343989610671997
0.9264705882352942,0.9807692307692307,0.1518906205892563
0.9264705882352942,0.9826923076923076,0.1294640451669693
0.9272058823529412,0.9826923076923076,0.12538579106330872
0.9272058823529412,0.9836538461538461,0.12315751612186432
0.9308823529411765,0.9836538461538461,0.11406867206096649
0.9308823529411765,0.9855769230769231,0.11164627224206924
0.9323529411764706,0.9855769230769231,0.11112107336521149
0.9323529411764706,0.9923076923076923,0.10608983784914017
0.9345588235294118,0.9923076923076923,0.10368143022060394
0.9345588235294118,0.9932692307692308,0.10297286510467529
0.9360294117647059,0.9932692307692308,0.10266710817813873
0.9360294117647059,0.9961538461538462,0.10180959850549698
0.9367647058823529,0.9961538461538462,0.10152960568666458
0.9367647058823529,0.9971153846153846,0.1014738529920578
0.9382352941176471,0.9971153846153846,0.10071053355932236
0.9382352941176471,1.0,0.09956427663564682
1.0,1.0,0.06891611963510513
