FPR,TPR,Threshold
0.0,0.0,1.9686614274978638
0.0,0.0004807692307692308,0.9686614274978638
0.0,0.06394230769230769,0.9469038844108582
0.002573529411764706,0.06394230769230769,0.9457908868789673
0.002573529411764706,0.06442307692307692,0.9457865953445435
0.004779411764705883,0.06442307692307692,0.945608377456665
0.004779411764705883,0.06490384615384616,0.9455568790435791
0.013970588235294118,0.06490384615384616,0.9448737502098083
0.013970588235294118,0.06538461538461539,0.9448727965354919
0.01948529411764706,0.06538461538461539,0.9445087313652039
0.01948529411764706,0.06586538461538462,0.9445071220397949
0.020955882352941175,0.06586538461538462,0.9432955980300903
0.020955882352941175,0.06634615384615385,0.943251371383667
0.021323529411764706,0.06634615384615385,0.9426623582839966
0.021323529411764706,0.0798076923076923,0.9411773085594177
0.021691176470588235,0.0798076923076923,0.9410012364387512
0.021691176470588235,0.08125,0.9404099583625793
0.022058823529411766,0.08125,0.9403226375579834
0.022058823529411766,0.09759615384615385,0.9384808540344238
0.022794117647058822,0.09759615384615385,0.9377357363700867
0.022794117647058822,0.10096153846153846,0.9353836178779602
0.023529411764705882,0.10096153846153846,0.9348119497299194
0.023529411764705882,0.10192307692307692,0.9343910813331604
0.02426470588235294,0.10192307692307692,0.9332791566848755
0.02426470588235294,0.10384615384615385,0.931419312953949
0.025,0.10384615384615385,0.9308354258537292
0.025,0.10625,0.9288227558135986
0.027573529411764705,0.10625,0.9287114143371582
0.027573529411764705,0.10673076923076923,0.9286880493164062
0.03529411764705882,0.10673076923076923,0.9275341033935547
0.03529411764705882,0.11682692307692308,0.9260967969894409
0.03566176470588235,0.11682692307692308,0.9260917901992798
0.03566176470588235,0.12163461538461538,0.9257635474205017
0.03602941176470588,0.12163461538461538,0.9256395101547241
0.03602941176470588,0.12211538461538461,0.9254602789878845
0.03713235294117647,0.12211538461538461,0.9245191812515259
0.03713235294117647,0.1264423076923077,0.9242599010467529
0.0375,0.1264423076923077,0.9242547154426575
0.0375,0.13653846153846153,0.9232386350631714
0.03897058823529412,0.13653846153846153,0.9226413369178772
0.03897058823529412,0.13942307692307693,0.9195556640625
0.039705882352941174,0.13942307692307693,0.9193177819252014
0.039705882352941174,0.14134615384615384,0.9186162948608398
0.04007352941176471,0.14134615384615384,0.9178427457809448
0.04007352941176471,0.14326923076923076,0.9157841205596924
0.04044117647058824,0.14326923076923076,0.9155080318450928
0.04044117647058824,0.14471153846153847,0.9136475920677185
0.040808823529411765,0.14471153846153847,0.9135093092918396
0.040808823529411765,0.14567307692307693,0.9114431142807007
0.041176470588235294,0.14567307692307693,0.911421537399292
0.041176470588235294,0.1466346153846154,0.9106354713439941
0.04191176470588235,0.1466346153846154,0.9088701605796814
0.04191176470588235,0.16298076923076923,0.9036083221435547
0.042279411764705885,0.16298076923076923,0.9033766984939575
0.042279411764705885,0.16442307692307692,0.9020287990570068
0.04338235294117647,0.16442307692307692,0.900732159614563
0.04338235294117647,0.19471153846153846,0.8959622979164124
0.04375,0.19471153846153846,0.8952273726463318
0.04375,0.22788461538461538,0.8853424191474915
0.05330882352941176,0.22788461538461538,0.88444983959198
0.05330882352941176,0.23221153846153847,0.884085476398468
0.05367647058823529,0.23221153846153847,0.8840848207473755
0.05367647058823529,0.23413461538461539,0.8838850259780884
0.054044117647058826,0.23413461538461539,0.8838751316070557
0.054044117647058826,0.23557692307692307,0.8836650848388672
0.054411764705882354,0.23557692307692307,0.8836387395858765
0.054411764705882354,0.24278846153846154,0.8821814656257629
0.05477941176470588,0.24278846153846154,0.8811103701591492
0.05477941176470588,0.2466346153846154,0.8777877688407898
0.05514705882352941,0.2466346153846154,0.8775021433830261
0.05514705882352941,0.25048076923076923,0.8741003274917603
0.05551470588235294,0.25048076923076923,0.8731164932250977
0.05551470588235294,0.2514423076923077,0.8687593340873718
0.05588235294117647,0.2514423076923077,0.868312418460846
0.05588235294117647,0.2552884615384615,0.865789532661438
0.05625,0.2552884615384615,0.8657284379005432
0.05625,0.2725961538461538,0.8624117970466614
0.05661764705882353,0.2725961538461538,0.8614660501480103
0.05661764705882353,0.28701923076923075,0.8527628183364868
0.05698529411764706,0.28701923076923075,0.8527384400367737
0.05698529411764706,0.2899038461538462,0.8519474864006042
0.057352941176470586,0.2899038461538462,0.8518599271774292
0.057352941176470586,0.2903846153846154,0.8515339493751526
0.05808823529411765,0.2903846153846154,0.8498584628105164
0.05808823529411765,0.30865384615384617,0.8450849652290344
0.05845588235294118,0.30865384615384617,0.8444079160690308
0.05845588235294118,0.3125,0.8388052582740784
0.06102941176470588,0.3125,0.8366075158119202
0.06102941176470588,0.31298076923076923,0.8365625143051147
0.06286764705882353,0.31298076923076923,0.836198091506958
0.06286764705882353,0.31346153846153846,0.8361498713493347
0.06801470588235294,0.31346153846153846,0.8352887034416199
0.06801470588235294,0.3139423076923077,0.8351536989212036
0.06875,0.3139423076923077,0.8341810703277588
0.06875,0.3144230769230769,0.830650806427002
0.06948529411764706,0.3144230769230769,0.8305143713951111
0.06948529411764706,0.3283653846153846,0.8263652324676514
0.075,0.3283653846153846,0.8250502347946167
0.075,0.3293269230769231,0.8250067830085754
0.07610294117647058,0.3293269230769231,0.8249643445014954
0.07610294117647058,0.3298076923076923,0.8247824907302856
0.07830882352941176,0.3298076923076923,0.8245575428009033
0.07830882352941176,0.33028846153846153,0.824537456035614
0.07977941176470588,0.33028846153846153,0.8241581320762634
0.07977941176470588,0.33076923076923076,0.8240733742713928
0.08014705882352942,0.33076923076923076,0.8232531547546387
0.08014705882352942,0.33798076923076925,0.8212071657180786
0.08272058823529412,0.33798076923076925,0.8210768699645996
0.08272058823529412,0.3389423076923077,0.8209521770477295
0.08308823529411764,0.3389423076923077,0.8209440112113953
0.08308823529411764,0.3403846153846154,0.8207612037658691
0.08345588235294117,0.3403846153846154,0.8207240700721741
0.08345588235294117,0.3408653846153846,0.8206878304481506
0.08455882352941177,0.3408653846153846,0.8206311464309692
0.08455882352941177,0.34134615384615385,0.8206022381782532
0.0849264705882353,0.34134615384615385,0.8205660581588745
0.0849264705882353,0.3456730769230769,0.8204229474067688
0.08639705882352941,0.3456730769230769,0.8200129270553589
0.08676470588235294,0.34615384615384615,0.819953203201294
0.0900735294117647,0.34615384615384615,0.819592297077179
0.0900735294117647,0.3528846153846154,0.818989098072052
0.09080882352941176,0.3528846153846154,0.8188728094100952
0.09080882352941176,0.3557692307692308,0.8184372782707214
0.09117647058823529,0.3557692307692308,0.8184299468994141
0.09117647058823529,0.36153846153846153,0.8158807158470154
0.09411764705882353,0.36153846153846153,0.8150771260261536
0.09411764705882353,0.36201923076923076,0.814926266670227
0.10147058823529412,0.36201923076923076,0.8136354088783264
0.10147058823529412,0.3625,0.813160240650177
0.1025735294117647,0.3625,0.8119453191757202
0.1025735294117647,0.36778846153846156,0.8095871806144714
0.10551470588235294,0.36778846153846156,0.809431254863739
0.10551470588235294,0.36923076923076925,0.8092995882034302
0.10588235294117647,0.36923076923076925,0.8092852234840393
0.10588235294117647,0.3701923076923077,0.8092085719108582
0.10625,0.3701923076923077,0.8090648055076599
0.10625,0.3721153846153846,0.8090200424194336
0.10698529411764705,0.3721153846153846,0.8090071678161621
0.10698529411764705,0.3730769230769231,0.8089778423309326
0.10735294117647058,0.3730769230769231,0.8089771270751953
0.10735294117647058,0.37403846153846154,0.8089456558227539
0.10772058823529412,0.37403846153846154,0.8089160919189453
0.10772058823529412,0.37548076923076923,0.808734655380249
0.10808823529411765,0.37548076923076923,0.8087298274040222
0.10808823529411765,0.3778846153846154,0.8085274696350098
0.10845588235294118,0.3778846153846154,0.8084997534751892
0.10845588235294118,0.3783653846153846,0.808497428894043
0.10919117647058824,0.3783653846153846,0.8084489107131958
0.10919117647058824,0.38125,0.8082948327064514
0.10955882352941176,0.38125,0.8082849383354187
0.10955882352941176,0.38269230769230766,0.8082103729248047
0.11066176470588235,0.38269230769230766,0.8081320524215698
0.11066176470588235,0.38317307692307695,0.8081251382827759
0.11102941176470588,0.38317307692307695,0.8080876469612122
0.11102941176470588,0.3836538461538462,0.8080862760543823
0.11176470588235295,0.3836538461538462,0.8080478310585022
0.11176470588235295,0.3841346153846154,0.8080212473869324
0.11213235294117647,0.3841346153846154,0.8080118298530579
0.11213235294117647,0.38461538461538464,0.8080117106437683
0.11323529411764706,0.38461538461538464,0.8079310059547424
0.11323529411764706,0.3889423076923077,0.807509183883667
0.11360294117647059,0.3889423076923077,0.8074851036071777
0.11360294117647059,0.3908653846153846,0.8067734837532043
0.11397058823529412,0.3908653846153846,0.8066160082817078
0.11397058823529412,0.3918269230769231,0.8056957125663757
0.11433823529411764,0.3918269230769231,0.8053818941116333
0.11433823529411764,0.39278846153846153,0.8041199445724487
0.11470588235294117,0.39278846153846153,0.803937554359436
0.11470588235294117,0.39375,0.8026213645935059
0.1150735294117647,0.39375,0.802525520324707
0.1150735294117647,0.3942307692307692,0.8020788431167603
0.11580882352941177,0.3942307692307692,0.8013946413993835
0.11580882352941177,0.39807692307692305,0.7979928255081177
0.1161764705882353,0.39807692307692305,0.7976452708244324
0.1161764705882353,0.39855769230769234,0.7971709370613098
0.11691176470588235,0.39855769230769234,0.7961944341659546
0.11691176470588235,0.4043269230769231,0.7942506074905396
0.11801470588235294,0.4043269230769231,0.7941001653671265
0.11801470588235294,0.4048076923076923,0.7940967679023743
0.11911764705882352,0.4048076923076923,0.7940521836280823
0.11911764705882352,0.40528846153846154,0.7940360307693481
0.11948529411764706,0.40528846153846154,0.7940356135368347
0.11948529411764706,0.40673076923076923,0.7939503192901611
0.11985294117647059,0.40673076923076923,0.7939200401306152
0.11985294117647059,0.40721153846153846,0.7938876152038574
0.12022058823529412,0.40721153846153846,0.7937657833099365
0.12022058823529412,0.4091346153846154,0.7934882044792175
0.12058823529411765,0.4091346153846154,0.7934571504592896
0.12058823529411765,0.4096153846153846,0.793454647064209
0.12169117647058823,0.4096153846153846,0.7933655977249146
0.12169117647058823,0.41009615384615383,0.7932907938957214
0.12205882352941176,0.41009615384615383,0.7932866811752319
0.12205882352941176,0.41201923076923075,0.7930940985679626
0.12242647058823529,0.41201923076923075,0.7930632829666138
0.12242647058823529,0.41394230769230766,0.7929747104644775
0.12352941176470589,0.41394230769230766,0.7925902605056763
0.12352941176470589,0.41442307692307695,0.792568027973175
0.12683823529411764,0.41442307692307695,0.792000949382782
0.12683823529411764,0.4149038461538462,0.7917296290397644
0.13345588235294117,0.4149038461538462,0.7902969121932983
0.13345588235294117,0.41586538461538464,0.7902209162712097
0.13933823529411765,0.41586538461538464,0.7886993288993835
0.13933823529411765,0.4168269230769231,0.788545548915863
0.13970588235294118,0.4168269230769231,0.7884719371795654
0.13970588235294118,0.4182692307692308,0.7873958945274353
0.14191176470588235,0.4182692307692308,0.7843158841133118
0.14191176470588235,0.41875,0.7841598391532898
0.14227941176470588,0.41875,0.7834945321083069
0.14227941176470588,0.41923076923076924,0.7829979658126831
0.1426470588235294,0.41923076923076924,0.7829333543777466
0.1426470588235294,0.41971153846153847,0.7820568680763245
0.14338235294117646,0.41971153846153847,0.7808584570884705
0.14338235294117646,0.42403846153846153,0.7780823111534119
0.14375,0.42403846153846153,0.7780809998512268
0.14375,0.42788461538461536,0.7775137424468994
0.14411764705882352,0.42788461538461536,0.7774689197540283
0.14411764705882352,0.4307692307692308,0.7770144939422607
0.14448529411764705,0.4307692307692308,0.7769201993942261
0.14448529411764705,0.43653846153846154,0.7755053043365479
0.1448529411764706,0.43653846153846154,0.7753731608390808
0.1448529411764706,0.4375,0.774323582649231
0.14522058823529413,0.4375,0.7740558981895447
0.14522058823529413,0.4394230769230769,0.7715114951133728
0.14558823529411766,0.4394230769230769,0.7711611986160278
0.14558823529411766,0.4403846153846154,0.7708438038825989
0.14595588235294119,0.4403846153846154,0.7706784009933472
0.14595588235294119,0.44134615384615383,0.7697516083717346
0.14669117647058824,0.44134615384615383,0.769503116607666
0.14669117647058824,0.4423076923076923,0.7692555785179138
0.14705882352941177,0.4423076923076923,0.7691607475280762
0.14705882352941177,0.44326923076923075,0.7683775424957275
0.14816176470588235,0.44326923076923075,0.7679316401481628
0.14816176470588235,0.4442307692307692,0.7667965292930603
0.15183823529411763,0.4442307692307692,0.7648505568504333
0.15183823529411763,0.44471153846153844,0.7646815180778503
0.15588235294117647,0.44471153846153844,0.763630211353302
0.15588235294117647,0.44519230769230766,0.7636074423789978
0.1610294117647059,0.44519230769230766,0.7618052959442139
0.1610294117647059,0.4466346153846154,0.7581693530082703
0.1625,0.4466346153846154,0.7573707699775696
0.1625,0.44903846153846155,0.7569358348846436
0.16286764705882353,0.44903846153846155,0.7569191455841064
0.16286764705882353,0.45528846153846153,0.7556917071342468
0.16323529411764706,0.45528846153846153,0.7556565403938293
0.16323529411764706,0.45625,0.7554907202720642
0.16433823529411765,0.45625,0.7554565072059631
0.16433823529411765,0.4567307692307692,0.7554366588592529
0.16580882352941176,0.4567307692307692,0.755370557308197
0.16580882352941176,0.45865384615384613,0.7552756667137146
0.1661764705882353,0.45865384615384613,0.7552496790885925
0.1661764705882353,0.4600961538461538,0.7551467418670654
0.1676470588235294,0.4600961538461538,0.7549289464950562
0.1676470588235294,0.46057692307692305,0.754897952079773
0.1698529411764706,0.46057692307692305,0.7544358372688293
0.1698529411764706,0.46105769230769234,0.7544127106666565
0.17352941176470588,0.46105769230769234,0.7538961172103882
0.17352941176470588,0.46153846153846156,0.7535606026649475
0.17536764705882352,0.46153846153846156,0.7525135278701782
0.17536764705882352,0.4634615384615385,0.75117027759552
0.1761029411764706,0.4634615384615385,0.7502356767654419
0.1761029411764706,0.46442307692307694,0.749839186668396
0.17647058823529413,0.46442307692307694,0.7496760487556458
0.17647058823529413,0.46490384615384617,0.7490352988243103
0.17683823529411766,0.46490384615384617,0.7485364079475403
0.17683823529411766,0.47884615384615387,0.7451448440551758
0.17720588235294119,0.47884615384615387,0.7451246380805969
0.17720588235294119,0.48173076923076924,0.7419910430908203
0.17794117647058824,0.48173076923076924,0.7417054772377014
0.17794117647058824,0.48221153846153847,0.741174578666687
0.17830882352941177,0.48221153846153847,0.7406800985336304
0.17830882352941177,0.4841346153846154,0.737876832485199
0.1786764705882353,0.4841346153846154,0.7368820905685425
0.1786764705882353,0.4846153846153846,0.7368574142456055
0.17941176470588235,0.4846153846153846,0.735414981842041
0.17941176470588235,0.48509615384615384,0.7350445985794067
0.19044117647058822,0.48509615384615384,0.7312957048416138
0.19044117647058822,0.4860576923076923,0.7308427095413208
0.19080882352941175,0.4860576923076923,0.7307444214820862
0.19080882352941175,0.48653846153846153,0.7307336330413818
0.20477941176470588,0.48653846153846153,0.7228814363479614
0.20477941176470588,0.49038461538461536,0.7224134206771851
0.2051470588235294,0.49038461538461536,0.7222986817359924
0.2051470588235294,0.5,0.720556378364563
0.20845588235294119,0.5,0.720173716545105
0.20845588235294119,0.5004807692307692,0.7200877666473389
0.21102941176470588,0.5004807692307692,0.719481885433197
0.21102941176470588,0.5009615384615385,0.7192700505256653
0.2113970588235294,0.5009615384615385,0.71921706199646
0.2113970588235294,0.5014423076923077,0.7191578149795532
0.21580882352941178,0.5014423076923077,0.7182233929634094
0.21580882352941178,0.5019230769230769,0.7181965112686157
0.21654411764705883,0.5019230769230769,0.7180927395820618
0.21654411764705883,0.5052884615384615,0.7176472544670105
0.21691176470588236,0.5052884615384615,0.7174952030181885
0.21691176470588236,0.5110576923076923,0.7162501811981201
0.2172794117647059,0.5110576923076923,0.7162495255470276
0.2172794117647059,0.5168269230769231,0.7152208685874939
0.2213235294117647,0.5168269230769231,0.7144335508346558
0.2213235294117647,0.5173076923076924,0.7144149541854858
0.2235294117647059,0.5173076923076924,0.7138581871986389
0.2235294117647059,0.5177884615384616,0.7137289643287659
0.22683823529411765,0.5177884615384616,0.7133950591087341
0.22683823529411765,0.5182692307692308,0.7133906483650208
0.22720588235294117,0.5182692307692308,0.7133868932723999
0.22720588235294117,0.51875,0.712875485420227
0.2275735294117647,0.51875,0.7127116918563843
0.2275735294117647,0.5197115384615385,0.7118598222732544
0.22794117647058823,0.5197115384615385,0.7118515968322754
0.22794117647058823,0.5225961538461539,0.7117365002632141
0.22830882352941176,0.5225961538461539,0.711672306060791
0.22830882352941176,0.5259615384615385,0.7107166647911072
0.22904411764705881,0.5259615384615385,0.710442841053009
0.22904411764705881,0.5331730769230769,0.7077676653862
0.22941176470588234,0.5331730769230769,0.7076407670974731
0.22941176470588234,0.5336538461538461,0.7073615789413452
0.22977941176470587,0.5336538461538461,0.706990659236908
0.22977941176470587,0.5413461538461538,0.7035725116729736
0.2301470588235294,0.5413461538461538,0.7034994959831238
0.2301470588235294,0.5451923076923076,0.7027859091758728
0.23051470588235295,0.5451923076923076,0.7027638554573059
0.23051470588235295,0.5548076923076923,0.7020057439804077
0.23088235294117648,0.5548076923076923,0.701781153678894
0.23088235294117648,0.5572115384615385,0.7013331651687622
0.23125,0.5572115384615385,0.701295793056488
0.23125,0.5591346153846154,0.700943112373352
0.23161764705882354,0.5591346153846154,0.7008470892906189
0.23161764705882354,0.5620192307692308,0.7006106376647949
0.2323529411764706,0.5620192307692308,0.7001106142997742
0.2323529411764706,0.5625,0.7000503540039062
0.23272058823529412,0.5625,0.6998754739761353
0.23272058823529412,0.5634615384615385,0.6989565491676331
0.23455882352941176,0.5634615384615385,0.6972557902336121
0.23455882352941176,0.5639423076923077,0.6968571543693542
0.2349264705882353,0.5639423076923077,0.6962413787841797
0.2349264705882353,0.5658653846153846,0.693396270275116
0.2452205882352941,0.5658653846153846,0.6910540461540222
0.2452205882352941,0.5663461538461538,0.6910504102706909
0.2672794117647059,0.5663461538461538,0.687710702419281
0.2672794117647059,0.5668269230769231,0.687349259853363
0.2676470588235294,0.5668269230769231,0.6872392892837524
0.2676470588235294,0.5692307692307692,0.6850944757461548
0.26875,0.5692307692307692,0.684567391872406
0.26875,0.5701923076923077,0.6836335062980652
0.2698529411764706,0.5701923076923077,0.6827270984649658
0.2698529411764706,0.5711538461538461,0.6820924282073975
0.275,0.5711538461538461,0.6803016662597656
0.275,0.5716346153846154,0.6801396608352661
0.2772058823529412,0.5716346153846154,0.6794193983078003
0.2772058823529412,0.5721153846153846,0.6793192625045776
0.28125,0.5721153846153846,0.67839515209198
0.28125,0.573076923076923,0.6772523522377014
0.28161764705882353,0.573076923076923,0.6771484613418579
0.28161764705882353,0.5745192307692307,0.6758171319961548
0.28345588235294117,0.5745192307692307,0.6744549870491028
0.28345588235294117,0.575,0.6737796068191528
0.2838235294117647,0.575,0.6735250949859619
0.2838235294117647,0.5754807692307692,0.6727505922317505
0.2841911764705882,0.5754807692307692,0.672444224357605
0.2841911764705882,0.5759615384615384,0.6718023419380188
0.2849264705882353,0.5759615384615384,0.6715439558029175
0.2849264705882353,0.5764423076923076,0.6713845729827881
0.2852941176470588,0.5764423076923076,0.6709522604942322
0.2852941176470588,0.5798076923076924,0.6705858111381531
0.2875,0.5798076923076924,0.670378565788269
0.2875,0.5802884615384616,0.6703751683235168
0.28823529411764703,0.5802884615384616,0.6701725125312805
0.28823529411764703,0.5822115384615385,0.6699654459953308
0.28860294117647056,0.5822115384615385,0.6698865294456482
0.28860294117647056,0.5826923076923077,0.6698827147483826
0.29007352941176473,0.5826923076923077,0.6696997880935669
0.29007352941176473,0.583173076923077,0.6696448922157288
0.29044117647058826,0.583173076923077,0.6694674491882324
0.29044117647058826,0.5846153846153846,0.6693107485771179
0.29154411764705884,0.5846153846153846,0.6691089868545532
0.29154411764705884,0.5865384615384616,0.6689019799232483
0.2922794117647059,0.5865384615384616,0.6688053011894226
0.2922794117647059,0.5870192307692308,0.668745219707489
0.29301470588235295,0.5870192307692308,0.6686939001083374
0.29301470588235295,0.5879807692307693,0.6686400175094604
0.2933823529411765,0.5879807692307693,0.6686159372329712
0.2933823529411765,0.5884615384615385,0.6686157584190369
0.29375,0.5884615384615385,0.6685949563980103
0.29375,0.5889423076923077,0.6685376167297363
0.2948529411764706,0.5889423076923077,0.668445885181427
0.2948529411764706,0.5894230769230769,0.6681951284408569
0.2952205882352941,0.5894230769230769,0.6680565476417542
0.2952205882352941,0.5908653846153846,0.6667882204055786
0.29558823529411765,0.5908653846153846,0.666691780090332
0.29558823529411765,0.5913461538461539,0.6663399338722229
0.2974264705882353,0.5913461538461539,0.663628876209259
0.2974264705882353,0.5918269230769231,0.663112223148346
0.2988970588235294,0.5918269230769231,0.6618632674217224
0.2988970588235294,0.5932692307692308,0.661407470703125
0.3,0.5932692307692308,0.6592552065849304
0.3,0.59375,0.6589738726615906
0.3003676470588235,0.59375,0.658403754234314
0.3003676470588235,0.5942307692307692,0.6574229001998901
0.30073529411764705,0.5942307692307692,0.6566174626350403
0.30073529411764705,0.5947115384615385,0.6563509702682495
0.30220588235294116,0.5947115384615385,0.6537982821464539
0.30220588235294116,0.5951923076923077,0.6537126898765564
0.3025735294117647,0.5951923076923077,0.6536003947257996
0.3025735294117647,0.6004807692307692,0.653063178062439
0.3029411764705882,0.6004807692307692,0.6530565619468689
0.3029411764705882,0.6033653846153846,0.6525884866714478
0.30330882352941174,0.6033653846153846,0.6525411605834961
0.30330882352941174,0.6057692307692307,0.6519711017608643
0.30367647058823527,0.6057692307692307,0.6517303586006165
0.30367647058823527,0.6115384615384616,0.650794506072998
0.3044117647058823,0.6115384615384616,0.6499857306480408
0.3044117647058823,0.6125,0.6494492888450623
0.3047794117647059,0.6125,0.6494447588920593
0.3047794117647059,0.6129807692307693,0.6460886597633362
0.30514705882352944,0.6129807692307693,0.6449031233787537
0.30514705882352944,0.6134615384615385,0.6447077989578247
0.30661764705882355,0.6134615384615385,0.6437391042709351
0.30661764705882355,0.614423076923077,0.6429815888404846
0.3073529411764706,0.614423076923077,0.6409950256347656
0.3073529411764706,0.6149038461538462,0.640777051448822
0.30808823529411766,0.6149038461538462,0.6399639844894409
0.30808823529411766,0.6163461538461539,0.6386736631393433
0.30919117647058825,0.6163461538461539,0.6382930278778076
0.30919117647058825,0.6177884615384616,0.6373103857040405
0.3095588235294118,0.6177884615384616,0.6366034150123596
0.3095588235294118,0.61875,0.6350339651107788
0.3099264705882353,0.61875,0.6347126364707947
0.3099264705882353,0.6432692307692308,0.6299012899398804
0.31029411764705883,0.6432692307692308,0.6298621296882629
0.31029411764705883,0.64375,0.6297399997711182
0.31066176470588236,0.64375,0.6296781897544861
0.31066176470588236,0.6490384615384616,0.6278796792030334
0.3113970588235294,0.6490384615384616,0.6267818212509155
0.3113970588235294,0.6495192307692308,0.6266525983810425
0.31985294117647056,0.6495192307692308,0.6237699389457703
0.31985294117647056,0.6509615384615385,0.6236383318901062
0.3202205882352941,0.6509615384615385,0.6236242055892944
0.3202205882352941,0.6514423076923077,0.6236019730567932
0.3209558823529412,0.6514423076923077,0.62358558177948
0.3209558823529412,0.6519230769230769,0.6235843300819397
0.32132352941176473,0.6519230769230769,0.6235562562942505
0.32132352941176473,0.6528846153846154,0.6235197186470032
0.32169117647058826,0.6528846153846154,0.6233532428741455
0.32169117647058826,0.6552884615384615,0.6230988502502441
0.3220588235294118,0.6552884615384615,0.6229409575462341
0.3220588235294118,0.6576923076923077,0.6226857900619507
0.3224264705882353,0.6576923076923077,0.6224203705787659
0.3224264705882353,0.6581730769230769,0.6223737001419067
0.32279411764705884,0.6581730769230769,0.6223361492156982
0.32279411764705884,0.6600961538461538,0.6222699284553528
0.32316176470588237,0.6600961538461538,0.6222465634346008
0.32316176470588237,0.6615384615384615,0.6221866011619568
0.3235294117647059,0.6615384615384615,0.6220449209213257
0.3235294117647059,0.6634615384615384,0.6218323707580566
0.3238970588235294,0.6634615384615384,0.6217541098594666
0.3238970588235294,0.6639423076923077,0.621677041053772
0.32426470588235295,0.6639423076923077,0.6216222643852234
0.32426470588235295,0.6711538461538461,0.6210058927536011
0.32536764705882354,0.6711538461538461,0.6209547519683838
0.32536764705882354,0.6860576923076923,0.6169819831848145
0.32573529411764707,0.6860576923076923,0.6168172955513
0.32573529411764707,0.6884615384615385,0.6161496639251709
0.3261029411764706,0.6884615384615385,0.6161382794380188
0.3261029411764706,0.6894230769230769,0.6160475015640259
0.3264705882352941,0.6894230769230769,0.6160112619400024
0.3264705882352941,0.6923076923076923,0.6156401038169861
0.32683823529411765,0.6923076923076923,0.6156046390533447
0.32683823529411765,0.69375,0.6150127053260803
0.3272058823529412,0.69375,0.6149336695671082
0.3272058823529412,0.6942307692307692,0.6139839291572571
0.3297794117647059,0.6942307692307692,0.6136939525604248
0.3297794117647059,0.6947115384615384,0.6135988235473633
0.33455882352941174,0.6947115384615384,0.6126703023910522
0.33455882352941174,0.6951923076923077,0.6125363707542419
0.33639705882352944,0.6951923076923077,0.6121087074279785
0.33639705882352944,0.6956730769230769,0.6121026873588562
0.34154411764705883,0.6956730769230769,0.6113590598106384
0.34154411764705883,0.6961538461538461,0.6113499999046326
0.3474264705882353,0.6961538461538461,0.6098552942276001
0.3474264705882353,0.6966346153846154,0.6089688539505005
0.3488970588235294,0.6966346153846154,0.6083551645278931
0.3488970588235294,0.6971153846153846,0.6077336668968201
0.3492647058823529,0.6971153846153846,0.6067807078361511
0.3492647058823529,0.6975961538461538,0.6067560315132141
0.35,0.6975961538461538,0.6065731048583984
0.35,0.7043269230769231,0.6054535508155823
0.3503676470588235,0.7043269230769231,0.6053523421287537
0.3503676470588235,0.7052884615384616,0.6051529049873352
0.35073529411764703,0.7052884615384616,0.605015218257904
0.35073529411764703,0.7125,0.6033708453178406
0.3536764705882353,0.7125,0.602775514125824
0.3536764705882353,0.7129807692307693,0.6027352213859558
0.35698529411764707,0.7129807692307693,0.6022153496742249
0.35698529411764707,0.7134615384615385,0.6019634008407593
0.35919117647058824,0.7134615384615385,0.6015275120735168
0.35919117647058824,0.7139423076923077,0.6013597249984741
0.3625,0.7139423076923077,0.6007381677627563
0.3625,0.7144230769230769,0.6007077097892761
0.36323529411764705,0.7144230769230769,0.5988903641700745
0.36323529411764705,0.7221153846153846,0.5973384976387024
0.3636029411764706,0.7221153846153846,0.5971298217773438
0.3636029411764706,0.7317307692307692,0.5939635038375854
0.3654411764705882,0.7317307692307692,0.5910760760307312
0.3654411764705882,0.7346153846153847,0.5871551632881165
0.36617647058823527,0.7346153846153847,0.586961567401886
0.36617647058823527,0.7350961538461539,0.5867206454277039
0.3669117647058823,0.7350961538461539,0.5845483541488647
0.3669117647058823,0.7355769230769231,0.5840461254119873
0.3698529411764706,0.7355769230769231,0.583169162273407
0.3698529411764706,0.7365384615384616,0.5830798745155334
0.3779411764705882,0.7365384615384616,0.5808528065681458
0.3779411764705882,0.7403846153846154,0.5796610713005066
0.37830882352941175,0.7403846153846154,0.579626202583313
0.37830882352941175,0.7418269230769231,0.5791656374931335
0.3786764705882353,0.7418269230769231,0.5791401267051697
0.3786764705882353,0.7543269230769231,0.5776756405830383
0.3790441176470588,0.7543269230769231,0.5775532722473145
0.3790441176470588,0.7697115384615385,0.5745105147361755
0.37941176470588234,0.7697115384615385,0.5742432475090027
0.37941176470588234,0.7745192307692308,0.5730333924293518
0.37977941176470587,0.7745192307692308,0.5729876160621643
0.37977941176470587,0.7769230769230769,0.5724694132804871
0.3801470588235294,0.7769230769230769,0.5724627375602722
0.3801470588235294,0.78125,0.571336567401886
0.38529411764705884,0.78125,0.5703228116035461
0.38529411764705884,0.7817307692307692,0.5701413750648499
0.3863970588235294,0.7817307692307692,0.5699543356895447
0.3863970588235294,0.7822115384615385,0.5697000622749329
0.3900735294117647,0.7822115384615385,0.5689520835876465
0.3900735294117647,0.7826923076923077,0.5688930749893188
0.39044117647058824,0.7826923076923077,0.5684401392936707
0.39044117647058824,0.7841346153846154,0.5675467252731323
0.39080882352941176,0.7841346153846154,0.5674659013748169
0.39080882352941176,0.7846153846153846,0.5673813223838806
0.3911764705882353,0.7846153846153846,0.5672308206558228
0.3911764705882353,0.7850961538461538,0.567179799079895
0.3915441176470588,0.7850961538461538,0.5669931769371033
0.3915441176470588,0.7865384615384615,0.5659672021865845
0.3922794117647059,0.7865384615384615,0.5658290386199951
0.3922794117647059,0.7903846153846154,0.564219057559967
0.3926470588235294,0.7903846153846154,0.5642029047012329
0.3926470588235294,0.8014423076923077,0.5618715286254883
0.39301470588235293,0.8014423076923077,0.5608479976654053
0.39301470588235293,0.8028846153846154,0.5600062608718872
0.3941176470588235,0.8028846153846154,0.5582054257392883
0.3941176470588235,0.8038461538461539,0.5576876401901245
0.39448529411764705,0.8038461538461539,0.556407630443573
0.39448529411764705,0.8057692307692308,0.5535545945167542
0.3952205882352941,0.8057692307692308,0.5531991124153137
0.3952205882352941,0.8067307692307693,0.5509229898452759
0.39558823529411763,0.8067307692307693,0.5509133338928223
0.39558823529411763,0.8072115384615385,0.5504527688026428
0.39595588235294116,0.8072115384615385,0.5495250821113586
0.39595588235294116,0.8086538461538462,0.5477054119110107
0.3963235294117647,0.8086538461538462,0.5471652150154114
0.3963235294117647,0.8091346153846154,0.5465862154960632
0.3966911764705882,0.8091346153846154,0.5464699864387512
0.3966911764705882,0.8096153846153846,0.5464082360267639
0.39705882352941174,0.8096153846153846,0.5464059114456177
0.39705882352941174,0.8134615384615385,0.5458164215087891
0.39742647058823527,0.8134615384615385,0.5456660985946655
0.39742647058823527,0.8240384615384615,0.5439936518669128
0.3977941176470588,0.8240384615384615,0.5439627170562744
0.3977941176470588,0.8264423076923076,0.5431482791900635
0.4007352941176471,0.8264423076923076,0.5426539182662964
0.4007352941176471,0.8269230769230769,0.54240483045578
0.40808823529411764,0.8269230769230769,0.5401957631111145
0.40808823529411764,0.8274038461538461,0.5394910573959351
0.40845588235294117,0.8274038461538461,0.5390732288360596
0.40845588235294117,0.8278846153846153,0.5390533804893494
0.4088235294117647,0.8278846153846153,0.5390287041664124
0.4088235294117647,0.8283653846153847,0.5389654636383057
0.4091911764705882,0.8283653846153847,0.5389265418052673
0.4091911764705882,0.8307692307692308,0.5354814529418945
0.41213235294117645,0.8307692307692308,0.5344840288162231
0.41213235294117645,0.83125,0.5342856049537659
0.4238970588235294,0.83125,0.5318602919578552
0.4238970588235294,0.8317307692307693,0.5318151116371155
0.42573529411764705,0.8317307692307693,0.5315060615539551
0.42573529411764705,0.8326923076923077,0.5314620733261108
0.4261029411764706,0.8326923076923077,0.5314041972160339
0.4261029411764706,0.8336538461538462,0.5311756134033203
0.43051470588235297,0.8336538461538462,0.5299885869026184
0.43051470588235297,0.8341346153846154,0.52995365858078
0.43161764705882355,0.8341346153846154,0.5297670364379883
0.43161764705882355,0.8346153846153846,0.5297017097473145
0.4323529411764706,0.8346153846153846,0.5291774868965149
0.4323529411764706,0.8365384615384616,0.5279227495193481
0.4334558823529412,0.8365384615384616,0.5262168645858765
0.4334558823529412,0.8379807692307693,0.5255099534988403
0.43419117647058825,0.8379807692307693,0.5248353481292725
0.43419117647058825,0.8394230769230769,0.5246036052703857
0.4345588235294118,0.8394230769230769,0.5240147113800049
0.4345588235294118,0.8399038461538462,0.5236639380455017
0.43529411764705883,0.8399038461538462,0.522295355796814
0.43529411764705883,0.8403846153846154,0.5219811797142029
0.43566176470588236,0.8403846153846154,0.5214763879776001
0.43566176470588236,0.8408653846153846,0.5212953686714172
0.43676470588235294,0.8408653846153846,0.5195821523666382
0.43676470588235294,0.8413461538461539,0.5194740295410156
0.4389705882352941,0.8413461538461539,0.5184520483016968
0.4389705882352941,0.8418269230769231,0.5184393525123596
0.4400735294117647,0.8418269230769231,0.5181702375411987
0.4400735294117647,0.8451923076923077,0.5179446935653687
0.4411764705882353,0.8451923076923077,0.5177447199821472
0.4411764705882353,0.8456730769230769,0.5176899433135986
0.44227941176470587,0.8456730769230769,0.517325758934021
0.44227941176470587,0.8485576923076923,0.5170447826385498
0.44338235294117645,0.8485576923076923,0.5167853832244873
0.44338235294117645,0.8495192307692307,0.5167490839958191
0.44375,0.8495192307692307,0.5166245698928833
0.44375,0.85,0.516482949256897
0.44485294117647056,0.85,0.5163689255714417
0.44485294117647056,0.8504807692307692,0.5163669586181641
0.44669117647058826,0.8504807692307692,0.5161306262016296
0.44669117647058826,0.8514423076923077,0.5159945487976074
0.4470588235294118,0.8514423076923077,0.5159310698509216
0.4470588235294118,0.854326923076923,0.5155794024467468
0.4474264705882353,0.854326923076923,0.5155575275421143
0.4474264705882353,0.8552884615384615,0.5153325796127319
0.4485294117647059,0.8552884615384615,0.5137332081794739
0.4485294117647059,0.8567307692307692,0.5130605697631836
0.4488970588235294,0.8567307692307692,0.5125715136528015
0.4488970588235294,0.8572115384615384,0.5125665068626404
0.44926470588235295,0.8572115384615384,0.5123239159584045
0.44926470588235295,0.8581730769230769,0.5109781622886658
0.45036764705882354,0.8581730769230769,0.510108470916748
0.45036764705882354,0.8586538461538461,0.5093650221824646
0.4511029411764706,0.8586538461538461,0.5088035464286804
0.4511029411764706,0.8591346153846153,0.507989764213562
0.4514705882352941,0.8591346153846153,0.5079510807991028
0.4514705882352941,0.8605769230769231,0.5050507187843323
0.45183823529411765,0.8605769230769231,0.5050506591796875
0.45183823529411765,0.8615384615384616,0.5037158131599426
0.4522058823529412,0.8615384615384616,0.5036451816558838
0.4522058823529412,0.8625,0.5007150173187256
0.45294117647058824,0.8625,0.4993593692779541
0.45294117647058824,0.864423076923077,0.4981827437877655
0.45330882352941176,0.864423076923077,0.497751384973526
0.45330882352941176,0.8658653846153846,0.4963448941707611
0.45441176470588235,0.8658653846153846,0.4943047761917114
0.45441176470588235,0.8668269230769231,0.49282726645469666
0.4547794117647059,0.8668269230769231,0.4926207363605499
0.4547794117647059,0.8673076923076923,0.49201202392578125
0.4551470588235294,0.8673076923076923,0.4919978082180023
0.4551470588235294,0.8682692307692308,0.49028053879737854
0.45551470588235293,0.8682692307692308,0.4892924129962921
0.45551470588235293,0.86875,0.4889698326587677
0.45588235294117646,0.86875,0.4887658357620239
0.45588235294117646,0.8706730769230769,0.48764535784721375
0.45625,0.8706730769230769,0.4868486225605011
0.45625,0.8711538461538462,0.48666492104530334
0.4566176470588235,0.8711538461538462,0.48643338680267334
0.4566176470588235,0.8716346153846154,0.4859934151172638
0.45698529411764705,0.8716346153846154,0.4857003390789032
0.45698529411764705,0.8730769230769231,0.48495781421661377
0.4573529411764706,0.8730769230769231,0.4843600392341614
0.4573529411764706,0.8745192307692308,0.4828161597251892
0.45808823529411763,0.8745192307692308,0.4816056489944458
0.45808823529411763,0.8754807692307692,0.4804805517196655
0.4588235294117647,0.8754807692307692,0.47689545154571533
0.4588235294117647,0.8759615384615385,0.4764389991760254
0.45992647058823527,0.8759615384615385,0.4744808077812195
0.45992647058823527,0.8769230769230769,0.4724328815937042
0.4636029411764706,0.8769230769230769,0.46809643507003784
0.4636029411764706,0.8774038461538461,0.4679551422595978
0.46544117647058825,0.8774038461538461,0.4675167500972748
0.46544117647058825,0.8778846153846154,0.4673782289028168
0.46875,0.8778846153846154,0.4662163257598877
0.46875,0.8783653846153846,0.46617984771728516
0.475,0.8783653846153846,0.4639420211315155
0.475,0.8788461538461538,0.4638671576976776
0.4827205882352941,0.8788461538461538,0.4603516757488251
0.4827205882352941,0.8793269230769231,0.4598817825317383
0.48308823529411765,0.8793269230769231,0.4590608477592468
0.48308823529411765,0.88125,0.4588318467140198
0.4834558823529412,0.88125,0.45881861448287964
0.4834558823529412,0.8817307692307692,0.4587959349155426
0.4838235294117647,0.8817307692307692,0.45879411697387695
0.4838235294117647,0.885576923076923,0.4579189419746399
0.48419117647058824,0.885576923076923,0.4577989876270294
0.48419117647058824,0.8927884615384616,0.4558722972869873
0.48455882352941176,0.8927884615384616,0.45450490713119507
0.48455882352941176,0.8932692307692308,0.4543304443359375
0.4852941176470588,0.8932692307692308,0.4535580277442932
0.4852941176470588,0.8971153846153846,0.4521085321903229
0.48566176470588235,0.8971153846153846,0.45207470655441284
0.48566176470588235,0.9028846153846154,0.4499239921569824
0.4860294117647059,0.9028846153846154,0.44985491037368774
0.4860294117647059,0.9043269230769231,0.44957736134529114
0.48713235294117646,0.9043269230769231,0.4494638442993164
0.48713235294117646,0.9048076923076923,0.4494381248950958
0.4878676470588235,0.9048076923076923,0.4494086503982544
0.4878676470588235,0.9052884615384615,0.44938555359840393
0.4886029411764706,0.9052884615384615,0.44936445355415344
0.4886029411764706,0.90625,0.4493195414543152
0.4904411764705882,0.90625,0.44877517223358154
0.4904411764705882,0.9067307692307692,0.4487471580505371
0.49080882352941174,0.9067307692307692,0.4486997723579407
0.49080882352941174,0.9072115384615385,0.4486171305179596
0.4915441176470588,0.9072115384615385,0.4483470022678375
0.4915441176470588,0.9076923076923077,0.44826260209083557
0.4963235294117647,0.9076923076923077,0.44696667790412903
0.4963235294117647,0.9081730769230769,0.4461471736431122
0.5088235294117647,0.9081730769230769,0.4405912458896637
0.5088235294117647,0.9086538461538461,0.4402666389942169
0.5095588235294117,0.9086538461538461,0.4402049481868744
0.5095588235294117,0.9096153846153846,0.438961923122406
0.5136029411764705,0.9096153846153846,0.4379138648509979
0.5136029411764705,0.9100961538461538,0.4378814101219177
0.5139705882352941,0.9100961538461538,0.43785563111305237
0.5139705882352941,0.9105769230769231,0.43752726912498474
0.5216911764705883,0.9105769230769231,0.4350723922252655
0.5216911764705883,0.9110576923076923,0.4345136880874634
0.5227941176470589,0.9110576923076923,0.43360504508018494
0.5227941176470589,0.9149038461538461,0.4331830143928528
0.5231617647058824,0.9149038461538461,0.43303418159484863
0.5231617647058824,0.9254807692307693,0.42986375093460083
0.5275735294117647,0.9254807692307693,0.4287993311882019
0.5275735294117647,0.9259615384615385,0.42876917123794556
0.5290441176470588,0.9259615384615385,0.4283471703529358
0.5290441176470588,0.9264423076923077,0.4281947910785675
0.5411764705882353,0.9264423076923077,0.4265778958797455
0.5411764705882353,0.9278846153846154,0.42652028799057007
0.5415441176470588,0.9278846153846154,0.42648836970329285
0.5415441176470588,0.9283653846153846,0.4264833331108093
0.5419117647058823,0.9283653846153846,0.42647236585617065
0.5419117647058823,0.9298076923076923,0.4264086186885834
0.5426470588235294,0.9298076923076923,0.4262961149215698
0.5426470588235294,0.9302884615384616,0.42621082067489624
0.544485294117647,0.9302884615384616,0.42590707540512085
0.544485294117647,0.9307692307692308,0.4258929491043091
0.5448529411764705,0.9307692307692308,0.4258355498313904
0.5448529411764705,0.9322115384615385,0.4257681369781494
0.5466911764705882,0.9322115384615385,0.42567333579063416
0.5466911764705882,0.9326923076923077,0.42567142844200134
0.5485294117647059,0.9326923076923077,0.4254119396209717
0.5485294117647059,0.9331730769230769,0.42540785670280457
0.549264705882353,0.9331730769230769,0.42540013790130615
0.549264705882353,0.9336538461538462,0.42531976103782654
0.5496323529411765,0.9336538461538462,0.4252133071422577
0.5496323529411765,0.9341346153846154,0.4251939058303833
0.55,0.9341346153846154,0.4251863658428192
0.55,0.9350961538461539,0.42505067586898804
0.5507352941176471,0.9350961538461539,0.42478302121162415
0.5507352941176471,0.9355769230769231,0.42477187514305115
0.5511029411764706,0.9355769230769231,0.4247664511203766
0.5511029411764706,0.9360576923076923,0.4246656894683838
0.5522058823529412,0.9360576923076923,0.4246153235435486
0.5522058823529412,0.9365384615384615,0.42459481954574585
0.5529411764705883,0.9365384615384615,0.42457231879234314
0.5529411764705883,0.9379807692307692,0.42450958490371704
0.5533088235294118,0.9379807692307692,0.42446833848953247
0.5533088235294118,0.9384615384615385,0.4244545102119446
0.5536764705882353,0.9384615384615385,0.424423485994339
0.5536764705882353,0.9394230769230769,0.42431604862213135
0.5551470588235294,0.9394230769230769,0.4239184260368347
0.5551470588235294,0.9399038461538461,0.42385411262512207
0.5558823529411765,0.9399038461538461,0.4232187569141388
0.5558823529411765,0.9403846153846154,0.42261365056037903
0.5588235294117647,0.9403846153846154,0.4183514714241028
0.5588235294117647,0.9418269230769231,0.41669920086860657
0.5591911764705882,0.9418269230769231,0.4165116846561432
0.5591911764705882,0.9423076923076923,0.4163527190685272
0.5595588235294118,0.9423076923076923,0.416164755821228
0.5595588235294118,0.9427884615384615,0.4157942831516266
0.5602941176470588,0.9427884615384615,0.41408008337020874
0.5602941176470588,0.9432692307692307,0.4121924042701721
0.5625,0.9432692307692307,0.40893620252609253
0.5625,0.9442307692307692,0.4077593684196472
0.5636029411764706,0.9442307692307692,0.403514564037323
0.5636029411764706,0.9451923076923077,0.4027203321456909
0.5724264705882353,0.9451923076923077,0.39938509464263916
0.5724264705882353,0.9456730769230769,0.39926281571388245
0.5742647058823529,0.9456730769230769,0.39860406517982483
0.5742647058823529,0.9461538461538461,0.3985555171966553
0.5764705882352941,0.9461538461538461,0.39672136306762695
0.5764705882352941,0.9466346153846154,0.3964105546474457
0.5772058823529411,0.9466346153846154,0.3943674862384796
0.5772058823529411,0.9471153846153846,0.3940644860267639
0.5779411764705882,0.9471153846153846,0.39375144243240356
0.5779411764705882,0.9475961538461538,0.39246484637260437
0.5948529411764706,0.9475961538461538,0.38954636454582214
0.5948529411764706,0.948076923076923,0.38951995968818665
0.6022058823529411,0.948076923076923,0.3874559998512268
0.6022058823529411,0.9485576923076923,0.38721489906311035
0.6029411764705882,0.9485576923076923,0.38677170872688293
0.6029411764705882,0.9490384615384615,0.38637441396713257
0.6099264705882353,0.9490384615384615,0.3844698965549469
0.6099264705882353,0.9495192307692307,0.38434353470802307
0.6136029411764706,0.9495192307692307,0.3836917579174042
0.6136029411764706,0.95,0.383421927690506
0.6268382352941176,0.95,0.3793705701828003
0.6268382352941176,0.9504807692307692,0.3790968060493469
0.6272058823529412,0.9504807692307692,0.37884941697120667
0.6272058823529412,0.9509615384615384,0.3780711889266968
0.6279411764705882,0.9509615384615384,0.37704721093177795
0.6279411764705882,0.9519230769230769,0.37659186124801636
0.6286764705882353,0.9519230769230769,0.3744868338108063
0.6286764705882353,0.9524038461538461,0.3742832541465759
0.6297794117647059,0.9524038461538461,0.37334635853767395
0.6297794117647059,0.9528846153846153,0.3716331124305725
0.6323529411764706,0.9528846153846153,0.37127622961997986
0.6323529411764706,0.9533653846153847,0.37116527557373047
0.6360294117647058,0.9533653846153847,0.3702276051044464
0.6360294117647058,0.9538461538461539,0.3700348138809204
0.6433823529411765,0.9538461538461539,0.36603087186813354
0.6433823529411765,0.9548076923076924,0.3654758334159851
0.64375,0.9548076923076924,0.3649233281612396
0.64375,0.9552884615384616,0.36437880992889404
0.6459558823529412,0.9552884615384616,0.36189699172973633
0.6459558823529412,0.95625,0.36064836382865906
0.6477941176470589,0.95625,0.3591580092906952
0.6477941176470589,0.9572115384615385,0.35846832394599915
0.6485294117647059,0.9572115384615385,0.3573419451713562
0.6485294117647059,0.9576923076923077,0.35703644156455994
0.649264705882353,0.9576923076923077,0.3563920557498932
0.649264705882353,0.958173076923077,0.3557969629764557
0.65,0.958173076923077,0.35478776693344116
0.65,0.9586538461538462,0.35454249382019043
0.6591911764705882,0.9586538461538462,0.3465287685394287
0.6591911764705882,0.9591346153846154,0.3463747203350067
0.6669117647058823,0.9591346153846154,0.34433603286743164
0.6669117647058823,0.9596153846153846,0.3442706763744354
0.6676470588235294,0.9596153846153846,0.3437844216823578
0.6676470588235294,0.9600961538461539,0.343051940202713
0.6775735294117647,0.9600961538461539,0.34041333198547363
0.6775735294117647,0.9605769230769231,0.340385377407074
0.6783088235294118,0.9605769230769231,0.3399147689342499
0.6783088235294118,0.9639423076923077,0.33886265754699707
0.6786764705882353,0.9639423076923077,0.33866846561431885
0.6786764705882353,0.9644230769230769,0.33866190910339355
0.6794117647058824,0.9644230769230769,0.33849409222602844
0.6794117647058824,0.9663461538461539,0.338224321603775
0.6797794117647059,0.9663461538461539,0.3382222354412079
0.6797794117647059,0.9668269230769231,0.338135689496994
0.6801470588235294,0.9668269230769231,0.3379424214363098
0.6801470588235294,0.9701923076923077,0.33713284134864807
0.680514705882353,0.9701923076923077,0.3371228277683258
0.680514705882353,0.9730769230769231,0.33680403232574463
0.6808823529411765,0.9730769230769231,0.33632174134254456
0.6808823529411765,0.9740384615384615,0.334934800863266
0.6834558823529412,0.9740384615384615,0.32943853735923767
0.6834558823529412,0.9745192307692307,0.32908642292022705
0.6941176470588235,0.9745192307692307,0.3239317536354065
0.6941176470588235,0.975,0.32370424270629883
0.6981617647058823,0.975,0.32118022441864014
0.6981617647058823,0.9754807692307692,0.32091453671455383
0.6985294117647058,0.9754807692307692,0.32040935754776
0.6985294117647058,0.9759615384615384,0.3202377259731293
0.7246323529411764,0.9759615384615384,0.3121323883533478
0.7246323529411764,0.9764423076923077,0.3118143379688263
0.7496323529411765,0.9764423076923077,0.30386829376220703
0.7496323529411765,0.9769230769230769,0.30239272117614746
0.7525735294117647,0.9769230769230769,0.29803821444511414
0.7525735294117647,0.9774038461538461,0.29733291268348694
0.75625,0.9774038461538461,0.28959357738494873
0.75625,0.9778846153846154,0.28934645652770996
0.7727941176470589,0.9778846153846154,0.2736509144306183
0.7727941176470589,0.9783653846153846,0.2730698585510254
0.775,0.9783653846153846,0.2703962028026581
0.775,0.9788461538461538,0.26982444524765015
0.7761029411764706,0.9788461538461538,0.26926389336586
0.7761029411764706,0.979326923076923,0.26891642808914185
0.7768382352941177,0.979326923076923,0.26780492067337036
0.7768382352941177,0.9798076923076923,0.2673841416835785
0.7790441176470588,0.9798076923076923,0.25848931074142456
0.7790441176470588,0.9802884615384615,0.2582343518733978
0.7922794117647058,0.9802884615384615,0.23910371959209442
0.7922794117647058,0.9807692307692307,0.2391035258769989
0.9033088235294118,0.9807692307692307,0.11486168950796127
0.9033088235294118,0.9865384615384616,0.11390558630228043
0.9036764705882353,0.9865384615384616,0.11388092488050461
0.9036764705882353,0.9942307692307693,0.11237891763448715
0.925,0.9942307692307693,0.11000979691743851
0.925,0.9947115384615385,0.10998184233903885
0.9268382352941177,0.9947115384615385,0.10726755857467651
0.9268382352941177,0.9951923076923077,0.10587012022733688
0.9286764705882353,0.9951923076923077,0.10307212173938751
0.9286764705882353,0.9956730769230769,0.10134891420602798
0.93125,0.9956730769230769,0.09731391817331314
0.93125,0.9961538461538462,0.09675543010234833
0.9316176470588236,0.9961538461538462,0.09649035334587097
0.9316176470588236,0.9966346153846154,0.09459403902292252
0.9334558823529412,0.9966346153846154,0.09154312312602997
0.9334558823529412,0.9971153846153846,0.09143265336751938
0.9466911764705882,0.9971153846153846,0.08588128536939621
0.9466911764705882,0.9975961538461539,0.08575136214494705
0.9551470588235295,0.9975961538461539,0.08474595099687576
0.9551470588235295,0.9980769230769231,0.0847267284989357
0.9566176470588236,0.9980769230769231,0.08458855748176575
0.9566176470588236,0.9985576923076923,0.08428087085485458
0.9569852941176471,0.9985576923076923,0.08385219424962997
0.9569852941176471,0.9990384615384615,0.08364798128604889
0.9610294117647059,0.9990384615384615,0.07935786247253418
0.9610294117647059,0.9995192307692308,0.07921901345252991
0.9647058823529412,0.9995192307692308,0.07185402512550354
0.9647058823529412,1.0,0.07135996967554092
1.0,1.0,0.01291985809803009
