FPR,TPR,Threshold
0.0,0.0,1.9913533329963684
0.0,0.0005263157894736842,0.9913533329963684
0.0,0.7910526315789473,0.7066735029220581
0.002,0.7910526315789473,0.7064774632453918
0.002,0.7963157894736842,0.7027032971382141
0.008,0.7963157894736842,0.7025347948074341
0.008,0.7968421052631579,0.7020673155784607
0.014,0.7968421052631579,0.7010664343833923
0.014,0.7973684210526316,0.7004016637802124
0.016,0.7973684210526316,0.6996587514877319
0.016,0.7978947368421052,0.6990982294082642
0.026,0.7978947368421052,0.6983210444450378
0.026,0.7984210526315789,0.6970663070678711
0.028,0.7984210526315789,0.6970263719558716
0.028,0.7989473684210526,0.6956129670143127
0.034,0.7989473684210526,0.6932918429374695
0.034,0.8,0.6930522322654724
0.036,0.8,0.6909143328666687
0.036,0.8015789473684211,0.688856840133667
0.038,0.8015789473684211,0.6884369254112244
0.038,0.8021052631578948,0.6875250339508057
0.04,0.8021052631578948,0.6871249079704285
0.04,0.8442105263157895,0.6513566374778748
0.044,0.8442105263157895,0.6508051156997681
0.044,0.848421052631579,0.649172842502594
0.046,0.848421052631579,0.648978590965271
0.046,0.8547368421052631,0.6474546194076538
0.048,0.8547368421052631,0.6473228335380554
0.048,0.8557894736842105,0.6461691856384277
0.058,0.8557894736842105,0.6456183195114136
0.058,0.8626315789473684,0.6432266235351562
0.06,0.8626315789473684,0.6425905227661133
0.06,0.8668421052631579,0.6406124234199524
0.062,0.8668421052631579,0.6405832767486572
0.062,0.8673684210526316,0.6404401063919067
0.064,0.8673684210526316,0.6398946046829224
0.064,0.8689473684210526,0.6390239596366882
0.07,0.8689473684210526,0.6383505463600159
0.07,0.8694736842105263,0.6374577283859253
0.074,0.8694736842105263,0.6363705396652222
0.074,0.8705263157894737,0.6361252069473267
0.076,0.8705263157894737,0.6357850432395935
0.076,0.8710526315789474,0.6354802250862122
0.09,0.8710526315789474,0.6337908506393433
0.09,0.871578947368421,0.6336023211479187
0.094,0.871578947368421,0.6331075429916382
0.094,0.8721052631578947,0.6325408816337585
0.096,0.8721052631578947,0.6317864060401917
0.096,0.8726315789473684,0.6302258372306824
0.1,0.8726315789473684,0.6275051236152649
0.1,0.8731578947368421,0.6273955702781677
0.106,0.8731578947368421,0.6250683069229126
0.106,0.8736842105263158,0.6248584389686584
0.12,0.8736842105263158,0.5972689986228943
0.12,0.9157894736842105,0.5090272426605225
0.266,0.9157894736842105,0.4181903898715973
0.266,0.9168421052631579,0.4173338711261749
0.272,0.9168421052631579,0.41638025641441345
0.272,0.9173684210526316,0.4155079126358032
0.274,0.9173684210526316,0.41397371888160706
0.274,0.9178947368421052,0.4138777256011963
0.276,0.9178947368421052,0.41330236196517944
0.276,0.9210526315789473,0.4106200933456421
0.278,0.9210526315789473,0.41031312942504883
0.278,0.9226315789473685,0.40844106674194336
0.28,0.9226315789473685,0.40778249502182007
0.28,0.9352631578947368,0.3821442127227783
0.286,0.9352631578947368,0.37934356927871704
0.286,0.9357894736842105,0.3792821764945984
0.288,0.9357894736842105,0.3783094584941864
0.288,0.9368421052631579,0.376669317483902
0.294,0.9368421052631579,0.37547874450683594
0.294,0.9373684210526316,0.3751213252544403
0.312,0.9373684210526316,0.36902353167533875
0.312,0.9378947368421052,0.36742764711380005
0.316,0.9378947368421052,0.36428722739219666
0.316,0.9389473684210526,0.36181211471557617
0.318,0.9389473684210526,0.3605380952358246
0.318,0.9410526315789474,0.3546655774116516
0.32,0.9410526315789474,0.3536766767501831
0.32,0.9594736842105264,0.31341925263404846
0.324,0.9594736842105264,0.31318873167037964
0.324,0.9610526315789474,0.31125783920288086
0.326,0.9610526315789474,0.31111785769462585
0.326,0.9636842105263158,0.30935513973236084
0.328,0.9636842105263158,0.30908849835395813
0.328,0.9647368421052631,0.308445006608963
0.338,0.9647368421052631,0.30681052803993225
0.338,0.9663157894736842,0.30579623579978943
0.342,0.9663157894736842,0.30393725633621216
0.342,0.966842105263158,0.3033139407634735
0.344,0.966842105263158,0.3031594455242157
0.344,0.9673684210526315,0.3031379282474518
0.35,0.9673684210526315,0.30067679286003113
0.35,0.9678947368421053,0.30026283860206604
0.352,0.9678947368421053,0.29876577854156494
0.352,0.968421052631579,0.2951376736164093
0.42,0.968421052631579,0.24666114151477814
0.42,0.9689473684210527,0.24650651216506958
0.436,0.9689473684210527,0.24350355565547943
0.436,0.9694736842105263,0.24161188304424286
0.44,0.9694736842105263,0.239247128367424
0.44,0.9705263157894737,0.2371036559343338
0.452,0.9705263157894737,0.23303993046283722
0.452,0.9715789473684211,0.2327863872051239
0.466,0.9715789473684211,0.23167292773723602
0.466,0.9721052631578947,0.231636643409729
0.468,0.9721052631578947,0.23158594965934753
0.468,0.9731578947368421,0.23059552907943726
0.47,0.9731578947368421,0.23044218122959137
0.47,0.9736842105263158,0.23037509620189667
0.472,0.9736842105263158,0.23037312924861908
0.472,0.9747368421052631,0.23010185360908508
0.474,0.9747368421052631,0.23000450432300568
0.474,0.9757894736842105,0.2295929491519928
0.476,0.9757894736842105,0.22924810647964478
0.476,0.9763157894736842,0.2291606217622757
0.478,0.9763157894736842,0.22885410487651825
0.478,0.9768421052631578,0.2286679595708847
0.482,0.9768421052631578,0.22853481769561768
0.482,0.9778947368421053,0.22785331308841705
0.5,0.9778947368421053,0.2252139002084732
0.5,0.978421052631579,0.2251315861940384
0.504,0.978421052631579,0.22419585287570953
0.504,0.9789473684210527,0.2233547568321228
0.68,0.9789473684210527,0.15694934129714966
0.68,0.98,0.15124960243701935
0.682,0.98,0.1497247815132141
0.682,0.9826315789473684,0.1461155116558075
0.684,0.9826315789473684,0.14591285586357117
0.684,0.9873684210526316,0.14337855577468872
0.686,0.9873684210526316,0.14323142170906067
0.686,0.988421052631579,0.1422080248594284
0.688,0.988421052631579,0.1417737752199173
0.688,0.9889473684210527,0.14098408818244934
0.69,0.9889473684210527,0.14010921120643616
0.69,0.9894736842105263,0.13968895375728607
0.808,0.9894736842105263,0.06276087462902069
0.808,0.99,0.06243202090263367
0.81,0.99,0.06146607547998428
0.81,0.9905263157894737,0.06111757457256317
0.816,0.9905263157894737,0.05951843410730362
0.816,0.9910526315789474,0.05949652940034866
0.82,0.9910526315789474,0.0590822733938694
0.82,0.991578947368421,0.05904339626431465
0.842,0.991578947368421,0.05743054300546646
0.842,0.9921052631578947,0.05708492547273636
0.844,0.9921052631578947,0.05692814663052559
0.844,0.9926315789473684,0.056725624948740005
0.846,0.9926315789473684,0.05672253295779228
0.846,0.998421052631579,0.05553213134407997
0.848,0.998421052631579,0.0554022453725338
0.848,0.9989473684210526,0.055368851870298386
0.85,0.9989473684210526,0.05510682612657547
0.85,0.9994736842105263,0.05482178553938866
0.852,0.9994736842105263,0.05475754663348198
0.852,1.0,0.054357558488845825
1.0,1.0,0.02594778686761856
