FPR,TPR,Threshold
0.0,0.0,1.963767170906067
0.0,0.000925925925925926,0.9637671709060669
0.0,0.48333333333333334,0.7694098949432373
0.0007575757575757576,0.48333333333333334,0.7692092061042786
0.0007575757575757576,0.49537037037037035,0.7665739059448242
0.0015151515151515152,0.49537037037037035,0.766563892364502
0.0015151515151515152,0.5046296296296297,0.7645031213760376
0.0030303030303030303,0.5046296296296297,0.7639061808586121
0.0030303030303030303,0.5333333333333333,0.7559730410575867
0.003787878787878788,0.5333333333333333,0.7559287548065186
0.003787878787878788,0.5425925925925926,0.7533345818519592
0.004545454545454545,0.5425925925925926,0.7523024082183838
0.004545454545454545,0.5462962962962963,0.7500172257423401
0.006060606060606061,0.5462962962962963,0.7497753500938416
0.006060606060606061,0.5527777777777778,0.7468991279602051
0.006818181818181818,0.5527777777777778,0.74625164270401
0.006818181818181818,0.5546296296296296,0.745930552482605
0.007575757575757576,0.5546296296296296,0.7452093362808228
0.007575757575757576,0.5583333333333333,0.7429177165031433
0.008333333333333333,0.5583333333333333,0.7427676320075989
0.008333333333333333,0.5601851851851852,0.7419087886810303
0.00909090909090909,0.5601851851851852,0.7415814399719238
0.00909090909090909,0.562962962962963,0.7414146065711975
0.009848484848484848,0.562962962962963,0.7405246496200562
0.009848484848484848,0.5638888888888889,0.7400625944137573
0.011363636363636364,0.5638888888888889,0.738910973072052
0.011363636363636364,0.5648148148148148,0.737284243106842
0.012121212121212121,0.5648148148148148,0.737225353717804
0.012121212121212121,0.5694444444444444,0.7350665330886841
0.013636363636363636,0.5694444444444444,0.7342363595962524
0.013636363636363636,0.5703703703703704,0.7326871156692505
0.015151515151515152,0.5703703703703704,0.732161283493042
0.015151515151515152,0.5712962962962963,0.732120931148529
0.015909090909090907,0.5712962962962963,0.7316997051239014
0.015909090909090907,0.5722222222222222,0.7314540147781372
0.016666666666666666,0.5722222222222222,0.7312162518501282
0.016666666666666666,0.5731481481481482,0.7308859825134277
0.01818181818181818,0.5731481481481482,0.7290698289871216
0.01818181818181818,0.5740740740740741,0.7288171648979187
0.020454545454545454,0.5740740740740741,0.7272620797157288
0.020454545454545454,0.575,0.7270439267158508
0.022727272727272728,0.575,0.7248497605323792
0.022727272727272728,0.5787037037037037,0.719798743724823
0.024242424242424242,0.5787037037037037,0.7165873646736145
0.024242424242424242,0.5805555555555556,0.7144151329994202
0.025757575757575757,0.5805555555555556,0.7129260301589966
0.025757575757575757,0.5833333333333334,0.7122025489807129
0.026515151515151516,0.5833333333333334,0.712064802646637
0.026515151515151516,0.5851851851851851,0.7111416459083557
0.02727272727272727,0.5851851851851851,0.7101383805274963
0.02727272727272727,0.5935185185185186,0.7077009081840515
0.02803030303030303,0.5935185185185186,0.7069606184959412
0.02803030303030303,0.5953703703703703,0.7064634561538696
0.02878787878787879,0.5953703703703703,0.7061391472816467
0.02878787878787879,0.6055555555555555,0.7035478949546814
0.030303030303030304,0.6055555555555555,0.702994704246521
0.030303030303030304,0.6435185185185185,0.6704155206680298
0.03106060606060606,0.6435185185185185,0.6699870228767395
0.03106060606060606,0.6462962962962963,0.6677323579788208
0.031818181818181815,0.6462962962962963,0.6672464609146118
0.031818181818181815,0.65,0.6649478077888489
0.03257575757575758,0.65,0.6647608876228333
0.03257575757575758,0.6509259259259259,0.664710283279419
0.038636363636363635,0.6509259259259259,0.6589743494987488
0.038636363636363635,0.6518518518518519,0.6588987112045288
0.04242424242424243,0.6518518518518519,0.6566047668457031
0.04242424242424243,0.6537037037037037,0.6535848379135132
0.04318181818181818,0.6537037037037037,0.6535488963127136
0.04318181818181818,0.6555555555555556,0.6529231071472168
0.04393939393939394,0.6555555555555556,0.652773380279541
0.04393939393939394,0.6564814814814814,0.6515129804611206
0.045454545454545456,0.6564814814814814,0.6511876583099365
0.045454545454545456,0.775,0.5878973007202148
0.04696969696969697,0.775,0.5867185592651367
0.04696969696969697,0.7759259259259259,0.5854352712631226
0.04772727272727273,0.7759259259259259,0.5852447748184204
0.04772727272727273,0.7805555555555556,0.5814289450645447
0.048484848484848485,0.7805555555555556,0.5802193284034729
0.048484848484848485,0.7833333333333333,0.5774152874946594
0.05,0.7833333333333333,0.5756661295890808
0.05,0.7842592592592592,0.5752040147781372
0.05303030303030303,0.7842592592592592,0.5714811682701111
0.05303030303030303,0.7870370370370371,0.5697486996650696
0.056818181818181816,0.7870370370370371,0.5672830939292908
0.056818181818181816,0.7898148148148149,0.5654609799385071
0.06060606060606061,0.7898148148148149,0.559908390045166
0.06060606060606061,0.7916666666666666,0.5477566123008728
0.06287878787878788,0.7916666666666666,0.5444539189338684
0.06287878787878788,0.7935185185185185,0.5433655977249146
0.0659090909090909,0.7935185185185185,0.541010856628418
0.0659090909090909,0.7944444444444444,0.5396386981010437
0.0696969696969697,0.7944444444444444,0.5374924540519714
0.0696969696969697,0.7953703703703704,0.5346750617027283
0.07121212121212121,0.7953703703703704,0.5335881114006042
0.07121212121212121,0.7962962962962963,0.5323318839073181
0.07272727272727272,0.7962962962962963,0.5317924618721008
0.07272727272727272,0.7981481481481482,0.5301204919815063
0.07348484848484849,0.7981481481481482,0.5293924808502197
0.07348484848484849,0.799074074074074,0.526539146900177
0.07424242424242425,0.799074074074074,0.5259408950805664
0.07424242424242425,0.8,0.5258272886276245
0.07575757575757576,0.8,0.5249645709991455
0.07575757575757576,0.8055555555555556,0.5131374597549438
0.07727272727272727,0.8055555555555556,0.510517954826355
0.07727272727272727,0.8083333333333333,0.5053995251655579
0.07803030303030303,0.8083333333333333,0.5053170919418335
0.07803030303030303,0.812037037037037,0.49686408042907715
0.07954545454545454,0.812037037037037,0.49554410576820374
0.07954545454545454,0.812962962962963,0.49514758586883545
0.0803030303030303,0.812962962962963,0.4944622814655304
0.0803030303030303,0.8148148148148148,0.4929381310939789
0.11969696969696969,0.8148148148148148,0.4295482039451599
0.11969696969696969,0.8166666666666667,0.4289291203022003
0.12121212121212122,0.8166666666666667,0.42722439765930176
0.12121212121212122,0.8175925925925925,0.42664894461631775
0.12272727272727273,0.8175925925925925,0.4246937930583954
0.12272727272727273,0.8185185185185185,0.42406243085861206
0.12727272727272726,0.8185185185185185,0.4214356541633606
0.12727272727272726,0.8194444444444444,0.4212866723537445
0.12803030303030302,0.8194444444444444,0.4209194481372833
0.12803030303030302,0.8212962962962963,0.4195917546749115
0.12954545454545455,0.8212962962962963,0.4185178577899933
0.12954545454545455,0.8231481481481482,0.4172893762588501
0.13106060606060607,0.8231481481481482,0.41716963052749634
0.13106060606060607,0.8240740740740741,0.4170517921447754
0.13560606060606062,0.8240740740740741,0.41436412930488586
0.13560606060606062,0.825925925925926,0.41357138752937317
0.13636363636363635,0.825925925925926,0.41351503133773804
0.13636363636363635,0.8277777777777777,0.4133007526397705
0.13787878787878788,0.8277777777777777,0.4125612676143646
0.13787878787878788,0.8287037037037037,0.4125250577926636
0.13863636363636364,0.8287037037037037,0.41202929615974426
0.13863636363636364,0.8296296296296296,0.41187408566474915
0.1393939393939394,0.8296296296296296,0.41168615221977234
0.1393939393939394,0.8314814814814815,0.4107247591018677
0.1409090909090909,0.8314814814814815,0.40964552760124207
0.1409090909090909,0.8333333333333334,0.40833035111427307
0.15681818181818183,0.8333333333333334,0.3927558362483978
0.15681818181818183,0.8342592592592593,0.392215371131897
0.15757575757575756,0.8342592592592593,0.3918222188949585
0.15757575757575756,0.8361111111111111,0.39158451557159424
0.16136363636363638,0.8361111111111111,0.3896479606628418
0.16136363636363638,0.837037037037037,0.3887300491333008
0.16363636363636364,0.837037037037037,0.38838279247283936
0.16363636363636364,0.8416666666666667,0.3873783051967621
0.1643939393939394,0.8416666666666667,0.3871387839317322
0.1643939393939394,0.8425925925925926,0.3869907557964325
0.16590909090909092,0.8425925925925926,0.38689157366752625
0.16590909090909092,0.8435185185185186,0.38676097989082336
0.16666666666666666,0.8435185185185186,0.3866979479789734
0.16666666666666666,0.8453703703703703,0.3852705955505371
0.16742424242424242,0.8453703703703703,0.3832598030567169
0.16742424242424242,0.8462962962962963,0.3829919993877411
0.1696969696969697,0.8462962962962963,0.38236162066459656
0.1696969696969697,0.8481481481481481,0.3817754089832306
0.17196969696969697,0.8481481481481481,0.3799591064453125
0.17196969696969697,0.8490740740740741,0.37963706254959106
0.17272727272727273,0.8490740740740741,0.3790165185928345
0.17272727272727273,0.850925925925926,0.37667953968048096
0.1734848484848485,0.850925925925926,0.37654218077659607
0.1734848484848485,0.8564814814814815,0.3711465001106262
0.17424242424242425,0.8564814814814815,0.3710106909275055
0.17424242424242425,0.8592592592592593,0.37035834789276123
0.175,0.8592592592592593,0.3695213496685028
0.175,0.8601851851851852,0.3685651123523712
0.17727272727272728,0.8601851851851852,0.3672454059123993
0.17727272727272728,0.8629629629629629,0.365389347076416
0.17803030303030304,0.8629629629629629,0.36536306142807007
0.17803030303030304,0.8648148148148148,0.3651726543903351
0.1787878787878788,0.8648148148148148,0.36475419998168945
0.1787878787878788,0.8685185185185185,0.3625001907348633
0.1803030303030303,0.8685185185185185,0.3619963526725769
0.1803030303030303,0.8694444444444445,0.3618600070476532
0.18181818181818182,0.8694444444444445,0.3611438274383545
0.18181818181818182,0.8703703703703703,0.3611251711845398
0.18333333333333332,0.8703703703703703,0.3603392243385315
0.18333333333333332,0.8722222222222222,0.3602290749549866
0.18409090909090908,0.8722222222222222,0.35961154103279114
0.18409090909090908,0.8731481481481481,0.3580309748649597
0.19015151515151515,0.8731481481481481,0.3547700047492981
0.19015151515151515,0.8740740740740741,0.35468170046806335
0.19318181818181818,0.8740740740740741,0.35320618748664856
0.19318181818181818,0.875,0.3530714213848114
0.1962121212121212,0.875,0.35266754031181335
0.1962121212121212,0.8759259259259259,0.35250529646873474
0.1984848484848485,0.8759259259259259,0.3512361943721771
0.1984848484848485,0.8768518518518519,0.3499147295951843
0.2015151515151515,0.8768518518518519,0.34931522607803345
0.2015151515151515,0.8777777777777778,0.34929904341697693
0.2037878787878788,0.8777777777777778,0.34831634163856506
0.2037878787878788,0.8787037037037037,0.34769871830940247
0.20606060606060606,0.8787037037037037,0.34572651982307434
0.20606060606060606,0.8796296296296297,0.34478268027305603
0.20681818181818182,0.8796296296296297,0.34439364075660706
0.20681818181818182,0.8805555555555555,0.3434236943721771
0.20909090909090908,0.8805555555555555,0.34279265999794006
0.20909090909090908,0.8833333333333333,0.3407474458217621
0.21136363636363636,0.8833333333333333,0.3361923396587372
0.21136363636363636,0.8842592592592593,0.33618292212486267
0.21212121212121213,0.8842592592592593,0.336160272359848
0.21212121212121213,0.8925925925925926,0.32342737913131714
0.2128787878787879,0.8925925925925926,0.32209497690200806
0.2128787878787879,0.8972222222222223,0.31679442524909973
0.21363636363636362,0.8972222222222223,0.3167033791542053
0.21363636363636362,0.9,0.31384164094924927
0.2143939393939394,0.9,0.31137025356292725
0.2143939393939394,0.9018518518518519,0.31036192178726196
0.21515151515151515,0.9018518518518519,0.31029799580574036
0.21515151515151515,0.9157407407407407,0.3014706075191498
0.2159090909090909,0.9157407407407407,0.30108344554901123
0.2159090909090909,0.9222222222222223,0.2971523702144623
0.21666666666666667,0.9222222222222223,0.2962985336780548
0.21666666666666667,0.9231481481481482,0.29576075077056885
0.21818181818181817,0.9231481481481482,0.2950170040130615
0.21818181818181817,0.924074074074074,0.29374387860298157
0.2196969696969697,0.924074074074074,0.29098963737487793
0.2196969696969697,0.9259259259259259,0.29041412472724915
0.22121212121212122,0.9259259259259259,0.2900417149066925
0.22121212121212122,0.9277777777777778,0.28933417797088623
0.22348484848484848,0.9277777777777778,0.2889418303966522
0.22348484848484848,0.9287037037037037,0.2884312868118286
0.225,0.9287037037037037,0.2883495092391968
0.225,0.9296296296296296,0.2880769371986389
0.22575757575757577,0.9296296296296296,0.28753554821014404
0.22575757575757577,0.9305555555555556,0.2873573899269104
0.22954545454545455,0.9305555555555556,0.28497353196144104
0.22954545454545455,0.9314814814814815,0.2849050462245941
0.23030303030303031,0.9314814814814815,0.2846105098724365
0.23030303030303031,0.9324074074074075,0.2844299376010895
0.2318181818181818,0.9324074074074075,0.2825169861316681
0.2318181818181818,0.9333333333333333,0.28242215514183044
0.23257575757575757,0.9333333333333333,0.2821071743965149
0.23257575757575757,0.9342592592592592,0.2819167971611023
0.23333333333333334,0.9342592592592592,0.28185155987739563
0.23333333333333334,0.9351851851851852,0.2817492187023163
0.24242424242424243,0.9351851851851852,0.27813100814819336
0.24242424242424243,0.9407407407407408,0.2760835587978363
0.24696969696969698,0.9407407407407408,0.2731603980064392
0.24696969696969698,0.9416666666666667,0.27260538935661316
0.25075757575757573,0.9416666666666667,0.27103331685066223
0.25075757575757573,0.9425925925925925,0.27102577686309814
0.2515151515151515,0.9425925925925925,0.2705647945404053
0.2515151515151515,0.9435185185185185,0.27037203311920166
0.2606060606060606,0.9435185185185185,0.26790401339530945
0.2606060606060606,0.9444444444444444,0.2678810656070709
0.26136363636363635,0.9444444444444444,0.26781490445137024
0.26136363636363635,0.9462962962962963,0.26722055673599243
0.26212121212121214,0.9462962962962963,0.26717209815979004
0.26212121212121214,0.9481481481481482,0.26607826352119446
0.2636363636363636,0.9481481481481482,0.2655719816684723
0.2636363636363636,0.9490740740740741,0.26522278785705566
0.2643939393939394,0.9490740740740741,0.26438844203948975
0.2643939393939394,0.95,0.26386407017707825
0.26590909090909093,0.95,0.2614564895629883
0.26590909090909093,0.9518518518518518,0.2609681785106659
0.2674242424242424,0.9518518518518518,0.2603241205215454
0.2674242424242424,0.9527777777777777,0.2601618766784668
0.2681818181818182,0.9527777777777777,0.2592628598213196
0.2681818181818182,0.9546296296296296,0.25876277685165405
0.2696969696969697,0.9546296296296296,0.2583838403224945
0.2696969696969697,0.9555555555555556,0.25781768560409546
0.271969696969697,0.9555555555555556,0.2531973719596863
0.271969696969697,0.9564814814814815,0.25309228897094727
0.27424242424242423,0.9564814814814815,0.25287559628486633
0.27424242424242423,0.9574074074074074,0.25259408354759216
0.27575757575757576,0.9574074074074074,0.25232163071632385
0.27575757575757576,0.9583333333333334,0.2522280216217041
0.278030303030303,0.9583333333333334,0.25056272745132446
0.278030303030303,0.9601851851851851,0.24966725707054138
0.2833333333333333,0.9601851851851851,0.24722769856452942
0.2833333333333333,0.9611111111111111,0.24681150913238525
0.2856060606060606,0.9611111111111111,0.24543072283267975
0.2856060606060606,0.9629629629629629,0.2448142170906067
0.30606060606060603,0.9629629629629629,0.23258742690086365
0.30606060606060603,0.9638888888888889,0.23233665525913239
0.3098484848484849,0.9638888888888889,0.22569885849952698
0.3098484848484849,0.9648148148148148,0.2255443036556244
0.3181818181818182,0.9648148148148148,0.219918355345726
0.3181818181818182,0.9657407407407408,0.21977289021015167
0.32272727272727275,0.9657407407407408,0.21767310798168182
0.32272727272727275,0.9666666666666667,0.21752102673053741
0.33106060606060606,0.9666666666666667,0.21110320091247559
0.33106060606060606,0.9675925925925926,0.21095211803913116
0.3333333333333333,0.9675925925925926,0.20821788907051086
0.3333333333333333,0.9694444444444444,0.203078493475914
0.3340909090909091,0.9694444444444444,0.20167341828346252
0.3340909090909091,0.9703703703703703,0.20100927352905273
0.34015151515151515,0.9703703703703703,0.19415974617004395
0.34015151515151515,0.9712962962962963,0.19391614198684692
0.3462121212121212,0.9712962962962963,0.1902552843093872
0.3462121212121212,0.9722222222222222,0.1900940239429474
0.3606060606060606,0.9722222222222222,0.18488556146621704
0.3606060606060606,0.9731481481481481,0.1848153918981552
0.3643939393939394,0.9731481481481481,0.18351632356643677
0.3643939393939394,0.9740740740740741,0.18328294157981873
0.36666666666666664,0.9740740740740741,0.1831318438053131
0.36666666666666664,0.975,0.18308015167713165
0.3787878787878788,0.975,0.17818310856819153
0.3787878787878788,0.9768518518518519,0.1781499683856964
0.3795454545454545,0.9768518518518519,0.17794577777385712
0.3795454545454545,0.9777777777777777,0.1776413917541504
0.3803030303030303,0.9777777777777777,0.17738980054855347
0.3803030303030303,0.9787037037037037,0.17719480395317078
0.38106060606060604,0.9787037037037037,0.1769559383392334
0.38106060606060604,0.9805555555555555,0.17652441561222076
0.38636363636363635,0.9805555555555555,0.17489345371723175
0.38636363636363635,0.9833333333333333,0.17311768233776093
0.39166666666666666,0.9833333333333333,0.17232359945774078
0.39166666666666666,0.9842592592592593,0.17223459482192993
0.403030303030303,0.9842592592592593,0.16881345212459564
0.403030303030303,0.9851851851851852,0.1687404215335846
0.44545454545454544,0.9851851851851852,0.15920668840408325
0.44545454545454544,0.9861111111111112,0.15905845165252686
0.4734848484848485,0.9861111111111112,0.15238091349601746
0.4734848484848485,0.987037037037037,0.15202714502811432
0.4810606060606061,0.987037037037037,0.1507166624069214
0.4810606060606061,0.9879629629629629,0.1506681591272354
0.48333333333333334,0.9879629629629629,0.150348499417305
0.48333333333333334,0.9888888888888889,0.1502927839756012
0.5106060606060606,0.9888888888888889,0.14513857662677765
0.5106060606060606,0.9898148148148148,0.14510124921798706
0.525,0.9898148148148148,0.14324073493480682
0.525,0.9907407407407407,0.1432056874036789
0.5454545454545454,0.9907407407407407,0.1392030566930771
0.5454545454545454,0.9916666666666667,0.13895685970783234
0.5522727272727272,0.9916666666666667,0.13759201765060425
0.5522727272727272,0.9925925925925926,0.13705144822597504
0.5583333333333333,0.9925925925925926,0.13377223908901215
0.5583333333333333,0.9935185185185185,0.13295865058898926
0.5590909090909091,0.9935185185185185,0.13269972801208496
0.5590909090909091,0.9953703703703703,0.13255593180656433
0.5606060606060606,0.9953703703703703,0.13154175877571106
0.5606060606060606,0.9972222222222222,0.13119803369045258
0.5636363636363636,0.9972222222222222,0.12957192957401276
0.5636363636363636,0.9981481481481481,0.12937869131565094
0.5651515151515152,0.9981481481481481,0.1285313218832016
0.5651515151515152,1.0,0.12827631831169128
1.0,1.0,0.015733225271105766
