FPR,TPR,Threshold
0.0,0.0,1.954453945159912
0.0,0.0009615384615384616,0.9544539451599121
0.0,0.04326923076923077,0.9292211532592773
0.0007352941176470588,0.04326923076923077,0.9290748834609985
0.0007352941176470588,0.04423076923076923,0.9289113283157349
0.0014705882352941176,0.04423076923076923,0.9288097023963928
0.0014705882352941176,0.04519230769230769,0.9276983141899109
0.0029411764705882353,0.04519230769230769,0.9273819923400879
0.0029411764705882353,0.047115384615384615,0.9257156848907471
0.003676470588235294,0.047115384615384615,0.925620436668396
0.003676470588235294,0.05,0.922717273235321
0.005147058823529412,0.05,0.922328770160675
0.005147058823529412,0.05096153846153846,0.9219775199890137
0.0058823529411764705,0.05096153846153846,0.9219076037406921
0.0058823529411764705,0.051923076923076926,0.9217886924743652
0.007352941176470588,0.051923076923076926,0.9210191369056702
0.007352941176470588,0.0625,0.9167690277099609
0.008088235294117648,0.0625,0.9164336919784546
0.008088235294117648,0.06442307692307692,0.915840208530426
0.008823529411764706,0.06442307692307692,0.9152354598045349
0.008823529411764706,0.0673076923076923,0.9149730205535889
0.009558823529411765,0.0673076923076923,0.9149107336997986
0.009558823529411765,0.07019230769230769,0.9133544564247131
0.010294117647058823,0.07019230769230769,0.9131952524185181
0.010294117647058823,0.08269230769230769,0.9092555642127991
0.011029411764705883,0.08269230769230769,0.9092087745666504
0.011029411764705883,0.09134615384615384,0.9071811437606812
0.011764705882352941,0.09134615384615384,0.9071747064590454
0.011764705882352941,0.09230769230769231,0.9067007899284363
0.0125,0.09230769230769231,0.9064344167709351
0.0125,0.11153846153846154,0.9016910791397095
0.013235294117647059,0.11153846153846154,0.9014291167259216
0.013235294117647059,0.11442307692307692,0.900442898273468
0.013970588235294118,0.11442307692307692,0.9004266858100891
0.013970588235294118,0.11634615384615385,0.8996132016181946
0.014705882352941176,0.11634615384615385,0.8992927670478821
0.014705882352941176,0.2653846153846154,0.8421376347541809
0.016176470588235296,0.2653846153846154,0.8416943550109863
0.016176470588235296,0.26826923076923076,0.8406073451042175
0.016911764705882352,0.26826923076923076,0.8401632905006409
0.016911764705882352,0.2701923076923077,0.8398604393005371
0.01838235294117647,0.2701923076923077,0.8396158814430237
0.01838235294117647,0.2721153846153846,0.838479220867157
0.01911764705882353,0.2721153846153846,0.8382942080497742
0.01911764705882353,0.27307692307692305,0.8377437591552734
0.019852941176470587,0.27307692307692305,0.8374080657958984
0.019852941176470587,0.27403846153846156,0.8373636603355408
0.020588235294117647,0.27403846153846156,0.8368009328842163
0.020588235294117647,0.275,0.8366448879241943
0.021323529411764706,0.275,0.8364734053611755
0.021323529411764706,0.27884615384615385,0.8339564800262451
0.022058823529411766,0.27884615384615385,0.8338487148284912
0.022058823529411766,0.28557692307692306,0.8317602872848511
0.022794117647058822,0.28557692307692306,0.8314982056617737
0.022794117647058822,0.2865384615384615,0.831402599811554
0.023529411764705882,0.2865384615384615,0.8311230540275574
0.023529411764705882,0.2875,0.8300428986549377
0.02426470588235294,0.2875,0.8298391103744507
0.02426470588235294,0.28942307692307695,0.8296329379081726
0.025,0.28942307692307695,0.8292844891548157
0.025,0.29134615384615387,0.8287091851234436
0.025735294117647058,0.29134615384615387,0.8285402059555054
0.025735294117647058,0.2923076923076923,0.828352153301239
0.026470588235294117,0.2923076923076923,0.8283448815345764
0.026470588235294117,0.2932692307692308,0.8283312320709229
0.027205882352941177,0.2932692307692308,0.8280519843101501
0.027205882352941177,0.29615384615384616,0.8277106881141663
0.027941176470588237,0.29615384615384616,0.8269547820091248
0.027941176470588237,0.2971153846153846,0.8266454935073853
0.028676470588235293,0.2971153846153846,0.8264995217323303
0.028676470588235293,0.2980769230769231,0.8264192342758179
0.029411764705882353,0.2980769230769231,0.8263465166091919
0.029411764705882353,0.3211538461538462,0.8188331127166748
0.030147058823529412,0.3211538461538462,0.8182502388954163
0.030147058823529412,0.3269230769230769,0.8156530261039734
0.030882352941176472,0.3269230769230769,0.8152915239334106
0.030882352941176472,0.3423076923076923,0.8115198016166687
0.03161764705882353,0.3423076923076923,0.8115021586418152
0.03161764705882353,0.34326923076923077,0.8108302354812622
0.03235294117647059,0.34326923076923077,0.8101742267608643
0.03235294117647059,0.3471153846153846,0.8091577291488647
0.03308823529411765,0.3471153846153846,0.8089733719825745
0.03308823529411765,0.35384615384615387,0.8058315515518188
0.03455882352941177,0.35384615384615387,0.8057917356491089
0.03455882352941177,0.3548076923076923,0.8057689070701599
0.03529411764705882,0.3548076923076923,0.805351734161377
0.03529411764705882,0.3557692307692308,0.8053037524223328
0.03602941176470588,0.3557692307692308,0.805156946182251
0.03602941176470588,0.35673076923076924,0.8048177361488342
0.03676470588235294,0.35673076923076924,0.8045148849487305
0.03676470588235294,0.3596153846153846,0.8037365674972534
0.0375,0.3596153846153846,0.8031421899795532
0.0375,0.3605769230769231,0.8030957579612732
0.03823529411764706,0.3605769230769231,0.8030180335044861
0.03823529411764706,0.3644230769230769,0.8022487759590149
0.03897058823529412,0.3644230769230769,0.801971435546875
0.03897058823529412,0.36730769230769234,0.801758885383606
0.039705882352941174,0.36730769230769234,0.8013399243354797
0.039705882352941174,0.3730769230769231,0.7999618649482727
0.04044117647058824,0.3730769230769231,0.7999137043952942
0.04044117647058824,0.37403846153846154,0.7998296618461609
0.041176470588235294,0.37403846153846154,0.7997245788574219
0.041176470588235294,0.375,0.7992903590202332
0.04191176470588235,0.375,0.7992196679115295
0.04191176470588235,0.38846153846153847,0.7962513566017151
0.04264705882352941,0.38846153846153847,0.7962180972099304
0.04264705882352941,0.3894230769230769,0.795813798904419
0.04411764705882353,0.3894230769230769,0.7954109907150269
0.04411764705882353,0.3923076923076923,0.7945223450660706
0.04485294117647059,0.3923076923076923,0.7941561937332153
0.04485294117647059,0.3951923076923077,0.7936522960662842
0.047058823529411764,0.3951923076923077,0.7930672764778137
0.047058823529411764,0.4009615384615385,0.7917846441268921
0.04852941176470588,0.4009615384615385,0.7913584113121033
0.04852941176470588,0.40192307692307694,0.7912824749946594
0.05220588235294118,0.40192307692307694,0.7906350493431091
0.05220588235294118,0.4028846153846154,0.7905142307281494
0.052941176470588235,0.4028846153846154,0.7904300093650818
0.052941176470588235,0.40576923076923077,0.789770781993866
0.054411764705882354,0.40576923076923077,0.7889652252197266
0.054411764705882354,0.4096153846153846,0.787187933921814
0.05514705882352941,0.4096153846153846,0.7871397733688354
0.05514705882352941,0.41057692307692306,0.7867007255554199
0.06102941176470588,0.41057692307692306,0.7840259671211243
0.06102941176470588,0.4173076923076923,0.7827014327049255
0.061764705882352944,0.4173076923076923,0.7823505997657776
0.061764705882352944,0.42115384615384616,0.7817656397819519
0.0625,0.42115384615384616,0.7816523313522339
0.0625,0.42403846153846153,0.7813671231269836
0.06470588235294118,0.42403846153846153,0.7806978225708008
0.06470588235294118,0.425,0.7806883454322815
0.0661764705882353,0.425,0.7803124189376831
0.0661764705882353,0.42788461538461536,0.7798357009887695
0.06691176470588235,0.42788461538461536,0.7794797420501709
0.06691176470588235,0.4288461538461538,0.7794791460037231
0.06764705882352941,0.4288461538461538,0.7792695760726929
0.06764705882352941,0.42980769230769234,0.7790867686271667
0.06838235294117648,0.42980769230769234,0.7780501842498779
0.06838235294117648,0.43173076923076925,0.7776488065719604
0.06985294117647059,0.43173076923076925,0.7760472893714905
0.06985294117647059,0.4355769230769231,0.7746763229370117
0.07058823529411765,0.4355769230769231,0.7744216322898865
0.07058823529411765,0.4403846153846154,0.772321879863739
0.0713235294117647,0.4403846153846154,0.7720486521720886
0.0713235294117647,0.4442307692307692,0.7715312838554382
0.07205882352941176,0.4442307692307692,0.7709798812866211
0.07205882352941176,0.4519230769230769,0.7688107490539551
0.07352941176470588,0.4519230769230769,0.7686486840248108
0.07352941176470588,0.45384615384615384,0.7681035995483398
0.07426470588235294,0.45384615384615384,0.7680500745773315
0.07426470588235294,0.4548076923076923,0.7668415307998657
0.07647058823529412,0.4548076923076923,0.7658728361129761
0.07647058823529412,0.4596153846153846,0.7649595737457275
0.07720588235294118,0.4596153846153846,0.7645358443260193
0.07720588235294118,0.46057692307692305,0.7644595503807068
0.07794117647058824,0.46057692307692305,0.7643753886222839
0.07794117647058824,0.46153846153846156,0.7643734216690063
0.07867647058823529,0.46153846153846156,0.7640482783317566
0.07867647058823529,0.4673076923076923,0.7618936896324158
0.07941176470588235,0.4673076923076923,0.7615492343902588
0.07941176470588235,0.46923076923076923,0.7610287070274353
0.08014705882352942,0.46923076923076923,0.7607823610305786
0.08014705882352942,0.47307692307692306,0.7592979073524475
0.08088235294117647,0.47307692307692306,0.7589899897575378
0.08088235294117647,0.4740384615384615,0.7588765025138855
0.08161764705882353,0.4740384615384615,0.7587078809738159
0.08161764705882353,0.475,0.7582430243492126
0.08308823529411764,0.475,0.7578853368759155
0.08308823529411764,0.4807692307692308,0.7567506432533264
0.0838235294117647,0.4807692307692308,0.7566944360733032
0.0838235294117647,0.4826923076923077,0.7563413381576538
0.08455882352941177,0.4826923076923077,0.7561109662055969
0.08455882352941177,0.48365384615384616,0.75592440366745
0.0875,0.48365384615384616,0.7535310983657837
0.0875,0.4846153846153846,0.7534164786338806
0.08970588235294118,0.4846153846153846,0.7523712515830994
0.08970588235294118,0.48653846153846153,0.7520332932472229
0.09044117647058823,0.48653846153846153,0.7515884637832642
0.09044117647058823,0.4913461538461538,0.7506439089775085
0.09117647058823529,0.4913461538461538,0.7505881786346436
0.09117647058823529,0.4932692307692308,0.750353991985321
0.09191176470588236,0.4932692307692308,0.7501509189605713
0.09191176470588236,0.49423076923076925,0.749866783618927
0.09264705882352942,0.49423076923076925,0.7493536472320557
0.09264705882352942,0.49615384615384617,0.7489979267120361
0.09485294117647058,0.49615384615384617,0.7485837340354919
0.09485294117647058,0.4971153846153846,0.7485612630844116
0.09558823529411764,0.4971153846153846,0.747817873954773
0.09558823529411764,0.49903846153846154,0.7477918863296509
0.09705882352941177,0.49903846153846154,0.747411847114563
0.09705882352941177,0.5,0.7467753291130066
0.09779411764705882,0.5,0.7461496591567993
0.09779411764705882,0.5009615384615385,0.746088445186615
0.10220588235294117,0.5009615384615385,0.7444868087768555
0.10220588235294117,0.5028846153846154,0.7435650825500488
0.10294117647058823,0.5028846153846154,0.7429118156433105
0.10294117647058823,0.5038461538461538,0.7428357005119324
0.10441176470588236,0.5038461538461538,0.7425573468208313
0.10441176470588236,0.5048076923076923,0.7423061728477478
0.10588235294117647,0.5048076923076923,0.7418280839920044
0.10588235294117647,0.5057692307692307,0.7414694428443909
0.10661764705882353,0.5057692307692307,0.7407339811325073
0.10661764705882353,0.5067307692307692,0.7406423091888428
0.10808823529411765,0.5067307692307692,0.7399847507476807
0.10808823529411765,0.510576923076923,0.7397516369819641
0.10955882352941176,0.510576923076923,0.7385300397872925
0.10955882352941176,0.5144230769230769,0.7366160750389099
0.11029411764705882,0.5144230769230769,0.7363819479942322
0.11029411764705882,0.5163461538461539,0.7353644371032715
0.11176470588235295,0.5163461538461539,0.7350449562072754
0.11176470588235295,0.5173076923076924,0.7350080013275146
0.11397058823529412,0.5173076923076924,0.7343243360519409
0.11397058823529412,0.5182692307692308,0.7339861989021301
0.11544117647058824,0.5182692307692308,0.7334671020507812
0.11544117647058824,0.5201923076923077,0.7324148416519165
0.12058823529411765,0.5201923076923077,0.7297947406768799
0.12058823529411765,0.5230769230769231,0.7284035086631775
0.12279411764705882,0.5230769230769231,0.7269765138626099
0.12279411764705882,0.5269230769230769,0.7240126729011536
0.12352941176470589,0.5269230769230769,0.7239192128181458
0.12352941176470589,0.5298076923076923,0.7227275967597961
0.12426470588235294,0.5298076923076923,0.7223766446113586
0.12426470588235294,0.5355769230769231,0.7209064960479736
0.125,0.5355769230769231,0.7205150127410889
0.125,0.5365384615384615,0.7203805446624756
0.1264705882352941,0.5365384615384615,0.7201772928237915
0.1264705882352941,0.5375,0.7201606035232544
0.12794117647058822,0.5375,0.7196680307388306
0.12794117647058822,0.5394230769230769,0.719204843044281
0.12867647058823528,0.5394230769230769,0.7190468311309814
0.12867647058823528,0.5413461538461538,0.7188964486122131
0.12941176470588237,0.5413461538461538,0.7184802293777466
0.12941176470588237,0.5432692307692307,0.7182695269584656
0.13014705882352942,0.5432692307692307,0.7182663083076477
0.13014705882352942,0.5442307692307692,0.7180033922195435
0.13088235294117648,0.5442307692307692,0.7179653644561768
0.13088235294117648,0.5461538461538461,0.7172098755836487
0.1323529411764706,0.5461538461538461,0.7171283960342407
0.1323529411764706,0.5471153846153847,0.7168645858764648
0.13308823529411765,0.5471153846153847,0.7165488600730896
0.13308823529411765,0.5480769230769231,0.7158925533294678
0.13676470588235295,0.5480769230769231,0.7145805954933167
0.13676470588235295,0.55,0.7137243151664734
0.14044117647058824,0.55,0.7124393582344055
0.14044117647058824,0.5548076923076923,0.7115124464035034
0.14191176470588235,0.5548076923076923,0.7103466391563416
0.14191176470588235,0.5567307692307693,0.7098818421363831
0.1426470588235294,0.5567307692307693,0.7095355987548828
0.1426470588235294,0.5596153846153846,0.7090151906013489
0.1448529411764706,0.5596153846153846,0.7083085775375366
0.1448529411764706,0.5615384615384615,0.7074187397956848
0.14558823529411766,0.5615384615384615,0.7071540355682373
0.14558823529411766,0.5682692307692307,0.7052084803581238
0.1463235294117647,0.5682692307692307,0.7046304941177368
0.1463235294117647,0.5711538461538461,0.7039533257484436
0.14705882352941177,0.5711538461538461,0.7036155462265015
0.14705882352941177,0.575,0.7031418085098267
0.14852941176470588,0.575,0.7023457288742065
0.14852941176470588,0.5759615384615384,0.7022824287414551
0.15073529411764705,0.5759615384615384,0.7017832398414612
0.15073529411764705,0.5769230769230769,0.7017625570297241
0.15514705882352942,0.5769230769230769,0.6997731924057007
0.15514705882352942,0.5778846153846153,0.6995922923088074
0.15661764705882353,0.5778846153846153,0.6991639733314514
0.15661764705882353,0.5788461538461539,0.6989277601242065
0.1588235294117647,0.5788461538461539,0.6978555917739868
0.1588235294117647,0.5798076923076924,0.6975843906402588
0.16397058823529412,0.5798076923076924,0.6959333419799805
0.16397058823529412,0.5807692307692308,0.6956754326820374
0.16470588235294117,0.5807692307692308,0.6954101324081421
0.16470588235294117,0.5817307692307693,0.6945108771324158
0.1661764705882353,0.5817307692307693,0.6944746971130371
0.1661764705882353,0.5836538461538462,0.6938682794570923
0.16838235294117648,0.5836538461538462,0.6921817064285278
0.16838235294117648,0.5884615384615385,0.6885548830032349
0.16911764705882354,0.5884615384615385,0.6879997253417969
0.16911764705882354,0.5894230769230769,0.6876795887947083
0.1698529411764706,0.5894230769230769,0.687516450881958
0.1698529411764706,0.5913461538461539,0.6866901516914368
0.17205882352941176,0.5913461538461539,0.6851641535758972
0.17205882352941176,0.5942307692307692,0.684643030166626
0.17279411764705882,0.5942307692307692,0.6844530701637268
0.17279411764705882,0.5951923076923077,0.6836532354354858
0.17426470588235293,0.5951923076923077,0.6835702061653137
0.17426470588235293,0.5961538461538461,0.6832965016365051
0.175,0.5961538461538461,0.6826995611190796
0.175,0.6,0.6812143921852112
0.17794117647058824,0.6,0.6800246238708496
0.17794117647058824,0.6009615384615384,0.6797564625740051
0.1786764705882353,0.6009615384615384,0.6797098517417908
0.1786764705882353,0.6038461538461538,0.6795147061347961
0.17941176470588235,0.6038461538461538,0.6793930530548096
0.17941176470588235,0.6067307692307692,0.6789737939834595
0.1801470588235294,0.6067307692307692,0.6783672571182251
0.1801470588235294,0.6076923076923076,0.6781445145606995
0.18529411764705883,0.6076923076923076,0.6765266060829163
0.18529411764705883,0.6086538461538461,0.6761235594749451
0.18676470588235294,0.6086538461538461,0.6756511926651001
0.18676470588235294,0.6096153846153847,0.6756333708763123
0.1875,0.6096153846153847,0.6749014258384705
0.1875,0.6105769230769231,0.6746515035629272
0.18823529411764706,0.6105769230769231,0.6740173697471619
0.18823529411764706,0.6134615384615385,0.6727296710014343
0.1889705882352941,0.6134615384615385,0.6725162267684937
0.1889705882352941,0.6153846153846154,0.6716750264167786
0.18970588235294117,0.6153846153846154,0.6715735793113708
0.18970588235294117,0.6163461538461539,0.6714473962783813
0.19044117647058822,0.6163461538461539,0.6703424453735352
0.19044117647058822,0.6182692307692308,0.6701125502586365
0.19117647058823528,0.6182692307692308,0.6701124310493469
0.19117647058823528,0.6192307692307693,0.6697056293487549
0.19338235294117648,0.6192307692307693,0.669185996055603
0.19338235294117648,0.6201923076923077,0.6680768728256226
0.1948529411764706,0.6201923076923077,0.667887806892395
0.1948529411764706,0.6221153846153846,0.6666389107704163
0.19558823529411765,0.6230769230769231,0.666362464427948
0.19558823529411765,0.625,0.6660016775131226
0.1963235294117647,0.625,0.6658011078834534
0.1963235294117647,0.6278846153846154,0.6643562316894531
0.19705882352941176,0.6278846153846154,0.664330244064331
0.19705882352941176,0.6288461538461538,0.6637319922447205
0.19779411764705881,0.6288461538461538,0.662853479385376
0.19779411764705881,0.6298076923076923,0.6624816060066223
0.19852941176470587,0.6298076923076923,0.6623829007148743
0.19852941176470587,0.6317307692307692,0.6619786620140076
0.19926470588235295,0.6317307692307692,0.6618020534515381
0.19926470588235295,0.6326923076923077,0.6613938212394714
0.2,0.6326923076923077,0.6613752245903015
0.2,0.6346153846153846,0.6612066030502319
0.20073529411764707,0.6346153846153846,0.661125123500824
0.20073529411764707,0.635576923076923,0.6610950231552124
0.20588235294117646,0.635576923076923,0.6599268317222595
0.20588235294117646,0.6384615384615384,0.659349799156189
0.20661764705882352,0.6384615384615384,0.6590717434883118
0.20661764705882352,0.6442307692307693,0.6580826640129089
0.2073529411764706,0.6442307692307693,0.6576645970344543
0.2073529411764706,0.6451923076923077,0.6575025916099548
0.2088235294117647,0.6451923076923077,0.6569663882255554
0.2088235294117647,0.6471153846153846,0.6568923592567444
0.20955882352941177,0.6471153846153846,0.6567721366882324
0.20955882352941177,0.6480769230769231,0.6559858918190002
0.21176470588235294,0.6480769230769231,0.6551474928855896
0.21176470588235294,0.65,0.6539570093154907
0.21323529411764705,0.65,0.6538373827934265
0.21323529411764705,0.6509615384615385,0.6530012488365173
0.2139705882352941,0.6509615384615385,0.6526569128036499
0.2139705882352941,0.6519230769230769,0.6526327133178711
0.21544117647058825,0.6519230769230769,0.6521722674369812
0.21544117647058825,0.6586538461538461,0.6487796306610107
0.21764705882352942,0.6586538461538461,0.6481258273124695
0.21764705882352942,0.6615384615384615,0.6474326252937317
0.21985294117647058,0.6615384615384615,0.6463708281517029
0.21985294117647058,0.6625,0.6462873220443726
0.22573529411764706,0.6625,0.6436807513237
0.22573529411764706,0.6644230769230769,0.6434094905853271
0.22794117647058823,0.6644230769230769,0.6422218680381775
0.22794117647058823,0.6663461538461538,0.6412636637687683
0.2286764705882353,0.6663461538461538,0.6409367918968201
0.2286764705882353,0.6673076923076923,0.6406583189964294
0.23088235294117648,0.6673076923076923,0.6402058601379395
0.23088235294117648,0.6701923076923076,0.6389272809028625
0.23161764705882354,0.6701923076923076,0.6384735107421875
0.23161764705882354,0.6894230769230769,0.6313247084617615
0.2338235294117647,0.6894230769230769,0.6299348473548889
0.2338235294117647,0.6932692307692307,0.6281593441963196
0.23455882352941176,0.6932692307692307,0.6280862092971802
0.23455882352941176,0.6942307692307692,0.6277836561203003
0.23602941176470588,0.6942307692307692,0.6272606253623962
0.23602941176470588,0.6951923076923077,0.6268635392189026
0.23676470588235293,0.6951923076923077,0.6264054775238037
0.23676470588235293,0.6961538461538461,0.6261314749717712
0.2375,0.6961538461538461,0.6252380013465881
0.2375,0.6971153846153846,0.6249114274978638
0.23897058823529413,0.6971153846153846,0.6243900060653687
0.23897058823529413,0.7009615384615384,0.6241114735603333
0.23970588235294119,0.7009615384615384,0.6238765120506287
0.23970588235294119,0.7019230769230769,0.6234469413757324
0.24044117647058824,0.7019230769230769,0.62337327003479
0.24044117647058824,0.7028846153846153,0.6228870749473572
0.2411764705882353,0.7028846153846153,0.6222591400146484
0.2411764705882353,0.7173076923076923,0.618241548538208
0.24191176470588235,0.7173076923076923,0.6173662543296814
0.24191176470588235,0.7211538461538461,0.6166700124740601
0.2426470588235294,0.7211538461538461,0.6164757013320923
0.2426470588235294,0.7240384615384615,0.616032600402832
0.24338235294117647,0.7240384615384615,0.6159602403640747
0.24338235294117647,0.7278846153846154,0.614936351776123
0.24411764705882352,0.7278846153846154,0.6147544980049133
0.24411764705882352,0.7317307692307692,0.6134386658668518
0.24485294117647058,0.7317307692307692,0.6133079528808594
0.24485294117647058,0.7336538461538461,0.6129306554794312
0.24558823529411763,0.7336538461538461,0.6127539873123169
0.24558823529411763,0.7346153846153847,0.612346351146698
0.24632352941176472,0.7346153846153847,0.612303614616394
0.24632352941176472,0.7355769230769231,0.612129807472229
0.2485294117647059,0.7355769230769231,0.6101672053337097
0.2485294117647059,0.739423076923077,0.6091573238372803
0.24926470588235294,0.739423076923077,0.6091248989105225
0.24926470588235294,0.7423076923076923,0.6081371903419495
0.25073529411764706,0.7423076923076923,0.6075524091720581
0.25073529411764706,0.75,0.6046006679534912
0.2514705882352941,0.75,0.6045816540718079
0.2514705882352941,0.7567307692307692,0.6012191772460938
0.25220588235294117,0.7567307692307692,0.6012066006660461
0.25220588235294117,0.7586538461538461,0.6001147031784058
0.25735294117647056,0.7586538461538461,0.5977393984794617
0.25735294117647056,0.7596153846153846,0.5965493321418762
0.2580882352941177,0.7596153846153846,0.5963425040245056
0.2580882352941177,0.760576923076923,0.5963027477264404
0.25882352941176473,0.760576923076923,0.5960087776184082
0.25882352941176473,0.7615384615384615,0.5955439805984497
0.2595588235294118,0.7615384615384615,0.5953203439712524
0.2595588235294118,0.7625,0.5945435166358948
0.26029411764705884,0.7625,0.5937260389328003
0.26029411764705884,0.7634615384615384,0.5923568606376648
0.2610294117647059,0.7634615384615384,0.5917256474494934
0.2610294117647059,0.7673076923076924,0.5862249135971069
0.26176470588235295,0.7673076923076924,0.5861325263977051
0.26176470588235295,0.7682692307692308,0.5856409668922424
0.2625,0.7682692307692308,0.5851984024047852
0.2625,0.7730769230769231,0.584221363067627
0.2639705882352941,0.7730769230769231,0.583917498588562
0.2639705882352941,0.775,0.5834581255912781
0.26544117647058824,0.775,0.5832173228263855
0.26544117647058824,0.7769230769230769,0.5829135775566101
0.26691176470588235,0.7769230769230769,0.5821899175643921
0.26691176470588235,0.7788461538461539,0.5804009437561035
0.26838235294117646,0.7788461538461539,0.5795109272003174
0.26838235294117646,0.7798076923076923,0.5784525871276855
0.2691176470588235,0.7798076923076923,0.5783512592315674
0.2691176470588235,0.7807692307692308,0.5781494975090027
0.27058823529411763,0.7807692307692308,0.5774821043014526
0.27058823529411763,0.7826923076923077,0.5746101140975952
0.27205882352941174,0.7826923076923077,0.5725470185279846
0.27205882352941174,0.7836538461538461,0.5721583366394043
0.2727941176470588,0.7836538461538461,0.5720628499984741
0.2727941176470588,0.7903846153846154,0.5695320963859558
0.2735294117647059,0.7903846153846154,0.5685173869132996
0.2735294117647059,0.7913461538461538,0.5677151083946228
0.275,0.7913461538461538,0.5667402744293213
0.275,0.7932692307692307,0.5657786130905151
0.2757352941176471,0.7932692307692307,0.565261960029602
0.2757352941176471,0.7942307692307692,0.5652329921722412
0.2786764705882353,0.7942307692307692,0.5637065768241882
0.2786764705882353,0.7951923076923076,0.5635035037994385
0.27941176470588236,0.7951923076923076,0.5634579062461853
0.27941176470588236,0.7961538461538461,0.5631503462791443
0.2801470588235294,0.7961538461538461,0.5630925297737122
0.2801470588235294,0.7971153846153847,0.5623491406440735
0.2823529411764706,0.7971153846153847,0.5615029335021973
0.2823529411764706,0.7980769230769231,0.5611186623573303
0.2852941176470588,0.7980769230769231,0.5598620772361755
0.2852941176470588,0.801923076923077,0.5589792132377625
0.2875,0.801923076923077,0.5579102635383606
0.2875,0.8028846153846154,0.557908296585083
0.28823529411764703,0.8028846153846154,0.557872474193573
0.28823529411764703,0.8038461538461539,0.5571408867835999
0.2889705882352941,0.8038461538461539,0.5568014979362488
0.2889705882352941,0.8048076923076923,0.5566489100456238
0.29044117647058826,0.8048076923076923,0.5564550757408142
0.29044117647058826,0.8057692307692308,0.5561386942863464
0.29191176470588237,0.8057692307692308,0.5556036829948425
0.29191176470588237,0.8067307692307693,0.5548588037490845
0.2933823529411765,0.8067307692307693,0.5536646246910095
0.2933823529411765,0.8076923076923077,0.5531630516052246
0.29411764705882354,0.8076923076923077,0.5525692701339722
0.29411764705882354,0.8096153846153846,0.5508509874343872
0.2948529411764706,0.8096153846153846,0.5502042770385742
0.2948529411764706,0.8105769230769231,0.5498743057250977
0.29926470588235293,0.8105769230769231,0.5477029085159302
0.29926470588235293,0.8125,0.547016978263855
0.3,0.8125,0.5468180775642395
0.3,0.8134615384615385,0.5464887619018555
0.30073529411764705,0.8134615384615385,0.5458481311798096
0.30073529411764705,0.8144230769230769,0.5454814434051514
0.30220588235294116,0.8144230769230769,0.5438550114631653
0.30220588235294116,0.8173076923076923,0.5434348583221436
0.30367647058823527,0.8173076923076923,0.5430605411529541
0.30367647058823527,0.8192307692307692,0.5417290925979614
0.3044117647058823,0.8192307692307692,0.5410926938056946
0.3044117647058823,0.8201923076923077,0.5408332943916321
0.3058823529411765,0.8201923076923077,0.5405819416046143
0.3058823529411765,0.8221153846153846,0.5393705368041992
0.3088235294117647,0.8221153846153846,0.5370587110519409
0.3088235294117647,0.823076923076923,0.5367075800895691
0.3095588235294118,0.823076923076923,0.5360804200172424
0.3095588235294118,0.8259615384615384,0.5338437557220459
0.3191176470588235,0.8259615384615384,0.5280683040618896
0.3191176470588235,0.8278846153846153,0.5262136459350586
0.3205882352941177,0.8278846153846153,0.5259734392166138
0.3205882352941177,0.8288461538461539,0.5254634618759155
0.32426470588235295,0.8288461538461539,0.5239792466163635
0.32426470588235295,0.8298076923076924,0.5237415432929993
0.3264705882352941,0.8298076923076924,0.522808313369751
0.3264705882352941,0.8307692307692308,0.5220445990562439
0.33088235294117646,0.8307692307692308,0.5212998986244202
0.33088235294117646,0.8317307692307693,0.5210148096084595
0.33308823529411763,0.8317307692307693,0.5205711126327515
0.33308823529411763,0.8326923076923077,0.5201906561851501
0.3352941176470588,0.8326923076923077,0.5191512703895569
0.3352941176470588,0.8346153846153846,0.5191085338592529
0.3382352941176471,0.8346153846153846,0.5182619094848633
0.3382352941176471,0.8355769230769231,0.5181735754013062
0.3411764705882353,0.8355769230769231,0.5168213248252869
0.3411764705882353,0.8375,0.516189455986023
0.34411764705882353,0.8375,0.5155622363090515
0.34411764705882353,0.8384615384615385,0.5155218243598938
0.3448529411764706,0.8384615384615385,0.5155143737792969
0.3448529411764706,0.8394230769230769,0.5153083801269531
0.34558823529411764,0.8394230769230769,0.5151983499526978
0.34558823529411764,0.8403846153846154,0.5151503682136536
0.3463235294117647,0.8403846153846154,0.5150275230407715
0.3463235294117647,0.8413461538461539,0.5149214267730713
0.34705882352941175,0.8413461538461539,0.5148306488990784
0.34705882352941175,0.8432692307692308,0.514556348323822
0.3551470588235294,0.8432692307692308,0.5105963349342346
0.3551470588235294,0.8451923076923077,0.5099964141845703
0.35661764705882354,0.8451923076923077,0.5093497037887573
0.35661764705882354,0.8461538461538461,0.5092493891716003
0.3588235294117647,0.8461538461538461,0.5077162384986877
0.3588235294117647,0.8471153846153846,0.5075154304504395
0.3602941176470588,0.8471153846153846,0.5073785185813904
0.3602941176470588,0.8480769230769231,0.5071810483932495
0.3625,0.8480769230769231,0.5071125626564026
0.3625,0.8490384615384615,0.5070486664772034
0.36470588235294116,0.8490384615384615,0.5062322020530701
0.36470588235294116,0.85,0.506195604801178
0.3720588235294118,0.85,0.5046864151954651
0.3720588235294118,0.8509615384615384,0.5046740770339966
0.37426470588235294,0.8509615384615384,0.5038849711418152
0.37426470588235294,0.8519230769230769,0.5037303566932678
0.375,0.8519230769230769,0.5033144950866699
0.375,0.8528846153846154,0.5029359459877014
0.37573529411764706,0.8528846153846154,0.5027499198913574
0.37573529411764706,0.8548076923076923,0.502494215965271
0.37941176470588234,0.8548076923076923,0.5021111369132996
0.37941176470588234,0.8567307692307692,0.5017702579498291
0.38529411764705884,0.8567307692307692,0.5001711845397949
0.38529411764705884,0.8576923076923076,0.5001479983329773
0.3860294117647059,0.8576923076923076,0.49998247623443604
0.3860294117647059,0.8586538461538461,0.49989864230155945
0.3875,0.8586538461538461,0.4997737407684326
0.3875,0.8605769230769231,0.49943095445632935
0.38823529411764707,0.8605769230769231,0.4994269013404846
0.38823529411764707,0.8615384615384616,0.4993326663970947
0.3948529411764706,0.8615384615384616,0.4977673888206482
0.3948529411764706,0.8625,0.4975893497467041
0.39558823529411763,0.8625,0.49725863337516785
0.39558823529411763,0.864423076923077,0.49675628542900085
0.3963235294117647,0.864423076923077,0.4967148005962372
0.3963235294117647,0.8653846153846154,0.4963078498840332
0.39705882352941174,0.8653846153846154,0.4962514042854309
0.39705882352941174,0.8663461538461539,0.4959719181060791
0.3977941176470588,0.8663461538461539,0.4958480894565582
0.3977941176470588,0.8673076923076923,0.4957370162010193
0.4007352941176471,0.8673076923076923,0.4936295449733734
0.4007352941176471,0.8701923076923077,0.49275800585746765
0.4022058823529412,0.8701923076923077,0.4924793839454651
0.4022058823529412,0.8730769230769231,0.49133560061454773
0.40294117647058825,0.8730769230769231,0.49118494987487793
0.40294117647058825,0.8759615384615385,0.49024662375450134
0.40588235294117647,0.8759615384615385,0.4887036681175232
0.40588235294117647,0.8769230769230769,0.4886903464794159
0.4125,0.8769230769230769,0.48684296011924744
0.4125,0.8778846153846154,0.4867911636829376
0.4183823529411765,0.8778846153846154,0.48532232642173767
0.4183823529411765,0.8788461538461538,0.4852065443992615
0.4323529411764706,0.8788461538461538,0.48148617148399353
0.4323529411764706,0.8798076923076923,0.48129981756210327
0.4345588235294118,0.8798076923076923,0.4809678792953491
0.4345588235294118,0.8807692307692307,0.4809652864933014
0.43529411764705883,0.8807692307692307,0.4803181290626526
0.43529411764705883,0.8826923076923077,0.48008599877357483
0.4375,0.8826923076923077,0.4797578752040863
0.4375,0.8836538461538461,0.47911402583122253
0.43823529411764706,0.8836538461538461,0.47879838943481445
0.43823529411764706,0.885576923076923,0.4783286154270172
0.4404411764705882,0.885576923076923,0.47775915265083313
0.4404411764705882,0.8865384615384615,0.47754696011543274
0.4426470588235294,0.8865384615384615,0.47582703828811646
0.4426470588235294,0.8884615384615384,0.47522586584091187
0.44485294117647056,0.8884615384615384,0.47352418303489685
0.44485294117647056,0.8894230769230769,0.47278210520744324
0.44779411764705884,0.8894230769230769,0.4706611633300781
0.44779411764705884,0.8903846153846153,0.4703998267650604
0.45441176470588235,0.8903846153846153,0.46787169575691223
0.45441176470588235,0.8932692307692308,0.4667259752750397
0.4566176470588235,0.8932692307692308,0.4666028916835785
0.4566176470588235,0.8942307692307693,0.466487318277359
0.4610294117647059,0.8942307692307693,0.4649432897567749
0.4610294117647059,0.8961538461538462,0.4640430212020874
0.46691176470588236,0.8961538461538462,0.4621867835521698
0.46691176470588236,0.8971153846153846,0.46218404173851013
0.4713235294117647,0.8971153846153846,0.4606788456439972
0.4713235294117647,0.8980769230769231,0.4604935348033905
0.47573529411764703,0.8980769230769231,0.45928606390953064
0.47573529411764703,0.9009615384615385,0.4591127038002014
0.5036764705882353,0.9009615384615385,0.4451755881309509
0.5036764705882353,0.9019230769230769,0.4444359838962555
0.5051470588235294,0.9019230769230769,0.44385457038879395
0.5051470588235294,0.9028846153846154,0.4436904788017273
0.5117647058823529,0.9028846153846154,0.4408109784126282
0.5117647058823529,0.9038461538461539,0.4402516484260559
0.5404411764705882,0.9038461538461539,0.4155348539352417
0.5404411764705882,0.9048076923076923,0.4148294925689697
0.5411764705882353,0.9048076923076923,0.4140588045120239
0.5411764705882353,0.9057692307692308,0.4137056767940521
0.5448529411764705,0.9057692307692308,0.410794198513031
0.5448529411764705,0.9076923076923077,0.41008955240249634
0.5463235294117647,0.9076923076923077,0.405906617641449
0.5463235294117647,0.9086538461538461,0.40479472279548645
0.5485294117647059,0.9086538461538461,0.39745384454727173
0.5485294117647059,0.9115384615384615,0.39612847566604614
0.55,0.9115384615384615,0.3954438269138336
0.55,0.9125,0.39502963423728943
0.5514705882352942,0.9125,0.394578218460083
0.5514705882352942,0.9144230769230769,0.3939008414745331
0.5522058823529412,0.9144230769230769,0.3937963843345642
0.5522058823529412,0.9153846153846154,0.392910897731781
0.5544117647058824,0.9153846153846154,0.39043527841567993
0.5544117647058824,0.9173076923076923,0.38638776540756226
0.5558823529411765,0.9173076923076923,0.3770478069782257
0.5558823529411765,0.9192307692307692,0.37343841791152954
0.5566176470588236,0.9192307692307692,0.3734094798564911
0.5566176470588236,0.9201923076923076,0.3686675429344177
0.5573529411764706,0.9201923076923076,0.3640839457511902
0.5573529411764706,0.9221153846153847,0.3606864809989929
0.5580882352941177,0.9221153846153847,0.3605659306049347
0.5580882352941177,0.9230769230769231,0.3602413237094879
0.5588235294117647,0.9230769230769231,0.35901355743408203
0.5588235294117647,0.926923076923077,0.35612934827804565
0.5610294117647059,0.926923076923077,0.3520653247833252
0.5610294117647059,0.9278846153846154,0.3509513735771179
0.5625,0.9278846153846154,0.34808772802352905
0.5625,0.9307692307692308,0.3423784673213959
0.5639705882352941,0.9307692307692308,0.3417487144470215
0.5639705882352941,0.9317307692307693,0.3404960632324219
0.5647058823529412,0.9317307692307693,0.3400558829307556
0.5647058823529412,0.9326923076923077,0.3395578861236572
0.5661764705882353,0.9326923076923077,0.33832308650016785
0.5661764705882353,0.9375,0.3275013267993927
0.5669117647058823,0.9375,0.3261166214942932
0.5669117647058823,0.9394230769230769,0.3237435817718506
0.5683823529411764,0.9394230769230769,0.32294371724128723
0.5683823529411764,0.9403846153846154,0.32131385803222656
0.5698529411764706,0.9403846153846154,0.320592999458313
0.5698529411764706,0.9432692307692307,0.3190048336982727
0.5720588235294117,0.9432692307692307,0.3182992935180664
0.5720588235294117,0.9451923076923077,0.3167221248149872
0.5727941176470588,0.9451923076923077,0.31664326786994934
0.5727941176470588,0.948076923076923,0.31417903304100037
0.5735294117647058,0.948076923076923,0.3121350109577179
0.5735294117647058,0.9490384615384615,0.31098759174346924
0.5742647058823529,0.9490384615384615,0.3106310963630676
0.5742647058823529,0.9509615384615384,0.31035271286964417
0.5764705882352941,0.9509615384615384,0.308449923992157
0.5764705882352941,0.9519230769230769,0.30810052156448364
0.5794117647058824,0.9519230769230769,0.3065783977508545
0.5794117647058824,0.9528846153846153,0.3061884939670563
0.5801470588235295,0.9528846153846153,0.30580902099609375
0.5801470588235295,0.9538461538461539,0.30563488602638245
0.5816176470588236,0.9538461538461539,0.3048275411128998
0.5816176470588236,0.9557692307692308,0.304737389087677
0.5823529411764706,0.9557692307692308,0.3046586215496063
0.5823529411764706,0.9576923076923077,0.302816778421402
0.5882352941176471,0.9576923076923077,0.2970811426639557
0.5882352941176471,0.9586538461538462,0.29635903239250183
0.5904411764705882,0.9586538461538462,0.29570701718330383
0.5904411764705882,0.9605769230769231,0.2953241765499115
0.5926470588235294,0.9605769230769231,0.2939485013484955
0.5926470588235294,0.9634615384615385,0.2925986051559448
0.5941176470588235,0.9634615384615385,0.29204264283180237
0.5941176470588235,0.9653846153846154,0.2917141616344452
0.5963235294117647,0.9653846153846154,0.2912119925022125
0.5963235294117647,0.9673076923076923,0.28987884521484375
0.5970588235294118,0.9673076923076923,0.28950852155685425
0.5970588235294118,0.9682692307692308,0.28899723291397095
0.5977941176470588,0.9682692307692308,0.2886432707309723
0.5977941176470588,0.9721153846153846,0.2874089479446411
0.6,0.9721153846153846,0.2862951159477234
0.6,0.9740384615384615,0.2856912612915039
0.600735294117647,0.9740384615384615,0.28494563698768616
0.600735294117647,0.975,0.28437313437461853
0.6036764705882353,0.975,0.2833847403526306
0.6036764705882353,0.9769230769230769,0.28319212794303894
0.6058823529411764,0.9769230769230769,0.28232812881469727
0.6058823529411764,0.9778846153846154,0.2814549207687378
0.6066176470588235,0.9778846153846154,0.2800899147987366
0.6066176470588235,0.9798076923076923,0.279766708612442
0.6147058823529412,0.9798076923076923,0.2746318578720093
0.6147058823529412,0.9826923076923076,0.2729397416114807
0.6154411764705883,0.9826923076923076,0.27229756116867065
0.6154411764705883,0.9836538461538461,0.27191856503486633
0.6161764705882353,0.9836538461538461,0.27191072702407837
0.6161764705882353,0.9846153846153847,0.2710792124271393
0.6198529411764706,0.9846153846153847,0.26947733759880066
0.6198529411764706,0.9855769230769231,0.26931458711624146
0.6213235294117647,0.9855769230769231,0.2682797312736511
0.6213235294117647,0.9865384615384616,0.26825377345085144
0.6301470588235294,0.9865384615384616,0.2649286687374115
0.6301470588235294,0.989423076923077,0.2641330063343048
0.638235294117647,0.989423076923077,0.2623162567615509
0.638235294117647,0.9903846153846154,0.2622557580471039
0.6404411764705882,0.9903846153846154,0.26146408915519714
0.6404411764705882,0.9913461538461539,0.26053735613822937
0.6477941176470589,0.9913461538461539,0.25642991065979004
0.6477941176470589,0.9923076923076923,0.25584569573402405
0.65,0.9923076923076923,0.2549471855163574
0.65,0.9932692307692308,0.2530408203601837
0.6529411764705882,0.9932692307692308,0.2521709203720093
0.6529411764705882,0.9942307692307693,0.2514581084251404
0.6580882352941176,0.9942307692307693,0.24954108893871307
0.6580882352941176,0.9951923076923077,0.24948424100875854
0.6639705882352941,0.9951923076923077,0.24717018008232117
0.6639705882352941,0.9961538461538462,0.247043177485466
0.6661764705882353,0.9961538461538462,0.24466946721076965
0.6661764705882353,0.9971153846153846,0.2438148558139801
0.6816176470588236,0.9971153846153846,0.23602819442749023
0.6816176470588236,0.9980769230769231,0.23600253462791443
0.6852941176470588,0.9980769230769231,0.23401901125907898
0.6852941176470588,0.9990384615384615,0.2336445152759552
0.6867647058823529,0.9990384615384615,0.23323126137256622
0.6867647058823529,1.0,0.23251110315322876
1.0,1.0,0.03073115460574627
