FPR,TPR,Threshold
0.0,0.0,1.988733172416687
0.0,0.0005263157894736842,0.988733172416687
0.0,0.2305263157894737,0.9044657945632935
0.002,0.2305263157894737,0.9041174650192261
0.002,0.26263157894736844,0.8861214518547058
0.004,0.26263157894736844,0.8855815529823303
0.004,0.2636842105263158,0.885197639465332
0.006,0.2636842105263158,0.8848966956138611
0.006,0.2668421052631579,0.8829909563064575
0.01,0.2668421052631579,0.8824248909950256
0.01,0.2673684210526316,0.8821741342544556
0.012,0.2673684210526316,0.8820610642433167
0.012,0.27052631578947367,0.8806725144386292
0.014,0.27052631578947367,0.8805496096611023
0.014,0.2710526315789474,0.8803626894950867
0.02,0.2710526315789474,0.8795114755630493
0.02,0.27210526315789474,0.8791424632072449
0.026,0.27210526315789474,0.8786213994026184
0.026,0.2826315789473684,0.8752015233039856
0.03,0.2826315789473684,0.8751049041748047
0.03,0.2931578947368421,0.8726751208305359
0.034,0.2931578947368421,0.8719796538352966
0.034,0.29578947368421055,0.8708768486976624
0.036,0.29578947368421055,0.870555579662323
0.036,0.30105263157894735,0.8683950304985046
0.038,0.30105263157894735,0.8681885600090027
0.038,0.3031578947368421,0.8676233291625977
0.04,0.3031578947368421,0.8671120405197144
0.04,0.5805263157894737,0.7232818007469177
0.042,0.5805263157894737,0.7230109572410583
0.042,0.5942105263157895,0.7064093351364136
0.048,0.5942105263157895,0.6995469927787781
0.048,0.5947368421052631,0.6984830498695374
0.056,0.5947368421052631,0.6969706416130066
0.056,0.5957894736842105,0.6961290240287781
0.058,0.5957894736842105,0.6944011449813843
0.058,0.5963157894736842,0.6943192481994629
0.06,0.5963157894736842,0.6937608122825623
0.06,0.5968421052631578,0.6936612725257874
0.062,0.5968421052631578,0.6934729814529419
0.062,0.5973684210526315,0.6931881904602051
0.064,0.5973684210526315,0.6931766271591187
0.064,0.598421052631579,0.6920745968818665
0.066,0.598421052631579,0.691909909248352
0.066,0.6094736842105263,0.6813294887542725
0.068,0.6094736842105263,0.6812194585800171
0.068,0.6105263157894737,0.6804328560829163
0.07,0.6105263157894737,0.6803367137908936
0.07,0.631578947368421,0.6619030237197876
0.072,0.631578947368421,0.6616400480270386
0.072,0.6363157894736842,0.6574628949165344
0.074,0.6363157894736842,0.6574028134346008
0.074,0.641578947368421,0.6529626250267029
0.078,0.641578947368421,0.652901828289032
0.078,0.651578947368421,0.6445188522338867
0.08,0.651578947368421,0.6438283324241638
0.08,0.6563157894736842,0.640224814414978
0.082,0.6563157894736842,0.6399672031402588
0.082,0.6578947368421053,0.6395334601402283
0.084,0.6578947368421053,0.6392181515693665
0.084,0.6626315789473685,0.6340103149414062
0.086,0.6626315789473685,0.6339314579963684
0.086,0.6694736842105263,0.6297204494476318
0.088,0.6694736842105263,0.628272533416748
0.088,0.6710526315789473,0.627024233341217
0.092,0.6710526315789473,0.6261144280433655
0.092,0.6721052631578948,0.6254377365112305
0.094,0.6721052631578948,0.6253647208213806
0.094,0.6726315789473685,0.6244291067123413
0.096,0.6726315789473685,0.6232618093490601
0.096,0.6736842105263158,0.6226822137832642
0.098,0.6736842105263158,0.6226457953453064
0.098,0.6747368421052632,0.6215739250183105
0.1,0.6747368421052632,0.6202843189239502
0.1,0.6752631578947368,0.6197736859321594
0.102,0.6752631578947368,0.6192930340766907
0.102,0.6768421052631579,0.617229163646698
0.112,0.6768421052631579,0.6149417757987976
0.112,0.6773684210526316,0.6144699454307556
0.116,0.6773684210526316,0.6131284832954407
0.116,0.68,0.6098918318748474
0.118,0.68,0.6095338463783264
0.118,0.6810526315789474,0.6073447465896606
0.12,0.6810526315789474,0.6071781516075134
0.12,0.6826315789473684,0.6069162487983704
0.122,0.6826315789473684,0.6051590442657471
0.122,0.73,0.571130633354187
0.124,0.73,0.5704752802848816
0.124,0.7342105263157894,0.5680080056190491
0.126,0.7342105263157894,0.5679300427436829
0.126,0.7436842105263158,0.5594428181648254
0.128,0.7436842105263158,0.5593485236167908
0.128,0.7542105263157894,0.545637309551239
0.13,0.7542105263157894,0.5447877645492554
0.13,0.7552631578947369,0.5437654256820679
0.134,0.7552631578947369,0.543424665927887
0.134,0.7573684210526316,0.5408672094345093
0.138,0.7573684210526316,0.5401491522789001
0.138,0.7594736842105263,0.5387855768203735
0.14,0.7594736842105263,0.5387167930603027
0.14,0.76,0.5365251898765564
0.142,0.76,0.5359722375869751
0.142,0.7605263157894737,0.5352529287338257
0.144,0.7605263157894737,0.5351181626319885
0.144,0.761578947368421,0.533573567867279
0.154,0.761578947368421,0.530267059803009
0.154,0.7626315789473684,0.5278782248497009
0.156,0.7626315789473684,0.527742862701416
0.156,0.7631578947368421,0.5247659683227539
0.164,0.7631578947368421,0.5166437029838562
0.164,0.7668421052631579,0.5038254857063293
0.166,0.7668421052631579,0.5031101703643799
0.166,0.7684210526315789,0.49682724475860596
0.168,0.7684210526315789,0.49584561586380005
0.168,0.7857894736842105,0.48306894302368164
0.17,0.7857894736842105,0.4826502501964569
0.17,0.7968421052631579,0.4735303521156311
0.172,0.7968421052631579,0.4730374813079834
0.172,0.7989473684210526,0.47114983201026917
0.176,0.7989473684210526,0.4697527587413788
0.176,0.8010526315789473,0.4658714532852173
0.178,0.8010526315789473,0.46531596779823303
0.178,0.8015789473684211,0.4650077223777771
0.18,0.8015789473684211,0.46477100253105164
0.18,0.8042105263157895,0.46150997281074524
0.19,0.8042105263157895,0.456184059381485
0.19,0.8047368421052632,0.454988569021225
0.208,0.8047368421052632,0.44895321130752563
0.208,0.8052631578947368,0.44784778356552124
0.212,0.8052631578947368,0.44694045186042786
0.212,0.8057894736842105,0.44639554619789124
0.214,0.8057894736842105,0.4456340968608856
0.214,0.8068421052631579,0.44452208280563354
0.218,0.8068421052631579,0.4442647099494934
0.218,0.8078947368421052,0.44348230957984924
0.22,0.8078947368421052,0.44318094849586487
0.22,0.8105263157894737,0.44064003229141235
0.224,0.8105263157894737,0.43991726636886597
0.224,0.8110526315789474,0.4398910403251648
0.226,0.8110526315789474,0.43984168767929077
0.226,0.8121052631578948,0.4386324882507324
0.232,0.8121052631578948,0.4372935891151428
0.232,0.8131578947368421,0.436509907245636
0.234,0.8131578947368421,0.43590644001960754
0.234,0.8152631578947368,0.43508365750312805
0.236,0.8152631578947368,0.43492916226387024
0.236,0.8168421052631579,0.4341106712818146
0.238,0.8168421052631579,0.43406301736831665
0.238,0.8210526315789474,0.42964187264442444
0.24,0.8210526315789474,0.429219514131546
0.24,0.8226315789473684,0.4274415969848633
0.242,0.8226315789473684,0.4261261224746704
0.242,0.8263157894736842,0.41750574111938477
0.244,0.8263157894736842,0.4152301847934723
0.244,0.8278947368421052,0.41356268525123596
0.246,0.8278947368421052,0.40903612971305847
0.246,0.838421052631579,0.39457911252975464
0.248,0.838421052631579,0.39418935775756836
0.248,0.8389473684210527,0.39375534653663635
0.25,0.8389473684210527,0.39342817664146423
0.25,0.8426315789473684,0.3912750482559204
0.252,0.8426315789473684,0.3912484049797058
0.252,0.8431578947368421,0.39122065901756287
0.254,0.8431578947368421,0.39106664061546326
0.254,0.8442105263157895,0.3903539776802063
0.256,0.8442105263157895,0.390220046043396
0.256,0.8457894736842105,0.3895312249660492
0.26,0.8457894736842105,0.3880191743373871
0.26,0.8478947368421053,0.38662222027778625
0.268,0.8478947368421053,0.38600483536720276
0.268,0.8494736842105263,0.3850885331630707
0.27,0.8494736842105263,0.38469016551971436
0.27,0.8542105263157894,0.37846601009368896
0.274,0.8542105263157894,0.3781799376010895
0.274,0.8573684210526316,0.3762094974517822
0.278,0.8573684210526316,0.3755103647708893
0.278,0.858421052631579,0.3734414875507355
0.28,0.858421052631579,0.3717532753944397
0.28,0.8636842105263158,0.3676168918609619
0.282,0.8636842105263158,0.36712968349456787
0.282,0.8789473684210526,0.3534981608390808
0.286,0.8789473684210526,0.35298091173171997
0.286,0.8847368421052632,0.3465655446052551
0.29,0.8847368421052632,0.3452601730823517
0.29,0.888421052631579,0.33568134903907776
0.292,0.888421052631579,0.33418524265289307
0.292,0.8889473684210526,0.333466112613678
0.298,0.8889473684210526,0.3322649598121643
0.298,0.8910526315789473,0.3298953175544739
0.3,0.8910526315789473,0.32988986372947693
0.3,0.891578947368421,0.3296116590499878
0.304,0.891578947368421,0.32747361063957214
0.304,0.8921052631578947,0.3273411989212036
0.306,0.8921052631578947,0.32621079683303833
0.306,0.8926315789473684,0.32539311051368713
0.314,0.8926315789473684,0.3233415484428406
0.314,0.8931578947368422,0.3230634331703186
0.316,0.8931578947368422,0.32261165976524353
0.316,0.8942105263157895,0.3219614624977112
0.32,0.8942105263157895,0.3210940659046173
0.32,0.8952631578947369,0.31884312629699707
0.322,0.8952631578947369,0.3182142972946167
0.322,0.8963157894736842,0.31692570447921753
0.324,0.8963157894736842,0.31651097536087036
0.324,0.8978947368421053,0.314823716878891
0.328,0.8978947368421053,0.3141046166419983
0.328,0.9026315789473685,0.3028924763202667
0.33,0.9026315789473685,0.30078113079071045
0.33,0.9042105263157895,0.29963064193725586
0.332,0.9042105263157895,0.29909420013427734
0.332,0.9052631578947369,0.29748931527137756
0.334,0.9052631578947369,0.2964341938495636
0.334,0.9094736842105263,0.2932955324649811
0.336,0.9094736842105263,0.29224342107772827
0.336,0.9131578947368421,0.2869586646556854
0.34,0.9131578947368421,0.28570353984832764
0.34,0.9157894736842105,0.281655490398407
0.346,0.9157894736842105,0.2807791233062744
0.346,0.9163157894736842,0.2803848385810852
0.354,0.9163157894736842,0.2781428098678589
0.354,0.9168421052631579,0.27746719121932983
0.36,0.9168421052631579,0.27720552682876587
0.36,0.9178947368421052,0.27569201588630676
0.368,0.9178947368421052,0.27428367733955383
0.368,0.9184210526315789,0.273803174495697
0.382,0.9184210526315789,0.2712210714817047
0.382,0.9189473684210526,0.27118393778800964
0.392,0.9189473684210526,0.2685595452785492
0.392,0.9194736842105263,0.2684643566608429
0.394,0.9194736842105263,0.2683873772621155
0.394,0.92,0.26805219054222107
0.398,0.92,0.2675478160381317
0.398,0.9205263157894736,0.26754289865493774
0.408,0.9205263157894736,0.26581862568855286
0.408,0.9210526315789473,0.26566556096076965
0.418,0.9210526315789473,0.26394253969192505
0.418,0.921578947368421,0.2635326683521271
0.42,0.921578947368421,0.26314014196395874
0.42,0.9221052631578948,0.2630186378955841
0.422,0.9221052631578948,0.26290854811668396
0.422,0.9226315789473685,0.2627261281013489
0.428,0.9226315789473685,0.26155033707618713
0.428,0.9231578947368421,0.2612454295158386
0.434,0.9231578947368421,0.2608863413333893
0.434,0.9247368421052632,0.2604714035987854
0.438,0.9247368421052632,0.2599960267543793
0.438,0.9257894736842105,0.2590852975845337
0.44,0.9257894736842105,0.25867512822151184
0.44,0.9263157894736842,0.2583093047142029
0.444,0.9263157894736842,0.25738975405693054
0.444,0.9268421052631579,0.25730371475219727
0.446,0.9268421052631579,0.2548082172870636
0.446,0.9273684210526316,0.2544543445110321
0.45,0.9273684210526316,0.25310349464416504
0.45,0.9278947368421052,0.2530626952648163
0.454,0.9278947368421052,0.2523261308670044
0.454,0.9284210526315789,0.2522161304950714
0.456,0.9284210526315789,0.25220292806625366
0.456,0.9289473684210526,0.2513732314109802
0.476,0.9289473684210526,0.24625448882579803
0.476,0.9294736842105263,0.2454792708158493
0.48,0.9294736842105263,0.2451937198638916
0.48,0.93,0.24518825113773346
0.482,0.93,0.24408094584941864
0.482,0.9305263157894736,0.24322442710399628
0.484,0.9305263157894736,0.24314332008361816
0.484,0.9315789473684211,0.24171291291713715
0.486,0.9315789473684211,0.2414184957742691
0.486,0.9321052631578948,0.2408653050661087
0.488,0.9321052631578948,0.24083365499973297
0.488,0.9378947368421052,0.22816430032253265
0.49,0.9378947368421052,0.22737538814544678
0.49,0.9389473684210526,0.2266668677330017
0.492,0.9389473684210526,0.2265719324350357
0.492,0.9415789473684211,0.22149012982845306
0.494,0.9415789473684211,0.22060668468475342
0.494,0.9452631578947368,0.2153104692697525
0.498,0.9452631578947368,0.21430133283138275
0.498,0.9468421052631579,0.2127998173236847
0.506,0.9468421052631579,0.21251250803470612
0.506,0.9473684210526315,0.21175414323806763
0.508,0.9473684210526315,0.21033252775669098
0.508,0.9478947368421052,0.2099250853061676
0.572,0.9478947368421052,0.17914505302906036
0.572,0.9484210526315789,0.1788419485092163
0.602,0.9484210526315789,0.1672784388065338
0.602,0.9489473684210527,0.16702187061309814
0.606,0.9489473684210527,0.16570818424224854
0.606,0.9510526315789474,0.15641272068023682
0.608,0.9510526315789474,0.15567688643932343
0.608,0.9557894736842105,0.1513081043958664
0.612,0.9557894736842105,0.15070006251335144
0.612,0.9563157894736842,0.15037083625793457
0.616,0.9563157894736842,0.1489323526620865
0.616,0.9578947368421052,0.14760722219944
0.646,0.9578947368421052,0.13618071377277374
0.646,0.958421052631579,0.13492296636104584
0.682,0.958421052631579,0.12056846916675568
0.682,0.9589473684210527,0.10930616408586502
0.684,0.9589473684210527,0.10246902704238892
0.684,0.9594736842105264,0.10113471746444702
0.686,0.9594736842105264,0.10068349540233612
0.686,0.96,0.09698117524385452
0.688,0.96,0.09437616914510727
0.688,0.9642105263157895,0.09037458896636963
0.69,0.9642105263157895,0.09011773020029068
0.69,0.9652631578947368,0.08956187963485718
0.692,0.9652631578947368,0.08948896825313568
0.692,0.968421052631579,0.08629506826400757
0.698,0.968421052631579,0.08590911328792572
0.698,0.9689473684210527,0.08576381206512451
0.73,0.9689473684210527,0.07812825590372086
0.73,0.9694736842105263,0.07580012828111649
0.732,0.9694736842105263,0.07558609545230865
0.732,0.97,0.07501095533370972
0.736,0.97,0.07238365709781647
0.736,0.9705263157894737,0.070431187748909
0.74,0.9705263157894737,0.06932257115840912
0.74,0.9710526315789474,0.0689823180437088
0.752,0.9710526315789474,0.06779587268829346
0.752,0.9715789473684211,0.06748469918966293
0.774,0.9715789473684211,0.06379000097513199
0.774,0.9721052631578947,0.06378399580717087
0.778,0.9721052631578947,0.06277893483638763
0.778,0.9726315789473684,0.0627368912100792
0.79,0.9726315789473684,0.061446476727724075
0.79,0.9731578947368421,0.06137082353234291
0.802,0.9731578947368421,0.05951029807329178
0.802,0.9747368421052631,0.058593884110450745
0.806,0.9747368421052631,0.05820032209157944
0.806,0.9752631578947368,0.0579526387155056
0.808,0.9752631578947368,0.05772046744823456
0.808,0.9821052631578947,0.054839856922626495
0.814,0.9821052631578947,0.05178845301270485
0.814,0.9831578947368421,0.0510692372918129
0.816,0.9831578947368421,0.05040622502565384
0.816,0.9842105263157894,0.04984152689576149
0.82,0.9842105263157894,0.04968423768877983
0.82,0.9852631578947368,0.049199528992176056
0.822,0.9852631578947368,0.048959698528051376
0.822,0.9863157894736843,0.048578858375549316
0.824,0.9863157894736843,0.048522837460041046
0.824,0.9873684210526316,0.04841864854097366
0.826,0.9873684210526316,0.04797659069299698
0.826,0.9878947368421053,0.047972846776247025
0.828,0.9878947368421053,0.047885578125715256
0.828,0.9889473684210527,0.04758542776107788
0.83,0.9889473684210527,0.04756167158484459
0.83,0.9894736842105263,0.04739733785390854
0.834,0.9894736842105263,0.04709187522530556
0.834,0.99,0.04699708893895149
0.84,0.99,0.0468161515891552
0.84,0.9905263157894737,0.04674060642719269
0.842,0.9905263157894737,0.04672374576330185
0.842,0.9910526315789474,0.0467175655066967
0.844,0.9910526315789474,0.04659357666969299
0.844,0.991578947368421,0.04654134809970856
0.846,0.991578947368421,0.046199679374694824
0.846,0.9921052631578947,0.04615135118365288
0.848,0.9921052631578947,0.0461183600127697
0.848,0.9931578947368421,0.04561183974146843
0.85,0.9931578947368421,0.04555387794971466
0.85,0.9952631578947368,0.04415605589747429
0.852,0.9952631578947368,0.04408463463187218
0.852,0.998421052631579,0.042899664491415024
0.854,0.998421052631579,0.04277758672833443
0.854,0.9989473684210526,0.0427713468670845
0.858,0.9989473684210526,0.04268675670027733
0.858,1.0,0.0419827476143837
1.0,1.0,0.015628034248948097
