FPR,TPR,Threshold
0.0,0.0,1.999661922454834
0.0,0.0002631578947368421,0.999661922454834
0.0,0.015263157894736841,0.9991170763969421
0.0,0.015789473684210527,0.9991039037704468
0.0,0.02526315789473684,0.9988860487937927
0.0,0.025789473684210525,0.9988859295845032
0.0,0.07973684210526316,0.9971300959587097
0.0,0.08026315789473684,0.9971165657043457
0.0,0.516578947368421,0.9137938022613525
0.001,0.516578947368421,0.913447916507721
0.001,0.5410526315789473,0.9054024815559387
0.002,0.5410526315789473,0.9053955078125
0.002,0.5505263157894736,0.90196692943573
0.003,0.5505263157894736,0.9019551873207092
0.003,0.56,0.8982135057449341
0.004,0.56,0.8981446623802185
0.004,0.5628947368421052,0.8968166708946228
0.005,0.5628947368421052,0.8968033790588379
0.005,0.57,0.8928490877151489
0.006,0.57,0.8927552103996277
0.006,0.5747368421052632,0.8909012675285339
0.007,0.5747368421052632,0.8908261656761169
0.007,0.5752631578947368,0.8906814455986023
0.008,0.5752631578947368,0.8906053304672241
0.008,0.5781578947368421,0.8890241980552673
0.009,0.5781578947368421,0.8889759182929993
0.009,0.5871052631578947,0.8864061236381531
0.01,0.5871052631578947,0.8862342238426208
0.01,0.5889473684210527,0.885334312915802
0.011,0.5889473684210527,0.8852487206459045
0.011,0.5965789473684211,0.8823891282081604
0.012,0.5965789473684211,0.8822919726371765
0.012,0.5968421052631578,0.8822039365768433
0.013,0.5968421052631578,0.8821489810943604
0.013,0.6028947368421053,0.8791742920875549
0.014,0.6028947368421053,0.8791621923446655
0.014,0.6081578947368421,0.8779852390289307
0.015,0.6081578947368421,0.8779839277267456
0.015,0.6155263157894737,0.8739631772041321
0.016,0.6155263157894737,0.8738963603973389
0.016,0.6223684210526316,0.8706856966018677
0.017,0.6223684210526316,0.8703598976135254
0.017,0.6231578947368421,0.8700693249702454
0.018,0.6231578947368421,0.8699849247932434
0.018,0.6271052631578947,0.8680036664009094
0.019,0.6271052631578947,0.867973804473877
0.019,0.6371052631578947,0.8610632419586182
0.02,0.6371052631578947,0.8608825206756592
0.02,0.6394736842105263,0.8597699999809265
0.021,0.6394736842105263,0.8595907092094421
0.021,0.6484210526315789,0.8543204069137573
0.022,0.6484210526315789,0.85393226146698
0.022,0.6486842105263158,0.8537614345550537
0.023,0.6486842105263158,0.8537170886993408
0.023,0.6518421052631579,0.852536141872406
0.024,0.6518421052631579,0.8524554371833801
0.024,0.6521052631578947,0.8523586392402649
0.025,0.6521052631578947,0.8520147800445557
0.025,0.6523684210526316,0.8516479730606079
0.026,0.6523684210526316,0.8513686060905457
0.026,0.6526315789473685,0.8511515855789185
0.027,0.6526315789473685,0.8510795831680298
0.027,0.6584210526315789,0.8489991426467896
0.028,0.6584210526315789,0.8488268852233887
0.028,0.6634210526315789,0.8456599116325378
0.029,0.6634210526315789,0.8456498384475708
0.029,0.6644736842105263,0.8451626896858215
0.03,0.6644736842105263,0.8448431491851807
0.03,0.671578947368421,0.8414743542671204
0.031,0.671578947368421,0.8414031863212585
0.031,0.6815789473684211,0.8369877338409424
0.032,0.6815789473684211,0.8366647958755493
0.032,0.6818421052631579,0.8366562128067017
0.033,0.6818421052631579,0.8361786603927612
0.033,0.6863157894736842,0.8327934145927429
0.036,0.6863157894736842,0.8326179385185242
0.036,0.6913157894736842,0.8300471901893616
0.037,0.6913157894736842,0.8295640349388123
0.037,0.6915789473684211,0.829372763633728
0.038,0.6915789473684211,0.8293343186378479
0.038,0.6921052631578948,0.8293293118476868
0.039,0.6921052631578948,0.829323410987854
0.039,0.7063157894736842,0.8204947113990784
0.04,0.7063157894736842,0.8204448819160461
0.04,0.7081578947368421,0.8197554349899292
0.042,0.7081578947368421,0.8194792866706848
0.042,0.7115789473684211,0.8157779574394226
0.043,0.7115789473684211,0.8156619071960449
0.043,0.7213157894736842,0.8096904754638672
0.044,0.7213157894736842,0.8096156120300293
0.044,0.7257894736842105,0.806538462638855
0.045,0.7257894736842105,0.8056043982505798
0.045,0.7268421052631578,0.8050230145454407
0.046,0.7268421052631578,0.8048954606056213
0.046,0.7278947368421053,0.8044082522392273
0.047,0.7278947368421053,0.8042210340499878
0.047,0.73,0.8029451370239258
0.047,0.7305263157894737,0.8025391697883606
0.047,0.738421052631579,0.7977012395858765
0.048,0.738421052631579,0.797661304473877
0.048,0.7497368421052631,0.7900059223175049
0.049,0.7497368421052631,0.7897873520851135
0.049,0.7563157894736842,0.7854889035224915
0.05,0.7563157894736842,0.7851716876029968
0.05,0.7621052631578947,0.7803624272346497
0.051,0.7621052631578947,0.7803323268890381
0.051,0.7623684210526316,0.7795883417129517
0.052,0.7623684210526316,0.7792264819145203
0.052,0.7642105263157895,0.7774195671081543
0.053,0.7642105263157895,0.7772579789161682
0.053,0.7652631578947369,0.7755064368247986
0.054,0.7652631578947369,0.7752471566200256
0.054,0.7710526315789473,0.7691641449928284
0.055,0.7710526315789473,0.7690906524658203
0.055,0.7726315789473684,0.7678501009941101
0.056,0.7726315789473684,0.7676644921302795
0.056,0.7728947368421053,0.7675466537475586
0.057,0.7728947368421053,0.7674924731254578
0.057,0.7731578947368422,0.7673761248588562
0.058,0.7731578947368422,0.7672955393791199
0.058,0.7763157894736842,0.7647825479507446
0.059,0.7763157894736842,0.764620840549469
0.059,0.7776315789473685,0.7631300687789917
0.06,0.7776315789473685,0.7627924084663391
0.06,0.7802631578947369,0.7600994110107422
0.062,0.7802631578947369,0.7593036890029907
0.062,0.7836842105263158,0.7567749619483948
0.063,0.7836842105263158,0.7564370632171631
0.063,0.7842105263157895,0.7560120224952698
0.064,0.7842105263157895,0.7558239102363586
0.064,0.7894736842105263,0.7507414817810059
0.065,0.7894736842105263,0.7497498393058777
0.065,0.7907894736842105,0.7481295466423035
0.066,0.7907894736842105,0.748092770576477
0.066,0.7913157894736842,0.7477758526802063
0.067,0.7913157894736842,0.7471268773078918
0.067,0.7923684210526316,0.743057370185852
0.068,0.7923684210526316,0.7426149249076843
0.068,0.8013157894736842,0.7356101274490356
0.069,0.8013157894736842,0.7352740168571472
0.069,0.8047368421052632,0.7314404845237732
0.073,0.8047368421052632,0.7307575941085815
0.073,0.8078947368421052,0.7290208339691162
0.074,0.8078947368421052,0.7283193469047546
0.074,0.8163157894736842,0.716069757938385
0.075,0.8163157894736842,0.7156729102134705
0.075,0.8192105263157895,0.7116554975509644
0.076,0.8192105263157895,0.7116451859474182
0.076,0.8234210526315789,0.7066270709037781
0.077,0.8234210526315789,0.7058230638504028
0.077,0.8242105263157895,0.7052325010299683
0.078,0.8242105263157895,0.7049186825752258
0.078,0.8342105263157895,0.6946529150009155
0.079,0.8342105263157895,0.6943517923355103
0.079,0.8386842105263158,0.6883968114852905
0.08,0.8386842105263158,0.687734842300415
0.08,0.8518421052631578,0.6673198342323303
0.081,0.8518421052631578,0.6669464111328125
0.081,0.8560526315789474,0.6613456010818481
0.082,0.8560526315789474,0.6612648367881775
0.082,0.8573684210526316,0.6587643027305603
0.083,0.8573684210526316,0.6584494709968567
0.083,0.8642105263157894,0.6488903760910034
0.084,0.8642105263157894,0.6485552191734314
0.084,0.866578947368421,0.6456089019775391
0.085,0.866578947368421,0.6454455852508545
0.085,0.8678947368421053,0.6434879302978516
0.086,0.8678947368421053,0.6433687806129456
0.086,0.8686842105263158,0.6415658593177795
0.087,0.8686842105263158,0.6408963799476624
0.087,0.8713157894736843,0.6369737386703491
0.088,0.8713157894736843,0.6353574991226196
0.088,0.8721052631578947,0.6339371800422668
0.089,0.8721052631578947,0.6339147686958313
0.089,0.875,0.6312777996063232
0.09,0.875,0.6305913925170898
0.09,0.8773684210526316,0.6269758343696594
0.091,0.8773684210526316,0.6267362236976624
0.091,0.8818421052631579,0.6195289492607117
0.092,0.8818421052631579,0.6184549927711487
0.092,0.8826315789473684,0.6170403957366943
0.093,0.8826315789473684,0.6167914867401123
0.093,0.883421052631579,0.6144949793815613
0.094,0.883421052631579,0.6144461631774902
0.094,0.8842105263157894,0.6128259897232056
0.096,0.8842105263157894,0.6127707362174988
0.096,0.8847368421052632,0.6107958555221558
0.098,0.8847368421052632,0.6076000928878784
0.098,0.8852631578947369,0.6068978309631348
0.099,0.8852631578947369,0.6068277955055237
0.099,0.8892105263157895,0.6013715863227844
0.1,0.8892105263157895,0.6008972525596619
0.1,0.8907894736842106,0.5976715683937073
0.101,0.8907894736842106,0.5971618890762329
0.101,0.8910526315789473,0.5967198014259338
0.102,0.8910526315789473,0.5965167880058289
0.102,0.8913157894736842,0.5964609980583191
0.103,0.8913157894736842,0.5963471531867981
0.103,0.8931578947368422,0.5919450521469116
0.104,0.8931578947368422,0.5913337469100952
0.104,0.8952631578947369,0.5876217484474182
0.105,0.8952631578947369,0.5870273113250732
0.105,0.8968421052631579,0.5839129090309143
0.106,0.8968421052631579,0.5835080742835999
0.106,0.8986842105263158,0.5813111662864685
0.107,0.8986842105263158,0.579374372959137
0.107,0.8997368421052632,0.5782323479652405
0.108,0.8997368421052632,0.5782074332237244
0.108,0.9,0.5780639052391052
0.109,0.9,0.5772397518157959
0.109,0.9021052631578947,0.5677062273025513
0.112,0.9021052631578947,0.5665856003761292
0.112,0.9042105263157895,0.5641390085220337
0.114,0.9042105263157895,0.5635202527046204
0.114,0.9055263157894737,0.5579929947853088
0.115,0.9055263157894737,0.557860255241394
0.115,0.9063157894736842,0.5556952357292175
0.116,0.9063157894736842,0.5554419755935669
0.116,0.906578947368421,0.5551292300224304
0.117,0.906578947368421,0.5549311637878418
0.117,0.9089473684210526,0.5470545887947083
0.118,0.9089473684210526,0.5470340251922607
0.118,0.9107894736842105,0.5431891083717346
0.119,0.9107894736842105,0.5416120886802673
0.119,0.9118421052631579,0.5374866724014282
0.12,0.9118421052631579,0.5374406576156616
0.12,0.9126315789473685,0.5321945548057556
0.121,0.9126315789473685,0.5315999984741211
0.121,0.9128947368421053,0.529172956943512
0.123,0.9128947368421053,0.5280049443244934
0.123,0.9142105263157895,0.5247883200645447
0.125,0.9142105263157895,0.5229384303092957
0.125,0.916578947368421,0.5134775042533875
0.126,0.916578947368421,0.5128014087677002
0.126,0.9168421052631579,0.5111307501792908
0.13,0.9168421052631579,0.5093182325363159
0.13,0.9171052631578948,0.50812166929245
0.132,0.9171052631578948,0.5071094632148743
0.132,0.9173684210526316,0.5069182515144348
0.134,0.9173684210526316,0.5062565207481384
0.134,0.9178947368421052,0.5059149265289307
0.136,0.9178947368421052,0.5052236318588257
0.136,0.9184210526315789,0.5009283423423767
0.138,0.9184210526315789,0.5007246136665344
0.138,0.9189473684210526,0.4987506568431854
0.139,0.9189473684210526,0.4975886940956116
0.139,0.9197368421052632,0.4964736998081207
0.14,0.9197368421052632,0.495570570230484
0.14,0.92,0.494720995426178
0.141,0.9202631578947369,0.4941333830356598
0.142,0.9202631578947369,0.49347928166389465
0.142,0.9207894736842105,0.4918842613697052
0.148,0.9207894736842105,0.48121178150177
0.148,0.9210526315789473,0.48103761672973633
0.151,0.9210526315789473,0.4794805943965912
0.151,0.921578947368421,0.4782007932662964
0.156,0.921578947368421,0.4718034267425537
0.156,0.9226315789473685,0.4692702889442444
0.158,0.9226315789473685,0.46650785207748413
0.158,0.9228947368421052,0.46489912271499634
0.161,0.9228947368421052,0.4606814980506897
0.161,0.9231578947368421,0.4579957127571106
0.164,0.9231578947368421,0.4518679082393646
0.164,0.9234210526315789,0.4510582387447357
0.165,0.9234210526315789,0.45060738921165466
0.165,0.9239473684210526,0.4478006362915039
0.167,0.9239473684210526,0.44529104232788086
0.167,0.9242105263157895,0.4446411430835724
0.169,0.9242105263157895,0.4361603856086731
0.169,0.925,0.4318212568759918
0.172,0.925,0.43118494749069214
0.172,0.9252631578947368,0.42975643277168274
0.173,0.9252631578947368,0.429374635219574
0.173,0.9260526315789473,0.4245324730873108
0.174,0.9260526315789473,0.4172194004058838
0.174,0.9265789473684211,0.41557273268699646
0.176,0.9265789473684211,0.4147212505340576
0.176,0.9268421052631579,0.4142473042011261
0.18,0.9268421052631579,0.40797367691993713
0.18,0.9273684210526316,0.4062102138996124
0.181,0.9273684210526316,0.4057895541191101
0.181,0.9276315789473685,0.4055408835411072
0.182,0.9276315789473685,0.4052257835865021
0.182,0.9278947368421052,0.40439897775650024
0.185,0.9278947368421052,0.4009600877761841
0.185,0.9281578947368421,0.40041688084602356
0.188,0.9281578947368421,0.3975374698638916
0.188,0.9284210526315789,0.3964681923389435
0.192,0.9284210526315789,0.3944084346294403
0.192,0.9286842105263158,0.3940683901309967
0.194,0.9286842105263158,0.3911096155643463
0.194,0.9289473684210526,0.38906410336494446
0.203,0.9289473684210526,0.3809451162815094
0.203,0.9292105263157895,0.38052651286125183
0.204,0.9292105263157895,0.3801465928554535
0.204,0.9294736842105263,0.3801030218601227
0.206,0.9294736842105263,0.37896478176116943
0.206,0.9297368421052632,0.37766966223716736
0.207,0.9297368421052632,0.3770570456981659
0.207,0.93,0.37642741203308105
0.21,0.93,0.3682495355606079
0.21,0.9302631578947368,0.3676450550556183
0.212,0.9302631578947368,0.36635497212409973
0.212,0.9305263157894736,0.3661780059337616
0.216,0.9305263157894736,0.3634205460548401
0.216,0.9307894736842105,0.3610788881778717
0.217,0.9307894736842105,0.3606211841106415
0.217,0.9315789473684211,0.35761120915412903
0.221,0.9315789473684211,0.3553372919559479
0.221,0.9318421052631579,0.35531848669052124
0.226,0.9318421052631579,0.3495761454105377
0.226,0.9321052631578948,0.3495464324951172
0.232,0.9321052631578948,0.3449687659740448
0.232,0.9323684210526316,0.3444518446922302
0.233,0.9323684210526316,0.3424185514450073
0.233,0.9326315789473684,0.34241390228271484
0.234,0.9326315789473684,0.34071552753448486
0.234,0.9331578947368421,0.33739638328552246
0.235,0.9331578947368421,0.3371158838272095
0.235,0.9334210526315789,0.3361194431781769
0.237,0.9334210526315789,0.3342498540878296
0.237,0.9336842105263158,0.3335123360157013
0.238,0.9336842105263158,0.3331522047519684
0.238,0.9339473684210526,0.3329484760761261
0.24,0.9339473684210526,0.3317010700702667
0.24,0.9344736842105263,0.33067357540130615
0.243,0.9344736842105263,0.3272317349910736
0.243,0.9347368421052632,0.32686710357666016
0.246,0.9347368421052632,0.32346194982528687
0.246,0.935,0.32259610295295715
0.247,0.935,0.3212583363056183
0.247,0.9352631578947368,0.3207899034023285
0.249,0.9352631578947368,0.318691611289978
0.249,0.9355263157894737,0.3168623447418213
0.254,0.9355263157894737,0.3116040527820587
0.254,0.9363157894736842,0.31063345074653625
0.256,0.9363157894736842,0.3076021671295166
0.256,0.9365789473684211,0.30704572796821594
0.257,0.9365789473684211,0.30409255623817444
0.257,0.9371052631578948,0.3023359477519989
0.259,0.9371052631578948,0.3004678785800934
0.259,0.9373684210526316,0.30028286576271057
0.26,0.9373684210526316,0.2996603548526764
0.26,0.9378947368421052,0.29734107851982117
0.261,0.9378947368421052,0.2965061664581299
0.261,0.9386842105263158,0.2944573163986206
0.262,0.9386842105263158,0.2941124439239502
0.262,0.9397368421052632,0.29109251499176025
0.267,0.9397368421052632,0.2879352569580078
0.267,0.9402631578947368,0.2869811952114105
0.268,0.9402631578947368,0.28644880652427673
0.268,0.9407894736842105,0.28599825501441956
0.269,0.9407894736842105,0.2858424186706543
0.269,0.9421052631578948,0.2819775342941284
0.27,0.9421052631578948,0.28041765093803406
0.27,0.9423684210526316,0.28040066361427307
0.272,0.9423684210526316,0.27943235635757446
0.272,0.9426315789473684,0.27941107749938965
0.276,0.9426315789473684,0.27513620257377625
0.276,0.9434210526315789,0.27342796325683594
0.28,0.9434210526315789,0.2726096510887146
0.28,0.9436842105263158,0.2721834182739258
0.281,0.9436842105263158,0.2719866633415222
0.281,0.9439473684210526,0.27100715041160583
0.282,0.9439473684210526,0.27074775099754333
0.282,0.9442105263157895,0.27057984471321106
0.284,0.9442105263157895,0.269345760345459
0.284,0.9444736842105264,0.2688714563846588
0.285,0.9444736842105264,0.26860013604164124
0.285,0.945,0.26800698041915894
0.286,0.945,0.26773858070373535
0.286,0.9452631578947368,0.267088383436203
0.287,0.9452631578947368,0.266616553068161
0.287,0.9457894736842105,0.2654843032360077
0.288,0.9457894736842105,0.26506996154785156
0.288,0.9465789473684211,0.2636566460132599
0.289,0.9465789473684211,0.2618741989135742
0.289,0.9468421052631579,0.2614448070526123
0.29,0.9468421052631579,0.2609889805316925
0.29,0.9471052631578948,0.2607138156890869
0.293,0.9471052631578948,0.25928011536598206
0.293,0.9476315789473684,0.2586805522441864
0.295,0.9476315789473684,0.25787585973739624
0.295,0.9492105263157895,0.25329846143722534
0.297,0.9492105263157895,0.25262629985809326
0.297,0.9494736842105264,0.2521313428878784
0.299,0.9494736842105264,0.25156286358833313
0.299,0.9497368421052632,0.2512265145778656
0.3,0.9497368421052632,0.25095951557159424
0.3,0.9502631578947368,0.24997812509536743
0.303,0.9502631578947368,0.248894602060318
0.303,0.9505263157894737,0.24877682328224182
0.304,0.9505263157894737,0.2482169270515442
0.304,0.9507894736842105,0.2481124997138977
0.305,0.9507894736842105,0.2471553236246109
0.305,0.9510526315789474,0.2463606297969818
0.31,0.9510526315789474,0.24475261569023132
0.31,0.9515789473684211,0.24414454400539398
0.311,0.9515789473684211,0.24394531548023224
0.311,0.9521052631578948,0.2428760975599289
0.313,0.9521052631578948,0.24100248515605927
0.313,0.9523684210526315,0.2398395836353302
0.314,0.9523684210526315,0.2394159436225891
0.314,0.9526315789473684,0.23803158104419708
0.315,0.9526315789473684,0.23764672875404358
0.315,0.9539473684210527,0.2365013211965561
0.316,0.9539473684210527,0.2361207753419876
0.316,0.9542105263157895,0.23540811240673065
0.317,0.9542105263157895,0.2352125197649002
0.317,0.9560526315789474,0.23192355036735535
0.321,0.9560526315789474,0.230901837348938
0.321,0.9565789473684211,0.2299581915140152
0.323,0.9565789473684211,0.2287408858537674
0.323,0.9568421052631579,0.22869396209716797
0.325,0.9568421052631579,0.22680574655532837
0.325,0.9571052631578948,0.22563815116882324
0.327,0.9571052631578948,0.22532695531845093
0.327,0.9576315789473684,0.22476017475128174
0.328,0.9576315789473684,0.22399161756038666
0.328,0.9578947368421052,0.22384320199489594
0.329,0.9578947368421052,0.22339074313640594
0.329,0.958421052631579,0.22318148612976074
0.33,0.958421052631579,0.22309978306293488
0.33,0.9589473684210527,0.22170434892177582
0.332,0.9589473684210527,0.22097335755825043
0.332,0.9592105263157895,0.22082941234111786
0.335,0.9592105263157895,0.21982891857624054
0.335,0.9594736842105264,0.21965764462947845
0.336,0.9594736842105264,0.21920475363731384
0.336,0.96,0.21895423531532288
0.337,0.96,0.21885396540164948
0.337,0.9607894736842105,0.2178814709186554
0.338,0.9607894736842105,0.21720834076404572
0.338,0.9621052631578947,0.21439383924007416
0.341,0.9621052631578947,0.21349643170833588
0.341,0.9623684210526315,0.21338725090026855
0.344,0.9623684210526315,0.21213828027248383
0.344,0.9626315789473684,0.21211542189121246
0.346,0.9626315789473684,0.211621955037117
0.346,0.9628947368421052,0.21139541268348694
0.347,0.9628947368421052,0.21093478798866272
0.347,0.9631578947368421,0.21070978045463562
0.348,0.9631578947368421,0.21018454432487488
0.348,0.9642105263157895,0.20944468677043915
0.353,0.9642105263157895,0.2085321992635727
0.353,0.965,0.20722465217113495
0.359,0.965,0.20598667860031128
0.359,0.9652631578947368,0.20555885136127472
0.363,0.9652631578947368,0.20198380947113037
0.363,0.9655263157894737,0.20194809138774872
0.364,0.9655263157894737,0.20133402943611145
0.364,0.9657894736842105,0.20131416618824005
0.369,0.9657894736842105,0.19833806157112122
0.369,0.9663157894736842,0.19742436707019806
0.374,0.9663157894736842,0.19573478400707245
0.374,0.9665789473684211,0.19545964896678925
0.375,0.9665789473684211,0.19544009864330292
0.375,0.966842105263158,0.1950395256280899
0.376,0.966842105263158,0.19486850500106812
0.376,0.9673684210526315,0.19435691833496094
0.379,0.9673684210526315,0.19337046146392822
0.379,0.9681578947368421,0.19257813692092896
0.38,0.9681578947368421,0.19255082309246063
0.38,0.9689473684210527,0.19133518636226654
0.386,0.9689473684210527,0.1901482492685318
0.386,0.9692105263157895,0.18870162963867188
0.387,0.9692105263157895,0.18833354115486145
0.387,0.97,0.1869969666004181
0.389,0.97,0.18679413199424744
0.389,0.9702631578947368,0.18641623854637146
0.391,0.9702631578947368,0.1859249472618103
0.391,0.9713157894736842,0.18473392724990845
0.395,0.9713157894736842,0.18355511128902435
0.395,0.9718421052631578,0.18298430740833282
0.399,0.9718421052631578,0.18259462714195251
0.399,0.9723684210526315,0.1816527396440506
0.402,0.9723684210526315,0.1813819259405136
0.402,0.9726315789473684,0.18112391233444214
0.409,0.9726315789473684,0.17958971858024597
0.409,0.9728947368421053,0.1791929304599762
0.41,0.9728947368421053,0.17914967238903046
0.41,0.9731578947368421,0.17913953959941864
0.411,0.9731578947368421,0.17872938513755798
0.411,0.9739473684210527,0.178618386387825
0.412,0.9739473684210527,0.1786036193370819
0.412,0.9742105263157895,0.17848749458789825
0.414,0.9742105263157895,0.17843349277973175
0.414,0.9744736842105263,0.17832842469215393
0.421,0.9744736842105263,0.176466703414917
0.421,0.9747368421052631,0.1764593869447708
0.422,0.9747368421052631,0.1760919839143753
0.422,0.9752631578947368,0.17555436491966248
0.423,0.9752631578947368,0.17541927099227905
0.423,0.9755263157894737,0.17538034915924072
0.424,0.9755263157894737,0.17499884963035583
0.424,0.9757894736842105,0.1749144196510315
0.426,0.9757894736842105,0.17418943345546722
0.426,0.9760526315789474,0.1741570234298706
0.427,0.9760526315789474,0.1737823188304901
0.427,0.9763157894736842,0.17377528548240662
0.429,0.9763157894736842,0.1734423190355301
0.429,0.9765789473684211,0.1733466535806656
0.43,0.9765789473684211,0.17334511876106262
0.43,0.9768421052631578,0.1731075793504715
0.44,0.9768421052631578,0.17132428288459778
0.44,0.9771052631578947,0.17112721502780914
0.444,0.9771052631578947,0.17036838829517365
0.444,0.9773684210526316,0.17030839622020721
0.445,0.9773684210526316,0.16913053393363953
0.445,0.9776315789473684,0.1686655431985855
0.446,0.9776315789473684,0.16799181699752808
0.446,0.9778947368421053,0.1679653525352478
0.447,0.9778947368421053,0.16675324738025665
0.447,0.9781578947368421,0.1666187345981598
0.448,0.9781578947368421,0.16649721562862396
0.448,0.978421052631579,0.1663014143705368
0.449,0.978421052631579,0.16615617275238037
0.449,0.9786842105263158,0.1655791997909546
0.45,0.9786842105263158,0.16534730792045593
0.45,0.9789473684210527,0.16533854603767395
0.451,0.9789473684210527,0.16525261104106903
0.451,0.9794736842105263,0.16509172320365906
0.457,0.9794736842105263,0.16401498019695282
0.457,0.98,0.16388092935085297
0.46,0.98,0.16309848427772522
0.46,0.9805263157894737,0.16283611953258514
0.464,0.9805263157894737,0.1620790660381317
0.464,0.9810526315789474,0.16174808144569397
0.467,0.9810526315789474,0.16122455894947052
0.467,0.9813157894736843,0.1611889898777008
0.468,0.9813157894736843,0.16116246581077576
0.468,0.9815789473684211,0.1610444039106369
0.469,0.9815789473684211,0.16069963574409485
0.469,0.9818421052631578,0.1604553908109665
0.471,0.9818421052631578,0.16023443639278412
0.471,0.9821052631578947,0.16000987589359283
0.474,0.9821052631578947,0.15890620648860931
0.474,0.9823684210526316,0.1585785448551178
0.475,0.9823684210526316,0.15854395925998688
0.475,0.9826315789473684,0.15826930105686188
0.477,0.9826315789473684,0.15769609808921814
0.477,0.9831578947368421,0.1571168452501297
0.482,0.9831578947368421,0.15638616681098938
0.482,0.9836842105263158,0.15589438378810883
0.483,0.9836842105263158,0.1554640531539917
0.483,0.9839473684210527,0.15534096956253052
0.484,0.9839473684210527,0.15530161559581757
0.484,0.9844736842105263,0.15453800559043884
0.486,0.9844736842105263,0.15430030226707458
0.486,0.9847368421052631,0.15415143966674805
0.488,0.9847368421052631,0.1538914442062378
0.488,0.985,0.1534285843372345
0.506,0.985,0.1484205722808838
0.506,0.9852631578947368,0.14812041819095612
0.507,0.9852631578947368,0.14777006208896637
0.507,0.9855263157894737,0.147313192486763
0.509,0.9855263157894737,0.1467360556125641
0.509,0.9860526315789474,0.14604200422763824
0.512,0.9860526315789474,0.14550089836120605
0.512,0.9863157894736843,0.1445838361978531
0.514,0.9863157894736843,0.14442265033721924
0.514,0.9868421052631579,0.1442614644765854
0.52,0.9868421052631579,0.14332936704158783
0.52,0.9876315789473684,0.1424107402563095
0.521,0.9876315789473684,0.14215224981307983
0.521,0.9878947368421053,0.1418328881263733
0.53,0.9878947368421053,0.13930335640907288
0.53,0.988421052631579,0.13911865651607513
0.531,0.988421052631579,0.13895095884799957
0.531,0.9886842105263158,0.13882823288440704
0.532,0.9886842105263158,0.13872030377388
0.532,0.9892105263157894,0.13857321441173553
0.533,0.9892105263157894,0.13829007744789124
0.533,0.9894736842105263,0.13824008405208588
0.538,0.9894736842105263,0.1372373253107071
0.538,0.9897368421052631,0.1371041089296341
0.54,0.9897368421052631,0.1368427574634552
0.54,0.9902631578947368,0.13661900162696838
0.547,0.9902631578947368,0.13417576253414154
0.547,0.9905263157894737,0.13403823971748352
0.548,0.9905263157894737,0.1340036243200302
0.548,0.991578947368421,0.13273803889751434
0.553,0.991578947368421,0.13199268281459808
0.553,0.9918421052631579,0.13177138566970825
0.556,0.9918421052631579,0.1303892731666565
0.556,0.9921052631578947,0.1300843507051468
0.56,0.9921052631578947,0.12908340990543365
0.56,0.9931578947368421,0.12866288423538208
0.566,0.9931578947368421,0.12730097770690918
0.566,0.9939473684210526,0.12663620710372925
0.567,0.9939473684210526,0.12634651362895966
0.567,0.9944736842105263,0.12629224359989166
0.578,0.9944736842105263,0.12264236062765121
0.578,0.9947368421052631,0.12216946482658386
0.579,0.9947368421052631,0.12209521234035492
0.579,0.995,0.1220398023724556
0.588,0.995,0.11842773854732513
0.588,0.9952631578947368,0.11829430609941483
0.593,0.9952631578947368,0.11692983657121658
0.593,0.9955263157894737,0.11660581082105637
0.598,0.9955263157894737,0.11554857343435287
0.598,0.9957894736842106,0.11554272472858429
0.599,0.9957894736842106,0.11496800184249878
0.599,0.9960526315789474,0.11485396325588226
0.6,0.9960526315789474,0.11480727046728134
0.6,0.9963157894736843,0.11474002152681351
0.603,0.9963157894736843,0.11453843861818314
0.603,0.996578947368421,0.11381445825099945
0.61,0.996578947368421,0.1129666417837143
0.61,0.9968421052631579,0.11289513856172562
0.611,0.9968421052631579,0.11275195330381393
0.611,0.9973684210526316,0.11224106699228287
0.616,0.9973684210526316,0.11008767038583755
0.616,0.9978947368421053,0.1089039295911789
0.627,0.9978947368421053,0.10509555041790009
0.627,0.9981578947368421,0.10501185059547424
0.632,0.9981578947368421,0.10408615320920944
0.632,0.9986842105263158,0.10384891927242279
0.636,0.9986842105263158,0.10313934087753296
0.636,0.9989473684210526,0.10311678051948547
0.638,0.9989473684210526,0.10206987708806992
0.638,0.9992105263157894,0.10186195373535156
0.676,0.9992105263157894,0.09191949665546417
0.676,0.9994736842105263,0.0918438658118248
0.683,0.9994736842105263,0.09020213037729263
0.683,0.9997368421052631,0.09015832841396332
0.705,0.9997368421052631,0.08229337632656097
0.705,1.0,0.0822644978761673
1.0,1.0,0.003246491076424718
