FPR,TPR,Threshold
0.0,0.0,1.963778555393219
0.0,0.000925925925925926,0.963778555393219
0.0,0.48333333333333334,0.7693964242935181
0.0007575757575757576,0.48333333333333334,0.7691933512687683
0.0007575757575757576,0.49537037037037035,0.7665574550628662
0.0015151515151515152,0.49537037037037035,0.7665495872497559
0.0015151515151515152,0.5046296296296297,0.7644924521446228
0.0030303030303030303,0.5046296296296297,0.7638967037200928
0.0030303030303030303,0.5333333333333333,0.7559193968772888
0.003787878787878788,0.5333333333333333,0.7559115290641785
0.003787878787878788,0.5425925925925926,0.7533469200134277
0.004545454545454545,0.5425925925925926,0.7522493600845337
0.004545454545454545,0.5462962962962963,0.7500476837158203
0.006060606060606061,0.5462962962962963,0.7497517466545105
0.006060606060606061,0.5537037037037037,0.746263861656189
0.006818181818181818,0.5537037037037037,0.7461920976638794
0.006818181818181818,0.5546296296296296,0.7459167242050171
0.007575757575757576,0.5546296296296296,0.745157778263092
0.007575757575757576,0.5583333333333333,0.7429172992706299
0.008333333333333333,0.5583333333333333,0.7427595853805542
0.008333333333333333,0.5601851851851852,0.741910457611084
0.00909090909090909,0.5601851851851852,0.7415709495544434
0.00909090909090909,0.562962962962963,0.7413837313652039
0.009848484848484848,0.562962962962963,0.7405136823654175
0.009848484848484848,0.5638888888888889,0.7400977611541748
0.011363636363636364,0.5638888888888889,0.7388999462127686
0.011363636363636364,0.5648148148148148,0.7373073697090149
0.012121212121212121,0.5648148148148148,0.7371495962142944
0.012121212121212121,0.5694444444444444,0.735073983669281
0.013636363636363636,0.5694444444444444,0.7342185378074646
0.013636363636363636,0.5712962962962963,0.7322421073913574
0.015909090909090907,0.5712962962962963,0.7315996289253235
0.015909090909090907,0.5722222222222222,0.7315616607666016
0.016666666666666666,0.5722222222222222,0.7311472296714783
0.016666666666666666,0.5731481481481482,0.7308957576751709
0.01818181818181818,0.5731481481481482,0.7290372252464294
0.01818181818181818,0.5740740740740741,0.7289339900016785
0.020454545454545454,0.5740740740740741,0.7271016836166382
0.020454545454545454,0.575,0.72706538438797
0.022727272727272728,0.575,0.7246795892715454
0.022727272727272728,0.5787037037037037,0.7199277281761169
0.023484848484848483,0.5787037037037037,0.718877375125885
0.023484848484848483,0.5796296296296296,0.7165395617485046
0.024242424242424242,0.5796296296296296,0.7164413332939148
0.024242424242424242,0.5805555555555556,0.7145472764968872
0.025757575757575757,0.5805555555555556,0.712619423866272
0.025757575757575757,0.5833333333333334,0.7122644186019897
0.026515151515151516,0.5833333333333334,0.7117560505867004
0.026515151515151516,0.5861111111111111,0.7101249098777771
0.02727272727272727,0.5861111111111111,0.709826648235321
0.02727272727272727,0.5935185185185186,0.7077265977859497
0.02803030303030303,0.5935185185185186,0.7066823244094849
0.02803030303030303,0.5972222222222222,0.706081211566925
0.02878787878787879,0.5972222222222222,0.705799400806427
0.02878787878787879,0.6055555555555555,0.7036682963371277
0.030303030303030304,0.6055555555555555,0.7026507258415222
0.030303030303030304,0.6435185185185185,0.6704434156417847
0.03106060606060606,0.6435185185185185,0.6699420809745789
0.03106060606060606,0.6472222222222223,0.6672375202178955
0.031818181818181815,0.6472222222222223,0.6672222018241882
0.031818181818181815,0.65,0.6650147438049316
0.03257575757575758,0.65,0.664770781993866
0.03257575757575758,0.6509259259259259,0.6647263169288635
0.038636363636363635,0.6509259259259259,0.6589678525924683
0.038636363636363635,0.6518518518518519,0.6589545607566833
0.04242424242424243,0.6518518518518519,0.6564655303955078
0.04242424242424243,0.6537037037037037,0.6535776853561401
0.04318181818181818,0.6537037037037037,0.6533156037330627
0.04318181818181818,0.6555555555555556,0.6529660820960999
0.04393939393939394,0.6555555555555556,0.6525979042053223
0.04393939393939394,0.6564814814814814,0.6515519022941589
0.0446969696969697,0.6564814814814814,0.6510213613510132
0.0446969696969697,0.6574074074074074,0.6509832739830017
0.045454545454545456,0.6574074074074074,0.6509655117988586
0.045454545454545456,0.775,0.5878751277923584
0.04696969696969697,0.775,0.5866178274154663
0.04696969696969697,0.7759259259259259,0.5854186415672302
0.04772727272727273,0.7759259259259259,0.5851405262947083
0.04772727272727273,0.7805555555555556,0.5814107656478882
0.048484848484848485,0.7805555555555556,0.580110490322113
0.048484848484848485,0.7833333333333333,0.5774045586585999
0.05,0.7833333333333333,0.5755395293235779
0.05,0.7842592592592592,0.5752027630805969
0.05303030303030303,0.7842592592592592,0.5713578462600708
0.05303030303030303,0.7870370370370371,0.569754958152771
0.056818181818181816,0.7870370370370371,0.5672824382781982
0.056818181818181816,0.7898148148148149,0.5654731392860413
0.06060606060606061,0.7898148148148149,0.5599015355110168
0.06060606060606061,0.7916666666666666,0.5477848052978516
0.06287878787878788,0.7916666666666666,0.5443746447563171
0.06287878787878788,0.7935185185185185,0.5433838367462158
0.0659090909090909,0.7935185185185185,0.5408570766448975
0.0659090909090909,0.7944444444444444,0.5396113395690918
0.0696969696969697,0.7944444444444444,0.5374632477760315
0.0696969696969697,0.7953703703703704,0.5346398949623108
0.07121212121212121,0.7953703703703704,0.5333516001701355
0.07121212121212121,0.7962962962962963,0.5323224067687988
0.07272727272727272,0.7962962962962963,0.5316631197929382
0.07272727272727272,0.7981481481481482,0.5301369428634644
0.07348484848484849,0.7981481481481482,0.529125988483429
0.07348484848484849,0.8,0.525842010974884
0.07575757575757576,0.8,0.524739146232605
0.07575757575757576,0.8055555555555556,0.513024628162384
0.07727272727272727,0.8055555555555556,0.5106258392333984
0.07727272727272727,0.8074074074074075,0.5058770179748535
0.07803030303030303,0.8074074074074075,0.5054217576980591
0.07803030303030303,0.812037037037037,0.4965338110923767
0.07954545454545454,0.812037037037037,0.49571579694747925
0.07954545454545454,0.812962962962963,0.49486395716667175
0.0803030303030303,0.812962962962963,0.4946235120296478
0.0803030303030303,0.8148148148148148,0.49259811639785767
0.11969696969696969,0.8148148148148148,0.4291977882385254
0.11969696969696969,0.8166666666666667,0.4289875030517578
0.12121212121212122,0.8166666666666667,0.4272186756134033
0.12121212121212122,0.8175925925925925,0.4267115592956543
0.12272727272727273,0.8175925925925925,0.4243524670600891
0.12272727272727273,0.8185185185185185,0.4240846335887909
0.12727272727272726,0.8185185185185185,0.4213966429233551
0.12727272727272726,0.8194444444444444,0.42135483026504517
0.12803030303030302,0.8194444444444444,0.42090508341789246
0.12803030303030302,0.8212962962962963,0.41961246728897095
0.12954545454545455,0.8212962962962963,0.41851115226745605
0.12954545454545455,0.8231481481481482,0.41735008358955383
0.13106060606060607,0.8231481481481482,0.4171019196510315
0.13106060606060607,0.8240740740740741,0.41706639528274536
0.13560606060606062,0.8240740740740741,0.41429489850997925
0.13560606060606062,0.8268518518518518,0.4135455787181854
0.13636363636363635,0.8268518518518518,0.4134991765022278
0.13636363636363635,0.8277777777777777,0.41332265734672546
0.13712121212121212,0.8277777777777777,0.41310182213783264
0.13712121212121212,0.8287037037037037,0.4125915467739105
0.13863636363636364,0.8287037037037037,0.41200387477874756
0.13863636363636364,0.8296296296296296,0.4119041860103607
0.1393939393939394,0.8296296296296296,0.41169053316116333
0.1393939393939394,0.8314814814814815,0.410720556974411
0.1409090909090909,0.8314814814814815,0.40964293479919434
0.1409090909090909,0.8333333333333334,0.4083366394042969
0.15681818181818183,0.8333333333333334,0.3927510976791382
0.15681818181818183,0.8342592592592593,0.3921995162963867
0.15757575757575756,0.8342592592592593,0.39166879653930664
0.15757575757575756,0.8361111111111111,0.3915707767009735
0.1621212121212121,0.8361111111111111,0.38873428106307983
0.1621212121212121,0.837037037037037,0.3887152075767517
0.16363636363636364,0.837037037037037,0.3883936405181885
0.16363636363636364,0.8416666666666667,0.3872177302837372
0.16515151515151516,0.8416666666666667,0.3869800269603729
0.16515151515151516,0.8425925925925926,0.3869263529777527
0.16666666666666666,0.8425925925925926,0.3867015242576599
0.16666666666666666,0.8453703703703703,0.38524842262268066
0.16742424242424242,0.8453703703703703,0.38327834010124207
0.16742424242424242,0.8462962962962963,0.382820188999176
0.1696969696969697,0.8462962962962963,0.3823305070400238
0.1696969696969697,0.8481481481481481,0.381710946559906
0.17196969696969697,0.8481481481481481,0.3799516260623932
0.17196969696969697,0.8490740740740741,0.3794442117214203
0.17272727272727273,0.8490740740740741,0.3789956569671631
0.17272727272727273,0.85,0.3768242597579956
0.1734848484848485,0.85,0.37650585174560547
0.1734848484848485,0.8564814814814815,0.3710407614707947
0.17424242424242425,0.8564814814814815,0.3709999620914459
0.17424242424242425,0.8592592592592593,0.37031736969947815
0.175,0.8592592592592593,0.3693998456001282
0.175,0.8601851851851852,0.36834779381752014
0.17727272727272728,0.8601851851851852,0.36714062094688416
0.17727272727272728,0.862037037037037,0.3656960427761078
0.17803030303030304,0.862037037037037,0.3653217852115631
0.17803030303030304,0.8648148148148148,0.36494460701942444
0.1787878787878788,0.8648148148148148,0.3647345304489136
0.1787878787878788,0.8685185185185185,0.36228758096694946
0.1803030303030303,0.8685185185185185,0.3618794083595276
0.1803030303030303,0.8694444444444445,0.3616543114185333
0.18181818181818182,0.8694444444444445,0.36112502217292786
0.18181818181818182,0.8703703703703703,0.36094361543655396
0.18257575757575759,0.8703703703703703,0.36077573895454407
0.18257575757575759,0.8712962962962963,0.36030086874961853
0.18333333333333332,0.8712962962962963,0.3602423369884491
0.18333333333333332,0.8722222222222222,0.36020779609680176
0.18409090909090908,0.8722222222222222,0.3595476746559143
0.18409090909090908,0.8731481481481481,0.3580031394958496
0.1893939393939394,0.8731481481481481,0.3555389940738678
0.1893939393939394,0.8740740740740741,0.35463839769363403
0.19318181818181818,0.8740740740740741,0.35316649079322815
0.19318181818181818,0.875,0.3530355393886566
0.1962121212121212,0.875,0.35261115431785583
0.1962121212121212,0.8759259259259259,0.35248953104019165
0.1984848484848485,0.8759259259259259,0.3511539399623871
0.1984848484848485,0.8768518518518519,0.34988531470298767
0.20075757575757575,0.8768518518518519,0.34935450553894043
0.20075757575757575,0.8777777777777778,0.3492657244205475
0.2037878787878788,0.8777777777777778,0.3482288122177124
0.2037878787878788,0.8787037037037037,0.34759435057640076
0.20606060606060606,0.8787037037037037,0.34557124972343445
0.20606060606060606,0.8796296296296297,0.3447519540786743
0.20681818181818182,0.8796296296296297,0.34425753355026245
0.20681818181818182,0.8805555555555555,0.3433474600315094
0.20909090909090908,0.8805555555555555,0.3426351249217987
0.20909090909090908,0.8833333333333333,0.34062063694000244
0.2106060606060606,0.8833333333333333,0.3382977545261383
0.2106060606060606,0.8842592592592593,0.3361271321773529
0.21212121212121213,0.8842592592592593,0.3358362019062042
0.21212121212121213,0.8925925925925926,0.3232744336128235
0.2128787878787879,0.8925925925925926,0.3220664858818054
0.2128787878787879,0.8962962962962963,0.3173629343509674
0.21363636363636362,0.8962962962962963,0.31666383147239685
0.21363636363636362,0.9,0.31366458535194397
0.2143939393939394,0.9,0.3113250136375427
0.2143939393939394,0.9009259259259259,0.3106885552406311
0.21515151515151515,0.9009259259259259,0.31026697158813477
0.21515151515151515,0.9157407407407407,0.30142199993133545
0.2159090909090909,0.9157407407407407,0.30103030800819397
0.2159090909090909,0.9222222222222223,0.2971290946006775
0.21666666666666667,0.9222222222222223,0.296158105134964
0.21666666666666667,0.9231481481481482,0.29572969675064087
0.21818181818181817,0.9231481481481482,0.29494476318359375
0.21818181818181817,0.924074074074074,0.29371774196624756
0.2196969696969697,0.924074074074074,0.2909753918647766
0.2196969696969697,0.925,0.29028254747390747
0.22045454545454546,0.925,0.29027414321899414
0.22045454545454546,0.9259259259259259,0.2900964319705963
0.22121212121212122,0.9259259259259259,0.2900848984718323
0.22121212121212122,0.9277777777777778,0.28918665647506714
0.22348484848484848,0.9277777777777778,0.2888524532318115
0.22348484848484848,0.9287037037037037,0.28842800855636597
0.225,0.9287037037037037,0.2883293926715851
0.225,0.9296296296296296,0.28775596618652344
0.22575757575757577,0.9296296296296296,0.2873736023902893
0.22575757575757577,0.9305555555555556,0.28706035017967224
0.22954545454545455,0.9305555555555556,0.28495433926582336
0.22954545454545455,0.9314814814814815,0.2848634719848633
0.23106060606060605,0.9314814814814815,0.2842632830142975
0.23106060606060605,0.9324074074074075,0.2840798795223236
0.23257575757575757,0.9324074074074075,0.2821294069290161
0.23257575757575757,0.9342592592592592,0.2817482352256775
0.23484848484848486,0.9342592592592592,0.28157156705856323
0.23484848484848486,0.9351851851851852,0.2815706729888916
0.24242424242424243,0.9351851851851852,0.27814793586730957
0.24242424242424243,0.9407407407407408,0.2759997844696045
0.24696969696969698,0.9407407407407408,0.27282440662384033
0.24696969696969698,0.9416666666666667,0.27256423234939575
0.25075757575757573,0.9416666666666667,0.27102765440940857
0.25075757575757573,0.9425925925925925,0.27098891139030457
0.2515151515151515,0.9425925925925925,0.270535409450531
0.2515151515151515,0.9435185185185185,0.2702714800834656
0.25984848484848483,0.9435185185185185,0.2679538428783417
0.25984848484848483,0.9444444444444444,0.2677973210811615
0.2606060606060606,0.9444444444444444,0.26760026812553406
0.2606060606060606,0.9453703703703704,0.26750344038009644
0.26136363636363635,0.9453703703703704,0.26747238636016846
0.26136363636363635,0.9462962962962963,0.26715153455734253
0.26212121212121214,0.9462962962962963,0.267148494720459
0.26212121212121214,0.9472222222222222,0.26674872636795044
0.2628787878787879,0.9472222222222222,0.26605767011642456
0.2628787878787879,0.9481481481481482,0.26604562997817993
0.2636363636363636,0.9481481481481482,0.2655688226222992
0.2636363636363636,0.9490740740740741,0.265178382396698
0.2643939393939394,0.9490740740740741,0.264387309551239
0.2643939393939394,0.95,0.2637847661972046
0.26590909090909093,0.95,0.26139605045318604
0.26590909090909093,0.9518518518518518,0.2608915865421295
0.2674242424242424,0.9518518518518518,0.2602465748786926
0.2674242424242424,0.9527777777777777,0.2601003050804138
0.2681818181818182,0.9527777777777777,0.25921308994293213
0.2681818181818182,0.9537037037037037,0.2588518559932709
0.2689393939393939,0.9537037037037037,0.2586885094642639
0.2689393939393939,0.9546296296296296,0.2586730420589447
0.2696969696969697,0.9546296296296296,0.25834545493125916
0.2696969696969697,0.9555555555555556,0.25771021842956543
0.271969696969697,0.9555555555555556,0.25322312116622925
0.271969696969697,0.9564814814814815,0.25296154618263245
0.27424242424242423,0.9564814814814815,0.2528509795665741
0.27424242424242423,0.9574074074074074,0.25248050689697266
0.27575757575757576,0.9574074074074074,0.25229236483573914
0.27575757575757576,0.9583333333333334,0.25209271907806396
0.278030303030303,0.9583333333333334,0.25054991245269775
0.278030303030303,0.9601851851851851,0.2495054304599762
0.2833333333333333,0.9601851851851851,0.24722425639629364
0.2833333333333333,0.9611111111111111,0.24664612114429474
0.2856060606060606,0.9611111111111111,0.2454158365726471
0.2856060606060606,0.9629629629629629,0.2446424961090088
0.30606060606060603,0.9629629629629629,0.23244182765483856
0.30606060606060603,0.9638888888888889,0.23229952156543732
0.3098484848484849,0.9638888888888889,0.22565706074237823
0.3098484848484849,0.9648148148148148,0.22551146149635315
0.3181818181818182,0.9648148148148148,0.21991369128227234
0.3181818181818182,0.9657407407407408,0.21974578499794006
0.32196969696969696,0.9657407407407408,0.21790851652622223
0.32196969696969696,0.9666666666666667,0.21750275790691376
0.3303030303030303,0.9666666666666667,0.21124564111232758
0.3303030303030303,0.9675925925925926,0.21092528104782104
0.3333333333333333,0.9675925925925926,0.20802117884159088
0.3333333333333333,0.9694444444444444,0.20299535989761353
0.3340909090909091,0.9694444444444444,0.2016434222459793
0.3340909090909091,0.9703703703703703,0.20090022683143616
0.34015151515151515,0.9703703703703703,0.1941421627998352
0.34015151515151515,0.9712962962962963,0.1937902420759201
0.3462121212121212,0.9712962962962963,0.19023294746875763
0.3462121212121212,0.9722222222222222,0.18997608125209808
0.3606060606060606,0.9722222222222222,0.18486131727695465
0.3606060606060606,0.9731481481481481,0.18470163643360138
0.3643939393939394,0.9731481481481481,0.18348997831344604
0.3643939393939394,0.9740740740740741,0.18324705958366394
0.36818181818181817,0.9740740740740741,0.18294045329093933
0.36818181818181817,0.975,0.18293985724449158
0.3787878787878788,0.975,0.17817112803459167
0.3787878787878788,0.975925925925926,0.17812031507492065
0.3795454545454545,0.975925925925926,0.17792855203151703
0.3795454545454545,0.9768518518518519,0.17786866426467896
0.3803030303030303,0.9768518518518519,0.17737990617752075
0.3803030303030303,0.9787037037037037,0.17696167528629303
0.38181818181818183,0.9787037037037037,0.1763426661491394
0.38181818181818183,0.9805555555555555,0.17624427378177643
0.38636363636363635,0.9805555555555555,0.17480221390724182
0.38636363636363635,0.9833333333333333,0.17284442484378815
0.39166666666666666,0.9833333333333333,0.17230507731437683
0.39166666666666666,0.9842592592592593,0.1721998155117035
0.4022727272727273,0.9842592592592593,0.16888906061649323
0.4022727272727273,0.9851851851851852,0.16871175169944763
0.44545454545454544,0.9851851851851852,0.15915732085704803
0.44545454545454544,0.9861111111111112,0.15901939570903778
0.4734848484848485,0.9861111111111112,0.15229716897010803
0.4734848484848485,0.987037037037037,0.15197435021400452
0.4810606060606061,0.987037037037037,0.1506051868200302
0.4810606060606061,0.9879629629629629,0.15058647096157074
0.48333333333333334,0.9879629629629629,0.1502528339624405
0.48333333333333334,0.9888888888888889,0.15021799504756927
0.5106060606060606,0.9888888888888889,0.14511536061763763
0.5106060606060606,0.9898148148148148,0.14500980079174042
0.5242424242424243,0.9898148148148148,0.14320817589759827
0.5242424242424243,0.9907407407407407,0.14312602579593658
0.5454545454545454,0.9907407407407407,0.13918642699718475
0.5454545454545454,0.9916666666666667,0.13888323307037354
0.5522727272727272,0.9916666666666667,0.1375715285539627
0.5522727272727272,0.9925925925925926,0.13695219159126282
0.5583333333333333,0.9925925925925926,0.13376404345035553
0.5583333333333333,0.9935185185185185,0.13282537460327148
0.5598484848484848,0.9935185185185185,0.13253673911094666
0.5598484848484848,0.9953703703703703,0.13242052495479584
0.5606060606060606,0.9953703703703703,0.13151538372039795
0.5606060606060606,0.9972222222222222,0.13105608522891998
0.5636363636363636,0.9972222222222222,0.12954935431480408
0.5636363636363636,0.9981481481481481,0.12922270596027374
0.5643939393939394,0.9981481481481481,0.12897910177707672
0.5643939393939394,0.9990740740740741,0.12836319208145142
0.5651515151515152,0.9990740740740741,0.1283281296491623
0.5651515151515152,1.0,0.12811775505542755
1.0,1.0,0.01570482924580574
