FPR,TPR,Threshold
0.0,0.0,1.98726487159729
0.0,0.000925925925925926,0.98726487159729
0.0,0.26851851851851855,0.8955329060554504
0.0007575757575757576,0.26851851851851855,0.8950837850570679
0.0007575757575757576,0.27685185185185185,0.8904407620429993
0.0015151515151515152,0.27685185185185185,0.8900567889213562
0.0015151515151515152,0.28703703703703703,0.8864567279815674
0.0022727272727272726,0.28703703703703703,0.8862073421478271
0.0022727272727272726,0.2898148148148148,0.8854426145553589
0.0030303030303030303,0.2898148148148148,0.8847943544387817
0.0030303030303030303,0.31296296296296294,0.8770652413368225
0.003787878787878788,0.31296296296296294,0.8767362236976624
0.003787878787878788,0.3212962962962963,0.8742911219596863
0.004545454545454545,0.3212962962962963,0.8740387558937073
0.004545454545454545,0.33055555555555555,0.8716635704040527
0.005303030303030303,0.33055555555555555,0.8714936971664429
0.005303030303030303,0.3314814814814815,0.8712654113769531
0.006060606060606061,0.3314814814814815,0.8700287342071533
0.006060606060606061,0.3333333333333333,0.8681317567825317
0.007575757575757576,0.3333333333333333,0.8678473234176636
0.007575757575757576,0.33425925925925926,0.8678027987480164
0.00909090909090909,0.33425925925925926,0.8675011992454529
0.00909090909090909,0.3398148148148148,0.8656534552574158
0.009848484848484848,0.3398148148148148,0.8655364513397217
0.009848484848484848,0.3453703703703704,0.8628416061401367
0.010606060606060607,0.3453703703703704,0.8623049855232239
0.010606060606060607,0.35648148148148145,0.8597365021705627
0.011363636363636364,0.35648148148148145,0.8596946597099304
0.011363636363636364,0.3592592592592593,0.8586075901985168
0.012121212121212121,0.3592592592592593,0.8585647940635681
0.012121212121212121,0.3638888888888889,0.856429934501648
0.012878787878787878,0.3638888888888889,0.8559255003929138
0.012878787878787878,0.36574074074074076,0.8547210097312927
0.013636363636363636,0.36574074074074076,0.8543487787246704
0.013636363636363636,0.37777777777777777,0.8499031066894531
0.014393939393939395,0.37777777777777777,0.8493719696998596
0.014393939393939395,0.37962962962962965,0.8484045267105103
0.015151515151515152,0.37962962962962965,0.8481387495994568
0.015151515151515152,0.3824074074074074,0.8476072549819946
0.015909090909090907,0.3824074074074074,0.847588837146759
0.015909090909090907,0.38425925925925924,0.8467546105384827
0.017424242424242425,0.38425925925925924,0.8460944890975952
0.017424242424242425,0.38981481481481484,0.8433173894882202
0.01818181818181818,0.38981481481481484,0.8432492613792419
0.01818181818181818,0.3925925925925926,0.8425743579864502
0.021212121212121213,0.3925925925925926,0.841816782951355
0.021212121212121213,0.39444444444444443,0.8410612940788269
0.02196969696969697,0.39444444444444443,0.8410009741783142
0.02196969696969697,0.3990740740740741,0.8397259712219238
0.022727272727272728,0.3990740740740741,0.8388573527336121
0.022727272727272728,0.4009259259259259,0.8379231691360474
0.023484848484848483,0.4009259259259259,0.8376400470733643
0.023484848484848483,0.4148148148148148,0.83392333984375
0.024242424242424242,0.4148148148148148,0.8339112997055054
0.024242424242424242,0.4222222222222222,0.830862283706665
0.025,0.4222222222222222,0.8304620385169983
0.025,0.42314814814814816,0.8304181098937988
0.025757575757575757,0.42314814814814816,0.829906702041626
0.025757575757575757,0.42962962962962964,0.8280785083770752
0.026515151515151516,0.42962962962962964,0.8279629349708557
0.026515151515151516,0.4305555555555556,0.8276086449623108
0.02727272727272727,0.4305555555555556,0.8275720477104187
0.02727272727272727,0.43796296296296294,0.8249321579933167
0.02803030303030303,0.43796296296296294,0.824838399887085
0.02803030303030303,0.44814814814814813,0.8215396404266357
0.02878787878787879,0.44814814814814813,0.8212576508522034
0.02878787878787879,0.44907407407407407,0.821195662021637
0.029545454545454545,0.44907407407407407,0.8211188912391663
0.029545454545454545,0.45185185185185184,0.8185937404632568
0.03106060606060606,0.45185185185185184,0.8184904456138611
0.03106060606060606,0.4537037037037037,0.818152904510498
0.031818181818181815,0.4537037037037037,0.8170874118804932
0.031818181818181815,0.45555555555555555,0.8163530826568604
0.03257575757575758,0.45555555555555555,0.8153159618377686
0.03257575757575758,0.45740740740740743,0.8151218295097351
0.03333333333333333,0.45740740740740743,0.815121054649353
0.03333333333333333,0.4601851851851852,0.8146349787712097
0.03484848484848485,0.4601851851851852,0.8142775893211365
0.03484848484848485,0.46296296296296297,0.81308913230896
0.035606060606060606,0.46296296296296297,0.8130818605422974
0.035606060606060606,0.47129629629629627,0.8115603923797607
0.03636363636363636,0.47129629629629627,0.8114216327667236
0.03636363636363636,0.49722222222222223,0.8036815524101257
0.037121212121212124,0.49722222222222223,0.803639829158783
0.037121212121212124,0.5138888888888888,0.7985990643501282
0.03787878787878788,0.5138888888888888,0.798555850982666
0.03787878787878788,0.524074074074074,0.7940877676010132
0.038636363636363635,0.524074074074074,0.7938884496688843
0.038636363636363635,0.5361111111111111,0.7888363003730774
0.04015151515151515,0.5361111111111111,0.7882999777793884
0.04015151515151515,0.5444444444444444,0.785243809223175
0.04090909090909091,0.5444444444444444,0.7852004766464233
0.04090909090909091,0.5518518518518518,0.7828136086463928
0.041666666666666664,0.5518518518518518,0.7827063798904419
0.041666666666666664,0.5555555555555556,0.7816208600997925
0.04242424242424243,0.5555555555555556,0.780046284198761
0.04242424242424243,0.562037037037037,0.7778329253196716
0.04318181818181818,0.562037037037037,0.777737557888031
0.04318181818181818,0.562962962962963,0.7770854830741882
0.04393939393939394,0.562962962962963,0.7769561409950256
0.04393939393939394,0.5657407407407408,0.7766077518463135
0.0446969696969697,0.5657407407407408,0.7763354778289795
0.0446969696969697,0.5675925925925925,0.7760096192359924
0.045454545454545456,0.5675925925925925,0.7743241190910339
0.045454545454545456,0.5694444444444444,0.7731806635856628
0.04621212121212121,0.5694444444444444,0.7726879715919495
0.04621212121212121,0.5703703703703704,0.7719526886940002
0.048484848484848485,0.5703703703703704,0.7714138031005859
0.048484848484848485,0.5740740740740741,0.7708624005317688
0.04924242424242424,0.5740740740740741,0.7708036303520203
0.04924242424242424,0.5814814814814815,0.7641984820365906
0.05,0.5814814814814815,0.7633113265037537
0.05,0.5888888888888889,0.7607448101043701
0.05075757575757576,0.5888888888888889,0.7605178356170654
0.05075757575757576,0.5907407407407408,0.7586526274681091
0.05227272727272727,0.5907407407407408,0.7562009692192078
0.05227272727272727,0.5925925925925926,0.7550381422042847
0.05303030303030303,0.5925925925925926,0.754882276058197
0.05303030303030303,0.5962962962962963,0.7515270113945007
0.05378787878787879,0.5962962962962963,0.7509713768959045
0.05378787878787879,0.6018518518518519,0.7498505711555481
0.05454545454545454,0.6018518518518519,0.7497556805610657
0.05454545454545454,0.6092592592592593,0.7469863891601562
0.056818181818181816,0.6092592592592593,0.7454409599304199
0.056818181818181816,0.612037037037037,0.744457483291626
0.058333333333333334,0.612037037037037,0.7442078590393066
0.058333333333333334,0.6129629629629629,0.7437410950660706
0.05909090909090909,0.6129629629629629,0.7432559132575989
0.05909090909090909,0.6212962962962963,0.7382934093475342
0.06060606060606061,0.6212962962962963,0.7368296384811401
0.06060606060606061,0.6240740740740741,0.7342246770858765
0.06136363636363636,0.6240740740740741,0.7341845035552979
0.06136363636363636,0.6277777777777778,0.7324957251548767
0.06212121212121212,0.6277777777777778,0.732323408126831
0.06212121212121212,0.6407407407407407,0.7220496535301208
0.06287878787878788,0.6407407407407407,0.7219902873039246
0.06287878787878788,0.6509259259259259,0.7174339890480042
0.06363636363636363,0.6509259259259259,0.7173128724098206
0.06363636363636363,0.6731481481481482,0.7037428617477417
0.06439393939393939,0.6731481481481482,0.7025679349899292
0.06439393939393939,0.6768518518518518,0.6998571157455444
0.06515151515151515,0.6768518518518518,0.6997800469398499
0.06515151515151515,0.6953703703703704,0.6919171810150146
0.0659090909090909,0.6953703703703704,0.691694974899292
0.0659090909090909,0.7064814814814815,0.6836560368537903
0.06742424242424243,0.7064814814814815,0.6834456324577332
0.06742424242424243,0.7074074074074074,0.6832424998283386
0.06818181818181818,0.7074074074074074,0.6822892427444458
0.06818181818181818,0.7129629629629629,0.679190456867218
0.06893939393939394,0.7129629629629629,0.6782613396644592
0.06893939393939394,0.7157407407407408,0.6772039532661438
0.0696969696969697,0.7157407407407408,0.6771053075790405
0.0696969696969697,0.7185185185185186,0.6758366823196411
0.07045454545454545,0.7185185185185186,0.6738813519477844
0.07045454545454545,0.7203703703703703,0.6728137731552124
0.07121212121212121,0.7203703703703703,0.670926034450531
0.07121212121212121,0.7324074074074074,0.6617705821990967
0.07348484848484849,0.7324074074074074,0.660746157169342
0.07348484848484849,0.7361111111111112,0.6592864990234375
0.075,0.7361111111111112,0.6573259830474854
0.075,0.7435185185185185,0.6541199684143066
0.07651515151515151,0.7435185185185185,0.6536360383033752
0.07651515151515151,0.7481481481481481,0.6516813635826111
0.07727272727272727,0.7481481481481481,0.6506769061088562
0.07727272727272727,0.7518518518518519,0.6459336280822754
0.0803030303030303,0.7518518518518519,0.6417984366416931
0.0803030303030303,0.7527777777777778,0.6415051817893982
0.08106060606060606,0.7527777777777778,0.6409007906913757
0.08106060606060606,0.7537037037037037,0.6407660841941833
0.08181818181818182,0.7537037037037037,0.6402592658996582
0.08181818181818182,0.7564814814814815,0.638011634349823
0.08409090909090909,0.7564814814814815,0.6375066637992859
0.08409090909090909,0.7574074074074074,0.635903000831604
0.08484848484848485,0.7574074074074074,0.6358143091201782
0.08484848484848485,0.7592592592592593,0.6347731947898865
0.0856060606060606,0.7592592592592593,0.6342101693153381
0.0856060606060606,0.7611111111111111,0.6325685381889343
0.08712121212121213,0.7611111111111111,0.6316900849342346
0.08712121212121213,0.762962962962963,0.6308047771453857
0.08787878787878788,0.762962962962963,0.6302622556686401
0.08787878787878788,0.7638888888888888,0.6292105913162231
0.0893939393939394,0.7638888888888888,0.628706693649292
0.0893939393939394,0.7685185185185185,0.6263208389282227
0.09166666666666666,0.7685185185185185,0.6255037784576416
0.09166666666666666,0.7703703703703704,0.6247764229774475
0.09242424242424242,0.7703703703703704,0.6247304677963257
0.09242424242424242,0.7722222222222223,0.6231537461280823
0.09318181818181819,0.7722222222222223,0.6227871775627136
0.09318181818181819,0.7731481481481481,0.6215937733650208
0.09393939393939393,0.7731481481481481,0.621039092540741
0.09393939393939393,0.774074074074074,0.6204394698143005
0.09621212121212121,0.774074074074074,0.6194290518760681
0.09621212121212121,0.775,0.6164258122444153
0.09772727272727273,0.775,0.6160040497779846
0.09772727272727273,0.7805555555555556,0.6117615103721619
0.09848484848484848,0.7805555555555556,0.610170841217041
0.09848484848484848,0.7824074074074074,0.608866274356842
0.10151515151515152,0.7824074074074074,0.6068993210792542
0.10151515151515152,0.7861111111111111,0.605198323726654
0.10227272727272728,0.7861111111111111,0.60471111536026
0.10227272727272728,0.7870370370370371,0.6046961545944214
0.10378787878787879,0.7870370370370371,0.6036838293075562
0.10378787878787879,0.787962962962963,0.6020817756652832
0.1053030303030303,0.787962962962963,0.6016680598258972
0.1053030303030303,0.7907407407407407,0.6006459593772888
0.10606060606060606,0.7907407407407407,0.600210964679718
0.10606060606060606,0.7916666666666666,0.599084734916687
0.11136363636363636,0.7916666666666666,0.5942400097846985
0.11136363636363636,0.7925925925925926,0.5935594439506531
0.11212121212121212,0.7925925925925926,0.5935503840446472
0.11212121212121212,0.7944444444444444,0.591345489025116
0.11363636363636363,0.7944444444444444,0.5906707048416138
0.11363636363636363,0.7972222222222223,0.589430570602417
0.1159090909090909,0.7972222222222223,0.5873653888702393
0.1159090909090909,0.7981481481481482,0.5856001377105713
0.11666666666666667,0.7981481481481482,0.5852100849151611
0.11666666666666667,0.8009259259259259,0.5844444632530212
0.11742424242424243,0.8009259259259259,0.5837122797966003
0.11742424242424243,0.8018518518518518,0.5834920406341553
0.11818181818181818,0.8018518518518518,0.5830708742141724
0.11818181818181818,0.8037037037037037,0.5822803974151611
0.11969696969696969,0.8037037037037037,0.5789000988006592
0.11969696969696969,0.8046296296296296,0.5786811709403992
0.12045454545454545,0.8046296296296296,0.5786558985710144
0.12045454545454545,0.8064814814814815,0.5765412449836731
0.12121212121212122,0.8064814814814815,0.5765208601951599
0.12121212121212122,0.8074074074074075,0.5761172771453857
0.12196969696969696,0.8074074074074075,0.5743703246116638
0.12196969696969696,0.8083333333333333,0.5740901231765747
0.12272727272727273,0.8083333333333333,0.5727449059486389
0.12272727272727273,0.8148148148148148,0.5708297491073608
0.12575757575757576,0.8148148148148148,0.5674933195114136
0.12575757575757576,0.8185185185185185,0.5664036870002747
0.12651515151515152,0.8185185185185185,0.5663802623748779
0.12651515151515152,0.8194444444444444,0.5663034915924072
0.12878787878787878,0.8194444444444444,0.5626852512359619
0.12878787878787878,0.8222222222222222,0.5595203042030334
0.12954545454545455,0.8222222222222222,0.5592354536056519
0.12954545454545455,0.8231481481481482,0.5591433048248291
0.13106060606060607,0.8231481481481482,0.5589227080345154
0.13106060606060607,0.8287037037037037,0.5534545183181763
0.1318181818181818,0.8287037037037037,0.5529515743255615
0.1318181818181818,0.8305555555555556,0.5521981120109558
0.1340909090909091,0.8305555555555556,0.5507859587669373
0.1340909090909091,0.8314814814814815,0.5502896308898926
0.13560606060606062,0.8314814814814815,0.5499843955039978
0.13560606060606062,0.8333333333333334,0.5485811829566956
0.13636363636363635,0.8333333333333334,0.5485235452651978
0.13636363636363635,0.8398148148148148,0.5422626733779907
0.13712121212121212,0.8398148148148148,0.542097806930542
0.13712121212121212,0.8407407407407408,0.5406091213226318
0.13787878787878788,0.8407407407407408,0.5401721596717834
0.13787878787878788,0.8444444444444444,0.5382103323936462
0.13863636363636364,0.8444444444444444,0.5369410514831543
0.13863636363636364,0.8453703703703703,0.53684401512146
0.1393939393939394,0.8453703703703703,0.5364488363265991
0.1393939393939394,0.8462962962962963,0.5345712304115295
0.14015151515151514,0.8462962962962963,0.5336093902587891
0.14015151515151514,0.8472222222222222,0.5334502458572388
0.14242424242424243,0.8472222222222222,0.5303969979286194
0.14242424242424243,0.85,0.5279449224472046
0.1431818181818182,0.85,0.5277557373046875
0.1431818181818182,0.850925925925926,0.5271221995353699
0.14393939393939395,0.850925925925926,0.5260297060012817
0.14393939393939395,0.8518518518518519,0.5257291197776794
0.1462121212121212,0.8518518518518519,0.522788405418396
0.1462121212121212,0.8527777777777777,0.5226398706436157
0.14696969696969697,0.8527777777777777,0.5225281715393066
0.14696969696969697,0.8546296296296296,0.522153377532959
0.1484848484848485,0.8546296296296296,0.5191763639450073
0.1484848484848485,0.8555555555555555,0.5182665586471558
0.15,0.8555555555555555,0.5174055695533752
0.15,0.8564814814814815,0.5168988704681396
0.15151515151515152,0.8564814814814815,0.5165116786956787
0.15151515151515152,0.8583333333333333,0.5158225297927856
0.15454545454545454,0.8583333333333333,0.5124378204345703
0.15454545454545454,0.8592592592592593,0.5121724605560303
0.1553030303030303,0.8592592592592593,0.5120646953582764
0.1553030303030303,0.862037037037037,0.5107869505882263
0.15681818181818183,0.862037037037037,0.5094667077064514
0.15681818181818183,0.8629629629629629,0.5072389245033264
0.15757575757575756,0.8629629629629629,0.5066773295402527
0.15757575757575756,0.8638888888888889,0.5062289834022522
0.1606060606060606,0.8638888888888889,0.5039704442024231
0.1606060606060606,0.8648148148148148,0.5038424134254456
0.16136363636363638,0.8648148148148148,0.5024802088737488
0.16136363636363638,0.8675925925925926,0.5006071925163269
0.16287878787878787,0.8675925925925926,0.49941298365592957
0.16287878787878787,0.8694444444444445,0.4991621673107147
0.16363636363636364,0.8694444444444445,0.4984852373600006
0.16363636363636364,0.8703703703703703,0.4977387487888336
0.16590909090909092,0.8703703703703703,0.49575021862983704
0.16590909090909092,0.8712962962962963,0.49569201469421387
0.16666666666666666,0.8712962962962963,0.49548017978668213
0.16666666666666666,0.8722222222222222,0.49464598298072815
0.16818181818181818,0.8722222222222222,0.49366021156311035
0.16818181818181818,0.8740740740740741,0.4922764301300049
0.16893939393939394,0.8740740740740741,0.4922274947166443
0.16893939393939394,0.875,0.4920787513256073
0.17196969696969697,0.875,0.49038165807724
0.17196969696969697,0.8759259259259259,0.4902373254299164
0.1734848484848485,0.8759259259259259,0.48956066370010376
0.1734848484848485,0.8768518518518519,0.48951345682144165
0.175,0.8768518518518519,0.48806503415107727
0.175,0.8787037037037037,0.48697251081466675
0.1787878787878788,0.8787037037037037,0.482727974653244
0.1787878787878788,0.8796296296296297,0.48119184374809265
0.18106060606060606,0.8796296296296297,0.47833845019340515
0.18106060606060606,0.8805555555555555,0.4768810272216797
0.18181818181818182,0.8805555555555555,0.4763917028903961
0.18181818181818182,0.8814814814814815,0.47505614161491394
0.18484848484848485,0.8814814814814815,0.4710961878299713
0.18484848484848485,0.8824074074074074,0.47006314992904663
0.1856060606060606,0.8824074074074074,0.46966156363487244
0.1856060606060606,0.8833333333333333,0.4696452021598816
0.18712121212121213,0.8833333333333333,0.4693600833415985
0.18712121212121213,0.8851851851851852,0.46886521577835083
0.18787878787878787,0.8851851851851852,0.4679327607154846
0.18787878787878787,0.8861111111111111,0.46733057498931885
0.18863636363636363,0.8861111111111111,0.46639198064804077
0.18863636363636363,0.8870370370370371,0.4662404954433441
0.19318181818181818,0.8870370370370371,0.46342501044273376
0.19318181818181818,0.887962962962963,0.46084538102149963
0.1946969696969697,0.887962962962963,0.4606235921382904
0.1946969696969697,0.8888888888888888,0.45883387327194214
0.19696969696969696,0.8888888888888888,0.45720604062080383
0.19696969696969696,0.8907407407407407,0.4558648467063904
0.19772727272727272,0.8907407407407407,0.455314576625824
0.19772727272727272,0.8925925925925926,0.45489344000816345
0.1984848484848485,0.8925925925925926,0.4548487067222595
0.1984848484848485,0.8935185185185185,0.4532221853733063
0.20454545454545456,0.8935185185185185,0.4482358396053314
0.20454545454545456,0.8972222222222223,0.4469398260116577
0.2053030303030303,0.8972222222222223,0.44621071219444275
0.2053030303030303,0.8981481481481481,0.4453369975090027
0.20606060606060606,0.8981481481481481,0.4451976418495178
0.20606060606060606,0.9,0.4446723163127899
0.20833333333333334,0.9,0.443055123090744
0.20833333333333334,0.9018518518518519,0.44105538725852966
0.20984848484848484,0.9018518518518519,0.4406524896621704
0.20984848484848484,0.9037037037037037,0.4395240247249603
0.2128787878787879,0.9037037037037037,0.4381065368652344
0.2128787878787879,0.9046296296296297,0.4375932216644287
0.21363636363636362,0.9046296296296297,0.43711724877357483
0.21363636363636362,0.9055555555555556,0.43674126267433167
0.21818181818181817,0.9055555555555556,0.4336453080177307
0.21818181818181817,0.9064814814814814,0.43308836221694946
0.2196969696969697,0.9064814814814814,0.43254661560058594
0.2196969696969697,0.9083333333333333,0.4296649396419525
0.22045454545454546,0.9083333333333333,0.42945632338523865
0.22045454545454546,0.9092592592592592,0.427630215883255
0.22121212121212122,0.9092592592592592,0.4271819591522217
0.22121212121212122,0.9101851851851852,0.42605292797088623
0.22803030303030303,0.9101851851851852,0.42317259311676025
0.22803030303030303,0.9111111111111111,0.4229496121406555
0.2287878787878788,0.9111111111111111,0.42259156703948975
0.2287878787878788,0.9138888888888889,0.4224203824996948
0.23106060606060605,0.9138888888888889,0.4193175137042999
0.23106060606060605,0.9148148148148149,0.4190267026424408
0.2318181818181818,0.9148148148148149,0.4190216362476349
0.2318181818181818,0.9166666666666666,0.4176333248615265
0.23636363636363636,0.9166666666666666,0.4166317284107208
0.23636363636363636,0.9175925925925926,0.41594088077545166
0.23712121212121212,0.9175925925925926,0.415869802236557
0.23712121212121212,0.9185185185185185,0.41464921832084656
0.23787878787878788,0.9185185185185185,0.41447240114212036
0.23787878787878788,0.9194444444444444,0.4142875075340271
0.2431818181818182,0.9194444444444444,0.41189512610435486
0.2431818181818182,0.9203703703703704,0.41066572070121765
0.24393939393939393,0.9203703703703704,0.4106345474720001
0.24393939393939393,0.9231481481481482,0.409452348947525
0.24545454545454545,0.9231481481481482,0.40909603238105774
0.24545454545454545,0.924074074074074,0.40899044275283813
0.24621212121212122,0.924074074074074,0.40809166431427
0.24621212121212122,0.925,0.4080708622932434
0.24772727272727274,0.925,0.4074018597602844
0.24772727272727274,0.9277777777777778,0.4057137370109558
0.24924242424242424,0.9277777777777778,0.40424489974975586
0.24924242424242424,0.9287037037037037,0.40334612131118774
0.25075757575757573,0.9287037037037037,0.4029209315776825
0.25075757575757573,0.9296296296296296,0.4029199481010437
0.25681818181818183,0.9296296296296296,0.40020275115966797
0.25681818181818183,0.9305555555555556,0.3994990885257721
0.25757575757575757,0.9305555555555556,0.39851173758506775
0.25757575757575757,0.9314814814814815,0.39758536219596863
0.25984848484848483,0.9314814814814815,0.39705371856689453
0.25984848484848483,0.9324074074074075,0.39701637625694275
0.26212121212121214,0.9324074074074075,0.39476096630096436
0.26212121212121214,0.9333333333333333,0.39374881982803345
0.2643939393939394,0.9333333333333333,0.3933420777320862
0.2643939393939394,0.9351851851851852,0.39039719104766846
0.26590909090909093,0.9351851851851852,0.3900287449359894
0.26590909090909093,0.9361111111111111,0.38959774374961853
0.2689393939393939,0.9361111111111111,0.3877623379230499
0.2689393939393939,0.937962962962963,0.38725745677948
0.27121212121212124,0.937962962962963,0.3864384889602661
0.27121212121212124,0.9388888888888889,0.386281281709671
0.271969696969697,0.9388888888888889,0.3850504755973816
0.271969696969697,0.9407407407407408,0.3843517005443573
0.278030303030303,0.9407407407407408,0.382183700799942
0.278030303030303,0.9435185185185185,0.38132426142692566
0.2946969696969697,0.9435185185185185,0.37115657329559326
0.2946969696969697,0.9444444444444444,0.36982735991477966
0.2962121212121212,0.9444444444444444,0.3680071532726288
0.2962121212121212,0.9453703703703704,0.3677358329296112
0.29772727272727273,0.9453703703703704,0.3664577603340149
0.29772727272727273,0.9462962962962963,0.36629757285118103
0.30303030303030304,0.9462962962962963,0.36419734358787537
0.30303030303030304,0.9472222222222222,0.3636317253112793
0.3053030303030303,0.9472222222222222,0.36190265417099
0.3053030303030303,0.9481481481481482,0.36178839206695557
0.31212121212121213,0.9481481481481482,0.35875293612480164
0.31212121212121213,0.9490740740740741,0.3583040237426758
0.32727272727272727,0.9490740740740741,0.3488074243068695
0.32727272727272727,0.95,0.3487475514411926
0.3416666666666667,0.95,0.3409835398197174
0.3416666666666667,0.950925925925926,0.3408145308494568
0.34924242424242424,0.950925925925926,0.3368374705314636
0.34924242424242424,0.9518518518518518,0.3356271982192993
0.36742424242424243,0.9518518518518518,0.3217468559741974
0.36742424242424243,0.9546296296296296,0.3210512399673462
0.3696969696969697,0.9546296296296296,0.3204518258571625
0.3696969696969697,0.9555555555555556,0.31813669204711914
0.38106060606060604,0.9555555555555556,0.31259211897850037
0.38106060606060604,0.9564814814814815,0.3114509880542755
0.39015151515151514,0.9564814814814815,0.30654656887054443
0.39015151515151514,0.9574074074074074,0.3060074746608734
0.396969696969697,0.9574074074074074,0.3025095462799072
0.396969696969697,0.9583333333333334,0.3021829426288605
0.4015151515151515,0.9583333333333334,0.2995646893978119
0.4015151515151515,0.9592592592592593,0.2978784143924713
0.40454545454545454,0.9592592592592593,0.2950066328048706
0.40454545454545454,0.9601851851851851,0.2943616807460785
0.40606060606060607,0.9601851851851851,0.29375025629997253
0.40606060606060607,0.9611111111111111,0.2935420572757721
0.4075757575757576,0.9611111111111111,0.29280030727386475
0.4075757575757576,0.962037037037037,0.29265692830085754
0.4106060606060606,0.962037037037037,0.28952455520629883
0.4106060606060606,0.9629629629629629,0.28934207558631897
0.4121212121212121,0.9629629629629629,0.28915923833847046
0.4121212121212121,0.9638888888888889,0.2886277735233307
0.42424242424242425,0.9638888888888889,0.2772296667098999
0.42424242424242425,0.9648148148148148,0.27706652879714966
0.4409090909090909,0.9648148148148148,0.26823389530181885
0.4409090909090909,0.9657407407407408,0.26810768246650696
0.45075757575757575,0.9657407407407408,0.26404091715812683
0.45075757575757575,0.9666666666666667,0.2635725736618042
0.47045454545454546,0.9666666666666667,0.2505902349948883
0.47045454545454546,0.9675925925925926,0.2498302459716797
0.49924242424242427,0.9675925925925926,0.23916548490524292
0.49924242424242427,0.9685185185185186,0.2386590838432312
0.5083333333333333,0.9685185185185186,0.23319242894649506
0.5083333333333333,0.9694444444444444,0.2331186830997467
0.5143939393939394,0.9694444444444444,0.23069243133068085
0.5143939393939394,0.9703703703703703,0.2306656837463379
0.5318181818181819,0.9703703703703703,0.22343964874744415
0.5318181818181819,0.9712962962962963,0.22254954278469086
0.5424242424242425,0.9712962962962963,0.21808671951293945
0.5424242424242425,0.9722222222222222,0.2177407294511795
0.5454545454545454,0.9722222222222222,0.2166149914264679
0.5454545454545454,0.9731481481481481,0.21658040583133698
0.5537878787878788,0.9731481481481481,0.21476079523563385
0.5537878787878788,0.9740740740740741,0.2143963724374771
0.5636363636363636,0.9740740740740741,0.2115510255098343
0.5636363636363636,0.975,0.21150000393390656
0.571969696969697,0.975,0.20853108167648315
0.571969696969697,0.975925925925926,0.20835046470165253
0.5803030303030303,0.975925925925926,0.20505468547344208
0.5803030303030303,0.9768518518518519,0.2049669325351715
0.5863636363636363,0.9768518518518519,0.2029188573360443
0.5863636363636363,0.9777777777777777,0.202705517411232
0.6060606060606061,0.9777777777777777,0.19929632544517517
0.6060606060606061,0.9787037037037037,0.19892477989196777
0.6083333333333333,0.9787037037037037,0.19860334694385529
0.6083333333333333,0.9796296296296296,0.19850195944309235
0.6128787878787879,0.9796296296296296,0.196325421333313
0.6128787878787879,0.9814814814814815,0.19578570127487183
0.681060606060606,0.9814814814814815,0.17897386848926544
0.681060606060606,0.9824074074074074,0.17889633774757385
0.7053030303030303,0.9824074074074074,0.1708853393793106
0.7053030303030303,0.9833333333333333,0.1707679033279419
0.7212121212121212,0.9833333333333333,0.16455930471420288
0.7212121212121212,0.9842592592592593,0.16415300965309143
0.7295454545454545,0.9842592592592593,0.16066962480545044
0.7295454545454545,0.9851851851851852,0.16063782572746277
0.7522727272727273,0.9851851851851852,0.1517903357744217
0.7522727272727273,0.9861111111111112,0.1517401486635208
0.7803030303030303,0.9861111111111112,0.14328879117965698
0.7803030303030303,0.987037037037037,0.14320696890354156
0.796969696969697,0.987037037037037,0.1388622522354126
0.796969696969697,0.9879629629629629,0.13875900208950043
0.8037878787878788,0.9879629629629629,0.13680152595043182
0.8037878787878788,0.9888888888888889,0.13634927570819855
0.8196969696969697,0.9888888888888889,0.1305256336927414
0.8196969696969697,0.9898148148148148,0.13047459721565247
0.8204545454545454,0.9898148148148148,0.12960565090179443
0.8204545454545454,0.9907407407407407,0.12930241227149963
0.8333333333333334,0.9907407407407407,0.12398366630077362
0.8333333333333334,0.9916666666666667,0.12289908528327942
0.8371212121212122,0.9916666666666667,0.12128093093633652
0.8371212121212122,0.9935185185185185,0.12032116949558258
0.8386363636363636,0.9935185185185185,0.12006650865077972
0.8386363636363636,0.9944444444444445,0.11987702548503876
0.843939393939394,0.9944444444444445,0.1170232966542244
0.843939393939394,0.9953703703703703,0.11674680560827255
0.8446969696969697,0.9953703703703703,0.11658275872468948
0.8446969696969697,0.9962962962962963,0.11634380370378494
0.8492424242424242,0.9962962962962963,0.11420826613903046
0.8492424242424242,0.9972222222222222,0.11362043023109436
0.8515151515151516,0.9972222222222222,0.11294031143188477
0.8515151515151516,0.9981481481481481,0.11263280361890793
0.8545454545454545,0.9981481481481481,0.11208919435739517
0.8545454545454545,0.9990740740740741,0.11181964725255966
0.8560606060606061,0.9990740740740741,0.11127949506044388
0.8560606060606061,1.0,0.11096429079771042
1.0,1.0,0.02125854231417179
