FPR,TPR,Threshold
0.0,0.0,1.9925191402435303
0.0,0.0005263157894736842,0.9925191402435303
0.0,0.2163157894736842,0.9325419068336487
0.002,0.2163157894736842,0.9323861002922058
0.002,0.21736842105263157,0.9322656393051147
0.004,0.21736842105263157,0.9317711591720581
0.004,0.24052631578947367,0.9238781929016113
0.006,0.24052631578947367,0.9237514138221741
0.006,0.2594736842105263,0.9165854454040527
0.008,0.2594736842105263,0.9160999655723572
0.008,0.26894736842105266,0.9120678305625916
0.01,0.26894736842105266,0.9109319448471069
0.01,0.30526315789473685,0.8994919657707214
0.012,0.30526315789473685,0.8993682265281677
0.012,0.3078947368421053,0.8980043530464172
0.014,0.3078947368421053,0.8973607420921326
0.014,0.3121052631578947,0.8959991335868835
0.018,0.3121052631578947,0.895570695400238
0.018,0.31473684210526315,0.8946112990379333
0.02,0.31473684210526315,0.8945615887641907
0.02,0.3163157894736842,0.8940383791923523
0.022,0.3163157894736842,0.8938148617744446
0.022,0.3173684210526316,0.8935590386390686
0.024,0.3173684210526316,0.8933961987495422
0.024,0.32210526315789473,0.892595112323761
0.026,0.32210526315789473,0.8924132585525513
0.026,0.32263157894736844,0.8924120664596558
0.028,0.32263157894736844,0.8923565149307251
0.028,0.32526315789473687,0.8920603394508362
0.03,0.32526315789473687,0.8919849395751953
0.03,0.33789473684210525,0.889378011226654
0.032,0.33789473684210525,0.8890836238861084
0.032,0.35526315789473684,0.883338212966919
0.034,0.35526315789473684,0.8832517266273499
0.034,0.3563157894736842,0.8826469779014587
0.036,0.3563157894736842,0.8823285698890686
0.036,0.36736842105263157,0.8772048354148865
0.038,0.36736842105263157,0.8771589398384094
0.038,0.3736842105263158,0.8751081228256226
0.04,0.3736842105263158,0.8749949336051941
0.04,0.5447368421052632,0.7990133762359619
0.042,0.5447368421052632,0.7987293004989624
0.042,0.5536842105263158,0.795617401599884
0.044,0.5536842105263158,0.7955986261367798
0.044,0.5847368421052631,0.7747182250022888
0.046,0.5847368421052631,0.7745465040206909
0.046,0.5926315789473684,0.7667188048362732
0.048,0.5926315789473684,0.7664822936058044
0.048,0.5947368421052631,0.7651723623275757
0.05,0.5947368421052631,0.7649303674697876
0.05,0.6073684210526316,0.7522446513175964
0.052,0.6073684210526316,0.7521908283233643
0.052,0.61,0.748981773853302
0.054,0.61,0.7479471564292908
0.054,0.621578947368421,0.7400541305541992
0.056,0.621578947368421,0.7398325204849243
0.056,0.6247368421052631,0.7369071245193481
0.058,0.6247368421052631,0.736430823802948
0.058,0.63,0.7316849231719971
0.06,0.63,0.7314220666885376
0.06,0.631578947368421,0.7303513288497925
0.062,0.631578947368421,0.7294052243232727
0.062,0.6352631578947369,0.7266495823860168
0.064,0.6352631578947369,0.7260860204696655
0.064,0.6447368421052632,0.7205345034599304
0.066,0.6447368421052632,0.7203841805458069
0.066,0.6521052631578947,0.7157096266746521
0.068,0.6521052631578947,0.7154120802879333
0.068,0.6542105263157895,0.7147514820098877
0.07,0.6542105263157895,0.7144419550895691
0.07,0.6547368421052632,0.7143847942352295
0.074,0.6547368421052632,0.7133785486221313
0.074,0.6563157894736842,0.7125735282897949
0.076,0.6563157894736842,0.7117187976837158
0.076,0.66,0.7101037502288818
0.082,0.66,0.7085376977920532
0.082,0.6605263157894737,0.7084068655967712
0.084,0.6605263157894737,0.7070063948631287
0.084,0.6636842105263158,0.7042356133460999
0.086,0.6636842105263158,0.7041436433792114
0.086,0.6663157894736842,0.7023898363113403
0.088,0.6663157894736842,0.7022705674171448
0.088,0.6684210526315789,0.7004314661026001
0.09,0.6684210526315789,0.7003405094146729
0.09,0.6768421052631579,0.6947071552276611
0.094,0.6768421052631579,0.6944583058357239
0.094,0.6773684210526316,0.6942505836486816
0.096,0.6773684210526316,0.6931582093238831
0.096,0.68,0.691973090171814
0.098,0.68,0.6911174654960632
0.098,0.6821052631578948,0.6890632510185242
0.106,0.6821052631578948,0.6873024106025696
0.106,0.6831578947368421,0.6868196129798889
0.112,0.6831578947368421,0.6862486004829407
0.112,0.6857894736842105,0.6849843859672546
0.114,0.6857894736842105,0.6843615174293518
0.114,0.6863157894736842,0.6834987998008728
0.116,0.6863157894736842,0.6829758882522583
0.116,0.6905263157894737,0.6778503656387329
0.118,0.6905263157894737,0.6757733225822449
0.118,0.6931578947368421,0.6712230443954468
0.12,0.6931578947368421,0.6712135672569275
0.12,0.6968421052631579,0.6675945520401001
0.122,0.6968421052631579,0.666642427444458
0.122,0.6989473684210527,0.6646791696548462
0.124,0.6989473684210527,0.6643665432929993
0.124,0.7021052631578948,0.6611426472663879
0.126,0.7021052631578948,0.6604213118553162
0.126,0.7047368421052631,0.6595476269721985
0.128,0.7047368421052631,0.6591480374336243
0.128,0.7057894736842105,0.658520519733429
0.13,0.7057894736842105,0.6581591963768005
0.13,0.7063157894736842,0.657515287399292
0.132,0.7063157894736842,0.6573668122291565
0.132,0.7110526315789474,0.6549029350280762
0.134,0.7110526315789474,0.6547406315803528
0.134,0.7131578947368421,0.6523176431655884
0.136,0.7131578947368421,0.6521474719047546
0.136,0.7152631578947368,0.6499107480049133
0.138,0.7152631578947368,0.6498434543609619
0.138,0.7389473684210527,0.6326797008514404
0.14,0.7389473684210527,0.6325395703315735
0.14,0.7431578947368421,0.629275381565094
0.142,0.7431578947368421,0.6286327838897705
0.142,0.7478947368421053,0.6235271692276001
0.144,0.7478947368421053,0.6229135394096375
0.144,0.7494736842105263,0.6215693950653076
0.146,0.7494736842105263,0.62155681848526
0.146,0.7536842105263157,0.6151098608970642
0.148,0.7536842105263157,0.6151009798049927
0.148,0.7542105263157894,0.6140596270561218
0.15,0.7542105263157894,0.6137872934341431
0.15,0.758421052631579,0.6112955808639526
0.154,0.758421052631579,0.6110970377922058
0.154,0.7594736842105263,0.6099486947059631
0.158,0.7594736842105263,0.6091476678848267
0.158,0.7605263157894737,0.6081331372261047
0.16,0.7605263157894737,0.6079298257827759
0.16,0.7610526315789473,0.6077054738998413
0.162,0.7610526315789473,0.6068938374519348
0.162,0.761578947368421,0.606742262840271
0.164,0.761578947368421,0.6061455607414246
0.164,0.7621052631578947,0.6060730218887329
0.166,0.7621052631578947,0.6044806241989136
0.166,0.77,0.5972508788108826
0.168,0.77,0.5963690280914307
0.168,0.7721052631578947,0.5946369171142578
0.17,0.7721052631578947,0.5930932760238647
0.17,0.7726315789473684,0.5929639935493469
0.172,0.7726315789473684,0.5922346711158752
0.172,0.7731578947368422,0.5906099081039429
0.174,0.7731578947368422,0.5879920721054077
0.174,0.7752631578947369,0.5831196308135986
0.176,0.7752631578947369,0.5824674367904663
0.176,0.78,0.5727975964546204
0.178,0.78,0.5727748870849609
0.178,0.7821052631578947,0.5683146119117737
0.18,0.7821052631578947,0.5680440664291382
0.18,0.7852631578947369,0.5643924474716187
0.184,0.7852631578947369,0.5632980465888977
0.184,0.7926315789473685,0.5561558604240417
0.188,0.7926315789473685,0.5554224848747253
0.188,0.7931578947368421,0.5542528629302979
0.19,0.7931578947368421,0.5535505414009094
0.19,0.7936842105263158,0.5534776449203491
0.192,0.7936842105263158,0.5529343485832214
0.192,0.7942105263157895,0.5524964332580566
0.194,0.7942105263157895,0.5524153709411621
0.194,0.7963157894736842,0.5505382418632507
0.196,0.7963157894736842,0.5503075122833252
0.196,0.7973684210526316,0.5491065979003906
0.198,0.7973684210526316,0.5490990281105042
0.198,0.7978947368421052,0.5490298271179199
0.204,0.7978947368421052,0.5474080443382263
0.204,0.7984210526315789,0.5470834970474243
0.206,0.7984210526315789,0.546864926815033
0.206,0.7994736842105263,0.5461853742599487
0.208,0.7994736842105263,0.5454816222190857
0.208,0.8,0.5452858805656433
0.21,0.8,0.5450465083122253
0.21,0.8010526315789473,0.5442836880683899
0.214,0.8010526315789473,0.5440360903739929
0.214,0.8015789473684211,0.543865442276001
0.218,0.8015789473684211,0.5432449579238892
0.218,0.8021052631578948,0.5428147315979004
0.22,0.8021052631578948,0.5424779653549194
0.22,0.8026315789473685,0.5420512557029724
0.222,0.8026315789473685,0.541529655456543
0.222,0.8047368421052632,0.5395839810371399
0.224,0.8047368421052632,0.5390254259109497
0.224,0.8057894736842105,0.5367974042892456
0.226,0.8057894736842105,0.5360203385353088
0.226,0.8078947368421052,0.5328419804573059
0.228,0.8078947368421052,0.5280464887619019
0.228,0.8105263157894737,0.5246852040290833
0.23,0.8105263157894737,0.5226389765739441
0.23,0.8115789473684211,0.5219389200210571
0.232,0.8115789473684211,0.5214914083480835
0.232,0.8136842105263158,0.5203752517700195
0.236,0.8136842105263158,0.5192723870277405
0.236,0.8178947368421052,0.5141505002975464
0.238,0.8178947368421052,0.5139880776405334
0.238,0.8236842105263158,0.5102755427360535
0.24,0.8236842105263158,0.5098248720169067
0.24,0.8278947368421052,0.5052262544631958
0.242,0.8278947368421052,0.5046439170837402
0.242,0.828421052631579,0.5042603611946106
0.244,0.828421052631579,0.5041744112968445
0.244,0.8305263157894737,0.5003056526184082
0.246,0.8305263157894737,0.4996512532234192
0.246,0.8321052631578948,0.4966467022895813
0.248,0.8321052631578948,0.4965275228023529
0.248,0.8326315789473684,0.49566349387168884
0.25,0.8326315789473684,0.4933691620826721
0.25,0.8357894736842105,0.490667462348938
0.252,0.8357894736842105,0.4894815683364868
0.252,0.8389473684210527,0.4851405620574951
0.254,0.8389473684210527,0.4848429560661316
0.254,0.8447368421052631,0.4745446741580963
0.256,0.8447368421052631,0.473710298538208
0.256,0.8463157894736842,0.46746140718460083
0.258,0.8463157894736842,0.46582043170928955
0.258,0.8468421052631578,0.4656989872455597
0.262,0.8468421052631578,0.46506133675575256
0.262,0.8478947368421053,0.464263379573822
0.264,0.8478947368421053,0.46285566687583923
0.264,0.8510526315789474,0.4586888551712036
0.266,0.8510526315789474,0.45817047357559204
0.266,0.8526315789473684,0.45634427666664124
0.268,0.8526315789473684,0.4561906158924103
0.268,0.8542105263157894,0.4549199044704437
0.27,0.8542105263157894,0.45452362298965454
0.27,0.8547368421052631,0.45401352643966675
0.272,0.8547368421052631,0.4538081884384155
0.272,0.8568421052631578,0.452561616897583
0.276,0.8568421052631578,0.45128488540649414
0.276,0.8594736842105263,0.4473120868206024
0.28,0.8594736842105263,0.44575750827789307
0.28,0.8621052631578947,0.44329342246055603
0.282,0.8621052631578947,0.4428630769252777
0.282,0.8647368421052631,0.4384500980377197
0.284,0.8647368421052631,0.43819311261177063
0.284,0.8705263157894737,0.43273189663887024
0.286,0.8705263157894737,0.432049036026001
0.286,0.8710526315789474,0.43034234642982483
0.294,0.8710526315789474,0.42857998609542847
0.294,0.8721052631578947,0.42745351791381836
0.296,0.8721052631578947,0.4262218177318573
0.296,0.8778947368421053,0.42041513323783875
0.298,0.8778947368421053,0.4203391671180725
0.298,0.8894736842105263,0.4082895815372467
0.3,0.8894736842105263,0.4077477753162384
0.3,0.8905263157894737,0.4075872302055359
0.306,0.8905263157894737,0.40637534856796265
0.306,0.891578947368421,0.40612784028053284
0.308,0.891578947368421,0.406094491481781
0.308,0.8942105263157895,0.4036688208580017
0.31,0.8942105263157895,0.4030058979988098
0.31,0.8952631578947369,0.40188685059547424
0.312,0.8952631578947369,0.4016272723674774
0.312,0.8963157894736842,0.4003168046474457
0.314,0.8963157894736842,0.39983654022216797
0.314,0.8968421052631579,0.39908769726753235
0.322,0.8968421052631579,0.395730197429657
0.322,0.8973684210526316,0.3945560157299042
0.326,0.8973684210526316,0.39360687136650085
0.326,0.8978947368421053,0.39324381947517395
0.33,0.8978947368421053,0.39124125242233276
0.33,0.9,0.3884926438331604
0.334,0.9,0.3877750039100647
0.334,0.9026315789473685,0.3855185806751251
0.336,0.9026315789473685,0.38411644101142883
0.336,0.9036842105263158,0.3837166428565979
0.338,0.9036842105263158,0.38349783420562744
0.338,0.9063157894736842,0.38110122084617615
0.34,0.9063157894736842,0.3798145353794098
0.34,0.9094736842105263,0.37636861205101013
0.342,0.9094736842105263,0.37619391083717346
0.342,0.9105263157894737,0.37428992986679077
0.344,0.9105263157894737,0.37381237745285034
0.344,0.9126315789473685,0.37195128202438354
0.348,0.9126315789473685,0.3704964220523834
0.348,0.9131578947368421,0.3703591227531433
0.35,0.9131578947368421,0.3703141510486603
0.35,0.9157894736842105,0.3681842088699341
0.358,0.9157894736842105,0.36424002051353455
0.358,0.9184210526315789,0.3594392240047455
0.36,0.9184210526315789,0.35920020937919617
0.36,0.9189473684210526,0.35822775959968567
0.362,0.9189473684210526,0.3569183051586151
0.362,0.9194736842105263,0.35424482822418213
0.364,0.9194736842105263,0.35283297300338745
0.364,0.92,0.35068580508232117
0.366,0.92,0.3502642810344696
0.366,0.921578947368421,0.3478969633579254
0.382,0.921578947368421,0.3402678966522217
0.382,0.9226315789473685,0.339628666639328
0.384,0.9226315789473685,0.33954498171806335
0.384,0.9231578947368421,0.3393933176994324
0.396,0.9231578947368421,0.33727511763572693
0.396,0.9242105263157895,0.3349229693412781
0.4,0.9242105263157895,0.3338804841041565
0.4,0.9247368421052632,0.33332154154777527
0.406,0.9247368421052632,0.3307853639125824
0.406,0.9252631578947368,0.330620139837265
0.412,0.9252631578947368,0.3298019468784332
0.412,0.9257894736842105,0.3293660581111908
0.418,0.9257894736842105,0.3286982476711273
0.418,0.9263157894736842,0.32868486642837524
0.422,0.9263157894736842,0.32847267389297485
0.422,0.9278947368421052,0.32797935605049133
0.424,0.9278947368421052,0.32794585824012756
0.424,0.9284210526315789,0.32751697301864624
0.428,0.9284210526315789,0.3257092833518982
0.428,0.9289473684210526,0.32462427020072937
0.43,0.9289473684210526,0.3243134617805481
0.43,0.9294736842105263,0.32423582673072815
0.45,0.9294736842105263,0.3195693790912628
0.45,0.93,0.3187641203403473
0.454,0.93,0.31668564677238464
0.454,0.9305263157894736,0.31656715273857117
0.456,0.9305263157894736,0.31636086106300354
0.456,0.9310526315789474,0.31606394052505493
0.462,0.9310526315789474,0.3138343393802643
0.462,0.9315789473684211,0.3136998414993286
0.468,0.9315789473684211,0.31253743171691895
0.468,0.9321052631578948,0.3122817277908325
0.472,0.9321052631578948,0.31152763962745667
0.472,0.9326315789473684,0.3110646903514862
0.478,0.9326315789473684,0.3095654547214508
0.478,0.9336842105263158,0.3086977005004883
0.48,0.9336842105263158,0.3085367679595947
0.48,0.9347368421052632,0.30804455280303955
0.482,0.9347368421052632,0.3074100911617279
0.482,0.9352631578947368,0.30740660429000854
0.484,0.9352631578947368,0.30728405714035034
0.484,0.9357894736842105,0.30666255950927734
0.49,0.9357894736842105,0.3052273094654083
0.49,0.9363157894736842,0.3048307001590729
0.492,0.9363157894736842,0.3025643229484558
0.492,0.9373684210526316,0.30012279748916626
0.496,0.9373684210526316,0.29905763268470764
0.496,0.94,0.2958243191242218
0.498,0.94,0.2957071363925934
0.498,0.9410526315789474,0.29376092553138733
0.502,0.9410526315789474,0.2918322682380676
0.502,0.9415789473684211,0.29089945554733276
0.506,0.9415789473684211,0.2897791862487793
0.506,0.9431578947368421,0.2878934442996979
0.508,0.9431578947368421,0.2878445088863373
0.508,0.9442105263157895,0.2846503257751465
0.512,0.9442105263157895,0.27874070405960083
0.512,0.9447368421052632,0.27867069840431213
0.514,0.9447368421052632,0.27585089206695557
0.514,0.9468421052631579,0.2747878432273865
0.518,0.9468421052631579,0.27349749207496643
0.518,0.9473684210526315,0.2726379930973053
0.526,0.9473684210526315,0.270612895488739
0.526,0.9478947368421052,0.2669680416584015
0.536,0.9478947368421052,0.2634029984474182
0.536,0.9484210526315789,0.2631458044052124
0.552,0.9484210526315789,0.2554914057254791
0.552,0.9489473684210527,0.25490835309028625
0.57,0.9489473684210527,0.24136412143707275
0.57,0.9494736842105264,0.23937484622001648
0.598,0.9494736842105264,0.2302083522081375
0.598,0.95,0.23006384074687958
0.612,0.95,0.2129206359386444
0.612,0.9505263157894737,0.21285057067871094
0.614,0.9505263157894737,0.2093292772769928
0.614,0.9510526315789474,0.20761315524578094
0.616,0.9510526315789474,0.20676781237125397
0.616,0.9547368421052631,0.20101229846477509
0.618,0.9547368421052631,0.20101113617420197
0.618,0.9552631578947368,0.20077189803123474
0.62,0.9552631578947368,0.1971413493156433
0.62,0.9557894736842105,0.19646547734737396
0.632,0.9557894736842105,0.18988332152366638
0.632,0.9563157894736842,0.1898667812347412
0.634,0.9563157894736842,0.1892189383506775
0.634,0.9568421052631579,0.18900012969970703
0.642,0.9568421052631579,0.18413129448890686
0.642,0.9578947368421052,0.1805439293384552
0.648,0.9578947368421052,0.1761414259672165
0.648,0.9589473684210527,0.1719544529914856
0.676,0.9589473684210527,0.16138306260108948
0.676,0.9594736842105264,0.16066066920757294
0.682,0.9594736842105264,0.15213407576084137
0.682,0.96,0.1509079784154892
0.686,0.96,0.14545604586601257
0.686,0.9605263157894737,0.1450246423482895
0.69,0.9605263157894737,0.13573692739009857
0.69,0.9631578947368421,0.12826551496982574
0.692,0.9631578947368421,0.12762348353862762
0.692,0.9642105263157895,0.12672962248325348
0.694,0.9642105263157895,0.12672646343708038
0.694,0.9652631578947368,0.12538811564445496
0.696,0.9652631578947368,0.12511034309864044
0.696,0.9663157894736842,0.12185948342084885
0.71,0.9663157894736842,0.1180458515882492
0.71,0.966842105263158,0.11794761568307877
0.714,0.966842105263158,0.1175682321190834
0.714,0.9673684210526315,0.11734233051538467
0.72,0.9673684210526315,0.11682339012622833
0.72,0.9689473684210527,0.113795705139637
0.722,0.9689473684210527,0.11298719048500061
0.722,0.9694736842105263,0.11209677904844284
0.73,0.9694736842105263,0.10880475491285324
0.73,0.97,0.10799232870340347
0.74,0.97,0.10209831595420837
0.74,0.9705263157894737,0.10175798088312149
0.748,0.9705263157894737,0.0978570356965065
0.748,0.9710526315789474,0.0978180542588234
0.75,0.9710526315789474,0.09708261489868164
0.75,0.9715789473684211,0.09677968919277191
0.754,0.9715789473684211,0.09620609879493713
0.754,0.9721052631578947,0.09591823071241379
0.768,0.9721052631578947,0.09206286817789078
0.768,0.9731578947368421,0.09044252336025238
0.77,0.9731578947368421,0.09007169306278229
0.77,0.9742105263157895,0.08985313773155212
0.774,0.9742105263157895,0.08869235217571259
0.774,0.9747368421052631,0.08812882006168365
0.776,0.9747368421052631,0.08799540251493454
0.776,0.9757894736842105,0.08756919205188751
0.784,0.9757894736842105,0.0862601101398468
0.784,0.9768421052631578,0.0859484076499939
0.788,0.9768421052631578,0.08541721850633621
0.788,0.9773684210526316,0.08520931005477905
0.792,0.9773684210526316,0.08505267649888992
0.792,0.978421052631579,0.08428965508937836
0.796,0.978421052631579,0.08419787138700485
0.796,0.9789473684210527,0.08407042175531387
0.798,0.9789473684210527,0.08351895213127136
0.798,0.98,0.08316798508167267
0.802,0.98,0.08231205493211746
0.802,0.9805263157894737,0.08225661516189575
0.806,0.9805263157894737,0.08163579553365707
0.806,0.9821052631578947,0.07973699271678925
0.81,0.9821052631578947,0.07870392501354218
0.81,0.9826315789473684,0.07777924090623856
0.812,0.9826315789473684,0.07755284011363983
0.812,0.9836842105263158,0.07671821862459183
0.816,0.9836842105263158,0.0760873556137085
0.816,0.9842105263157894,0.0751291885972023
0.824,0.9842105263157894,0.07405127584934235
0.824,0.9847368421052631,0.07395237684249878
0.828,0.9847368421052631,0.07324356585741043
0.828,0.9852631578947368,0.07311824709177017
0.83,0.9852631578947368,0.07285569608211517
0.83,0.9863157894736843,0.07258130609989166
0.832,0.9863157894736843,0.07211050391197205
0.832,0.9878947368421053,0.07177777588367462
0.836,0.9878947368421053,0.07146777957677841
0.836,0.9889473684210527,0.0709032267332077
0.838,0.9889473684210527,0.0708557516336441
0.838,0.9894736842105263,0.0702609196305275
0.84,0.9894736842105263,0.07008516043424606
0.84,0.99,0.06950637698173523
0.842,0.99,0.06867372989654541
0.842,0.9905263157894737,0.06794888526201248
0.846,0.9905263157894737,0.0672246590256691
0.846,0.9931578947368421,0.06514622271060944
0.848,0.9931578947368421,0.06498591601848602
0.848,0.9952631578947368,0.06399808079004288
0.852,0.9952631578947368,0.0638318881392479
0.852,0.9957894736842106,0.06370347738265991
0.854,0.9957894736842106,0.06360961496829987
0.854,0.9963157894736843,0.06340721249580383
0.856,0.9963157894736843,0.06330088526010513
0.856,0.9978947368421053,0.061681073158979416
0.87,0.9978947368421053,0.059287846088409424
0.87,0.9989473684210526,0.059176526963710785
0.878,0.9989473684210526,0.05750942602753639
0.878,1.0,0.056204963475465775
1.0,1.0,0.020711801946163177
