FPR,TPR,Threshold
0.0,0.0,1.9710105657577515
0.0,0.0009615384615384616,0.9710105657577515
0.0,0.05480769230769231,0.9311742782592773
0.0014705882352941176,0.05480769230769231,0.9293658137321472
0.0014705882352941176,0.05673076923076923,0.9282652735710144
0.0029411764705882353,0.05673076923076923,0.9281091690063477
0.0029411764705882353,0.06057692307692308,0.9273393750190735
0.003676470588235294,0.06057692307692308,0.9272093176841736
0.003676470588235294,0.06153846153846154,0.9267938137054443
0.004411764705882353,0.06153846153846154,0.9261181950569153
0.004411764705882353,0.06346153846153846,0.9260610342025757
0.007352941176470588,0.06346153846153846,0.9235802888870239
0.007352941176470588,0.06826923076923076,0.9225155115127563
0.008823529411764706,0.06826923076923076,0.9220699667930603
0.008823529411764706,0.06923076923076923,0.9216894507408142
0.009558823529411765,0.06923076923076923,0.9216891527175903
0.009558823529411765,0.07403846153846154,0.9192821979522705
0.011029411764705883,0.07403846153846154,0.9187681078910828
0.011029411764705883,0.07884615384615384,0.9145236611366272
0.011764705882352941,0.07884615384615384,0.9144178628921509
0.011764705882352941,0.0798076923076923,0.9138253927230835
0.013235294117647059,0.0798076923076923,0.9123443961143494
0.013235294117647059,0.08653846153846154,0.909127950668335
0.014705882352941176,0.08653846153846154,0.90846848487854
0.014705882352941176,0.09519230769230769,0.9045721888542175
0.015441176470588236,0.09519230769230769,0.9040538668632507
0.015441176470588236,0.09807692307692308,0.9022998809814453
0.016176470588235296,0.09807692307692308,0.9012846946716309
0.016176470588235296,0.11634615384615385,0.8956397771835327
0.016911764705882352,0.11634615384615385,0.895134449005127
0.016911764705882352,0.1326923076923077,0.890418529510498
0.01764705882352941,0.1326923076923077,0.8900845646858215
0.01764705882352941,0.13365384615384615,0.8897287249565125
0.01838235294117647,0.13365384615384615,0.8897232413291931
0.01838235294117647,0.14134615384615384,0.8877331018447876
0.01911764705882353,0.14134615384615384,0.887553334236145
0.01911764705882353,0.1423076923076923,0.8873798251152039
0.019852941176470587,0.1423076923076923,0.8873749375343323
0.019852941176470587,0.1451923076923077,0.8861458897590637
0.020588235294117647,0.1451923076923077,0.8847379088401794
0.020588235294117647,0.15096153846153845,0.882727861404419
0.021323529411764706,0.15096153846153845,0.8826258778572083
0.021323529411764706,0.1528846153846154,0.8815649747848511
0.022058823529411766,0.1528846153846154,0.8811013102531433
0.022058823529411766,0.1576923076923077,0.8800097703933716
0.023529411764705882,0.1576923076923077,0.8788847923278809
0.023529411764705882,0.1625,0.8764510750770569
0.02426470588235294,0.1625,0.8759940266609192
0.02426470588235294,0.16346153846153846,0.8758559823036194
0.025,0.16346153846153846,0.8756258487701416
0.025,0.16634615384615384,0.875034749507904
0.025735294117647058,0.16634615384615384,0.8748590350151062
0.025735294117647058,0.17403846153846153,0.871440052986145
0.026470588235294117,0.17403846153846153,0.8714228272438049
0.026470588235294117,0.18173076923076922,0.869414746761322
0.027205882352941177,0.18173076923076922,0.8687359690666199
0.027205882352941177,0.18461538461538463,0.8673142790794373
0.027941176470588237,0.18461538461538463,0.8661503791809082
0.027941176470588237,0.19038461538461537,0.8636509776115417
0.028676470588235293,0.19038461538461537,0.8634604811668396
0.028676470588235293,0.1971153846153846,0.8613618016242981
0.029411764705882353,0.1971153846153846,0.8613182902336121
0.029411764705882353,0.25384615384615383,0.8402029275894165
0.030147058823529412,0.25384615384615383,0.8394891023635864
0.030147058823529412,0.2653846153846154,0.8351441621780396
0.030882352941176472,0.2653846153846154,0.8351295590400696
0.030882352941176472,0.29903846153846153,0.825437605381012
0.03161764705882353,0.29903846153846153,0.8254299759864807
0.03161764705882353,0.3038461538461538,0.824303388595581
0.03235294117647059,0.3038461538461538,0.8241411447525024
0.03235294117647059,0.3153846153846154,0.8199643492698669
0.03308823529411765,0.3153846153846154,0.8196262121200562
0.03308823529411765,0.33557692307692305,0.8130313754081726
0.033823529411764704,0.33557692307692305,0.8125331997871399
0.033823529411764704,0.3375,0.8117727637290955
0.03455882352941177,0.3375,0.8115862607955933
0.03455882352941177,0.3471153846153846,0.8092756867408752
0.03529411764705882,0.3471153846153846,0.8092274069786072
0.03529411764705882,0.34807692307692306,0.809181272983551
0.03602941176470588,0.34807692307692306,0.8090245723724365
0.03602941176470588,0.35,0.8078641891479492
0.03676470588235294,0.35,0.8078332543373108
0.03676470588235294,0.35096153846153844,0.8073456883430481
0.0375,0.35096153846153844,0.806901752948761
0.0375,0.3596153846153846,0.8036457300186157
0.03823529411764706,0.3596153846153846,0.8036353588104248
0.03823529411764706,0.36153846153846153,0.8031132817268372
0.041176470588235294,0.36153846153846153,0.801000714302063
0.041176470588235294,0.36346153846153845,0.8005120158195496
0.04191176470588235,0.36346153846153845,0.8003469109535217
0.04191176470588235,0.3663461538461538,0.7985794544219971
0.04264705882352941,0.3663461538461538,0.7984735369682312
0.04264705882352941,0.36730769230769234,0.7982285618782043
0.04338235294117647,0.36730769230769234,0.7981069087982178
0.04338235294117647,0.36923076923076925,0.7979792356491089
0.04411764705882353,0.36923076923076925,0.7979307174682617
0.04411764705882353,0.37403846153846154,0.795410692691803
0.04485294117647059,0.37403846153846154,0.7953367829322815
0.04485294117647059,0.37596153846153846,0.7948933839797974
0.04632352941176471,0.37596153846153846,0.7945220470428467
0.04632352941176471,0.3769230769230769,0.7942209839820862
0.04926470588235294,0.3769230769230769,0.7935038208961487
0.04926470588235294,0.3798076923076923,0.7925428748130798
0.05,0.3798076923076923,0.7924364805221558
0.05,0.38269230769230766,0.7914776802062988
0.051470588235294115,0.38269230769230766,0.7898957133293152
0.051470588235294115,0.3836538461538462,0.7893874049186707
0.05220588235294118,0.3836538461538462,0.7893215417861938
0.05220588235294118,0.38461538461538464,0.7889688014984131
0.054411764705882354,0.38461538461538464,0.7886176109313965
0.054411764705882354,0.38653846153846155,0.78774493932724
0.05588235294117647,0.38653846153846155,0.7875639200210571
0.05588235294117647,0.3875,0.7875352501869202
0.05661764705882353,0.3875,0.7873924374580383
0.05661764705882353,0.39134615384615384,0.7869580388069153
0.057352941176470586,0.39134615384615384,0.7866181135177612
0.057352941176470586,0.3923076923076923,0.78652024269104
0.05808823529411765,0.3923076923076923,0.786339521408081
0.05808823529411765,0.39615384615384613,0.7850196361541748
0.05955882352941176,0.39615384615384613,0.7844735980033875
0.05955882352941176,0.4,0.7837643623352051
0.06102941176470588,0.4,0.7836977243423462
0.06102941176470588,0.40384615384615385,0.7830765843391418
0.061764705882352944,0.40384615384615385,0.7825589179992676
0.061764705882352944,0.4076923076923077,0.7806752324104309
0.0625,0.4076923076923077,0.7805023789405823
0.0625,0.40865384615384615,0.7803700566291809
0.06323529411764706,0.40865384615384615,0.7801265120506287
0.06323529411764706,0.4125,0.7792653441429138
0.06397058823529411,0.4125,0.7791908383369446
0.06397058823529411,0.41346153846153844,0.7791516184806824
0.06470588235294118,0.41346153846153844,0.7790568470954895
0.06470588235294118,0.41442307692307695,0.778900146484375
0.0661764705882353,0.41442307692307695,0.7782707214355469
0.0661764705882353,0.4173076923076923,0.7779847383499146
0.06764705882352941,0.4173076923076923,0.7776737809181213
0.06764705882352941,0.42115384615384616,0.7766764760017395
0.06911764705882353,0.42115384615384616,0.7761556506156921
0.06911764705882353,0.4221153846153846,0.7759160399436951
0.07352941176470588,0.4221153846153846,0.7750133275985718
0.07352941176470588,0.4230769230769231,0.7745104432106018
0.07573529411764705,0.4230769230769231,0.7738040089607239
0.07573529411764705,0.42403846153846153,0.7737811803817749
0.07720588235294118,0.42403846153846153,0.773457407951355
0.07720588235294118,0.4269230769230769,0.7727035284042358
0.07794117647058824,0.4269230769230769,0.7726505994796753
0.07794117647058824,0.4288461538461538,0.7720663547515869
0.07867647058823529,0.4288461538461538,0.7719610333442688
0.07867647058823529,0.43173076923076925,0.7714061737060547
0.08014705882352942,0.43173076923076925,0.7712482810020447
0.08014705882352942,0.4326923076923077,0.771233081817627
0.08161764705882353,0.4326923076923077,0.7701981067657471
0.08161764705882353,0.43846153846153846,0.7685739398002625
0.0838235294117647,0.43846153846153846,0.7680473327636719
0.0838235294117647,0.4394230769230769,0.7679819464683533
0.08455882352941177,0.4394230769230769,0.7679322361946106
0.08455882352941177,0.44326923076923075,0.7672379016876221
0.08602941176470588,0.44326923076923075,0.7672166228294373
0.08602941176470588,0.44519230769230766,0.7662853002548218
0.0875,0.44519230769230766,0.7661569118499756
0.0875,0.4480769230769231,0.7655588388442993
0.08823529411764706,0.4480769230769231,0.7649540305137634
0.08823529411764706,0.44903846153846155,0.7649480700492859
0.08897058823529412,0.44903846153846155,0.7647736668586731
0.08897058823529412,0.4528846153846154,0.7643420696258545
0.08970588235294118,0.4528846153846154,0.7639319896697998
0.08970588235294118,0.4576923076923077,0.7627958655357361
0.09044117647058823,0.4576923076923077,0.7624624371528625
0.09044117647058823,0.45865384615384613,0.7623197436332703
0.09117647058823529,0.45865384615384613,0.7622188925743103
0.09117647058823529,0.4596153846153846,0.7619489431381226
0.09191176470588236,0.4596153846153846,0.7619465589523315
0.09191176470588236,0.46153846153846156,0.7611010074615479
0.09264705882352942,0.46153846153846156,0.7607057690620422
0.09264705882352942,0.4625,0.7605527639389038
0.09338235294117647,0.4625,0.7603965997695923
0.09338235294117647,0.4653846153846154,0.7595365047454834
0.1,0.4653846153846154,0.7574336528778076
0.1,0.4673076923076923,0.7570620775222778
0.10073529411764706,0.4673076923076923,0.7568272948265076
0.10073529411764706,0.46923076923076923,0.7559859752655029
0.10147058823529412,0.46923076923076923,0.7558320760726929
0.10147058823529412,0.4701923076923077,0.7549886703491211
0.10294117647058823,0.4701923076923077,0.7545701861381531
0.10294117647058823,0.47307692307692306,0.7536418437957764
0.1036764705882353,0.47307692307692306,0.7534605860710144
0.1036764705882353,0.4740384615384615,0.7533098459243774
0.10588235294117647,0.4740384615384615,0.7518323063850403
0.10588235294117647,0.475,0.7518177628517151
0.10661764705882353,0.475,0.7517021894454956
0.10661764705882353,0.47692307692307695,0.7512035369873047
0.10808823529411765,0.47692307692307695,0.7507460713386536
0.10808823529411765,0.4778846153846154,0.7504810690879822
0.11102941176470588,0.4778846153846154,0.7492437958717346
0.11102941176470588,0.4798076923076923,0.7482752203941345
0.1125,0.4798076923076923,0.7481430172920227
0.1125,0.49038461538461536,0.7451441884040833
0.11323529411764706,0.49038461538461536,0.7449436187744141
0.11323529411764706,0.4913461538461538,0.7447990775108337
0.11397058823529412,0.4913461538461538,0.7444828748703003
0.11397058823529412,0.49230769230769234,0.7443504929542542
0.11470588235294117,0.49230769230769234,0.7440090775489807
0.11470588235294117,0.4932692307692308,0.7433373332023621
0.11544117647058824,0.4932692307692308,0.7429856657981873
0.11544117647058824,0.4980769230769231,0.7412156462669373
0.1161764705882353,0.4980769230769231,0.7410643100738525
0.1161764705882353,0.5009615384615385,0.7406326532363892
0.11838235294117647,0.5009615384615385,0.7400293946266174
0.11838235294117647,0.5028846153846154,0.7390502095222473
0.11911764705882352,0.5028846153846154,0.7385004758834839
0.11911764705882352,0.5076923076923077,0.737917423248291
0.12058823529411765,0.5076923076923077,0.7373928427696228
0.12058823529411765,0.5086538461538461,0.7371553182601929
0.1213235294117647,0.5086538461538461,0.7370486855506897
0.1213235294117647,0.510576923076923,0.7361019253730774
0.12279411764705882,0.510576923076923,0.7356343865394592
0.12279411764705882,0.5125,0.7354623079299927
0.12352941176470589,0.5125,0.735396683216095
0.12352941176470589,0.5134615384615384,0.7349339723587036
0.12573529411764706,0.5134615384615384,0.7345361709594727
0.12573529411764706,0.5163461538461539,0.734016478061676
0.1264705882352941,0.5163461538461539,0.7337666153907776
0.1264705882352941,0.5182692307692308,0.7327107787132263
0.12720588235294117,0.5182692307692308,0.7320204973220825
0.12720588235294117,0.5192307692307693,0.7317264080047607
0.12794117647058822,0.5192307692307693,0.7316891551017761
0.12794117647058822,0.5211538461538462,0.7315818071365356
0.12941176470588237,0.5211538461538462,0.7314110398292542
0.12941176470588237,0.5221153846153846,0.7312275171279907
0.13014705882352942,0.5221153846153846,0.7311832308769226
0.13014705882352942,0.5240384615384616,0.731180727481842
0.13088235294117648,0.5240384615384616,0.7311235070228577
0.13088235294117648,0.5269230769230769,0.7304894924163818
0.13161764705882353,0.5269230769230769,0.7301499843597412
0.13161764705882353,0.5278846153846154,0.7301475405693054
0.1323529411764706,0.5278846153846154,0.7301270365715027
0.1323529411764706,0.5317307692307692,0.7278169989585876
0.1338235294117647,0.5317307692307692,0.7270836234092712
0.1338235294117647,0.5336538461538461,0.7265603542327881
0.13455882352941176,0.5336538461538461,0.7260990738868713
0.13455882352941176,0.5375,0.7249094843864441
0.13602941176470587,0.5375,0.7245597243309021
0.13602941176470587,0.5394230769230769,0.7243905067443848
0.13676470588235295,0.5394230769230769,0.724240243434906
0.13676470588235295,0.5413461538461538,0.7238841652870178
0.1375,0.5413461538461538,0.7238476872444153
0.1375,0.5423076923076923,0.7234503030776978
0.13823529411764707,0.5423076923076923,0.7233584523200989
0.13823529411764707,0.5432692307692307,0.7232604026794434
0.13970588235294118,0.5432692307692307,0.7230315208435059
0.13970588235294118,0.5461538461538461,0.7220745086669922
0.14044117647058824,0.5461538461538461,0.7220495343208313
0.14044117647058824,0.5471153846153847,0.7220299243927002
0.1411764705882353,0.5471153846153847,0.7218986749649048
0.1411764705882353,0.5490384615384616,0.7205994129180908
0.14191176470588235,0.5490384615384616,0.7205851078033447
0.14191176470588235,0.5509615384615385,0.7200634479522705
0.14558823529411766,0.5509615384615385,0.7192158102989197
0.14558823529411766,0.551923076923077,0.7190777063369751
0.14705882352941177,0.551923076923077,0.7189659476280212
0.14705882352941177,0.5538461538461539,0.7188504338264465
0.14779411764705883,0.5538461538461539,0.7178477048873901
0.14779411764705883,0.5596153846153846,0.7168616056442261
0.14852941176470588,0.5596153846153846,0.7165945768356323
0.14852941176470588,0.5605769230769231,0.716459333896637
0.14926470588235294,0.5605769230769231,0.715996265411377
0.14926470588235294,0.5615384615384615,0.7159798741340637
0.15,0.5615384615384615,0.7159706354141235
0.15,0.5625,0.7155507802963257
0.15073529411764705,0.5625,0.7150059342384338
0.15073529411764705,0.5634615384615385,0.7149718999862671
0.15220588235294116,0.5634615384615385,0.7147034406661987
0.15220588235294116,0.5653846153846154,0.7142664194107056
0.1536764705882353,0.5653846153846154,0.7136187553405762
0.1536764705882353,0.5663461538461538,0.7132994532585144
0.15441176470588236,0.5663461538461538,0.7131162285804749
0.15441176470588236,0.5721153846153846,0.7112878561019897
0.15514705882352942,0.5721153846153846,0.7104450464248657
0.15514705882352942,0.573076923076923,0.7104260325431824
0.15661764705882353,0.573076923076923,0.7089462280273438
0.15661764705882353,0.575,0.7085702419281006
0.15735294117647058,0.575,0.7081170678138733
0.15735294117647058,0.5769230769230769,0.7076203227043152
0.1588235294117647,0.5769230769230769,0.7073387503623962
0.1588235294117647,0.5788461538461539,0.7069957852363586
0.15955882352941175,0.5788461538461539,0.7069839835166931
0.15955882352941175,0.5798076923076924,0.7068106532096863
0.1610294117647059,0.5798076923076924,0.7064862251281738
0.1610294117647059,0.5826923076923077,0.7060077786445618
0.16176470588235295,0.5826923076923077,0.7058735489845276
0.16176470588235295,0.5875,0.7049620151519775
0.1625,0.5875,0.7042282223701477
0.1625,0.5894230769230769,0.7038840651512146
0.16470588235294117,0.5894230769230769,0.7030819654464722
0.16470588235294117,0.5903846153846154,0.7029979825019836
0.1661764705882353,0.5903846153846154,0.7026143670082092
0.1661764705882353,0.5923076923076923,0.7020658254623413
0.1676470588235294,0.5923076923076923,0.7018291354179382
0.1676470588235294,0.5951923076923077,0.7016739845275879
0.16911764705882354,0.5951923076923077,0.7007161974906921
0.16911764705882354,0.5980769230769231,0.6999648213386536
0.1698529411764706,0.5980769230769231,0.6998939514160156
0.1698529411764706,0.6,0.6986244916915894
0.17279411764705882,0.6,0.6979418992996216
0.17279411764705882,0.6009615384615384,0.6979382634162903
0.17352941176470588,0.6009615384615384,0.6975342631340027
0.17352941176470588,0.6048076923076923,0.6968598961830139
0.17426470588235293,0.6048076923076923,0.6968258023262024
0.17426470588235293,0.6067307692307692,0.6966728568077087
0.175,0.6067307692307692,0.6965562701225281
0.175,0.6086538461538461,0.696424663066864
0.17573529411764705,0.6086538461538461,0.696414053440094
0.17573529411764705,0.6096153846153847,0.696018636226654
0.17720588235294119,0.6096153846153847,0.695542573928833
0.17720588235294119,0.6105769230769231,0.6955112218856812
0.17794117647058824,0.6105769230769231,0.6952484846115112
0.17794117647058824,0.6125,0.6949761509895325
0.17941176470588235,0.6125,0.6945691108703613
0.17941176470588235,0.6134615384615385,0.6945433020591736
0.18088235294117647,0.6134615384615385,0.6941435933113098
0.18088235294117647,0.614423076923077,0.6934351325035095
0.18161764705882352,0.614423076923077,0.6932010054588318
0.18161764705882352,0.6192307692307693,0.6925173401832581
0.18235294117647058,0.6192307692307693,0.6924583315849304
0.18235294117647058,0.6211538461538462,0.6922826170921326
0.18382352941176472,0.6211538461538462,0.6915196776390076
0.18382352941176472,0.6230769230769231,0.6912428140640259
0.1860294117647059,0.6230769230769231,0.690678060054779
0.1860294117647059,0.6259615384615385,0.6899645328521729
0.1875,0.6259615384615385,0.6888701915740967
0.1875,0.6269230769230769,0.6888281106948853
0.18823529411764706,0.6269230769230769,0.6882607936859131
0.18823529411764706,0.6288461538461538,0.6880120038986206
0.18970588235294117,0.6288461538461538,0.6877439618110657
0.18970588235294117,0.6307692307692307,0.6868675351142883
0.19044117647058822,0.6307692307692307,0.6868619918823242
0.19044117647058822,0.6317307692307692,0.6865299344062805
0.19191176470588237,0.6317307692307692,0.6855422854423523
0.19191176470588237,0.6326923076923077,0.6853404641151428
0.19264705882352942,0.6326923076923077,0.6850642561912537
0.19264705882352942,0.635576923076923,0.6841939687728882
0.19338235294117648,0.635576923076923,0.6835055947303772
0.19338235294117648,0.6394230769230769,0.6831909418106079
0.19411764705882353,0.6394230769230769,0.6828072667121887
0.19411764705882353,0.6423076923076924,0.6824703216552734
0.1948529411764706,0.6423076923076924,0.6824356913566589
0.1948529411764706,0.6432692307692308,0.6821970343589783
0.1963235294117647,0.6432692307692308,0.6821652054786682
0.1963235294117647,0.6442307692307693,0.6820384860038757
0.19779411764705881,0.6442307692307693,0.6815258264541626
0.19779411764705881,0.6471153846153846,0.6811230778694153
0.19926470588235295,0.6471153846153846,0.6806774735450745
0.19926470588235295,0.6480769230769231,0.6804653406143188
0.20147058823529412,0.6480769230769231,0.6802635192871094
0.20147058823529412,0.6528846153846154,0.678087592124939
0.20294117647058824,0.6528846153846154,0.6778099536895752
0.20294117647058824,0.6548076923076923,0.676814615726471
0.20441176470588235,0.6548076923076923,0.6765544414520264
0.20441176470588235,0.6576923076923077,0.6758731603622437
0.2073529411764706,0.6576923076923077,0.6754393577575684
0.2073529411764706,0.6586538461538461,0.6754014492034912
0.2088235294117647,0.6586538461538461,0.6753497123718262
0.2088235294117647,0.6596153846153846,0.6751717925071716
0.20955882352941177,0.6596153846153846,0.6751498579978943
0.20955882352941177,0.6605769230769231,0.6746991276741028
0.21029411764705883,0.6605769230769231,0.6744809150695801
0.21029411764705883,0.6663461538461538,0.6729221343994141
0.21102941176470588,0.6663461538461538,0.6723560094833374
0.21102941176470588,0.6730769230769231,0.6712034344673157
0.2125,0.6730769230769231,0.6711269021034241
0.2125,0.6807692307692308,0.67049640417099
0.21323529411764705,0.6807692307692308,0.6704221963882446
0.21323529411764705,0.6817307692307693,0.6704103350639343
0.21544117647058825,0.6817307692307693,0.6697012782096863
0.21544117647058825,0.6826923076923077,0.6694338917732239
0.21691176470588236,0.6826923076923077,0.6690460443496704
0.21691176470588236,0.6846153846153846,0.6687104105949402
0.21764705882352942,0.6846153846153846,0.6685652136802673
0.21764705882352942,0.6875,0.6675925850868225
0.21838235294117647,0.6875,0.6674019694328308
0.21838235294117647,0.6894230769230769,0.6670779585838318
0.21911764705882353,0.6894230769230769,0.6667429804801941
0.21911764705882353,0.698076923076923,0.6650916934013367
0.21985294117647058,0.698076923076923,0.665084719657898
0.21985294117647058,0.6990384615384615,0.6650304794311523
0.22058823529411764,0.6990384615384615,0.6650281548500061
0.22058823529411764,0.7,0.6647770404815674
0.2213235294117647,0.7,0.6636579036712646
0.2213235294117647,0.7009615384615384,0.6636344790458679
0.2235294117647059,0.7009615384615384,0.6631672382354736
0.2235294117647059,0.7057692307692308,0.6618776321411133
0.225,0.7057692307692308,0.6616649627685547
0.225,0.7115384615384616,0.6603148579597473
0.22647058823529412,0.7115384615384616,0.660141110420227
0.22647058823529412,0.7134615384615385,0.6593723893165588
0.22720588235294117,0.7134615384615385,0.658983588218689
0.22720588235294117,0.7144230769230769,0.6587656140327454
0.22794117647058823,0.7144230769230769,0.6586052775382996
0.22794117647058823,0.7182692307692308,0.658203661441803
0.2286764705882353,0.7182692307692308,0.6579816341400146
0.2286764705882353,0.7192307692307692,0.6579374670982361
0.2301470588235294,0.7192307692307692,0.6578364372253418
0.2301470588235294,0.7221153846153846,0.6562581062316895
0.23161764705882354,0.7221153846153846,0.6556711792945862
0.23161764705882354,0.725,0.6548271775245667
0.2323529411764706,0.725,0.6548217535018921
0.2323529411764706,0.7278846153846154,0.6544533371925354
0.2338235294117647,0.7278846153846154,0.6531633734703064
0.2338235294117647,0.7307692307692307,0.6526123285293579
0.23455882352941176,0.7307692307692307,0.6517743468284607
0.23455882352941176,0.7375,0.6502238512039185
0.23529411764705882,0.7375,0.6501196622848511
0.23529411764705882,0.7423076923076923,0.6493963599205017
0.23602941176470588,0.7423076923076923,0.64900141954422
0.23602941176470588,0.7451923076923077,0.6474942564964294
0.23823529411764705,0.7451923076923077,0.6470893621444702
0.23823529411764705,0.7461538461538462,0.646035373210907
0.23897058823529413,0.7461538461538462,0.6460005640983582
0.23897058823529413,0.7567307692307692,0.6434316635131836
0.24044117647058824,0.7567307692307692,0.6427085995674133
0.24044117647058824,0.7615384615384615,0.6417487263679504
0.2411764705882353,0.7615384615384615,0.6417161226272583
0.2411764705882353,0.7721153846153846,0.6371386647224426
0.2426470588235294,0.7721153846153846,0.6367104649543762
0.2426470588235294,0.7759615384615385,0.6358173489570618
0.24411764705882352,0.7759615384615385,0.6350753307342529
0.24411764705882352,0.7798076923076923,0.6317168474197388
0.24485294117647058,0.7798076923076923,0.6315235495567322
0.24485294117647058,0.7807692307692308,0.631461501121521
0.24632352941176472,0.7807692307692308,0.6313880085945129
0.24632352941176472,0.7846153846153846,0.6307433843612671
0.24705882352941178,0.7846153846153846,0.6303636431694031
0.24705882352941178,0.7865384615384615,0.6299863457679749
0.24779411764705883,0.7865384615384615,0.6286260485649109
0.24779411764705883,0.7884615384615384,0.6272837519645691
0.2485294117647059,0.7884615384615384,0.6270672678947449
0.2485294117647059,0.7903846153846154,0.6269480586051941
0.25,0.7903846153846154,0.6263439655303955
0.25,0.7932692307692307,0.6254336833953857
0.25073529411764706,0.7932692307692307,0.6254316568374634
0.25073529411764706,0.7951923076923076,0.6249784231185913
0.25220588235294117,0.7951923076923076,0.6237502098083496
0.25220588235294117,0.7961538461538461,0.6224879622459412
0.2536764705882353,0.7961538461538461,0.6219208240509033
0.2536764705882353,0.7980769230769231,0.6216282248497009
0.25441176470588234,0.7980769230769231,0.621576189994812
0.25441176470588234,0.801923076923077,0.6184672117233276
0.2551470588235294,0.801923076923077,0.6181929111480713
0.2551470588235294,0.8028846153846154,0.6178569793701172
0.25588235294117645,0.8028846153846154,0.6169555187225342
0.25588235294117645,0.8038461538461539,0.6163372993469238
0.2566176470588235,0.8038461538461539,0.6151583194732666
0.2566176470588235,0.8048076923076923,0.6146514415740967
0.2580882352941177,0.8048076923076923,0.6139851808547974
0.2580882352941177,0.8067307692307693,0.6121930480003357
0.2595588235294118,0.8067307692307693,0.6107777953147888
0.2595588235294118,0.8076923076923077,0.6106905937194824
0.2610294117647059,0.8076923076923077,0.6091747879981995
0.2610294117647059,0.8086538461538462,0.6091603636741638
0.26323529411764707,0.8086538461538462,0.6072834730148315
0.26323529411764707,0.8096153846153846,0.6070640087127686
0.2639705882352941,0.8096153846153846,0.6056849360466003
0.2639705882352941,0.8105769230769231,0.6055772304534912
0.2647058823529412,0.8105769230769231,0.6053118109703064
0.2647058823529412,0.8125,0.6048818230628967
0.2713235294117647,0.8125,0.6022209525108337
0.2713235294117647,0.8134615384615385,0.6015385985374451
0.2735294117647059,0.8134615384615385,0.6001545190811157
0.2735294117647059,0.8144230769230769,0.6001291871070862
0.2772058823529412,0.8144230769230769,0.5969127416610718
0.2772058823529412,0.8153846153846154,0.596850574016571
0.2823529411764706,0.8153846153846154,0.5923874974250793
0.2823529411764706,0.8163461538461538,0.5919301509857178
0.28308823529411764,0.8163461538461538,0.5918880105018616
0.28308823529411764,0.8173076923076923,0.5917883515357971
0.2852941176470588,0.8173076923076923,0.5901790857315063
0.2852941176470588,0.8201923076923077,0.5897554159164429
0.2875,0.8201923076923077,0.5891400575637817
0.2875,0.825,0.5876486301422119
0.2926470588235294,0.825,0.5850661993026733
0.2926470588235294,0.8259615384615384,0.5847378373146057
0.29411764705882354,0.8259615384615384,0.583625078201294
0.29411764705882354,0.8278846153846153,0.5831611752510071
0.3058823529411765,0.8278846153846153,0.5773865580558777
0.3058823529411765,0.8288461538461539,0.5758609175682068
0.30661764705882355,0.8288461538461539,0.5754265785217285
0.30661764705882355,0.8298076923076924,0.575409471988678
0.3073529411764706,0.8298076923076924,0.5752346515655518
0.3073529411764706,0.8307692307692308,0.5752303600311279
0.3095588235294118,0.8307692307692308,0.5735542178153992
0.3095588235294118,0.8317307692307693,0.5732965469360352
0.3161764705882353,0.8317307692307693,0.5704736709594727
0.3161764705882353,0.8326923076923077,0.569979190826416
0.31691176470588234,0.8326923076923077,0.5695109367370605
0.31691176470588234,0.8336538461538462,0.5689470171928406
0.31838235294117645,0.8336538461538462,0.5681523084640503
0.31838235294117645,0.8355769230769231,0.5678029656410217
0.3205882352941177,0.8355769230769231,0.5664787292480469
0.3205882352941177,0.8365384615384616,0.5664686560630798
0.32279411764705884,0.8365384615384616,0.5656161904335022
0.32279411764705884,0.8375,0.5648141503334045
0.3235294117647059,0.8375,0.5647954344749451
0.3235294117647059,0.8384615384615385,0.5647352933883667
0.3264705882352941,0.8384615384615385,0.5636977553367615
0.3264705882352941,0.8413461538461539,0.5626458525657654
0.3272058823529412,0.8413461538461539,0.562525749206543
0.3272058823529412,0.8423076923076923,0.5623903870582581
0.32941176470588235,0.8423076923076923,0.5614914298057556
0.32941176470588235,0.8432692307692308,0.5613701343536377
0.3316176470588235,0.8432692307692308,0.5606739521026611
0.3316176470588235,0.8442307692307692,0.5606503486633301
0.3323529411764706,0.8442307692307692,0.5604329705238342
0.3323529411764706,0.8461538461538461,0.5597983002662659
0.33308823529411763,0.8461538461538461,0.5586743950843811
0.33308823529411763,0.8480769230769231,0.5577505230903625
0.3352941176470588,0.8480769230769231,0.5567498207092285
0.3352941176470588,0.8490384615384615,0.5567405819892883
0.33676470588235297,0.8490384615384615,0.5561949610710144
0.33676470588235297,0.85,0.5561314821243286
0.33897058823529413,0.85,0.5557019710540771
0.33897058823529413,0.8509615384615384,0.5554870963096619
0.3426470588235294,0.8509615384615384,0.5543240308761597
0.3426470588235294,0.8519230769230769,0.5538897514343262
0.34338235294117647,0.8519230769230769,0.553858757019043
0.34338235294117647,0.8538461538461538,0.5535084009170532
0.3448529411764706,0.8538461538461538,0.5523899793624878
0.3448529411764706,0.8548076923076923,0.5523030161857605
0.34558823529411764,0.8548076923076923,0.5517836809158325
0.34558823529411764,0.8557692307692307,0.5517692565917969
0.3463235294117647,0.8557692307692307,0.5514764785766602
0.3463235294117647,0.8567307692307692,0.5512082576751709
0.3477941176470588,0.8567307692307692,0.551145076751709
0.3477941176470588,0.8576923076923076,0.5505194067955017
0.34852941176470587,0.8576923076923076,0.5504118800163269
0.34852941176470587,0.8596153846153847,0.5498484373092651
0.35,0.8596153846153847,0.5493828654289246
0.35,0.8605769230769231,0.5489264726638794
0.3536764705882353,0.8605769230769231,0.5475283861160278
0.3536764705882353,0.8615384615384616,0.5472242832183838
0.35441176470588237,0.8615384615384616,0.546829342842102
0.35441176470588237,0.8634615384615385,0.5457713007926941
0.35661764705882354,0.8634615384615385,0.5449009537696838
0.35661764705882354,0.8663461538461539,0.5445500016212463
0.36323529411764705,0.8663461538461539,0.5431039929389954
0.36323529411764705,0.8692307692307693,0.5426695942878723
0.36470588235294116,0.8692307692307693,0.5423315167427063
0.36470588235294116,0.8701923076923077,0.5421631336212158
0.3654411764705882,0.8701923076923077,0.5420987606048584
0.3654411764705882,0.8711538461538462,0.5420050024986267
0.3698529411764706,0.8711538461538462,0.540674090385437
0.3698529411764706,0.8721153846153846,0.5403391718864441
0.37426470588235294,0.8721153846153846,0.5391969680786133
0.37426470588235294,0.8730769230769231,0.5387541055679321
0.37720588235294117,0.8730769230769231,0.537417471408844
0.37720588235294117,0.8740384615384615,0.5372635126113892
0.3779411764705882,0.8740384615384615,0.5370199084281921
0.3779411764705882,0.875,0.5365971326828003
0.3786764705882353,0.875,0.5362370014190674
0.3786764705882353,0.8759615384615385,0.5360442399978638
0.38088235294117645,0.8759615384615385,0.5351313352584839
0.38088235294117645,0.8769230769230769,0.5336059331893921
0.3816176470588235,0.8769230769230769,0.533542275428772
0.3816176470588235,0.8778846153846154,0.5334852933883667
0.38382352941176473,0.8778846153846154,0.5329771637916565
0.38382352941176473,0.8788461538461538,0.5327193737030029
0.3845588235294118,0.8788461538461538,0.5327185392379761
0.3845588235294118,0.8798076923076923,0.5324686765670776
0.38529411764705884,0.8798076923076923,0.5324234366416931
0.38529411764705884,0.8807692307692307,0.5314974188804626
0.3875,0.8807692307692307,0.5308119654655457
0.3875,0.8817307692307692,0.5304060578346252
0.3897058823529412,0.8817307692307692,0.5301329493522644
0.3897058823529412,0.8826923076923077,0.5300290584564209
0.39191176470588235,0.8826923076923077,0.5295190811157227
0.39191176470588235,0.885576923076923,0.5293052196502686
0.39558823529411763,0.885576923076923,0.52802574634552
0.39558823529411763,0.8875,0.5278174877166748
0.3977941176470588,0.8875,0.5269993543624878
0.3977941176470588,0.8884615384615384,0.5267787575721741
0.3985294117647059,0.8884615384615384,0.5264918804168701
0.3985294117647059,0.8894230769230769,0.5254970788955688
0.4022058823529412,0.8894230769230769,0.5244523882865906
0.4022058823529412,0.8903846153846153,0.5240106582641602
0.4036764705882353,0.8903846153846153,0.5232329368591309
0.4036764705882353,0.8913461538461539,0.5231438279151917
0.40588235294117647,0.8913461538461539,0.52262943983078
0.40588235294117647,0.8923076923076924,0.5225181579589844
0.40661764705882353,0.8923076923076924,0.522392213344574
0.40661764705882353,0.8932692307692308,0.5222444534301758
0.4073529411764706,0.8932692307692308,0.5221068859100342
0.4073529411764706,0.8951923076923077,0.5218961834907532
0.4139705882352941,0.8951923076923077,0.5191168189048767
0.4139705882352941,0.8961538461538462,0.519031286239624
0.4147058823529412,0.8961538461538462,0.518864631652832
0.4147058823529412,0.8971153846153846,0.5188011527061462
0.4161764705882353,0.8971153846153846,0.518185019493103
0.4161764705882353,0.8980769230769231,0.5179513692855835
0.41691176470588237,0.8980769230769231,0.5178270936012268
0.41691176470588237,0.8990384615384616,0.517816424369812
0.4198529411764706,0.8990384615384616,0.5175782442092896
0.4198529411764706,0.9009615384615385,0.5171749591827393
0.4235294117647059,0.9009615384615385,0.5145416259765625
0.4235294117647059,0.9019230769230769,0.5145403146743774
0.4308823529411765,0.9019230769230769,0.5121288299560547
0.4308823529411765,0.9028846153846154,0.5119037628173828
0.43161764705882355,0.9028846153846154,0.5118709802627563
0.43161764705882355,0.9038461538461539,0.5116520524024963
0.43308823529411766,0.9038461538461539,0.5115143060684204
0.43308823529411766,0.9048076923076923,0.5114752650260925
0.4360294117647059,0.9048076923076923,0.5105400085449219
0.4360294117647059,0.9057692307692308,0.5104100108146667
0.43970588235294117,0.9057692307692308,0.5088149309158325
0.43970588235294117,0.9067307692307692,0.5086356401443481
0.4426470588235294,0.9067307692307692,0.5073265433311462
0.4426470588235294,0.9076923076923077,0.5072335004806519
0.4470588235294118,0.9076923076923077,0.5062613487243652
0.4470588235294118,0.9086538461538461,0.5058333873748779
0.44926470588235295,0.9086538461538461,0.50543212890625
0.44926470588235295,0.9096153846153846,0.5050233602523804
0.45073529411764707,0.9096153846153846,0.5048374533653259
0.45073529411764707,0.9105769230769231,0.5045616626739502
0.4514705882352941,0.9105769230769231,0.5041378736495972
0.4514705882352941,0.9134615384615384,0.503202497959137
0.45588235294117646,0.9134615384615384,0.5021075010299683
0.45588235294117646,0.9144230769230769,0.5020924210548401
0.4566176470588235,0.9144230769230769,0.5018970370292664
0.4566176470588235,0.9153846153846154,0.5018919110298157
0.4573529411764706,0.9153846153846154,0.5014773607254028
0.4573529411764706,0.9163461538461538,0.5010902285575867
0.45955882352941174,0.9163461538461538,0.5005372166633606
0.45955882352941174,0.9173076923076923,0.500186562538147
0.4610294117647059,0.9173076923076923,0.49933117628097534
0.4610294117647059,0.9182692307692307,0.49832069873809814
0.46544117647058825,0.9182692307692307,0.49703696370124817
0.46544117647058825,0.9201923076923076,0.4965367019176483
0.46691176470588236,0.9201923076923076,0.4961395859718323
0.46691176470588236,0.9211538461538461,0.49606090784072876
0.46838235294117647,0.9211538461538461,0.4954737424850464
0.46838235294117647,0.9221153846153847,0.49538519978523254
0.4713235294117647,0.9221153846153847,0.4941957890987396
0.4713235294117647,0.9230769230769231,0.49394485354423523
0.4727941176470588,0.9230769230769231,0.49335581064224243
0.4727941176470588,0.9240384615384616,0.492937833070755
0.4786764705882353,0.9240384615384616,0.4913392663002014
0.4786764705882353,0.925,0.49089178442955017
0.48161764705882354,0.925,0.4894065856933594
0.48161764705882354,0.9259615384615385,0.4892656207084656
0.4838235294117647,0.9259615384615385,0.48875007033348083
0.4838235294117647,0.926923076923077,0.4886593520641327
0.4919117647058823,0.926923076923077,0.4864692687988281
0.4919117647058823,0.9278846153846154,0.48636993765830994
0.49779411764705883,0.9278846153846154,0.484713077545166
0.49779411764705883,0.9288461538461539,0.48440298438072205
0.5044117647058823,0.9288461538461539,0.4827788472175598
0.5044117647058823,0.9298076923076923,0.4825650751590729
0.5080882352941176,0.9298076923076923,0.4819657504558563
0.5080882352941176,0.9307692307692308,0.4817511737346649
0.5110294117647058,0.9307692307692308,0.48120200634002686
0.5110294117647058,0.9317307692307693,0.48106589913368225
0.5154411764705882,0.9317307692307693,0.47997573018074036
0.5154411764705882,0.9326923076923077,0.4796280860900879
0.5191176470588236,0.9326923076923077,0.47836118936538696
0.5191176470588236,0.9346153846153846,0.4780697226524353
0.5264705882352941,0.9346153846153846,0.47412896156311035
0.5264705882352941,0.9355769230769231,0.4741152226924896
0.5279411764705882,0.9355769230769231,0.47288280725479126
0.5279411764705882,0.9365384615384615,0.4726864695549011
0.5294117647058824,0.9365384615384615,0.47256696224212646
0.5294117647058824,0.9375,0.47256365418434143
0.538235294117647,0.9375,0.4701085388660431
0.538235294117647,0.9384615384615385,0.4697701334953308
0.5397058823529411,0.9384615384615385,0.46964746713638306
0.5397058823529411,0.9394230769230769,0.46945422887802124
0.5433823529411764,0.9394230769230769,0.4678923487663269
0.5433823529411764,0.9403846153846154,0.46666207909584045
0.5507352941176471,0.9403846153846154,0.4643033742904663
0.5507352941176471,0.9413461538461538,0.4640125036239624
0.5595588235294118,0.9413461538461538,0.45937690138816833
0.5595588235294118,0.9423076923076923,0.45928359031677246
0.5889705882352941,0.9423076923076923,0.44382911920547485
0.5889705882352941,0.9432692307692307,0.44308212399482727
0.5948529411764706,0.9432692307692307,0.4369051158428192
0.5948529411764706,0.9442307692307692,0.4363172650337219
0.6102941176470589,0.9442307692307692,0.4219195544719696
0.6102941176470589,0.9451923076923077,0.4212912619113922
0.6176470588235294,0.9451923076923077,0.4115014672279358
0.6176470588235294,0.9461538461538461,0.4111425280570984
0.6242647058823529,0.9461538461538461,0.40484723448753357
0.6242647058823529,0.9471153846153846,0.40462183952331543
0.6301470588235294,0.9471153846153846,0.4001305103302002
0.6301470588235294,0.948076923076923,0.39973655343055725
0.6316176470588235,0.948076923076923,0.3984183073043823
0.6316176470588235,0.9490384615384615,0.398023396730423
0.6330882352941176,0.9490384615384615,0.39705178141593933
0.6330882352941176,0.9509615384615384,0.3964690566062927
0.638235294117647,0.9509615384615384,0.3938943147659302
0.638235294117647,0.9519230769230769,0.3929176330566406
0.6426470588235295,0.9519230769230769,0.38933447003364563
0.6426470588235295,0.9528846153846153,0.3890688717365265
0.6448529411764706,0.9528846153846153,0.3872565031051636
0.6448529411764706,0.9538461538461539,0.38632509112358093
0.6455882352941177,0.9538461538461539,0.3861870765686035
0.6455882352941177,0.9548076923076924,0.3856760263442993
0.6544117647058824,0.9548076923076924,0.3786887228488922
0.6544117647058824,0.9586538461538462,0.37488800287246704
0.6580882352941176,0.9586538461538462,0.37085577845573425
0.6580882352941176,0.9596153846153846,0.3695884943008423
0.6588235294117647,0.9596153846153846,0.36929547786712646
0.6588235294117647,0.9605769230769231,0.36905938386917114
0.6602941176470588,0.9605769230769231,0.368617981672287
0.6602941176470588,0.9615384615384616,0.3682796359062195
0.6610294117647059,0.9615384615384616,0.36773303151130676
0.6610294117647059,0.9625,0.36750927567481995
0.6617647058823529,0.9625,0.3674010932445526
0.6617647058823529,0.9653846153846154,0.3639671802520752
0.6647058823529411,0.9653846153846154,0.3632736802101135
0.6647058823529411,0.9663461538461539,0.36323195695877075
0.6654411764705882,0.9663461538461539,0.36315104365348816
0.6654411764705882,0.9682692307692308,0.3622443974018097
0.6683823529411764,0.9682692307692308,0.35728687047958374
0.6683823529411764,0.9692307692307692,0.3571741580963135
0.6691176470588235,0.9692307692307692,0.35656002163887024
0.6691176470588235,0.9701923076923077,0.356059193611145
0.6705882352941176,0.9701923076923077,0.3547937870025635
0.6705882352941176,0.9711538461538461,0.35449475049972534
0.6852941176470588,0.9711538461538461,0.34693825244903564
0.6852941176470588,0.9730769230769231,0.346126526594162
0.6867647058823529,0.9730769230769231,0.34478262066841125
0.6867647058823529,0.9740384615384615,0.34446656703948975
0.6889705882352941,0.9740384615384615,0.3425566256046295
0.6889705882352941,0.975,0.34248673915863037
0.6941176470588235,0.975,0.33919796347618103
0.6941176470588235,0.9769230769230769,0.3376299738883972
0.7,0.9769230769230769,0.334551602602005
0.7,0.9778846153846154,0.33445611596107483
0.7051470588235295,0.9778846153846154,0.3330288827419281
0.7051470588235295,0.9788461538461538,0.33142244815826416
0.7080882352941177,0.9788461538461538,0.32880842685699463
0.7080882352941177,0.9798076923076923,0.3283757269382477
0.7154411764705882,0.9798076923076923,0.32400885224342346
0.7154411764705882,0.9807692307692307,0.3238784968852997
0.9264705882352942,0.9807692307692307,0.1525837481021881
0.9264705882352942,0.9826923076923076,0.12963007390499115
0.9272058823529412,0.9826923076923076,0.1255420744419098
0.9272058823529412,0.9836538461538461,0.12338151037693024
0.9308823529411765,0.9836538461538461,0.11423155665397644
0.9308823529411765,0.9865384615384616,0.11155223846435547
0.9316176470588236,0.9865384615384616,0.11145694553852081
0.9316176470588236,0.9875,0.11140453070402145
0.9323529411764706,0.9875,0.11138342320919037
0.9323529411764706,0.9923076923076923,0.10650619864463806
0.9352941176470588,0.9923076923076923,0.10352227836847305
0.9352941176470588,0.9932692307692308,0.10347171127796173
0.9360294117647059,0.9932692307692308,0.10325270146131516
0.9360294117647059,0.9961538461538462,0.10221077501773834
0.9367647058823529,0.9961538461538462,0.10181880742311478
0.9367647058823529,0.9971153846153846,0.10181277990341187
0.9382352941176471,0.9971153846153846,0.10133817791938782
0.9382352941176471,1.0,0.09992271661758423
1.0,1.0,0.06928251683712006
