FPR,TPR,Threshold
0.0,0.0,1.9686003923416138
0.0,0.0004807692307692308,0.9686003923416138
0.0,0.06394230769230769,0.9469179511070251
0.002573529411764706,0.06394230769230769,0.9457736015319824
0.002573529411764706,0.06442307692307692,0.945723831653595
0.004779411764705883,0.06442307692307692,0.9455925822257996
0.004779411764705883,0.06490384615384616,0.9455318450927734
0.009926470588235294,0.06490384615384616,0.9450652599334717
0.009926470588235294,0.06538461538461539,0.9448906779289246
0.016911764705882352,0.06538461538461539,0.9444593787193298
0.016911764705882352,0.06586538461538462,0.9444486498832703
0.020955882352941175,0.06586538461538462,0.9432740807533264
0.020955882352941175,0.06634615384615385,0.943231999874115
0.021323529411764706,0.06634615384615385,0.9425040483474731
0.021323529411764706,0.0798076923076923,0.9410272836685181
0.021691176470588235,0.0798076923076923,0.9409797787666321
0.021691176470588235,0.08125,0.9404345154762268
0.022058823529411766,0.08125,0.9401679635047913
0.022058823529411766,0.09759615384615385,0.9384554028511047
0.022794117647058822,0.09759615384615385,0.9375838041305542
0.022794117647058822,0.10096153846153846,0.9354351162910461
0.023529411764705882,0.10096153846153846,0.9346603155136108
0.023529411764705882,0.10192307692307692,0.9342424869537354
0.02426470588235294,0.10192307692307692,0.9331337213516235
0.02426470588235294,0.10432692307692308,0.9308651089668274
0.025,0.10432692307692308,0.9307306408882141
0.025,0.10576923076923077,0.929645836353302
0.026838235294117645,0.10576923076923077,0.928765058517456
0.027573529411764705,0.10576923076923077,0.9287430644035339
0.027573529411764705,0.10673076923076923,0.9287234544754028
0.03529411764705882,0.10673076923076923,0.9275696873664856
0.03529411764705882,0.11490384615384615,0.9260606169700623
0.03566176470588235,0.11490384615384615,0.9259915947914124
0.03566176470588235,0.12115384615384615,0.9257185459136963
0.03602941176470588,0.12115384615384615,0.9256666898727417
0.03602941176470588,0.12211538461538461,0.9252613186836243
0.03713235294117647,0.12211538461538461,0.924466073513031
0.03713235294117647,0.12451923076923077,0.9241850972175598
0.0375,0.12451923076923077,0.9241849780082703
0.0375,0.13653846153846153,0.9230988621711731
0.03897058823529412,0.13653846153846153,0.9226875305175781
0.03897058823529412,0.13942307692307693,0.9194982051849365
0.039705882352941174,0.13942307692307693,0.9193459749221802
0.039705882352941174,0.14134615384615384,0.9184158444404602
0.04007352941176471,0.14134615384615384,0.9178687334060669
0.04007352941176471,0.14326923076923076,0.9156494736671448
0.04044117647058824,0.14326923076923076,0.9155363440513611
0.04044117647058824,0.14423076923076922,0.9145808815956116
0.040808823529411765,0.14423076923076922,0.9135348796844482
0.040808823529411765,0.14567307692307693,0.9114686846733093
0.041176470588235294,0.14567307692307693,0.9114050269126892
0.041176470588235294,0.1466346153846154,0.9104992747306824
0.04191176470588235,0.1466346153846154,0.9088855385780334
0.04191176470588235,0.16298076923076923,0.9034608006477356
0.042279411764705885,0.16298076923076923,0.9034470319747925
0.042279411764705885,0.16442307692307692,0.9019261598587036
0.04338235294117647,0.16442307692307692,0.9008256196975708
0.04338235294117647,0.19471153846153846,0.8958763480186462
0.04375,0.19471153846153846,0.895297110080719
0.04375,0.22740384615384615,0.8854539394378662
0.046691176470588236,0.22740384615384615,0.8852313756942749
0.046691176470588236,0.22788461538461538,0.8851571083068848
0.05330882352941176,0.22788461538461538,0.8845232725143433
0.05330882352941176,0.23173076923076924,0.884160041809082
0.05367647058823529,0.23173076923076924,0.8841466903686523
0.05367647058823529,0.23413461538461539,0.8839612007141113
0.054044117647058826,0.23413461538461539,0.883931040763855
0.054044117647058826,0.23557692307692307,0.8837394118309021
0.054411764705882354,0.23557692307692307,0.8837048411369324
0.054411764705882354,0.24278846153846154,0.882132887840271
0.05477941176470588,0.24278846153846154,0.8811495304107666
0.05477941176470588,0.2466346153846154,0.8776229619979858
0.05514705882352941,0.2466346153846154,0.8775392770767212
0.05514705882352941,0.25048076923076923,0.8739396929740906
0.05551470588235294,0.25048076923076923,0.8731728196144104
0.05551470588235294,0.2514423076923077,0.8686053156852722
0.05588235294117647,0.2514423076923077,0.868378758430481
0.05588235294117647,0.25384615384615383,0.8659720420837402
0.05625,0.25384615384615383,0.865778923034668
0.05625,0.2725961538461538,0.8622430562973022
0.05661764705882353,0.2725961538461538,0.86151522397995
0.05661764705882353,0.2831730769230769,0.8529501557350159
0.05698529411764706,0.2831730769230769,0.852807879447937
0.05698529411764706,0.28894230769230766,0.8523304462432861
0.057352941176470586,0.28894230769230766,0.8519482612609863
0.057352941176470586,0.2899038461538462,0.8518010973930359
0.05772058823529412,0.2899038461538462,0.8515405654907227
0.05772058823529412,0.2903846153846154,0.8512061834335327
0.05808823529411765,0.2903846153846154,0.8499709367752075
0.05808823529411765,0.30865384615384617,0.8449961543083191
0.05845588235294118,0.30865384615384617,0.8445029258728027
0.05845588235294118,0.3125,0.8389294147491455
0.06139705882352941,0.3125,0.8365541696548462
0.06139705882352941,0.31298076923076923,0.8364797830581665
0.06470588235294118,0.31298076923076923,0.8358466029167175
0.06470588235294118,0.31346153846153846,0.835803747177124
0.06838235294117648,0.31346153846153846,0.8350690007209778
0.06838235294117648,0.3139423076923077,0.8349213004112244
0.06948529411764706,0.3139423076923077,0.8305947184562683
0.06948529411764706,0.3283653846153846,0.8260842561721802
0.07426470588235294,0.3283653846153846,0.8249779343605042
0.07426470588235294,0.32884615384615384,0.824955940246582
0.07463235294117647,0.32884615384615384,0.8249197602272034
0.07463235294117647,0.3293269230769231,0.8248597979545593
0.075,0.3293269230769231,0.8247462511062622
0.075,0.3298076923076923,0.8247154355049133
0.07610294117647058,0.3298076923076923,0.8245161175727844
0.07610294117647058,0.33028846153846153,0.824324369430542
0.07941176470588235,0.33028846153846153,0.8240025639533997
0.07941176470588235,0.33076923076923076,0.82399582862854
0.08014705882352942,0.33076923076923076,0.8228094577789307
0.08014705882352942,0.3346153846153846,0.8212845921516418
0.08051470588235295,0.3346153846153846,0.8212294578552246
0.08051470588235295,0.3350961538461538,0.8212240934371948
0.08125,0.3350961538461538,0.8211890459060669
0.08125,0.33557692307692305,0.8211843967437744
0.08272058823529412,0.33557692307692305,0.8211170434951782
0.08272058823529412,0.33605769230769234,0.8210045099258423
0.08308823529411764,0.33605769230769234,0.8209859132766724
0.08308823529411764,0.3384615384615385,0.8208032250404358
0.08345588235294117,0.3384615384615385,0.8207672238349915
0.08345588235294117,0.3389423076923077,0.8207313418388367
0.0849264705882353,0.3389423076923077,0.8206087350845337
0.0849264705882353,0.3408653846153846,0.8204301595687866
0.08529411764705883,0.3408653846153846,0.8204274773597717
0.08529411764705883,0.34278846153846154,0.8202213048934937
0.08566176470588235,0.34278846153846154,0.8202158808708191
0.08566176470588235,0.34375,0.8202111721038818
0.08602941176470588,0.34375,0.8202035427093506
0.08602941176470588,0.3456730769230769,0.8201054930686951
0.08970588235294118,0.3456730769230769,0.8197147250175476
0.08970588235294118,0.35,0.8193445205688477
0.0900735294117647,0.35,0.8191790580749512
0.0900735294117647,0.3528846153846154,0.8190299868583679
0.09080882352941176,0.3528846153846154,0.8189556002616882
0.09080882352941176,0.35528846153846155,0.8184805512428284
0.09117647058823529,0.35528846153846155,0.8184742331504822
0.09117647058823529,0.36153846153846153,0.8155640363693237
0.09411764705882353,0.36153846153846153,0.8149848580360413
0.09411764705882353,0.36201923076923076,0.8148594498634338
0.10147058823529412,0.36201923076923076,0.8135615587234497
0.10147058823529412,0.3625,0.8131961822509766
0.1025735294117647,0.3625,0.81203293800354
0.1025735294117647,0.3639423076923077,0.8100030422210693
0.10588235294117647,0.3639423076923077,0.8092743754386902
0.10588235294117647,0.36730769230769234,0.809156596660614
0.10625,0.36730769230769234,0.8090553879737854
0.10625,0.36778846153846156,0.8090043663978577
0.10772058823529412,0.36778846153846156,0.8089070320129395
0.10772058823529412,0.3721153846153846,0.8087226748466492
0.10808823529411765,0.3721153846153846,0.8087217807769775
0.10808823529411765,0.37403846153846154,0.8086212873458862
0.10882352941176471,0.37403846153846154,0.8084871768951416
0.10919117647058824,0.37451923076923077,0.808444619178772
0.10919117647058824,0.3764423076923077,0.8083175420761108
0.10955882352941176,0.3764423076923077,0.8082791566848755
0.10955882352941176,0.37740384615384615,0.8081921935081482
0.10992647058823529,0.37740384615384615,0.8081796169281006
0.10992647058823529,0.3778846153846154,0.8081533312797546
0.11139705882352942,0.3778846153846154,0.80810546875
0.11139705882352942,0.37884615384615383,0.8080663084983826
0.11213235294117647,0.37884615384615383,0.8080086708068848
0.11213235294117647,0.37932692307692306,0.8079681396484375
0.11323529411764706,0.37932692307692306,0.8079294562339783
0.11323529411764706,0.38653846153846155,0.807506799697876
0.11360294117647059,0.38653846153846155,0.8074879050254822
0.11360294117647059,0.3903846153846154,0.8068720698356628
0.11397058823529412,0.3903846153846154,0.8066142797470093
0.11397058823529412,0.3918269230769231,0.8054779171943665
0.11470588235294117,0.3918269230769231,0.8038426041603088
0.11470588235294117,0.39326923076923076,0.8029742240905762
0.1150735294117647,0.39326923076923076,0.8025317788124084
0.1150735294117647,0.39375,0.802054226398468
0.11544117647058824,0.39375,0.8019909858703613
0.11544117647058824,0.3942307692307692,0.8018863797187805
0.11580882352941177,0.3942307692307692,0.8014581203460693
0.11580882352941177,0.39807692307692305,0.7980747222900391
0.1161764705882353,0.39807692307692305,0.7975775599479675
0.1161764705882353,0.39855769230769234,0.7968800663948059
0.11691176470588235,0.39855769230769234,0.7962100505828857
0.11691176470588235,0.4048076923076923,0.7941186428070068
0.11727941176470588,0.4048076923076923,0.7940030694007874
0.11727941176470588,0.4076923076923077,0.7935816049575806
0.11911764705882352,0.4076923076923077,0.7933628559112549
0.11911764705882352,0.4081730769230769,0.7933590412139893
0.11948529411764706,0.4081730769230769,0.7933563590049744
0.11948529411764706,0.40865384615384615,0.7933443188667297
0.11985294117647059,0.40865384615384615,0.7933418154716492
0.11985294117647059,0.41057692307692306,0.7930936217308044
0.12022058823529412,0.41057692307692306,0.7930713891983032
0.12022058823529412,0.41394230769230766,0.7928500771522522
0.12205882352941176,0.41394230769230766,0.7925958633422852
0.12205882352941176,0.41442307692307695,0.7924283146858215
0.125,0.41442307692307695,0.7916669845581055
0.125,0.4149038461538462,0.7915934324264526
0.1323529411764706,0.4149038461538462,0.7902742028236389
0.1323529411764706,0.41586538461538464,0.7902399301528931
0.13933823529411765,0.41586538461538464,0.7887622117996216
0.13933823529411765,0.4168269230769231,0.7884581685066223
0.13970588235294118,0.4168269230769231,0.788119912147522
0.13970588235294118,0.41778846153846155,0.7877009510993958
0.1400735294117647,0.41778846153846155,0.7869501709938049
0.1400735294117647,0.4182692307692308,0.7868829965591431
0.14154411764705882,0.4182692307692308,0.7845321297645569
0.14154411764705882,0.41875,0.7841720581054688
0.1426470588235294,0.41875,0.7829991579055786
0.1426470588235294,0.41971153846153847,0.7819086313247681
0.14338235294117646,0.41971153846153847,0.7808186411857605
0.14338235294117646,0.42740384615384613,0.777732789516449
0.14375,0.42740384615384613,0.77769535779953
0.14375,0.4283653846153846,0.7776387929916382
0.14411764705882352,0.4283653846153846,0.7775099873542786
0.14411764705882352,0.43509615384615385,0.7766609787940979
0.14448529411764705,0.43509615384615385,0.7762694954872131
0.14448529411764705,0.4360576923076923,0.7760517001152039
0.1448529411764706,0.4360576923076923,0.7756324410438538
0.1448529411764706,0.4375,0.7738155722618103
0.14522058823529413,0.4375,0.7737892866134644
0.14522058823529413,0.4394230769230769,0.7715408802032471
0.14558823529411766,0.4394230769230769,0.7712152004241943
0.14558823529411766,0.4408653846153846,0.7704654932022095
0.14595588235294119,0.4408653846153846,0.7703083753585815
0.14595588235294119,0.44134615384615383,0.7696654200553894
0.14669117647058824,0.44134615384615383,0.7694019675254822
0.14669117647058824,0.4423076923076923,0.7691688537597656
0.14705882352941177,0.4423076923076923,0.768958330154419
0.14705882352941177,0.4427884615384615,0.7686818242073059
0.1474264705882353,0.4427884615384615,0.768287718296051
0.1474264705882353,0.44326923076923075,0.7682701349258423
0.14816176470588235,0.44326923076923075,0.7672936916351318
0.14816176470588235,0.4442307692307692,0.7669292688369751
0.15183823529411763,0.4442307692307692,0.7646921277046204
0.15183823529411763,0.44471153846153844,0.7645729184150696
0.15514705882352942,0.44471153846153844,0.7637928128242493
0.15514705882352942,0.44519230769230766,0.7637374997138977
0.1610294117647059,0.44519230769230766,0.7616516947746277
0.1610294117647059,0.4466346153846154,0.7583106756210327
0.16286764705882353,0.4466346153846154,0.7571092247962952
0.16286764705882353,0.45528846153846153,0.7556149363517761
0.16323529411764706,0.45528846153846153,0.7555467486381531
0.16323529411764706,0.4600961538461538,0.7551223635673523
0.16654411764705881,0.4600961538461538,0.7548112273216248
0.16654411764705881,0.46057692307692305,0.754769504070282
0.16838235294117648,0.46057692307692305,0.7544422149658203
0.16838235294117648,0.46105769230769234,0.7543830275535583
0.17279411764705882,0.46105769230769234,0.7535715103149414
0.17279411764705882,0.46153846153846156,0.7535299062728882
0.17536764705882352,0.46153846153846156,0.7522821426391602
0.17536764705882352,0.4625,0.7515860199928284
0.17573529411764705,0.4625,0.7512774467468262
0.17573529411764705,0.4639423076923077,0.7500964999198914
0.1761029411764706,0.4639423076923077,0.7499507665634155
0.1761029411764706,0.46442307692307694,0.7498285174369812
0.17647058823529413,0.46442307692307694,0.7495286464691162
0.17647058823529413,0.4653846153846154,0.7481318712234497
0.17683823529411766,0.4653846153846154,0.748115599155426
0.17683823529411766,0.4793269230769231,0.7447240352630615
0.17720588235294119,0.4793269230769231,0.744498074054718
0.17720588235294119,0.48173076923076924,0.7420465350151062
0.17794117647058824,0.48173076923076924,0.7413010001182556
0.17794117647058824,0.48221153846153847,0.7412214875221252
0.17830882352941177,0.48221153846153847,0.7405543923377991
0.17830882352941177,0.4841346153846154,0.7379163503646851
0.1786764705882353,0.4841346153846154,0.7369597554206848
0.1786764705882353,0.4846153846153846,0.7366183996200562
0.17941176470588235,0.4846153846153846,0.7353028059005737
0.17941176470588235,0.48509615384615384,0.7351556420326233
0.19044117647058822,0.48509615384615384,0.7311146259307861
0.19044117647058822,0.48653846153846153,0.7307394742965698
0.20441176470588235,0.48653846153846153,0.7231767773628235
0.20441176470588235,0.49038461538461536,0.7226207256317139
0.20477941176470588,0.49038461538461536,0.7223629355430603
0.20477941176470588,0.4908653846153846,0.7223469614982605
0.2051470588235294,0.4908653846153846,0.7223442792892456
0.2051470588235294,0.5,0.7205695509910583
0.20551470588235293,0.5,0.7204229831695557
0.20551470588235293,0.5004807692307692,0.7202872633934021
0.20919117647058824,0.5004807692307692,0.7195345163345337
0.20919117647058824,0.5014423076923077,0.7193759679794312
0.21286764705882352,0.5014423076923077,0.7184147834777832
0.21286764705882352,0.5019230769230769,0.7182517647743225
0.21654411764705883,0.5019230769230769,0.7177528142929077
0.21654411764705883,0.5028846153846154,0.7170352935791016
0.21691176470588236,0.5028846153846154,0.7170321941375732
0.21691176470588236,0.5110576923076923,0.7158017158508301
0.2172794117647059,0.5110576923076923,0.7157948017120361
0.2172794117647059,0.5163461538461539,0.7151059508323669
0.21985294117647058,0.5163461538461539,0.7149226069450378
0.21985294117647058,0.5168269230769231,0.7148745059967041
0.22279411764705884,0.5168269230769231,0.7140671610832214
0.22279411764705884,0.5173076923076924,0.7139195799827576
0.2235294117647059,0.5173076923076924,0.713890016078949
0.2235294117647059,0.5177884615384616,0.7137086391448975
0.22426470588235295,0.5177884615384616,0.7136432528495789
0.22426470588235295,0.5182692307692308,0.713598906993866
0.22720588235294117,0.5182692307692308,0.7133734226226807
0.22720588235294117,0.51875,0.71297687292099
0.2275735294117647,0.51875,0.7127272486686707
0.2275735294117647,0.5192307692307693,0.7123766541481018
0.22830882352941176,0.5192307692307693,0.7117767930030823
0.22830882352941176,0.525,0.710363507270813
0.2286764705882353,0.525,0.7103486657142639
0.2286764705882353,0.5254807692307693,0.7102808952331543
0.22904411764705881,0.5254807692307693,0.7100850343704224
0.22904411764705881,0.5331730769230769,0.7078688144683838
0.22941176470588234,0.5331730769230769,0.7074402570724487
0.22941176470588234,0.5336538461538461,0.7070318460464478
0.22977941176470587,0.5336538461538461,0.7069728970527649
0.22977941176470587,0.541826923076923,0.7034294605255127
0.2301470588235294,0.541826923076923,0.7034226059913635
0.2301470588235294,0.5471153846153847,0.702959418296814
0.23051470588235295,0.5471153846153847,0.7028985023498535
0.23051470588235295,0.5567307692307693,0.701752781867981
0.23088235294117648,0.5567307692307693,0.7017134428024292
0.23088235294117648,0.5615384615384615,0.7011128664016724
0.23125,0.5615384615384615,0.7008700370788574
0.23125,0.5620192307692308,0.7007021903991699
0.23161764705882354,0.5620192307692308,0.7006394267082214
0.23161764705882354,0.5625,0.7004929780960083
0.23272058823529412,0.5625,0.6997931003570557
0.23272058823529412,0.5634615384615385,0.6994171738624573
0.23455882352941176,0.5634615384615385,0.6972067952156067
0.23455882352941176,0.5639423076923077,0.6970586180686951
0.2349264705882353,0.5639423076923077,0.6960481405258179
0.2349264705882353,0.5649038461538461,0.6938014030456543
0.23529411764705882,0.5649038461538461,0.6929874420166016
0.23529411764705882,0.5658653846153846,0.6928033828735352
0.2411764705882353,0.5658653846153846,0.6912907958030701
0.2411764705882353,0.5663461538461538,0.6912083029747009
0.2672794117647059,0.5663461538461538,0.6877333521842957
0.2672794117647059,0.5673076923076923,0.6868817806243896
0.2676470588235294,0.5673076923076923,0.6868445873260498
0.2676470588235294,0.5692307692307692,0.6852536201477051
0.26875,0.5692307692307692,0.684566080570221
0.26875,0.5697115384615384,0.6835287809371948
0.2691176470588235,0.5697115384615384,0.6831702589988708
0.2691176470588235,0.5706730769230769,0.6826775074005127
0.2698529411764706,0.5706730769230769,0.6825300455093384
0.2698529411764706,0.5711538461538461,0.6822971105575562
0.27536764705882355,0.5711538461538461,0.6802704930305481
0.27536764705882355,0.5716346153846154,0.6802342534065247
0.2801470588235294,0.5716346153846154,0.6789580583572388
0.2801470588235294,0.5721153846153846,0.6787624955177307
0.28125,0.5721153846153846,0.6779835820198059
0.28125,0.573076923076923,0.677403450012207
0.28161764705882353,0.573076923076923,0.6771918535232544
0.28161764705882353,0.5745192307692307,0.6761370897293091
0.28345588235294117,0.5745192307692307,0.6743060350418091
0.28345588235294117,0.575,0.6740012168884277
0.2838235294117647,0.575,0.6731473207473755
0.2838235294117647,0.5754807692307692,0.6721153855323792
0.2849264705882353,0.5754807692307692,0.6716637015342712
0.2849264705882353,0.5764423076923076,0.6712685823440552
0.2852941176470588,0.5764423076923076,0.67093825340271
0.2852941176470588,0.5802884615384616,0.6700521111488342
0.2878676470588235,0.5802884615384616,0.6699362397193909
0.2878676470588235,0.5807692307692308,0.6697540283203125
0.28823529411764703,0.5807692307692308,0.6697412729263306
0.28823529411764703,0.5826923076923077,0.6695617437362671
0.2897058823529412,0.5826923076923077,0.6693546772003174
0.2897058823529412,0.583173076923077,0.6693248748779297
0.29007352941176473,0.583173076923077,0.6692744493484497
0.29007352941176473,0.5836538461538462,0.6690725684165955
0.29044117647058826,0.5836538461538462,0.6690433025360107
0.29044117647058826,0.5846153846153846,0.66898512840271
0.2908088235294118,0.5846153846153846,0.6688176989555359
0.2908088235294118,0.5850961538461539,0.6687638163566589
0.29154411764705884,0.5850961538461539,0.6687051653862
0.29154411764705884,0.5865384615384616,0.6685869693756104
0.29191176470588237,0.5865384615384616,0.6684607863426208
0.29191176470588237,0.5870192307692308,0.6684360504150391
0.2922794117647059,0.5870192307692308,0.6683940887451172
0.2922794117647059,0.5879807692307693,0.6683313846588135
0.2926470588235294,0.5879807692307693,0.6683236956596375
0.2926470588235294,0.5884615384615385,0.6683067083358765
0.29301470588235295,0.5884615384615385,0.6682785749435425
0.29301470588235295,0.5889423076923077,0.6682155132293701
0.2948529411764706,0.5889423076923077,0.6680414080619812
0.2948529411764706,0.5894230769230769,0.667870819568634
0.2952205882352941,0.5894230769230769,0.6676523685455322
0.2952205882352941,0.5913461538461539,0.6664707064628601
0.2974264705882353,0.5913461538461539,0.6635816097259521
0.2974264705882353,0.5918269230769231,0.6632345914840698
0.2985294117647059,0.5918269230769231,0.6623333692550659
0.2985294117647059,0.5927884615384615,0.6616436839103699
0.2988970588235294,0.5927884615384615,0.6614770293235779
0.2988970588235294,0.5932692307692308,0.6613069176673889
0.3003676470588235,0.5932692307692308,0.6586388945579529
0.3003676470588235,0.5947115384615385,0.6566417813301086
0.3014705882352941,0.5947115384615385,0.6553305387496948
0.3014705882352941,0.5951923076923077,0.6541236639022827
0.3029411764705882,0.5951923076923077,0.6531938314437866
0.3029411764705882,0.6004807692307692,0.6526769995689392
0.30330882352941174,0.6004807692307692,0.6526685953140259
0.30330882352941174,0.6057692307692307,0.6517131924629211
0.30367647058823527,0.6057692307692307,0.6516091823577881
0.30367647058823527,0.6110576923076924,0.650775134563446
0.3040441176470588,0.6110576923076924,0.650272011756897
0.3040441176470588,0.6120192307692308,0.6500369310379028
0.3047794117647059,0.6120192307692308,0.6490432024002075
0.3047794117647059,0.6129807692307693,0.6460837721824646
0.30514705882352944,0.6129807692307693,0.6450453400611877
0.30514705882352944,0.6134615384615385,0.6443970799446106
0.30661764705882355,0.6134615384615385,0.6435744166374207
0.30661764705882355,0.614423076923077,0.642443060874939
0.3073529411764706,0.614423076923077,0.6407536268234253
0.3073529411764706,0.6149038461538462,0.6405646800994873
0.30808823529411766,0.6149038461538462,0.6400852799415588
0.30808823529411766,0.6158653846153846,0.6384724974632263
0.30919117647058825,0.6158653846153846,0.6383697986602783
0.30919117647058825,0.6177884615384616,0.6368765830993652
0.3095588235294118,0.6177884615384616,0.6365526914596558
0.3095588235294118,0.61875,0.6350626945495605
0.3099264705882353,0.61875,0.6343655586242676
0.3099264705882353,0.6408653846153847,0.6300986409187317
0.31029411764705883,0.6408653846153847,0.6299610733985901
0.31029411764705883,0.6427884615384616,0.6294047236442566
0.31066176470588236,0.6427884615384616,0.6293524503707886
0.31066176470588236,0.6490384615384616,0.6279842853546143
0.3125,0.6490384615384616,0.625805139541626
0.3125,0.6495192307692308,0.6258026957511902
0.32132352941176473,0.6495192307692308,0.6234655380249023
0.32132352941176473,0.6504807692307693,0.6230175495147705
0.32169117647058826,0.6504807692307693,0.6229763627052307
0.32169117647058826,0.6528846153846154,0.6228607296943665
0.3220588235294118,0.6528846153846154,0.6228483319282532
0.3220588235294118,0.6586538461538461,0.6225119829177856
0.3224264705882353,0.6586538461538461,0.6223431825637817
0.3224264705882353,0.6591346153846154,0.6223230361938477
0.32279411764705884,0.6591346153846154,0.6223154067993164
0.32279411764705884,0.6610576923076923,0.6220587491989136
0.32316176470588237,0.6610576923076923,0.6220516562461853
0.32316176470588237,0.6634615384615384,0.6218754649162292
0.3235294117647059,0.6634615384615384,0.6218689680099487
0.3235294117647059,0.6644230769230769,0.6216426491737366
0.3238970588235294,0.6644230769230769,0.6215425133705139
0.3238970588235294,0.6649038461538461,0.6214945912361145
0.32426470588235295,0.6649038461538461,0.6214489936828613
0.32426470588235295,0.6677884615384615,0.6211037039756775
0.32536764705882354,0.6677884615384615,0.6209588646888733
0.32536764705882354,0.6855769230769231,0.6171745657920837
0.32573529411764707,0.6855769230769231,0.6169400811195374
0.32573529411764707,0.6879807692307692,0.6164944767951965
0.3261029411764706,0.6879807692307692,0.616247296333313
0.3261029411764706,0.6894230769230769,0.6161358952522278
0.3264705882352941,0.6894230769230769,0.6161128282546997
0.3264705882352941,0.6923076923076923,0.6157103180885315
0.32683823529411765,0.6923076923076923,0.6155295968055725
0.32683823529411765,0.69375,0.6150816082954407
0.3272058823529412,0.69375,0.6150166392326355
0.3272058823529412,0.6947115384615384,0.6136689186096191
0.3323529411764706,0.6947115384615384,0.6129416823387146
0.3323529411764706,0.6951923076923077,0.6128182411193848
0.33933823529411766,0.6951923076923077,0.6115127801895142
0.33933823529411766,0.6956730769230769,0.6114121675491333
0.34301470588235294,0.6956730769230769,0.6108781695365906
0.34301470588235294,0.6961538461538461,0.6108570098876953
0.34852941176470587,0.6961538461538461,0.6083980798721313
0.34852941176470587,0.6966346153846154,0.6081943511962891
0.3488970588235294,0.6966346153846154,0.6079720854759216
0.3488970588235294,0.6971153846153846,0.6077836751937866
0.34963235294117645,0.6971153846153846,0.606704831123352
0.34963235294117645,0.6985576923076923,0.6065523624420166
0.35,0.6985576923076923,0.6065429449081421
0.35,0.7043269230769231,0.6056478023529053
0.3503676470588235,0.7043269230769231,0.6055467128753662
0.3503676470588235,0.7048076923076924,0.605364978313446
0.35073529411764703,0.7048076923076924,0.6052241325378418
0.35073529411764703,0.7125,0.6035766005516052
0.3536764705882353,0.7125,0.6029058694839478
0.3536764705882353,0.7129807692307693,0.6026535630226135
0.35625,0.7129807692307693,0.6021791100502014
0.35625,0.7134615384615385,0.6021753549575806
0.35955882352941176,0.7134615384615385,0.6012902855873108
0.35955882352941176,0.7139423076923077,0.6012795567512512
0.36066176470588235,0.7139423076923077,0.6011081337928772
0.3613970588235294,0.7139423076923077,0.6010850667953491
0.3628676470588235,0.7139423076923077,0.6003730893135071
0.3628676470588235,0.7144230769230769,0.6000651121139526
0.36323529411764705,0.7144230769230769,0.5990082621574402
0.36323529411764705,0.7221153846153846,0.5973547101020813
0.3636029411764706,0.7221153846153846,0.5971155166625977
0.3636029411764706,0.7317307692307692,0.594004213809967
0.36470588235294116,0.7317307692307692,0.5919364094734192
0.36470588235294116,0.7322115384615384,0.5913335680961609
0.3654411764705882,0.7322115384615384,0.5909243226051331
0.3654411764705882,0.7346153846153847,0.587166965007782
0.36580882352941174,0.7346153846153847,0.5869428515434265
0.36580882352941174,0.7350961538461539,0.586882472038269
0.3669117647058823,0.7350961538461539,0.5844784379005432
0.3669117647058823,0.7355769230769231,0.5843608379364014
0.3683823529411765,0.7355769230769231,0.5833863019943237
0.3683823529411765,0.7360576923076924,0.5833565592765808
0.37316176470588236,0.7360576923076924,0.5823453068733215
0.37316176470588236,0.7365384615384616,0.5823254585266113
0.3779411764705882,0.7365384615384616,0.5809705257415771
0.3779411764705882,0.7403846153846154,0.5798662304878235
0.37830882352941175,0.7403846153846154,0.5797364711761475
0.37830882352941175,0.74375,0.578833281993866
0.3786764705882353,0.74375,0.5785263180732727
0.3786764705882353,0.7538461538461538,0.5775967240333557
0.3790441176470588,0.7538461538461538,0.5775887966156006
0.3790441176470588,0.7658653846153847,0.5750842094421387
0.37941176470588234,0.7658653846153847,0.5743230581283569
0.37941176470588234,0.7701923076923077,0.5734646916389465
0.37977941176470587,0.7701923076923077,0.573318362236023
0.37977941176470587,0.7745192307692308,0.5724860429763794
0.3801470588235294,0.7745192307692308,0.5724388957023621
0.3801470588235294,0.7764423076923077,0.5714479088783264
0.3805147058823529,0.7764423076923077,0.5714380145072937
0.3805147058823529,0.7788461538461539,0.5710265636444092
0.38088235294117645,0.7788461538461539,0.5709801912307739
0.38088235294117645,0.7793269230769231,0.5709768533706665
0.3816176470588235,0.7793269230769231,0.5709613561630249
0.3816176470588235,0.7802884615384615,0.5709282755851746
0.3834558823529412,0.7802884615384615,0.5706490874290466
0.3834558823529412,0.7807692307692308,0.5705834627151489
0.38382352941176473,0.7807692307692308,0.5703000426292419
0.38382352941176473,0.78125,0.570245087146759
0.38529411764705884,0.78125,0.5700919032096863
0.38529411764705884,0.7822115384615385,0.569908082485199
0.3900735294117647,0.7822115384615385,0.5687368512153625
0.3900735294117647,0.7826923076923077,0.5684413909912109
0.39044117647058824,0.7826923076923077,0.5681775212287903
0.39044117647058824,0.7831730769230769,0.5677986145019531
0.39080882352941176,0.7831730769230769,0.5676391124725342
0.39080882352941176,0.7836538461538461,0.5675269961357117
0.3911764705882353,0.7836538461538461,0.5675178170204163
0.3911764705882353,0.7850961538461538,0.5667946338653564
0.3915441176470588,0.7850961538461538,0.5667510628700256
0.3915441176470588,0.7865384615384615,0.5661664009094238
0.3922794117647059,0.7865384615384615,0.565219521522522
0.3922794117647059,0.7903846153846154,0.5640331506729126
0.3926470588235294,0.7903846153846154,0.5640066266059875
0.3926470588235294,0.8024038461538462,0.56060391664505
0.39301470588235293,0.8024038461538462,0.5605385303497314
0.39301470588235293,0.8028846153846154,0.5601922273635864
0.3941176470588235,0.8028846153846154,0.5584859251976013
0.3941176470588235,0.8038461538461539,0.55713951587677
0.39448529411764705,0.8038461538461539,0.5564947128295898
0.39448529411764705,0.8057692307692308,0.553601861000061
0.3952205882352941,0.8057692307692308,0.5532261729240417
0.3952205882352941,0.8072115384615385,0.5507901906967163
0.39595588235294116,0.8072115384615385,0.548975944519043
0.39595588235294116,0.8086538461538462,0.5474917888641357
0.3963235294117647,0.8086538461538462,0.5473421812057495
0.3963235294117647,0.8091346153846154,0.5467892289161682
0.39705882352941174,0.8091346153846154,0.5464858412742615
0.39705882352941174,0.8139423076923077,0.5460293889045715
0.39742647058823527,0.8139423076923077,0.5458743572235107
0.39742647058823527,0.8235576923076923,0.5443815588951111
0.3977941176470588,0.8235576923076923,0.5440669059753418
0.3977941176470588,0.8254807692307692,0.5436602234840393
0.40036764705882355,0.8254807692307692,0.5428385138511658
0.40036764705882355,0.8264423076923076,0.542741060256958
0.4007352941176471,0.8264423076923076,0.5426979660987854
0.4007352941176471,0.8269230769230769,0.5425712466239929
0.40845588235294117,0.8269230769230769,0.5393732190132141
0.40845588235294117,0.8274038461538461,0.539128839969635
0.4088235294117647,0.8274038461538461,0.5389629006385803
0.4088235294117647,0.8278846153846153,0.5388447046279907
0.4091911764705882,0.8278846153846153,0.5387150049209595
0.4091911764705882,0.8307692307692308,0.5355404615402222
0.40955882352941175,0.8307692307692308,0.5350818634033203
0.40955882352941175,0.83125,0.5345030426979065
0.4227941176470588,0.83125,0.5317689776420593
0.4227941176470588,0.8317307692307693,0.5317146182060242
0.4235294117647059,0.8317307692307693,0.5316930413246155
0.4235294117647059,0.8326923076923077,0.5314403772354126
0.42426470588235293,0.8326923076923077,0.5314194560050964
0.42426470588235293,0.833173076923077,0.5312008261680603
0.42573529411764705,0.833173076923077,0.5308553576469421
0.42573529411764705,0.8336538461538462,0.5307577252388
0.4264705882352941,0.8336538461538462,0.530424952507019
0.4264705882352941,0.8341346153846154,0.5302445888519287
0.4294117647058823,0.8341346153846154,0.5295800566673279
0.4294117647058823,0.8346153846153846,0.5295028686523438
0.4319852941176471,0.8346153846153846,0.5289751291275024
0.4319852941176471,0.8350961538461539,0.5285579562187195
0.4323529411764706,0.8350961538461539,0.5285101532936096
0.4323529411764706,0.8365384615384616,0.5279625654220581
0.43272058823529413,0.8365384615384616,0.5275681614875793
0.43272058823529413,0.8370192307692308,0.5264835357666016
0.4334558823529412,0.8370192307692308,0.5258935689926147
0.4334558823529412,0.8375,0.5256465077400208
0.4338235294117647,0.8375,0.5252727270126343
0.4338235294117647,0.8389423076923077,0.5246240496635437
0.43419117647058825,0.8389423076923077,0.5245370864868164
0.43419117647058825,0.8399038461538462,0.5238880515098572
0.43529411764705883,0.8399038461538462,0.5223392248153687
0.43529411764705883,0.8403846153846154,0.5215887427330017
0.43566176470588236,0.8403846153846154,0.521537721157074
0.43566176470588236,0.8408653846153846,0.5214675664901733
0.43713235294117647,0.8408653846153846,0.5186834931373596
0.43713235294117647,0.8418269230769231,0.518573522567749
0.44191176470588234,0.8418269230769231,0.5172217488288879
0.44191176470588234,0.8423076923076923,0.517085075378418
0.44227941176470587,0.8423076923076923,0.5169451236724854
0.44227941176470587,0.8456730769230769,0.5167263746261597
0.4430147058823529,0.8456730769230769,0.5165193676948547
0.4430147058823529,0.8461538461538461,0.5164713263511658
0.44448529411764703,0.8461538461538461,0.5161017179489136
0.44448529411764703,0.8466346153846154,0.5160847306251526
0.44485294117647056,0.8466346153846154,0.5160085558891296
0.44485294117647056,0.8471153846153846,0.5160070657730103
0.4452205882352941,0.8471153846153846,0.5159932374954224
0.4452205882352941,0.8480769230769231,0.5159525275230408
0.4459558823529412,0.8480769230769231,0.5158848166465759
0.4459558823529412,0.8485576923076923,0.5158340334892273
0.4470588235294118,0.8485576923076923,0.5155495405197144
0.4470588235294118,0.8504807692307692,0.5151576995849609
0.4474264705882353,0.8504807692307692,0.515150785446167
0.4474264705882353,0.8552884615384615,0.5141313672065735
0.4485294117647059,0.8552884615384615,0.5134614109992981
0.4485294117647059,0.8567307692307692,0.5128618478775024
0.44926470588235295,0.8567307692307692,0.5122703313827515
0.44926470588235295,0.8581730769230769,0.5107930898666382
0.45073529411764707,0.8581730769230769,0.5092788934707642
0.45073529411764707,0.8591346153846153,0.5082631707191467
0.4514705882352941,0.8591346153846153,0.5075624585151672
0.4514705882352941,0.8610576923076924,0.5052460432052612
0.45183823529411765,0.8610576923076924,0.505111813545227
0.45183823529411765,0.8615384615384616,0.5040518045425415
0.4522058823529412,0.8615384615384616,0.5034452676773071
0.4522058823529412,0.8625,0.5009937882423401
0.45294117647058824,0.8625,0.49957704544067383
0.45294117647058824,0.864423076923077,0.4981439709663391
0.45330882352941176,0.864423076923077,0.49738749861717224
0.45330882352941176,0.8658653846153846,0.4953539967536926
0.45441176470588235,0.8658653846153846,0.4942264258861542
0.45441176470588235,0.8668269230769231,0.49246081709861755
0.4547794117647059,0.8668269230769231,0.49242067337036133
0.4547794117647059,0.8673076923076923,0.49227797985076904
0.4551470588235294,0.8673076923076923,0.49185633659362793
0.4551470588235294,0.8682692307692308,0.48952603340148926
0.45551470588235293,0.8682692307692308,0.48911353945732117
0.45551470588235293,0.86875,0.48872482776641846
0.45588235294117646,0.86875,0.4885603189468384
0.45588235294117646,0.8706730769230769,0.4876766502857208
0.45625,0.8706730769230769,0.48663973808288574
0.45625,0.8711538461538462,0.48614123463630676
0.4566176470588235,0.8711538461538462,0.486075758934021
0.4566176470588235,0.8721153846153846,0.48556971549987793
0.45698529411764705,0.8721153846153846,0.48555222153663635
0.45698529411764705,0.8730769230769231,0.4845493733882904
0.4573529411764706,0.8730769230769231,0.48426681756973267
0.4573529411764706,0.8745192307692308,0.4830937683582306
0.45808823529411763,0.8745192307692308,0.4812603294849396
0.45808823529411763,0.8754807692307692,0.48085716366767883
0.4588235294117647,0.8754807692307692,0.47692668437957764
0.4588235294117647,0.8759615384615385,0.4766450524330139
0.45992647058823527,0.8759615384615385,0.4741024672985077
0.45992647058823527,0.8764423076923077,0.4726391136646271
0.4602941176470588,0.8764423076923077,0.47184884548187256
0.4602941176470588,0.8769230769230769,0.4714599847793579
0.46286764705882355,0.8769230769230769,0.46786272525787354
0.46286764705882355,0.8774038461538461,0.46785447001457214
0.4650735294117647,0.8774038461538461,0.4671323895454407
0.4650735294117647,0.8778846153846154,0.4671189486980438
0.4702205882352941,0.8778846153846154,0.46550053358078003
0.4702205882352941,0.8783653846153846,0.4651784598827362
0.4738970588235294,0.8783653846153846,0.46396419405937195
0.4738970588235294,0.8788461538461538,0.46393606066703796
0.4827205882352941,0.8788461538461538,0.45997363328933716
0.4827205882352941,0.8793269230769231,0.4599730670452118
0.48308823529411765,0.8793269230769231,0.4589541256427765
0.48308823529411765,0.88125,0.45875197649002075
0.4834558823529412,0.88125,0.45873039960861206
0.4834558823529412,0.8817307692307692,0.45871424674987793
0.4838235294117647,0.8817307692307692,0.4586840271949768
0.4838235294117647,0.8865384615384615,0.45739156007766724
0.48419117647058824,0.8865384615384615,0.45736148953437805
0.48419117647058824,0.8927884615384616,0.45530587434768677
0.48455882352941176,0.8927884615384616,0.45455318689346313
0.48455882352941176,0.8932692307692308,0.45426174998283386
0.4852941176470588,0.8932692307692308,0.45341429114341736
0.4852941176470588,0.89375,0.4522356688976288
0.48566176470588235,0.89375,0.452128529548645
0.48566176470588235,0.9004807692307693,0.45038312673568726
0.4860294117647059,0.9004807692307693,0.45000219345092773
0.4860294117647059,0.9014423076923077,0.449817031621933
0.4886029411764706,0.9014423076923077,0.4495738446712494
0.4886029411764706,0.9038461538461539,0.4494525194168091
0.4889705882352941,0.9038461538461539,0.4493856430053711
0.4889705882352941,0.9048076923076923,0.44920557737350464
0.48933823529411763,0.9048076923076923,0.4490989148616791
0.48933823529411763,0.9052884615384615,0.44906413555145264
0.4900735294117647,0.9052884615384615,0.44902774691581726
0.4900735294117647,0.9057692307692308,0.44901275634765625
0.4904411764705882,0.9057692307692308,0.44898539781570435
0.4904411764705882,0.90625,0.44893965125083923
0.4922794117647059,0.90625,0.44837287068367004
0.4922794117647059,0.9076923076923077,0.44814494252204895
0.49669117647058825,0.9076923076923077,0.4460620582103729
0.49669117647058825,0.9081730769230769,0.44576045870780945
0.5091911764705882,0.9081730769230769,0.4406623840332031
0.5091911764705882,0.9086538461538461,0.44014614820480347
0.5095588235294117,0.9086538461538461,0.43995943665504456
0.5095588235294117,0.9091346153846154,0.4390212297439575
0.5099264705882353,0.9091346153846154,0.438920795917511
0.5099264705882353,0.9096153846153846,0.4388284683227539
0.5161764705882353,0.9096153846153846,0.4375511407852173
0.5161764705882353,0.9100961538461538,0.4374963641166687
0.5172794117647059,0.9100961538461538,0.43719813227653503
0.5172794117647059,0.9105769230769231,0.4370499849319458
0.5220588235294118,0.9105769230769231,0.4346057176589966
0.5220588235294118,0.9110576923076923,0.43419188261032104
0.5231617647058824,0.9110576923076923,0.4331740736961365
0.5231617647058824,0.925,0.4306235909461975
0.5261029411764706,0.925,0.4295215904712677
0.5261029411764706,0.9254807692307693,0.42945271730422974
0.5286764705882353,0.9254807692307693,0.42867153882980347
0.5286764705882353,0.9259615384615385,0.4286678433418274
0.5308823529411765,0.9259615384615385,0.4277946352958679
0.5308823529411765,0.9264423076923077,0.4277932345867157
0.538235294117647,0.9264423076923077,0.426923543214798
0.538235294117647,0.9278846153846154,0.4268198013305664
0.5393382352941176,0.9278846153846154,0.42679473757743835
0.5393382352941176,0.9288461538461539,0.42675721645355225
0.5400735294117647,0.9288461538461539,0.4267337918281555
0.5400735294117647,0.9298076923076923,0.4267083406448364
0.5411764705882353,0.9298076923076923,0.42666229605674744
0.5411764705882353,0.9302884615384616,0.42651137709617615
0.5426470588235294,0.9302884615384616,0.4263293147087097
0.5426470588235294,0.9307692307692308,0.4261963665485382
0.5430147058823529,0.9307692307692308,0.42612671852111816
0.5430147058823529,0.9322115384615385,0.42607244849205017
0.544485294117647,0.9322115384615385,0.4259963631629944
0.544485294117647,0.9326923076923077,0.42597368359565735
0.5463235294117647,0.9326923076923077,0.4257197380065918
0.5463235294117647,0.9331730769230769,0.4257100522518158
0.5474264705882353,0.9331730769230769,0.42564690113067627
0.5474264705882353,0.9336538461538462,0.4256201982498169
0.5481617647058824,0.9336538461538462,0.42549753189086914
0.5481617647058824,0.9341346153846154,0.4254942834377289
0.549264705882353,0.9341346153846154,0.42545822262763977
0.549264705882353,0.9346153846153846,0.42537933588027954
0.55,0.9346153846153846,0.4252316951751709
0.55,0.9355769230769231,0.42497333884239197
0.5507352941176471,0.9355769230769231,0.42492854595184326
0.5507352941176471,0.9370192307692308,0.4248638153076172
0.5511029411764706,0.9370192307692308,0.42486339807510376
0.5511029411764706,0.9379807692307692,0.4247676134109497
0.5525735294117647,0.9379807692307692,0.42470860481262207
0.5525735294117647,0.9384615384615385,0.4246697723865509
0.5529411764705883,0.9384615384615385,0.424668550491333
0.5529411764705883,0.9389423076923077,0.42464229464530945
0.5533088235294118,0.9389423076923077,0.42463764548301697
0.5533088235294118,0.9394230769230769,0.4246238172054291
0.5540441176470589,0.9394230769230769,0.4245191216468811
0.5540441176470589,0.9399038461538461,0.4241536557674408
0.5558823529411765,0.9399038461538461,0.4231131076812744
0.5558823529411765,0.9403846153846154,0.4229297339916229
0.5588235294117647,0.9403846153846154,0.4180431663990021
0.5588235294117647,0.9413461538461538,0.41725391149520874
0.5595588235294118,0.9413461538461538,0.41634494066238403
0.5595588235294118,0.9427884615384615,0.41541022062301636
0.5602941176470588,0.9427884615384615,0.41452133655548096
0.5602941176470588,0.9432692307692307,0.41211411356925964
0.5625,0.9432692307692307,0.40934982895851135
0.5625,0.9442307692307692,0.40741297602653503
0.5636029411764706,0.9442307692307692,0.4039543569087982
0.5636029411764706,0.9451923076923077,0.40244239568710327
0.5698529411764706,0.9451923076923077,0.3996032178401947
0.5698529411764706,0.9456730769230769,0.3995339274406433
0.5746323529411764,0.9456730769230769,0.39850279688835144
0.5746323529411764,0.9461538461538461,0.3982260227203369
0.5764705882352941,0.9461538461538461,0.39612898230552673
0.5764705882352941,0.9466346153846154,0.39598986506462097
0.5772058823529411,0.9466346153846154,0.3941915035247803
0.5772058823529411,0.9471153846153846,0.39375361800193787
0.5783088235294118,0.9471153846153846,0.39282405376434326
0.5783088235294118,0.9475961538461538,0.3923685848712921
0.5911764705882353,0.9475961538461538,0.38982120156288147
0.5911764705882353,0.948076923076923,0.3898160457611084
0.6029411764705882,0.948076923076923,0.3869915306568146
0.6029411764705882,0.9485576923076923,0.3869204819202423
0.6033088235294117,0.9485576923076923,0.38606446981430054
0.6033088235294117,0.9490384615384615,0.385966420173645
0.6084558823529411,0.9490384615384615,0.3847576677799225
0.6084558823529411,0.9495192307692307,0.38462668657302856
0.6132352941176471,0.9495192307692307,0.38353726267814636
0.6132352941176471,0.95,0.38345423340797424
0.6268382352941176,0.95,0.3794005513191223
0.6268382352941176,0.9504807692307692,0.3792538046836853
0.6272058823529412,0.9504807692307692,0.37828418612480164
0.6272058823529412,0.9509615384615384,0.37826886773109436
0.6275735294117647,0.9509615384615384,0.3780403435230255
0.6275735294117647,0.9519230769230769,0.3767991364002228
0.6286764705882353,0.9519230769230769,0.3747360408306122
0.6286764705882353,0.9524038461538461,0.3740829527378082
0.6297794117647059,0.9524038461538461,0.37351804971694946
0.6297794117647059,0.9528846153846153,0.37156325578689575
0.6330882352941176,0.9528846153846153,0.37106063961982727
0.6330882352941176,0.9533653846153847,0.3710498511791229
0.6367647058823529,0.9533653846153847,0.3700951635837555
0.6367647058823529,0.9538461538461539,0.3698863387107849
0.6433823529411765,0.9538461538461539,0.3661840260028839
0.6433823529411765,0.9548076923076924,0.3655930459499359
0.6444852941176471,0.9548076923076924,0.3644280731678009
0.6444852941176471,0.9552884615384616,0.3643740117549896
0.6459558823529412,0.9552884615384616,0.3619636297225952
0.6459558823529412,0.95625,0.36093950271606445
0.6477941176470589,0.95625,0.3594282567501068
0.6477941176470589,0.9572115384615385,0.3584413230419159
0.6485294117647059,0.9572115384615385,0.35785043239593506
0.6485294117647059,0.9576923076923077,0.35731422901153564
0.649264705882353,0.9576923076923077,0.35658422112464905
0.649264705882353,0.958173076923077,0.35614094138145447
0.6496323529411765,0.958173076923077,0.3554949164390564
0.6496323529411765,0.9586538461538462,0.35491856932640076
0.6591911764705882,0.9586538461538462,0.34654271602630615
0.6591911764705882,0.9591346153846154,0.34638315439224243
0.6661764705882353,0.9591346153846154,0.3446488380432129
0.6661764705882353,0.9596153846153846,0.34450921416282654
0.6676470588235294,0.9596153846153846,0.3439546823501587
0.6676470588235294,0.9600961538461539,0.3431317210197449
0.6772058823529412,0.9600961538461539,0.3404809236526489
0.6772058823529412,0.9605769230769231,0.3404123783111572
0.6783088235294118,0.9605769230769231,0.33982789516448975
0.6783088235294118,0.9639423076923077,0.3390197455883026
0.6786764705882353,0.9639423076923077,0.33886629343032837
0.6786764705882353,0.9644230769230769,0.3388198912143707
0.6790441176470589,0.9644230769230769,0.33875519037246704
0.6790441176470589,0.9649038461538462,0.33850550651550293
0.6794117647058824,0.9649038461538462,0.3384418487548828
0.6794117647058824,0.9673076923076923,0.3380241394042969
0.6801470588235294,0.9673076923076923,0.33798184990882874
0.6801470588235294,0.9730769230769231,0.33696696162223816
0.6808823529411765,0.9730769230769231,0.33641618490219116
0.6808823529411765,0.9740384615384615,0.33508405089378357
0.6834558823529412,0.9740384615384615,0.3296164870262146
0.6834558823529412,0.9745192307692307,0.32918572425842285
0.6926470588235294,0.9745192307692307,0.3238633871078491
0.6926470588235294,0.975,0.323841392993927
0.6981617647058823,0.975,0.3211182653903961
0.6981617647058823,0.9759615384615384,0.3202098608016968
0.7246323529411764,0.9759615384615384,0.3121887743473053
0.7246323529411764,0.9764423076923077,0.3119245171546936
0.7496323529411765,0.9764423076923077,0.303465336561203
0.7496323529411765,0.9769230769230769,0.30251017212867737
0.7525735294117647,0.9769230769230769,0.2979526221752167
0.7525735294117647,0.9774038461538461,0.29744648933410645
0.75625,0.9774038461538461,0.289544939994812
0.75625,0.9778846153846154,0.28946805000305176
0.7727941176470589,0.9778846153846154,0.27360913157463074
0.7727941176470589,0.9783653846153846,0.27326589822769165
0.775,0.9783653846153846,0.27025413513183594
0.775,0.9788461538461538,0.2700604796409607
0.7761029411764706,0.9788461538461538,0.26922690868377686
0.7761029411764706,0.979326923076923,0.26918965578079224
0.7768382352941177,0.979326923076923,0.26802417635917664
0.7768382352941177,0.9798076923076923,0.267685204744339
0.7790441176470588,0.9798076923076923,0.2585682272911072
0.7790441176470588,0.9802884615384615,0.25844019651412964
0.7933823529411764,0.9802884615384615,0.23938539624214172
0.7933823529411764,0.9807692307692307,0.23922258615493774
0.9033088235294118,0.9807692307692307,0.1149568110704422
0.9033088235294118,0.9846153846153847,0.11405713111162186
0.9036764705882353,0.9846153846153847,0.11396465450525284
0.9036764705882353,0.9942307692307693,0.11232510954141617
0.9246323529411765,0.9942307692307693,0.11044690757989883
0.9246323529411765,0.9947115384615385,0.10990511626005173
0.9268382352941177,0.9947115384615385,0.10714956372976303
0.9268382352941177,0.9951923076923077,0.10580147057771683
0.9286764705882353,0.9951923076923077,0.10294103622436523
0.9286764705882353,0.9956730769230769,0.10128439217805862
0.93125,0.9956730769230769,0.09722771495580673
0.93125,0.9961538461538462,0.09669765084981918
0.9316176470588236,0.9961538461538462,0.0963963121175766
0.9316176470588236,0.9966346153846154,0.09454154968261719
0.9334558823529412,0.9966346153846154,0.09146296977996826
0.9334558823529412,0.9971153846153846,0.09139135479927063
0.9466911764705882,0.9971153846153846,0.08586762100458145
0.9466911764705882,0.9975961538461539,0.08573602139949799
0.9544117647058824,0.9975961538461539,0.08475200086832047
0.9544117647058824,0.9980769230769231,0.08469603210687637
0.9566176470588236,0.9980769230769231,0.0845194086432457
0.9566176470588236,0.9985576923076923,0.0842394083738327
0.9573529411764706,0.9985576923076923,0.08363325148820877
0.9573529411764706,0.9990384615384615,0.08361772447824478
0.9610294117647059,0.9990384615384615,0.07937317341566086
0.9610294117647059,0.9995192307692308,0.07920421659946442
0.9647058823529412,0.9995192307692308,0.07179241627454758
0.9647058823529412,1.0,0.0713576152920723
1.0,1.0,0.012928996235132217
