FPR,TPR,Threshold
0.0,0.0,1.9635429978370667
0.0,0.000925925925925926,0.9635429978370667
0.0,0.4824074074074074,0.7695958018302917
0.0007575757575757576,0.4824074074074074,0.7692897319793701
0.0007575757575757576,0.4962962962962963,0.7672218084335327
0.0015151515151515152,0.4962962962962963,0.766857385635376
0.0015151515151515152,0.5018518518518519,0.7649825215339661
0.0022727272727272726,0.5018518518518519,0.7645694613456726
0.0022727272727272726,0.5046296296296297,0.7644168734550476
0.0030303030303030303,0.5046296296296297,0.7643876075744629
0.0030303030303030303,0.5305555555555556,0.7570231556892395
0.003787878787878788,0.5305555555555556,0.7565947771072388
0.003787878787878788,0.5416666666666666,0.754167377948761
0.004545454545454545,0.5416666666666666,0.7532418966293335
0.004545454545454545,0.5444444444444444,0.750985860824585
0.005303030303030303,0.5444444444444444,0.7507772445678711
0.005303030303030303,0.5453703703703704,0.7507201433181763
0.006060606060606061,0.5453703703703704,0.7505426406860352
0.006060606060606061,0.5518518518518518,0.7473762035369873
0.006818181818181818,0.5518518518518518,0.7472986578941345
0.006818181818181818,0.5527777777777778,0.7465649247169495
0.007575757575757576,0.5527777777777778,0.7462746500968933
0.007575757575757576,0.5592592592592592,0.7430718541145325
0.00909090909090909,0.5592592592592592,0.7422212362289429
0.00909090909090909,0.562962962962963,0.7414818406105042
0.010606060606060607,0.562962962962963,0.7403842210769653
0.010606060606060607,0.5638888888888889,0.7397063970565796
0.012121212121212121,0.5638888888888889,0.7383121252059937
0.012121212121212121,0.5657407407407408,0.7367629408836365
0.012878787878787878,0.5657407407407408,0.7359061241149902
0.012878787878787878,0.5675925925925925,0.7357841730117798
0.013636363636363636,0.5675925925925925,0.7350611090660095
0.013636363636363636,0.5694444444444444,0.7349549531936646
0.015909090909090907,0.5694444444444444,0.7330883741378784
0.015909090909090907,0.5703703703703704,0.7324188947677612
0.017424242424242425,0.5703703703703704,0.7317858338356018
0.017424242424242425,0.5731481481481482,0.7307791113853455
0.020454545454545454,0.5731481481481482,0.7285670042037964
0.020454545454545454,0.5740740740740741,0.7282427549362183
0.021212121212121213,0.5740740740740741,0.7275574803352356
0.021212121212121213,0.575,0.7268810272216797
0.022727272727272728,0.575,0.726147472858429
0.022727272727272728,0.5777777777777777,0.7223413586616516
0.023484848484848483,0.5777777777777777,0.7204167246818542
0.023484848484848483,0.5787037037037037,0.7191829085350037
0.024242424242424242,0.5787037037037037,0.7181081771850586
0.024242424242424242,0.5796296296296296,0.7158411145210266
0.026515151515151516,0.5796296296296296,0.7140905857086182
0.026515151515151516,0.5833333333333334,0.7125921845436096
0.02727272727272727,0.5833333333333334,0.7119463086128235
0.02727272727272727,0.5879629629629629,0.7095828056335449
0.02803030303030303,0.5879629629629629,0.7087021470069885
0.02803030303030303,0.5916666666666667,0.7080570459365845
0.02878787878787879,0.5916666666666667,0.7079795002937317
0.02878787878787879,0.6,0.7050914168357849
0.030303030303030304,0.6,0.704860270023346
0.030303030303030304,0.6425925925925926,0.6781065464019775
0.03106060606060606,0.6425925925925926,0.6702730655670166
0.03106060606060606,0.6462962962962963,0.668004035949707
0.031818181818181815,0.6462962962962963,0.6674506068229675
0.031818181818181815,0.649074074074074,0.665198028087616
0.03333333333333333,0.649074074074074,0.6647615432739258
0.03333333333333333,0.6509259259259259,0.6646222472190857
0.03787878787878788,0.6509259259259259,0.6611371040344238
0.03787878787878788,0.6518518518518519,0.6592088341712952
0.04242424242424243,0.6518518518518519,0.6566630601882935
0.04242424242424243,0.6527777777777778,0.655491292476654
0.04318181818181818,0.6527777777777778,0.654539167881012
0.04318181818181818,0.6537037037037037,0.6538547873497009
0.04393939393939394,0.6537037037037037,0.6535481810569763
0.04393939393939394,0.6555555555555556,0.6527705788612366
0.045454545454545456,0.6555555555555556,0.6521571278572083
0.045454545454545456,0.775,0.5880470275878906
0.04772727272727273,0.775,0.5852378010749817
0.04772727272727273,0.7805555555555556,0.5810188055038452
0.048484848484848485,0.7805555555555556,0.5802558064460754
0.048484848484848485,0.7833333333333333,0.5770394802093506
0.05,0.7833333333333333,0.5757284760475159
0.05,0.7842592592592592,0.5748885273933411
0.05303030303030303,0.7842592592592592,0.5715869665145874
0.05303030303030303,0.7851851851851852,0.569890022277832
0.05378787878787879,0.7851851851851852,0.5698151588439941
0.05378787878787879,0.7870370370370371,0.5694541335105896
0.056818181818181816,0.7870370370370371,0.5673788189888
0.056818181818181816,0.7898148148148149,0.5649911761283875
0.06060606060606061,0.7898148148148149,0.5600108504295349
0.06060606060606061,0.7916666666666666,0.5474089980125427
0.06287878787878788,0.7916666666666666,0.5453166961669922
0.06287878787878788,0.7925925925925926,0.5432244539260864
0.06363636363636363,0.7925925925925926,0.5430821180343628
0.06363636363636363,0.7935185185185185,0.5430440306663513
0.06742424242424243,0.7935185185185185,0.539909839630127
0.06742424242424243,0.7944444444444444,0.5397471785545349
0.07045454545454545,0.7944444444444444,0.5352986454963684
0.07045454545454545,0.7953703703703704,0.5350996255874634
0.07196969696969698,0.7953703703703704,0.5332419872283936
0.07196969696969698,0.7962962962962963,0.5331442356109619
0.07272727272727272,0.7962962962962963,0.5331231355667114
0.07272727272727272,0.7972222222222223,0.5312947034835815
0.07348484848484849,0.7972222222222223,0.531156599521637
0.07348484848484849,0.7981481481481482,0.5298393368721008
0.07575757575757576,0.7981481481481482,0.5265753865242004
0.07575757575757576,0.8055555555555556,0.5145426988601685
0.07727272727272727,0.8055555555555556,0.5093744397163391
0.07727272727272727,0.8101851851851852,0.5064319372177124
0.07803030303030303,0.8101851851851852,0.5042529702186584
0.07803030303030303,0.8148148148148148,0.49490711092948914
0.11969696969696969,0.8148148148148148,0.429854154586792
0.11969696969696969,0.8166666666666667,0.4292103946208954
0.12196969696969696,0.8166666666666667,0.4273635149002075
0.12196969696969696,0.8175925925925925,0.42678534984588623
0.12424242424242424,0.8175925925925925,0.4251846671104431
0.12424242424242424,0.8185185185185185,0.4241574704647064
0.12727272727272726,0.8185185185185185,0.4219301640987396
0.12727272727272726,0.8194444444444444,0.4213857352733612
0.12803030303030302,0.8194444444444444,0.42082110047340393
0.12803030303030302,0.8212962962962963,0.41970154643058777
0.13106060606060607,0.8212962962962963,0.4175322949886322
0.13106060606060607,0.8231481481481482,0.4174036681652069
0.13257575757575757,0.8231481481481482,0.41712552309036255
0.13257575757575757,0.8240740740740741,0.41712307929992676
0.13560606060606062,0.8240740740740741,0.41477495431900024
0.13560606060606062,0.825,0.4140171706676483
0.13636363636363635,0.825,0.4138679504394531
0.13636363636363635,0.8277777777777777,0.41331979632377625
0.13787878787878788,0.8277777777777777,0.4129539728164673
0.13787878787878788,0.8287037037037037,0.4125778079032898
0.1393939393939394,0.8287037037037037,0.41208523511886597
0.1393939393939394,0.8314814814814815,0.41079387068748474
0.1409090909090909,0.8314814814814815,0.40995582938194275
0.1409090909090909,0.8333333333333334,0.40842339396476746
0.15833333333333333,0.8333333333333334,0.39264872670173645
0.15833333333333333,0.8361111111111111,0.3916836082935333
0.1621212121212121,0.8361111111111111,0.38956978917121887
0.1621212121212121,0.837037037037037,0.3889559805393219
0.16287878787878787,0.837037037037037,0.3886941075325012
0.16287878787878787,0.8388888888888889,0.38841935992240906
0.16363636363636364,0.8388888888888889,0.38832926750183105
0.16363636363636364,0.8444444444444444,0.3873244524002075
0.16666666666666666,0.8444444444444444,0.38664010167121887
0.16666666666666666,0.8462962962962963,0.3837752342224121
0.1696969696969697,0.8462962962962963,0.38260024785995483
0.1696969696969697,0.8481481481481481,0.38237443566322327
0.1712121212121212,0.8481481481481481,0.38061657547950745
0.1712121212121212,0.8490740740740741,0.3804503083229065
0.1734848484848485,0.8490740740740741,0.37774714827537537
0.1734848484848485,0.8564814814814815,0.371825635433197
0.17424242424242425,0.8564814814814815,0.37174880504608154
0.17424242424242425,0.8574074074074074,0.3714723289012909
0.175,0.8574074074074074,0.3710603713989258
0.175,0.8601851851851852,0.3697636127471924
0.17727272727272728,0.8601851851851852,0.3686777949333191
0.17727272727272728,0.8638888888888889,0.36636731028556824
0.1787878787878788,0.8638888888888889,0.36557355523109436
0.1787878787878788,0.8685185185185185,0.36332187056541443
0.1803030303030303,0.8685185185185185,0.3632812201976776
0.1803030303030303,0.8694444444444445,0.362995445728302
0.18181818181818182,0.8694444444444445,0.3623727262020111
0.18181818181818182,0.8703703703703703,0.362268328666687
0.18409090909090908,0.8703703703703703,0.36080557107925415
0.18409090909090908,0.8722222222222222,0.36028236150741577
0.18636363636363637,0.8722222222222222,0.3582112491130829
0.18636363636363637,0.8731481481481481,0.35816341638565063
0.19090909090909092,0.8731481481481481,0.3560410737991333
0.19090909090909092,0.8740740740740741,0.3558363616466522
0.1962121212121212,0.8740740740740741,0.35343801975250244
0.1962121212121212,0.8759259259259259,0.3530263602733612
0.20227272727272727,0.8759259259259259,0.3507583737373352
0.20227272727272727,0.8768518518518519,0.3506966829299927
0.20303030303030303,0.8768518518518519,0.3503864109516144
0.20303030303030303,0.8777777777777778,0.3503791391849518
0.20454545454545456,0.8777777777777778,0.3492550253868103
0.20454545454545456,0.8787037037037037,0.3485012650489807
0.20681818181818182,0.8787037037037037,0.3457471430301666
0.20681818181818182,0.8796296296296297,0.34535136818885803
0.20833333333333334,0.8796296296296297,0.3443797826766968
0.20833333333333334,0.8805555555555555,0.34414368867874146
0.20909090909090908,0.8805555555555555,0.34412992000579834
0.20909090909090908,0.8833333333333333,0.34141403436660767
0.21212121212121213,0.8833333333333333,0.3378751277923584
0.21212121212121213,0.8944444444444445,0.3224131464958191
0.2128787878787879,0.8944444444444445,0.32230937480926514
0.2128787878787879,0.8972222222222223,0.31736043095588684
0.21363636363636362,0.8972222222222223,0.31723272800445557
0.21363636363636362,0.9,0.3156598210334778
0.2143939393939394,0.9,0.3121328353881836
0.2143939393939394,0.9009259259259259,0.31192097067832947
0.21515151515151515,0.9009259259259259,0.3111066222190857
0.21515151515151515,0.9148148148148149,0.3022090196609497
0.2159090909090909,0.9148148148148149,0.3019794821739197
0.2159090909090909,0.9212962962962963,0.2979733347892761
0.21666666666666667,0.9212962962962963,0.29751911759376526
0.21666666666666667,0.9222222222222223,0.29735007882118225
0.21742424242424244,0.9222222222222223,0.2966453731060028
0.21742424242424244,0.9231481481481482,0.296600341796875
0.21818181818181817,0.9231481481481482,0.2959994375705719
0.21818181818181817,0.9259259259259259,0.2924359440803528
0.21893939393939393,0.9259259259259259,0.29167136549949646
0.21893939393939393,0.9268518518518518,0.2916712462902069
0.22196969696969698,0.9268518518518518,0.2903261184692383
0.22196969696969698,0.9296296296296296,0.2892911732196808
0.22424242424242424,0.9296296296296296,0.28905609250068665
0.22424242424242424,0.9305555555555556,0.2889977991580963
0.22727272727272727,0.9305555555555556,0.28650519251823425
0.22727272727272727,0.9324074074074075,0.2857974171638489
0.23106060606060605,0.9324074074074075,0.2844342589378357
0.23106060606060605,0.9342592592592592,0.283902108669281
0.2340909090909091,0.9342592592592592,0.2823925316333771
0.2340909090909091,0.9351851851851852,0.2823222279548645
0.24166666666666667,0.9351851851851852,0.2792050540447235
0.24166666666666667,0.937037037037037,0.27877315878868103
0.24242424242424243,0.937037037037037,0.27852556109428406
0.24242424242424243,0.9407407407407408,0.27719366550445557
0.24848484848484848,0.9407407407407408,0.2736666798591614
0.24848484848484848,0.9416666666666667,0.2733825445175171
0.24924242424242424,0.9416666666666667,0.2728513181209564
0.24924242424242424,0.9435185185185185,0.2717317044734955
0.25606060606060604,0.9435185185185185,0.26957404613494873
0.25606060606060604,0.9444444444444444,0.2693053185939789
0.2606060606060606,0.9444444444444444,0.2683401107788086
0.2606060606060606,0.9453703703703704,0.26832708716392517
0.26136363636363635,0.9453703703703704,0.268228679895401
0.26136363636363635,0.9472222222222222,0.26754528284072876
0.26212121212121214,0.9472222222222222,0.26734015345573425
0.26212121212121214,0.9481481481481482,0.26684755086898804
0.2628787878787879,0.9481481481481482,0.26637089252471924
0.2628787878787879,0.9490740740740741,0.2660183906555176
0.2636363636363636,0.9490740740740741,0.26576516032218933
0.2636363636363636,0.95,0.2646065950393677
0.26590909090909093,0.95,0.26280057430267334
0.26590909090909093,0.9518518518518518,0.26182177662849426
0.2674242424242424,0.9518518518518518,0.2613312602043152
0.2674242424242424,0.9527777777777777,0.2609215974807739
0.2681818181818182,0.9527777777777777,0.26045045256614685
0.2681818181818182,0.9537037037037037,0.2597166895866394
0.2689393939393939,0.9537037037037037,0.25965726375579834
0.2689393939393939,0.9555555555555556,0.2593137323856354
0.27121212121212124,0.9555555555555556,0.25595152378082275
0.27121212121212124,0.9574074074074074,0.25446006655693054
0.271969696969697,0.9574074074074074,0.2541005611419678
0.271969696969697,0.9583333333333334,0.25398266315460205
0.27575757575757576,0.9583333333333334,0.2525773346424103
0.27575757575757576,0.9592592592592593,0.25155484676361084
0.2765151515151515,0.9592592592592593,0.25150901079177856
0.2765151515151515,0.9601851851851851,0.2512548267841339
0.27954545454545454,0.9601851851851851,0.24916169047355652
0.27954545454545454,0.9611111111111111,0.24857620894908905
0.2840909090909091,0.9611111111111111,0.2471407651901245
0.2840909090909091,0.9629629629629629,0.2465316355228424
0.30606060606060603,0.9629629629629629,0.23400890827178955
0.30606060606060603,0.9638888888888889,0.23264150321483612
0.3098484848484849,0.9638888888888889,0.22636903822422028
0.3098484848484849,0.9648148148148148,0.22620555758476257
0.31666666666666665,0.9648148148148148,0.22072389721870422
0.31666666666666665,0.9657407407407408,0.2206096053123474
0.3212121212121212,0.9657407407407408,0.2189943790435791
0.3212121212121212,0.9666666666666667,0.2184075117111206
0.32954545454545453,0.9666666666666667,0.21237468719482422
0.32954545454545453,0.9675925925925926,0.21186251938343048
0.3333333333333333,0.9675925925925926,0.20843279361724854
0.3333333333333333,0.9703703703703703,0.20217189192771912
0.3386363636363636,0.9703703703703703,0.1955338418483734
0.3386363636363636,0.9712962962962963,0.19515001773834229
0.3431818181818182,0.9712962962962963,0.19180625677108765
0.3431818181818182,0.9722222222222222,0.191298708319664
0.35984848484848486,0.9722222222222222,0.18652579188346863
0.35984848484848486,0.9731481481481481,0.18600822985172272
0.36363636363636365,0.9731481481481481,0.1847257763147354
0.36363636363636365,0.9740740740740741,0.18427146971225739
0.3643939393939394,0.9740740740740741,0.18368980288505554
0.3643939393939394,0.975,0.18346282839775085
0.37727272727272726,0.975,0.1799136847257614
0.37727272727272726,0.9768518518518519,0.1789204627275467
0.37803030303030305,0.9768518518518519,0.17886456847190857
0.37803030303030305,0.9777777777777777,0.17864374816417694
0.3787878787878788,0.9777777777777777,0.17864350974559784
0.3787878787878788,0.9787037037037037,0.1784583181142807
0.3795454545454545,0.9787037037037037,0.17836105823516846
0.3795454545454545,0.9805555555555555,0.17781808972358704
0.3856060606060606,0.9805555555555555,0.17579832673072815
0.3856060606060606,0.9814814814814815,0.1756618767976761
0.38636363636363635,0.9814814814814815,0.17542432248592377
0.38636363636363635,0.9833333333333333,0.17436926066875458
0.3893939393939394,0.9833333333333333,0.1731765866279602
0.3893939393939394,0.9842592592592593,0.17298953235149384
0.4015151515151515,0.9842592592592593,0.1697380393743515
0.4015151515151515,0.9851851851851852,0.16964997351169586
0.4446969696969697,0.9851851851851852,0.1600496917963028
0.4446969696969697,0.9861111111111112,0.1600099354982376
0.4727272727272727,0.9861111111111112,0.1532265692949295
0.4727272727272727,0.987037037037037,0.1530209183692932
0.475,0.987037037037037,0.1523236185312271
0.475,0.9879629629629629,0.1518603414297104
0.478030303030303,0.9879629629629629,0.1516856551170349
0.478030303030303,0.9888888888888889,0.1514088660478592
0.5075757575757576,0.9888888888888889,0.14648616313934326
0.5075757575757576,0.9898148148148148,0.14633849263191223
0.5181818181818182,0.9898148148148148,0.14451585710048676
0.5181818181818182,0.9907407407407407,0.14442960917949677
0.5431818181818182,0.9907407407407407,0.14025932550430298
0.5431818181818182,0.9916666666666667,0.1401328295469284
0.5515151515151515,0.9916666666666667,0.13858774304389954
0.5515151515151515,0.9925925925925926,0.1382882297039032
0.5583333333333333,0.9925925925925926,0.1345343440771103
0.5583333333333333,0.9953703703703703,0.1339147537946701
0.5598484848484848,0.9953703703703703,0.13330328464508057
0.5598484848484848,0.9972222222222222,0.13253973424434662
0.5613636363636364,0.9972222222222222,0.1314147561788559
0.5613636363636364,0.9981481481481481,0.1307321935892105
0.5636363636363636,0.9981481481481481,0.13009437918663025
0.5636363636363636,0.9990740740740741,0.12986290454864502
0.5643939393939394,0.9990740740740741,0.12979944050312042
0.5643939393939394,1.0,0.1296038180589676
1.0,1.0,0.01587851531803608
