FPR,TPR,Threshold
0.0,0.0,1.981806993484497
0.0,0.0004807692307692308,0.9818069934844971
0.0,0.022596153846153846,0.9692269563674927
0.0007352941176470588,0.022596153846153846,0.9691486954689026
0.0007352941176470588,0.025,0.9680033922195435
0.0011029411764705882,0.025,0.9677910208702087
0.0011029411764705882,0.02548076923076923,0.9675911664962769
0.0014705882352941176,0.02548076923076923,0.9675250053405762
0.0014705882352941176,0.03365384615384615,0.9672141075134277
0.001838235294117647,0.03365384615384615,0.9672133922576904
0.001838235294117647,0.03798076923076923,0.9664430618286133
0.0029411764705882353,0.03798076923076923,0.9659566283226013
0.0029411764705882353,0.038461538461538464,0.9656714200973511
0.0033088235294117647,0.038461538461538464,0.9656527638435364
0.0033088235294117647,0.05144230769230769,0.9647667407989502
0.003676470588235294,0.05144230769230769,0.9647228121757507
0.003676470588235294,0.051923076923076926,0.9646435976028442
0.004044117647058824,0.051923076923076926,0.964619517326355
0.004044117647058824,0.052403846153846155,0.9646037817001343
0.005147058823529412,0.052403846153846155,0.9639436602592468
0.005147058823529412,0.05336538461538461,0.9637966156005859
0.0058823529411764705,0.05336538461538461,0.9629265666007996
0.0058823529411764705,0.06826923076923076,0.9616018533706665
0.013235294117647059,0.06826923076923076,0.9609310626983643
0.013235294117647059,0.06923076923076923,0.9608110785484314
0.013602941176470588,0.06923076923076923,0.9606638550758362
0.013602941176470588,0.07019230769230769,0.9605993628501892
0.023529411764705882,0.07019230769230769,0.9588442444801331
0.023529411764705882,0.07067307692307692,0.9581623673439026
0.02426470588235294,0.07067307692307692,0.9577624797821045
0.02426470588235294,0.09423076923076923,0.9563080668449402
0.02463235294117647,0.09423076923076923,0.95607990026474
0.02463235294117647,0.09471153846153846,0.9547533392906189
0.02536764705882353,0.09471153846153846,0.9538008570671082
0.02536764705882353,0.09567307692307692,0.9533082246780396
0.02610294117647059,0.09567307692307692,0.9519032835960388
0.02610294117647059,0.09615384615384616,0.9517570734024048
0.026470588235294117,0.09615384615384616,0.9517569541931152
0.026470588235294117,0.10096153846153846,0.9478875994682312
0.026838235294117645,0.10096153846153846,0.9477592706680298
0.026838235294117645,0.10144230769230769,0.9476848840713501
0.027205882352941177,0.10144230769230769,0.9475856423377991
0.027205882352941177,0.10240384615384615,0.9475159645080566
0.03455882352941177,0.10240384615384615,0.9465190172195435
0.03455882352941177,0.10288461538461538,0.9464647769927979
0.03529411764705882,0.10288461538461538,0.9462384581565857
0.03529411764705882,0.10336538461538461,0.9462055563926697
0.03602941176470588,0.10336538461538461,0.945988118648529
0.03602941176470588,0.11057692307692307,0.9434645175933838
0.03602941176470588,0.11153846153846154,0.9434352517127991
0.03602941176470588,0.13701923076923078,0.9362412095069885
0.03676470588235294,0.13701923076923078,0.9353389739990234
0.03676470588235294,0.1528846153846154,0.930602490901947
0.03713235294117647,0.1528846153846154,0.9305148720741272
0.03713235294117647,0.15625,0.9294430017471313
0.03786764705882353,0.15625,0.9284982085227966
0.03786764705882353,0.16201923076923078,0.9253742098808289
0.03823529411764706,0.16201923076923078,0.9253731966018677
0.03823529411764706,0.16346153846153846,0.9253024458885193
0.03860294117647059,0.16346153846153846,0.925241231918335
0.03860294117647059,0.1798076923076923,0.9228094220161438
0.03897058823529412,0.1798076923076923,0.9225288033485413
0.03897058823529412,0.1908653846153846,0.9201915860176086
0.039338235294117646,0.1908653846153846,0.9201690554618835
0.039338235294117646,0.19375,0.9192221760749817
0.039705882352941174,0.19375,0.9191634058952332
0.039705882352941174,0.19471153846153846,0.9185405373573303
0.04007352941176471,0.19471153846153846,0.9183981418609619
0.04007352941176471,0.20528846153846153,0.9165025949478149
0.04044117647058824,0.20528846153846153,0.916474461555481
0.04044117647058824,0.20625,0.9164062738418579
0.040808823529411765,0.20625,0.9162236452102661
0.040808823529411765,0.20673076923076922,0.9161773920059204
0.041176470588235294,0.20673076923076922,0.9161346554756165
0.041176470588235294,0.23365384615384616,0.9107446074485779
0.04154411764705882,0.23365384615384616,0.9107145667076111
0.04154411764705882,0.23557692307692307,0.9105597734451294
0.042279411764705885,0.23557692307692307,0.9102576971054077
0.042279411764705885,0.2360576923076923,0.9100309610366821
0.04338235294117647,0.2360576923076923,0.9097978472709656
0.04338235294117647,0.23653846153846153,0.9096471071243286
0.04485294117647059,0.23653846153846153,0.9094107151031494
0.04485294117647059,0.23701923076923076,0.9093908071517944
0.048161764705882355,0.23701923076923076,0.9092312455177307
0.048161764705882355,0.2375,0.9092286825180054
0.05036764705882353,0.2375,0.9084057211875916
0.05036764705882353,0.23798076923076922,0.9081491231918335
0.05073529411764706,0.23798076923076922,0.90797358751297
0.05073529411764706,0.23846153846153847,0.9076479077339172
0.05183823529411765,0.23846153846153847,0.906741201877594
0.05183823529411765,0.23990384615384616,0.9059889912605286
0.05220588235294118,0.23990384615384616,0.9055818319320679
0.05220588235294118,0.2456730769230769,0.9023472666740417
0.052573529411764706,0.2456730769230769,0.9022443890571594
0.052573529411764706,0.24807692307692308,0.9000121355056763
0.052941176470588235,0.24807692307692308,0.8998891115188599
0.052941176470588235,0.24951923076923077,0.8986693024635315
0.05330882352941176,0.24951923076923077,0.89689040184021
0.05330882352941176,0.25096153846153846,0.8951823711395264
0.05367647058823529,0.25096153846153846,0.8951802849769592
0.05367647058823529,0.25240384615384615,0.8946036696434021
0.054411764705882354,0.25240384615384615,0.8943647146224976
0.054411764705882354,0.25384615384615383,0.8940248489379883
0.05477941176470588,0.25384615384615383,0.8939126133918762
0.05477941176470588,0.2620192307692308,0.8931925296783447
0.05514705882352941,0.2620192307692308,0.893017590045929
0.05514705882352941,0.2745192307692308,0.8910502791404724
0.05551470588235294,0.2745192307692308,0.8906916975975037
0.05551470588235294,0.27884615384615385,0.8894646763801575
0.05625,0.27884615384615385,0.8886072039604187
0.05625,0.2793269230769231,0.8885162472724915
0.057352941176470586,0.2793269230769231,0.8873834609985352
0.057352941176470586,0.2798076923076923,0.8871194124221802
0.05772058823529412,0.2798076923076923,0.8864343166351318
0.05772058823529412,0.28028846153846154,0.8858963251113892
0.05808823529411765,0.28028846153846154,0.8851869106292725
0.05808823529411765,0.28173076923076923,0.884605348110199
0.05845588235294118,0.28173076923076923,0.8841112852096558
0.05845588235294118,0.28221153846153846,0.8837762475013733
0.05955882352941176,0.28221153846153846,0.8833186030387878
0.05955882352941176,0.2831730769230769,0.8831375241279602
0.059926470588235296,0.2831730769230769,0.8830726146697998
0.059926470588235296,0.29471153846153847,0.8814235329627991
0.060294117647058824,0.29471153846153847,0.8812897205352783
0.060294117647058824,0.2951923076923077,0.8812025189399719
0.06066176470588235,0.2951923076923077,0.8811044692993164
0.06066176470588235,0.2956730769230769,0.8810569047927856
0.06102941176470588,0.2956730769230769,0.8810098767280579
0.06102941176470588,0.2966346153846154,0.880883514881134
0.06139705882352941,0.2966346153846154,0.8805599808692932
0.06139705882352941,0.2971153846153846,0.8803974986076355
0.061764705882352944,0.29759615384615384,0.8803274631500244
0.061764705882352944,0.3004807692307692,0.8787937760353088
0.06323529411764706,0.3004807692307692,0.8779116868972778
0.06323529411764706,0.3019230769230769,0.8771294951438904
0.06397058823529411,0.3019230769230769,0.8769724369049072
0.06397058823529411,0.3033653846153846,0.8766376376152039
0.06433823529411764,0.3033653846153846,0.8765794038772583
0.06433823529411764,0.30432692307692305,0.875560462474823
0.06580882352941177,0.30432692307692305,0.8737309575080872
0.06580882352941177,0.30480769230769234,0.8735917210578918
0.0661764705882353,0.30480769230769234,0.873401403427124
0.0661764705882353,0.30625,0.8726532459259033
0.06654411764705882,0.30625,0.8723024129867554
0.06654411764705882,0.30673076923076925,0.8721480965614319
0.06691176470588235,0.30673076923076925,0.8720697164535522
0.06691176470588235,0.3072115384615385,0.8717824220657349
0.06764705882352941,0.3072115384615385,0.8716586828231812
0.06764705882352941,0.3076923076923077,0.8716479539871216
0.06911764705882353,0.3076923076923077,0.8714668154716492
0.06911764705882353,0.30817307692307694,0.8714594841003418
0.07205882352941176,0.30817307692307694,0.871330201625824
0.07205882352941176,0.30865384615384617,0.8713130950927734
0.07426470588235294,0.30865384615384617,0.8709352612495422
0.07426470588235294,0.3096153846153846,0.8707417249679565
0.07536764705882353,0.3096153846153846,0.870290994644165
0.07536764705882353,0.31009615384615385,0.8702302575111389
0.07610294117647058,0.31009615384615385,0.8700693249702454
0.07610294117647058,0.3105769230769231,0.8700549602508545
0.08088235294117647,0.3105769230769231,0.8696399927139282
0.08088235294117647,0.3110576923076923,0.8696376085281372
0.08198529411764706,0.3110576923076923,0.8694553971290588
0.08198529411764706,0.31153846153846154,0.869249165058136
0.08419117647058824,0.31153846153846154,0.8685265779495239
0.08419117647058824,0.3125,0.8681862354278564
0.08455882352941177,0.3125,0.8681037425994873
0.08455882352941177,0.31346153846153846,0.868007481098175
0.0849264705882353,0.31346153846153846,0.8678717613220215
0.0849264705882353,0.3139423076923077,0.8676366806030273
0.08566176470588235,0.3139423076923077,0.8674111366271973
0.08566176470588235,0.3153846153846154,0.8666969537734985
0.08602941176470588,0.3153846153846154,0.8666920065879822
0.08602941176470588,0.3158653846153846,0.8663601279258728
0.08639705882352941,0.3158653846153846,0.8662068843841553
0.08639705882352941,0.31634615384615383,0.8661819100379944
0.08676470588235294,0.31634615384615383,0.8661252856254578
0.08676470588235294,0.31875,0.8653567433357239
0.08713235294117647,0.31875,0.8653098940849304
0.08713235294117647,0.32019230769230766,0.8651233911514282
0.0875,0.32019230769230766,0.8651207089424133
0.0875,0.32403846153846155,0.8649105429649353
0.08786764705882352,0.32403846153846155,0.864841878414154
0.08786764705882352,0.32548076923076924,0.8648006916046143
0.08933823529411765,0.32548076923076924,0.8642507791519165
0.08933823529411765,0.32596153846153847,0.8641486763954163
0.09044117647058823,0.32596153846153847,0.8640288710594177
0.09044117647058823,0.3264423076923077,0.8640213012695312
0.09375,0.3264423076923077,0.8637785911560059
0.09375,0.3269230769230769,0.8637124300003052
0.09411764705882353,0.3269230769230769,0.8637098073959351
0.09411764705882353,0.32740384615384616,0.8636741638183594
0.09522058823529411,0.32740384615384616,0.8633399605751038
0.09522058823529411,0.3283653846153846,0.8630647659301758
0.09558823529411764,0.3283653846153846,0.8629528880119324
0.09558823529411764,0.3293269230769231,0.8628588318824768
0.09632352941176471,0.3293269230769231,0.8625514507293701
0.09632352941176471,0.3298076923076923,0.8624438047409058
0.09779411764705882,0.3298076923076923,0.8613917231559753
0.09779411764705882,0.33125,0.8610910177230835
0.09816176470588235,0.33125,0.8609957098960876
0.09816176470588235,0.3346153846153846,0.8597750067710876
0.09852941176470588,0.3346153846153846,0.8597593307495117
0.09852941176470588,0.3384615384615385,0.8595988750457764
0.09889705882352941,0.3384615384615385,0.8595977425575256
0.09889705882352941,0.33942307692307694,0.8595826625823975
0.09926470588235294,0.33942307692307694,0.8595061302185059
0.09926470588235294,0.34134615384615385,0.8592857718467712
0.09963235294117648,0.34134615384615385,0.859001636505127
0.09963235294117648,0.35336538461538464,0.8576458096504211
0.1,0.35336538461538464,0.8571297526359558
0.1,0.35625,0.8559519648551941
0.10183823529411765,0.35625,0.8553579449653625
0.10183823529411765,0.35673076923076924,0.8552661538124084
0.10735294117647058,0.35673076923076924,0.8542712330818176
0.10735294117647058,0.35721153846153847,0.8542541265487671
0.10845588235294118,0.35721153846153847,0.8539707660675049
0.10845588235294118,0.3581730769230769,0.8536446690559387
0.10882352941176471,0.3581730769230769,0.853326678276062
0.10882352941176471,0.36009615384615384,0.8529030084609985
0.10955882352941176,0.36009615384615384,0.8527851700782776
0.10955882352941176,0.3663461538461538,0.8523165583610535
0.10992647058823529,0.3663461538461538,0.8522346615791321
0.10992647058823529,0.36923076923076925,0.8511731028556824
0.11029411764705882,0.36923076923076925,0.8508323431015015
0.11029411764705882,0.3697115384615385,0.8505638837814331
0.11213235294117647,0.3697115384615385,0.850014865398407
0.11213235294117647,0.37067307692307694,0.8499201536178589
0.11727941176470588,0.37067307692307694,0.8494147062301636
0.11727941176470588,0.37115384615384617,0.8492735028266907
0.11838235294117647,0.37115384615384617,0.8488323092460632
0.11838235294117647,0.3735576923076923,0.8484461903572083
0.11875,0.3735576923076923,0.8482203483581543
0.11875,0.37451923076923077,0.8476362824440002
0.11911764705882352,0.37451923076923077,0.8475696444511414
0.11911764705882352,0.3802884615384615,0.8470683693885803
0.11948529411764706,0.3802884615384615,0.8469542264938354
0.11948529411764706,0.38317307692307695,0.8465589284896851
0.12022058823529412,0.38317307692307695,0.8460037112236023
0.12022058823529412,0.38509615384615387,0.8451478481292725
0.12058823529411765,0.38509615384615387,0.8450442552566528
0.12058823529411765,0.3870192307692308,0.8439483046531677
0.12095588235294118,0.3870192307692308,0.8431323766708374
0.12095588235294118,0.38846153846153847,0.842708945274353
0.12169117647058823,0.38846153846153847,0.8421032428741455
0.12169117647058823,0.3903846153846154,0.8404126167297363
0.12205882352941176,0.3903846153846154,0.8395200967788696
0.12205882352941176,0.3908653846153846,0.8391487002372742
0.12242647058823529,0.3908653846153846,0.8390077948570251
0.12242647058823529,0.39134615384615384,0.838842511177063
0.12279411764705882,0.39134615384615384,0.8387479186058044
0.12279411764705882,0.3918269230769231,0.8386046290397644
0.12316176470588236,0.3918269230769231,0.8381072878837585
0.12316176470588236,0.3923076923076923,0.8378010988235474
0.12463235294117647,0.3923076923076923,0.8374254703521729
0.12463235294117647,0.39278846153846153,0.8371426463127136
0.125,0.39278846153846153,0.8369630575180054
0.125,0.39326923076923076,0.8368068933486938
0.12867647058823528,0.39326923076923076,0.8364903926849365
0.12867647058823528,0.39375,0.8364294767379761
0.13161764705882353,0.39375,0.8351144790649414
0.13161764705882353,0.3942307692307692,0.8347370624542236
0.13198529411764706,0.3942307692307692,0.8346970677375793
0.13198529411764706,0.3951923076923077,0.8343551754951477
0.1323529411764706,0.3951923076923077,0.834284782409668
0.1323529411764706,0.4014423076923077,0.8315562605857849
0.13272058823529412,0.4014423076923077,0.8315483927726746
0.13272058823529412,0.40528846153846154,0.831326425075531
0.13308823529411765,0.40528846153846154,0.8313160538673401
0.13308823529411765,0.40625,0.8312650918960571
0.13345588235294117,0.40625,0.8311960101127625
0.13345588235294117,0.41009615384615383,0.8294271230697632
0.1338235294117647,0.41009615384615383,0.8290825486183167
0.1338235294117647,0.41057692307692306,0.8290552496910095
0.13419117647058823,0.41057692307692306,0.8289562463760376
0.13419117647058823,0.4110576923076923,0.8287978768348694
0.13455882352941176,0.4110576923076923,0.8287916779518127
0.13455882352941176,0.41201923076923075,0.8284932374954224
0.13566176470588234,0.41201923076923075,0.8282535076141357
0.13566176470588234,0.4125,0.8281953930854797
0.14227941176470588,0.4125,0.8269465565681458
0.14227941176470588,0.4129807692307692,0.8268416523933411
0.14301470588235293,0.4129807692307692,0.8259488344192505
0.14301470588235293,0.41346153846153844,0.8256597518920898
0.14338235294117646,0.41346153846153844,0.8254642486572266
0.14338235294117646,0.41442307692307695,0.825234591960907
0.14375,0.41442307692307695,0.8251775503158569
0.14375,0.4153846153846154,0.8250160813331604
0.14448529411764705,0.4153846153846154,0.8246410489082336
0.14448529411764705,0.41586538461538464,0.8245115280151367
0.1448529411764706,0.41586538461538464,0.8244784474372864
0.1448529411764706,0.42403846153846153,0.8230061531066895
0.14522058823529413,0.42403846153846153,0.8226797580718994
0.14522058823529413,0.425,0.8220754265785217
0.14595588235294119,0.425,0.8217047452926636
0.14595588235294119,0.42596153846153845,0.8214073181152344
0.1463235294117647,0.42596153846153845,0.8212604522705078
0.1463235294117647,0.4264423076923077,0.821151614189148
0.14669117647058824,0.4264423076923077,0.820821225643158
0.14669117647058824,0.4269230769230769,0.8208103775978088
0.14705882352941177,0.4269230769230769,0.8207030892372131
0.14705882352941177,0.42740384615384613,0.8206149935722351
0.14779411764705883,0.42740384615384613,0.8202222585678101
0.14779411764705883,0.43028846153846156,0.8168588876724243
0.14816176470588235,0.43028846153846156,0.8166359663009644
0.14816176470588235,0.43317307692307694,0.8158958554267883
0.14852941176470588,0.43317307692307694,0.8156885504722595
0.14852941176470588,0.44134615384615383,0.8143281936645508
0.1488970588235294,0.44134615384615383,0.8142990469932556
0.1488970588235294,0.4423076923076923,0.8141955137252808
0.14926470588235294,0.4423076923076923,0.8141102194786072
0.14926470588235294,0.44326923076923075,0.8136588931083679
0.14963235294117647,0.44326923076923075,0.8135666251182556
0.14963235294117647,0.44375,0.8131927251815796
0.15,0.44375,0.812908947467804
0.15,0.4442307692307692,0.8126570582389832
0.15073529411764705,0.4442307692307692,0.8125155568122864
0.15073529411764705,0.44567307692307695,0.8119515776634216
0.1514705882352941,0.44567307692307695,0.8118488192558289
0.1514705882352941,0.4461538461538462,0.8116445541381836
0.15257352941176472,0.4461538461538462,0.810849130153656
0.15257352941176472,0.44711538461538464,0.8106992244720459
0.15294117647058825,0.44711538461538464,0.810600221157074
0.15294117647058825,0.44759615384615387,0.8105579614639282
0.1588235294117647,0.44759615384615387,0.8086919188499451
0.1588235294117647,0.4480769230769231,0.808484673500061
0.16139705882352942,0.4480769230769231,0.806758463382721
0.16139705882352942,0.4485576923076923,0.8061765432357788
0.1625,0.4485576923076923,0.8044374585151672
0.1625,0.4495192307692308,0.8041446208953857
0.16286764705882353,0.4495192307692308,0.8038554191589355
0.16286764705882353,0.45,0.8036561012268066
0.16397058823529412,0.45,0.8031894564628601
0.16397058823529412,0.45048076923076924,0.8030942678451538
0.17095588235294118,0.45048076923076924,0.8010103702545166
0.17095588235294118,0.45096153846153847,0.8008678555488586
0.17205882352941176,0.45096153846153847,0.8001740574836731
0.17205882352941176,0.4514423076923077,0.7999863028526306
0.1724264705882353,0.4514423076923077,0.7998230457305908
0.1724264705882353,0.4519230769230769,0.799513041973114
0.17279411764705882,0.4519230769230769,0.7992361187934875
0.17279411764705882,0.45721153846153845,0.7986969947814941
0.17316176470588235,0.45721153846153845,0.7986909747123718
0.17316176470588235,0.46105769230769234,0.798439621925354
0.17426470588235293,0.46105769230769234,0.7983670234680176
0.17426470588235293,0.4634615384615385,0.797649621963501
0.175,0.4634615384615385,0.7972398996353149
0.175,0.46490384615384617,0.7961544394493103
0.17573529411764705,0.46490384615384617,0.795810341835022
0.17573529411764705,0.4653846153846154,0.7957537174224854
0.1761029411764706,0.4653846153846154,0.7954623103141785
0.1761029411764706,0.46634615384615385,0.7952216267585754
0.17647058823529413,0.46634615384615385,0.7952049970626831
0.17647058823529413,0.46778846153846154,0.794367253780365
0.1786764705882353,0.46778846153846154,0.7930033206939697
0.1786764705882353,0.47259615384615383,0.7901554703712463
0.17977941176470588,0.47259615384615383,0.7887510657310486
0.17977941176470588,0.4754807692307692,0.7856627106666565
0.1801470588235294,0.4754807692307692,0.7839272022247314
0.1801470588235294,0.47596153846153844,0.7834507822990417
0.18051470588235294,0.47596153846153844,0.7831571102142334
0.18051470588235294,0.47644230769230766,0.7830567359924316
0.18088235294117647,0.47644230769230766,0.7826919555664062
0.18088235294117647,0.4774038461538462,0.7822896838188171
0.18161764705882352,0.4774038461538462,0.7820532321929932
0.18161764705882352,0.4778846153846154,0.7820014953613281
0.18198529411764705,0.4778846153846154,0.781954824924469
0.18198529411764705,0.47836538461538464,0.7819082140922546
0.18235294117647058,0.47836538461538464,0.7818397283554077
0.18235294117647058,0.47884615384615387,0.7815753817558289
0.18345588235294116,0.47884615384615387,0.78123539686203
0.18345588235294116,0.4793269230769231,0.7811443209648132
0.18382352941176472,0.4793269230769231,0.7811119556427002
0.18382352941176472,0.48028846153846155,0.7808575630187988
0.18419117647058825,0.48028846153846155,0.7808546423912048
0.18419117647058825,0.4807692307692308,0.7808210253715515
0.1849264705882353,0.4807692307692308,0.7807475924491882
0.1849264705882353,0.48125,0.7807420492172241
0.18529411764705883,0.48125,0.7807287573814392
0.18529411764705883,0.4826923076923077,0.7806764245033264
0.18566176470588236,0.4826923076923077,0.7806687951087952
0.18566176470588236,0.4855769230769231,0.7804449796676636
0.1860294117647059,0.4855769230769231,0.7804021835327148
0.1860294117647059,0.4860576923076923,0.7803694605827332
0.18970588235294117,0.4860576923076923,0.7800378203392029
0.18970588235294117,0.48653846153846153,0.7800374031066895
0.19044117647058822,0.48653846153846153,0.7799122929573059
0.19044117647058822,0.48701923076923076,0.7798663973808289
0.19080882352941175,0.48701923076923076,0.77985018491745
0.19080882352941175,0.4879807692307692,0.7798422574996948
0.19117647058823528,0.4879807692307692,0.7798144221305847
0.19117647058823528,0.48846153846153845,0.7798103094100952
0.19338235294117648,0.48846153846153845,0.7793224453926086
0.19338235294117648,0.4889423076923077,0.7792938947677612
0.1974264705882353,0.4889423076923077,0.7789390087127686
0.1974264705882353,0.4894230769230769,0.7788589000701904
0.19926470588235295,0.4894230769230769,0.7787178158760071
0.19926470588235295,0.48990384615384613,0.7786806225776672
0.20551470588235293,0.48990384615384613,0.7781286239624023
0.20551470588235293,0.4908653846153846,0.7778240442276001
0.20625,0.4908653846153846,0.7774869203567505
0.20625,0.4913461538461538,0.7774447202682495
0.20808823529411766,0.4913461538461538,0.7770456075668335
0.20808823529411766,0.49230769230769234,0.7769891023635864
0.2113970588235294,0.49230769230769234,0.7754437923431396
0.2113970588235294,0.4932692307692308,0.7752885222434998
0.21213235294117647,0.4932692307692308,0.775066614151001
0.21213235294117647,0.49423076923076925,0.7745552062988281
0.21286764705882352,0.49423076923076925,0.7741611003875732
0.21286764705882352,0.4947115384615385,0.7740457653999329
0.21323529411764705,0.4947115384615385,0.7739375233650208
0.21323529411764705,0.4951923076923077,0.7739336490631104
0.21360294117647058,0.4951923076923077,0.7735394239425659
0.21360294117647058,0.5033653846153846,0.7720947861671448
0.2139705882352941,0.5033653846153846,0.7720512747764587
0.2139705882352941,0.5086538461538461,0.7683172821998596
0.21433823529411763,0.5086538461538461,0.7681684494018555
0.21433823529411763,0.5091346153846154,0.7680975198745728
0.21470588235294116,0.5091346153846154,0.7676446437835693
0.21470588235294116,0.5096153846153846,0.7672480344772339
0.21507352941176472,0.5096153846153846,0.7669922709465027
0.21507352941176472,0.5120192307692307,0.7648953795433044
0.21580882352941178,0.5120192307692307,0.7640869617462158
0.21580882352941178,0.5125,0.7639312148094177
0.21654411764705883,0.5125,0.7636195421218872
0.21654411764705883,0.5139423076923076,0.7627910375595093
0.22169117647058822,0.5139423076923076,0.7614452838897705
0.22169117647058822,0.5144230769230769,0.7613921165466309
0.22389705882352942,0.5144230769230769,0.761035144329071
0.22389705882352942,0.5153846153846153,0.760749340057373
0.22426470588235295,0.5153846153846153,0.7606821060180664
0.22426470588235295,0.5158653846153847,0.7603437900543213
0.22573529411764706,0.5158653846153847,0.759680986404419
0.22573529411764706,0.5163461538461539,0.7596781849861145
0.2261029411764706,0.5163461538461539,0.7595085501670837
0.2261029411764706,0.5173076923076924,0.7593788504600525
0.22683823529411765,0.5173076923076924,0.7592149376869202
0.22683823529411765,0.5221153846153846,0.7588803768157959
0.22720588235294117,0.5221153846153846,0.7588747143745422
0.22720588235294117,0.5230769230769231,0.7587782740592957
0.2275735294117647,0.5230769230769231,0.7587664723396301
0.2275735294117647,0.5240384615384616,0.7586765885353088
0.22794117647058823,0.5240384615384616,0.7585535645484924
0.22794117647058823,0.5245192307692308,0.7584964036941528
0.22830882352941176,0.5245192307692308,0.7584841251373291
0.22830882352941176,0.5317307692307692,0.7577672600746155
0.2286764705882353,0.5317307692307692,0.7576996684074402
0.2286764705882353,0.5326923076923077,0.7576540112495422
0.22904411764705881,0.5326923076923077,0.7576072812080383
0.22904411764705881,0.5331730769230769,0.7574811577796936
0.22941176470588234,0.5331730769230769,0.7573853135108948
0.22941176470588234,0.5336538461538461,0.7573189735412598
0.2301470588235294,0.5336538461538461,0.7572676539421082
0.2301470588235294,0.5341346153846154,0.7572522759437561
0.23161764705882354,0.5341346153846154,0.757062554359436
0.23161764705882354,0.5346153846153846,0.7570397853851318
0.23529411764705882,0.5346153846153846,0.7564576864242554
0.23529411764705882,0.5360576923076923,0.7563207149505615
0.23566176470588235,0.5360576923076923,0.756231963634491
0.23566176470588235,0.5365384615384615,0.7560043931007385
0.23602941176470588,0.5365384615384615,0.7558731436729431
0.23602941176470588,0.5370192307692307,0.75580894947052
0.23676470588235293,0.5370192307692307,0.7554115056991577
0.23676470588235293,0.5379807692307692,0.7553464770317078
0.23713235294117646,0.5379807692307692,0.7553213238716125
0.23713235294117646,0.5384615384615384,0.7547616362571716
0.23786764705882352,0.5384615384615384,0.7542681097984314
0.23786764705882352,0.5389423076923077,0.7539505362510681
0.2386029411764706,0.5389423076923077,0.7534248232841492
0.2386029411764706,0.5394230769230769,0.7532081604003906
0.23897058823529413,0.5394230769230769,0.7528925538063049
0.23897058823529413,0.5399038461538461,0.752541720867157
0.23933823529411766,0.5399038461538461,0.7523738145828247
0.23933823529411766,0.5403846153846154,0.7522637844085693
0.2400735294117647,0.5403846153846154,0.751677930355072
0.2400735294117647,0.5408653846153846,0.7516143918037415
0.24080882352941177,0.5408653846153846,0.7514644265174866
0.24080882352941177,0.5514423076923077,0.7486721873283386
0.2411764705882353,0.5514423076923077,0.7484815120697021
0.2411764705882353,0.5552884615384616,0.7456036806106567
0.24154411764705883,0.5552884615384616,0.7440204620361328
0.24154411764705883,0.55625,0.7436205744743347
0.24227941176470588,0.55625,0.7429959177970886
0.24227941176470588,0.5581730769230769,0.742123007774353
0.24301470588235294,0.5581730769230769,0.7416858077049255
0.24301470588235294,0.5591346153846154,0.7407709360122681
0.24485294117647058,0.5591346153846154,0.7392595410346985
0.24485294117647058,0.5596153846153846,0.739257276058197
0.24779411764705883,0.5596153846153846,0.7383919358253479
0.24779411764705883,0.5600961538461539,0.738382875919342
0.25220588235294117,0.5600961538461539,0.7380303740501404
0.25220588235294117,0.5605769230769231,0.7379909157752991
0.26580882352941176,0.5605769230769231,0.736190676689148
0.26580882352941176,0.5610576923076923,0.7361388206481934
0.2665441176470588,0.5610576923076923,0.7359610199928284
0.2665441176470588,0.5615384615384615,0.7357552647590637
0.26691176470588235,0.5615384615384615,0.7355785965919495
0.26691176470588235,0.5620192307692308,0.7355096936225891
0.26875,0.5620192307692308,0.73430335521698
0.26875,0.5625,0.7342400550842285
0.26948529411764705,0.5625,0.7336458563804626
0.26948529411764705,0.5634615384615385,0.7336324453353882
0.27095588235294116,0.5634615384615385,0.7330215573310852
0.27095588235294116,0.5639423076923077,0.7328919768333435
0.2713235294117647,0.5639423076923077,0.7327507138252258
0.2713235294117647,0.5649038461538461,0.7322531342506409
0.27242647058823527,0.5649038461538461,0.7321504950523376
0.27242647058823527,0.5658653846153846,0.7312929034233093
0.2731617647058823,0.5658653846153846,0.7292161583900452
0.2731617647058823,0.5677884615384615,0.7275596261024475
0.27389705882352944,0.5677884615384615,0.7273296117782593
0.27389705882352944,0.5701923076923077,0.7268289923667908
0.2746323529411765,0.5701923076923077,0.726311445236206
0.2746323529411765,0.5711538461538461,0.7259346842765808
0.275,0.5711538461538461,0.7258512377738953
0.275,0.5716346153846154,0.7257473468780518
0.27536764705882355,0.5716346153846154,0.7252972722053528
0.27536764705882355,0.5721153846153846,0.7252088189125061
0.2761029411764706,0.5721153846153846,0.7241997122764587
0.2761029411764706,0.5725961538461538,0.7241678237915039
0.27647058823529413,0.5725961538461538,0.7238196134567261
0.27647058823529413,0.575,0.7220613956451416
0.27683823529411766,0.575,0.7218160629272461
0.27683823529411766,0.5764423076923076,0.7201181650161743
0.2772058823529412,0.5764423076923076,0.7194867134094238
0.2772058823529412,0.5769230769230769,0.719268798828125
0.2783088235294118,0.5769230769230769,0.7190725207328796
0.2783088235294118,0.5774038461538461,0.7189905047416687
0.2786764705882353,0.5774038461538461,0.7189275622367859
0.2786764705882353,0.5778846153846153,0.7187720537185669
0.27941176470588236,0.5778846153846153,0.7185168266296387
0.27941176470588236,0.5793269230769231,0.7182984352111816
0.28051470588235294,0.5793269230769231,0.7180986404418945
0.28051470588235294,0.5798076923076924,0.7179563641548157
0.28161764705882353,0.5798076923076924,0.7177025675773621
0.28161764705882353,0.5817307692307693,0.7175130248069763
0.28198529411764706,0.5817307692307693,0.7174050211906433
0.28198529411764706,0.5822115384615385,0.7173943519592285
0.2823529411764706,0.5822115384615385,0.7173826694488525
0.2823529411764706,0.583173076923077,0.7173186540603638
0.28308823529411764,0.583173076923077,0.7172711491584778
0.28308823529411764,0.5841346153846154,0.7172380685806274
0.28345588235294117,0.5841346153846154,0.7172371745109558
0.28345588235294117,0.5846153846153846,0.7172306776046753
0.2838235294117647,0.5846153846153846,0.717210054397583
0.2838235294117647,0.5850961538461539,0.7171982526779175
0.28455882352941175,0.5850961538461539,0.7171517610549927
0.28455882352941175,0.5855769230769231,0.717113196849823
0.2849264705882353,0.5855769230769231,0.7170815467834473
0.2849264705882353,0.5860576923076923,0.7170700430870056
0.28602941176470587,0.5860576923076923,0.7169580459594727
0.28602941176470587,0.5870192307692308,0.716915488243103
0.2863970588235294,0.5870192307692308,0.7169021368026733
0.2863970588235294,0.5879807692307693,0.7168355584144592
0.2867647058823529,0.5879807692307693,0.716774582862854
0.2867647058823529,0.5884615384615385,0.7167613506317139
0.2875,0.5884615384615385,0.7164199948310852
0.2875,0.5894230769230769,0.7156949043273926
0.28823529411764703,0.5894230769230769,0.7152094841003418
0.28823529411764703,0.5918269230769231,0.7142934203147888
0.28860294117647056,0.5918269230769231,0.7142758369445801
0.28860294117647056,0.5947115384615385,0.7134096026420593
0.2893382352941177,0.5947115384615385,0.7133873105049133
0.2893382352941177,0.5990384615384615,0.7131888270378113
0.2897058823529412,0.5990384615384615,0.7131224870681763
0.2897058823529412,0.6014423076923077,0.7125818729400635
0.29007352941176473,0.6014423076923077,0.7124559879302979
0.29007352941176473,0.6038461538461538,0.7112740278244019
0.29154411764705884,0.6038461538461538,0.7108883857727051
0.29154411764705884,0.6048076923076923,0.7102941274642944
0.29191176470588237,0.6048076923076923,0.7101855278015137
0.29191176470588237,0.6067307692307692,0.7096885442733765
0.2922794117647059,0.6067307692307692,0.7095378637313843
0.2922794117647059,0.6091346153846153,0.7086775898933411
0.29301470588235295,0.6091346153846153,0.7083672881126404
0.29301470588235295,0.6115384615384616,0.7070680260658264
0.2933823529411765,0.6115384615384616,0.7070347666740417
0.2933823529411765,0.6120192307692308,0.7069445848464966
0.29375,0.6120192307692308,0.7068917751312256
0.29375,0.6125,0.7068443298339844
0.29448529411764707,0.6125,0.7062131762504578
0.29448529411764707,0.6134615384615385,0.7051984071731567
0.2948529411764706,0.6134615384615385,0.7049226760864258
0.2948529411764706,0.6139423076923077,0.704835057258606
0.2952205882352941,0.6139423076923077,0.704311728477478
0.2952205882352941,0.6149038461538462,0.703689455986023
0.29558823529411765,0.6149038461538462,0.7032680511474609
0.29558823529411765,0.6158653846153846,0.7029341459274292
0.2959558823529412,0.6158653846153846,0.7021312117576599
0.2959558823529412,0.6192307692307693,0.7007017731666565
0.29669117647058824,0.6192307692307693,0.7004934549331665
0.29669117647058824,0.6211538461538462,0.6998092532157898
0.2974264705882353,0.6211538461538462,0.6992698907852173
0.2974264705882353,0.6221153846153846,0.6991299390792847
0.2977941176470588,0.6221153846153846,0.6988999247550964
0.2977941176470588,0.6235576923076923,0.6983720660209656
0.2988970588235294,0.6235576923076923,0.6978968381881714
0.2988970588235294,0.6240384615384615,0.6978310942649841
0.29926470588235293,0.6240384615384615,0.6977806687355042
0.29926470588235293,0.6346153846153846,0.6954466700553894
0.29963235294117646,0.6346153846153846,0.6948767900466919
0.29963235294117646,0.635576923076923,0.6944483518600464
0.3,0.635576923076923,0.6942130327224731
0.3,0.6360576923076923,0.6940163373947144
0.3011029411764706,0.6360576923076923,0.6931030750274658
0.3011029411764706,0.6375,0.6927810311317444
0.30220588235294116,0.6375,0.6921537518501282
0.30220588235294116,0.6384615384615384,0.6916714906692505
0.30330882352941174,0.6384615384615384,0.6911316514015198
0.30330882352941174,0.6389423076923076,0.6910300254821777
0.3044117647058823,0.6389423076923076,0.6901231408119202
0.3044117647058823,0.6394230769230769,0.6901119351387024
0.3069852941176471,0.6394230769230769,0.6898831725120544
0.3069852941176471,0.6399038461538461,0.6898757219314575
0.30919117647058825,0.6399038461538461,0.6895490884780884
0.30919117647058825,0.6403846153846153,0.6894697546958923
0.3099264705882353,0.6403846153846153,0.6888679265975952
0.3099264705882353,0.6408653846153847,0.6886518597602844
0.3113970588235294,0.6408653846153847,0.6874648332595825
0.3113970588235294,0.6423076923076924,0.6867485642433167
0.3125,0.6423076923076924,0.6863412261009216
0.3125,0.64375,0.6855936646461487
0.31323529411764706,0.64375,0.6853727102279663
0.31323529411764706,0.6442307692307693,0.6852678656578064
0.3136029411764706,0.6442307692307693,0.6849852800369263
0.3136029411764706,0.6475961538461539,0.6845092177391052
0.3139705882352941,0.6475961538461539,0.6844910383224487
0.3139705882352941,0.6519230769230769,0.6841682195663452
0.31433823529411764,0.6519230769230769,0.6839908957481384
0.31433823529411764,0.6538461538461539,0.6836897730827332
0.3150735294117647,0.6538461538461539,0.6835451126098633
0.3150735294117647,0.6677884615384615,0.6811341047286987
0.3154411764705882,0.6677884615384615,0.6811074018478394
0.3154411764705882,0.6754807692307693,0.6797496676445007
0.31580882352941175,0.6754807692307693,0.6797442436218262
0.31580882352941175,0.6774038461538462,0.6795966625213623
0.3161764705882353,0.6774038461538462,0.6795726418495178
0.3161764705882353,0.6798076923076923,0.679330587387085
0.3165441176470588,0.6798076923076923,0.6793169379234314
0.3165441176470588,0.6841346153846154,0.6790022253990173
0.31691176470588234,0.6841346153846154,0.6789456009864807
0.31691176470588234,0.6860576923076923,0.6788520216941833
0.31727941176470587,0.6860576923076923,0.6787226796150208
0.31727941176470587,0.6875,0.6782852411270142
0.3176470588235294,0.6875,0.6781801581382751
0.3176470588235294,0.6884615384615385,0.6775667071342468
0.3180147058823529,0.6884615384615385,0.6775227189064026
0.3180147058823529,0.6899038461538461,0.676832914352417
0.31838235294117645,0.6899038461538461,0.6764118671417236
0.31838235294117645,0.6903846153846154,0.6764004826545715
0.31948529411764703,0.6903846153846154,0.6758888959884644
0.31948529411764703,0.6908653846153846,0.675590991973877
0.31985294117647056,0.6908653846153846,0.6755469441413879
0.31985294117647056,0.6913461538461538,0.6754844784736633
0.3202205882352941,0.6913461538461538,0.675428569316864
0.3202205882352941,0.6923076923076923,0.6752051115036011
0.32132352941176473,0.6923076923076923,0.675175666809082
0.32132352941176473,0.6932692307692307,0.6750815510749817
0.3220588235294118,0.6932692307692307,0.6750456094741821
0.3220588235294118,0.69375,0.6750367283821106
0.3238970588235294,0.69375,0.674866259098053
0.3238970588235294,0.6942307692307692,0.6748321652412415
0.32536764705882354,0.6942307692307692,0.6746220588684082
0.32536764705882354,0.6947115384615384,0.6744613647460938
0.3272058823529412,0.6947115384615384,0.673782229423523
0.3272058823529412,0.6951923076923077,0.6733888387680054
0.3275735294117647,0.6951923076923077,0.6733158826828003
0.3275735294117647,0.6966346153846154,0.6726332306861877
0.32794117647058824,0.6966346153846154,0.6725444793701172
0.32794117647058824,0.6971153846153846,0.672398030757904
0.32830882352941176,0.6971153846153846,0.672333836555481
0.32830882352941176,0.7,0.6717157363891602
0.3286764705882353,0.7,0.6716854572296143
0.3286764705882353,0.7028846153846153,0.6714670658111572
0.3290441176470588,0.7028846153846153,0.6714621186256409
0.3290441176470588,0.7043269230769231,0.6712300181388855
0.3297794117647059,0.7043269230769231,0.6710277199745178
0.3297794117647059,0.7048076923076924,0.6709223985671997
0.33051470588235293,0.7048076923076924,0.6708305478096008
0.33051470588235293,0.7052884615384616,0.6707675457000732
0.3316176470588235,0.7052884615384616,0.6706908345222473
0.3316176470588235,0.70625,0.6705824732780457
0.33455882352941174,0.70625,0.670264720916748
0.33455882352941174,0.7067307692307693,0.6702150106430054
0.3356617647058823,0.7067307692307693,0.669922411441803
0.3356617647058823,0.708173076923077,0.6696451306343079
0.3360294117647059,0.708173076923077,0.6696422100067139
0.3360294117647059,0.7105769230769231,0.6694363355636597
0.33639705882352944,0.7105769230769231,0.6694230437278748
0.33639705882352944,0.7153846153846154,0.6690155863761902
0.33676470588235297,0.7153846153846154,0.6689165234565735
0.33676470588235297,0.7163461538461539,0.6687279939651489
0.3371323529411765,0.7163461538461539,0.6685735583305359
0.3371323529411765,0.7182692307692308,0.6683305501937866
0.3375,0.7182692307692308,0.6680237650871277
0.3375,0.71875,0.6678917407989502
0.33786764705882355,0.71875,0.6674488186836243
0.33786764705882355,0.7192307692307692,0.6671560406684875
0.3386029411764706,0.7192307692307692,0.6670671701431274
0.3386029411764706,0.7201923076923077,0.666863739490509
0.33933823529411766,0.7201923076923077,0.6663040518760681
0.33933823529411766,0.7216346153846154,0.6659324169158936
0.3400735294117647,0.7216346153846154,0.6655589938163757
0.3400735294117647,0.7230769230769231,0.6647117137908936
0.34044117647058825,0.7230769230769231,0.6643896102905273
0.34044117647058825,0.7235576923076923,0.6642862558364868
0.3422794117647059,0.7235576923076923,0.6623082160949707
0.3422794117647059,0.7245192307692307,0.6618301272392273
0.34301470588235294,0.7245192307692307,0.6609910130500793
0.34301470588235294,0.7254807692307692,0.6607244610786438
0.34411764705882353,0.7254807692307692,0.6595786809921265
0.34411764705882353,0.7259615384615384,0.6594045758247375
0.3514705882352941,0.7259615384615384,0.6567977666854858
0.3514705882352941,0.7264423076923077,0.6566755175590515
0.3518382352941177,0.7264423076923077,0.6562902927398682
0.3518382352941177,0.7269230769230769,0.656063973903656
0.35294117647058826,0.7269230769230769,0.6553870439529419
0.35294117647058826,0.7274038461538461,0.6548864245414734
0.35441176470588237,0.7274038461538461,0.6539093852043152
0.35441176470588237,0.7288461538461538,0.653068482875824
0.3551470588235294,0.7288461538461538,0.6526899933815002
0.3551470588235294,0.729326923076923,0.6526423096656799
0.35551470588235295,0.729326923076923,0.6523851156234741
0.35551470588235295,0.7326923076923076,0.6517607569694519
0.3558823529411765,0.7326923076923076,0.6517482995986938
0.3558823529411765,0.7346153846153847,0.6515834927558899
0.35625,0.7346153846153847,0.651559591293335
0.35625,0.7365384615384616,0.6511307954788208
0.35661764705882354,0.7365384615384616,0.6510809659957886
0.35661764705882354,0.7370192307692308,0.6510543823242188
0.3573529411764706,0.7370192307692308,0.6504548192024231
0.3573529411764706,0.7451923076923077,0.6492129564285278
0.3577205882352941,0.7451923076923077,0.6491343975067139
0.3577205882352941,0.7471153846153846,0.6483529210090637
0.35808823529411765,0.7471153846153846,0.6477123498916626
0.35808823529411765,0.7480769230769231,0.647515594959259
0.3584558823529412,0.7480769230769231,0.6471565961837769
0.3584558823529412,0.7524038461538461,0.6432825922966003
0.3588235294117647,0.7524038461538461,0.6431026458740234
0.3588235294117647,0.7528846153846154,0.6430456638336182
0.35955882352941176,0.7528846153846154,0.642559826374054
0.35955882352941176,0.7533653846153846,0.6424524188041687
0.3599264705882353,0.7533653846153846,0.6422476172447205
0.3599264705882353,0.7538461538461538,0.6422409415245056
0.3636029411764706,0.7538461538461538,0.639805257320404
0.3636029411764706,0.7543269230769231,0.6397956609725952
0.36764705882352944,0.7543269230769231,0.6392334699630737
0.36764705882352944,0.7548076923076923,0.639204204082489
0.3694852941176471,0.7548076923076923,0.638729989528656
0.3694852941176471,0.7552884615384615,0.6386469006538391
0.37720588235294117,0.7552884615384615,0.6360570192337036
0.37720588235294117,0.7557692307692307,0.6359251737594604
0.37830882352941175,0.7557692307692307,0.6353147625923157
0.37830882352941175,0.75625,0.6351801156997681
0.37941176470588234,0.75625,0.6348024606704712
0.37941176470588234,0.7567307692307692,0.6345083713531494
0.3801470588235294,0.7567307692307692,0.6337270736694336
0.3801470588235294,0.7572115384615384,0.6337034702301025
0.3805147058823529,0.7572115384615384,0.6336266398429871
0.3805147058823529,0.7591346153846154,0.6330204010009766
0.38088235294117645,0.7591346153846154,0.6328242421150208
0.38088235294117645,0.7596153846153846,0.6327318549156189
0.38125,0.7596153846153846,0.6325881481170654
0.38125,0.7600961538461538,0.6321283578872681
0.3816176470588235,0.7600961538461538,0.6319395899772644
0.3816176470588235,0.7615384615384615,0.6310456395149231
0.38198529411764703,0.7615384615384615,0.6305802464485168
0.38198529411764703,0.7625,0.6297704577445984
0.3845588235294118,0.7625,0.6259612441062927
0.3845588235294118,0.7629807692307692,0.6256658434867859
0.3863970588235294,0.7629807692307692,0.6249277591705322
0.3863970588235294,0.7649038461538461,0.6214956641197205
0.38823529411764707,0.7649038461538461,0.6196653842926025
0.38823529411764707,0.7653846153846153,0.6183493137359619
0.3886029411764706,0.7653846153846153,0.6182680130004883
0.3886029411764706,0.7802884615384615,0.6134055852890015
0.3889705882352941,0.7802884615384615,0.6133676171302795
0.3889705882352941,0.7894230769230769,0.6121722459793091
0.39044117647058824,0.7894230769230769,0.6111485958099365
0.39044117647058824,0.7899038461538461,0.6111363768577576
0.3911764705882353,0.7899038461538461,0.610484778881073
0.3911764705882353,0.7927884615384615,0.6091126799583435
0.3915441176470588,0.7927884615384615,0.6089566349983215
0.3915441176470588,0.7932692307692307,0.6088221073150635
0.39191176470588235,0.7932692307692307,0.6088017821311951
0.39191176470588235,0.79375,0.6085184812545776
0.3922794117647059,0.79375,0.6082131266593933
0.3922794117647059,0.7947115384615384,0.6080659031867981
0.39375,0.7947115384615384,0.6072282791137695
0.39375,0.7951923076923076,0.6071821451187134
0.3977941176470588,0.7951923076923076,0.6064913868904114
0.3977941176470588,0.7956730769230769,0.6064557433128357
0.40147058823529413,0.7956730769230769,0.6038426756858826
0.40147058823529413,0.7975961538461539,0.6034305691719055
0.4022058823529412,0.7975961538461539,0.6032114624977112
0.4022058823529412,0.7980769230769231,0.6030061841011047
0.40294117647058825,0.7980769230769231,0.6028238534927368
0.40294117647058825,0.7985576923076924,0.6027001738548279
0.40625,0.7985576923076924,0.6020379662513733
0.40625,0.7990384615384616,0.601990282535553
0.4139705882352941,0.7990384615384616,0.6004625558853149
0.4139705882352941,0.7995192307692308,0.6004320979118347
0.41948529411764707,0.7995192307692308,0.5969123244285583
0.41948529411764707,0.8,0.5965681076049805
0.4198529411764706,0.8,0.5965254306793213
0.4198529411764706,0.8004807692307693,0.5959376692771912
0.4209558823529412,0.8004807692307693,0.5952728986740112
0.4209558823529412,0.8033653846153846,0.5913964509963989
0.4213235294117647,0.8033653846153846,0.5913703441619873
0.4213235294117647,0.8096153846153846,0.5906122326850891
0.42169117647058824,0.8096153846153846,0.5904539823532104
0.42169117647058824,0.8105769230769231,0.5901169776916504
0.42205882352941176,0.8105769230769231,0.5900671482086182
0.42205882352941176,0.8134615384615385,0.587017834186554
0.4224264705882353,0.8134615384615385,0.586869478225708
0.4224264705882353,0.8139423076923077,0.5860399007797241
0.42316176470588235,0.8139423076923077,0.5857798457145691
0.42316176470588235,0.8163461538461538,0.5838796496391296
0.4235294117647059,0.8163461538461538,0.583838701248169
0.4235294117647059,0.8173076923076923,0.583013117313385
0.4238970588235294,0.8173076923076923,0.5829904675483704
0.4238970588235294,0.81875,0.5818629264831543
0.42426470588235293,0.81875,0.5816941857337952
0.42426470588235293,0.8245192307692307,0.5808368921279907
0.42463235294117646,0.8245192307692307,0.5807373523712158
0.42463235294117646,0.8274038461538461,0.5799868106842041
0.425,0.8274038461538461,0.5797273516654968
0.425,0.8278846153846153,0.5794132947921753
0.42573529411764705,0.8278846153846153,0.5789915919303894
0.42573529411764705,0.8307692307692308,0.5763214230537415
0.4261029411764706,0.8307692307692308,0.5760783553123474
0.4261029411764706,0.833173076923077,0.573705792427063
0.4275735294117647,0.833173076923077,0.5731554627418518
0.4275735294117647,0.8336538461538462,0.572987973690033
0.4294117647058823,0.8336538461538462,0.5720012187957764
0.4294117647058823,0.8346153846153846,0.5717102885246277
0.43529411764705883,0.8346153846153846,0.5704588294029236
0.43529411764705883,0.8350961538461539,0.5704097151756287
0.43566176470588236,0.8350961538461539,0.5703299641609192
0.43566176470588236,0.8355769230769231,0.5702136158943176
0.43823529411764706,0.8355769230769231,0.5683985352516174
0.43823529411764706,0.8360576923076923,0.5678223967552185
0.4404411764705882,0.8360576923076923,0.5652074813842773
0.4404411764705882,0.8365384615384616,0.5649502277374268
0.44080882352941175,0.8365384615384616,0.5648680925369263
0.44080882352941175,0.8370192307692308,0.5633887648582458
0.4411764705882353,0.8370192307692308,0.5625641345977783
0.4411764705882353,0.8375,0.5621882081031799
0.4426470588235294,0.8375,0.561875581741333
0.4426470588235294,0.8394230769230769,0.5600088834762573
0.4430147058823529,0.8394230769230769,0.5576753616333008
0.4430147058823529,0.8399038461538462,0.5551048517227173
0.44338235294117645,0.8399038461538462,0.554882287979126
0.44338235294117645,0.8403846153846154,0.5536765456199646
0.44448529411764703,0.8403846153846154,0.5535035729408264
0.44448529411764703,0.8418269230769231,0.5526991486549377
0.44485294117647056,0.8418269230769231,0.551964521408081
0.44485294117647056,0.8427884615384615,0.5515760779380798
0.44632352941176473,0.8427884615384615,0.549899697303772
0.44632352941176473,0.8432692307692308,0.549860954284668
0.44669117647058826,0.8432692307692308,0.549837052822113
0.44669117647058826,0.8442307692307692,0.5486227869987488
0.44816176470588237,0.8442307692307692,0.5480347275733948
0.44816176470588237,0.8456730769230769,0.5473090410232544
0.4522058823529412,0.8456730769230769,0.5450607538223267
0.4522058823529412,0.8461538461538461,0.545016884803772
0.45330882352941176,0.8461538461538461,0.5448800921440125
0.45330882352941176,0.8466346153846154,0.5448679327964783
0.4551470588235294,0.8466346153846154,0.5447259545326233
0.4551470588235294,0.8471153846153846,0.5446953177452087
0.45625,0.8471153846153846,0.5446068644523621
0.45625,0.8475961538461538,0.5445448756217957
0.45992647058823527,0.8475961538461538,0.5420745611190796
0.45992647058823527,0.8490384615384615,0.5409570336341858
0.4602941176470588,0.8490384615384615,0.5406966209411621
0.4602941176470588,0.8495192307692307,0.5404062867164612
0.4610294117647059,0.8495192307692307,0.5395828485488892
0.4610294117647059,0.85,0.5394154191017151
0.46286764705882355,0.85,0.5386031866073608
0.46286764705882355,0.8504807692307692,0.5384934544563293
0.4636029411764706,0.8504807692307692,0.5377117991447449
0.4636029411764706,0.8509615384615384,0.5376843214035034
0.46397058823529413,0.8509615384615384,0.5368303656578064
0.46397058823529413,0.8514423076923077,0.5368267893791199
0.4650735294117647,0.8514423076923077,0.5357096791267395
0.4650735294117647,0.8519230769230769,0.5353415012359619
0.4661764705882353,0.8519230769230769,0.5321517586708069
0.4661764705882353,0.8524038461538461,0.5317469835281372
0.46654411764705883,0.8524038461538461,0.5313994884490967
0.46654411764705883,0.8528846153846154,0.529542088508606
0.4672794117647059,0.8528846153846154,0.5288679599761963
0.4672794117647059,0.8533653846153846,0.5288534164428711
0.4676470588235294,0.8533653846153846,0.5284911394119263
0.4676470588235294,0.8552884615384615,0.5277864933013916
0.46838235294117647,0.8552884615384615,0.5276715159416199
0.46838235294117647,0.8591346153846153,0.5272924304008484
0.46875,0.8591346153846153,0.5272899270057678
0.46875,0.8615384615384616,0.527177095413208
0.46911764705882353,0.8615384615384616,0.5271499752998352
0.46911764705882353,0.8634615384615385,0.5267935991287231
0.46948529411764706,0.8634615384615385,0.5266634821891785
0.46948529411764706,0.8653846153846154,0.5262761116027832
0.4702205882352941,0.8653846153846154,0.5251662135124207
0.4702205882352941,0.8663461538461539,0.5246928334236145
0.47058823529411764,0.8663461538461539,0.5245161056518555
0.47058823529411764,0.8668269230769231,0.5239953994750977
0.4713235294117647,0.8668269230769231,0.5236234068870544
0.4713235294117647,0.8677884615384616,0.5233468413352966
0.4716911764705882,0.8677884615384616,0.5232750177383423
0.4716911764705882,0.8682692307692308,0.5224644541740417
0.47205882352941175,0.8682692307692308,0.5223633646965027
0.47205882352941175,0.8692307692307693,0.5222136974334717
0.47316176470588234,0.8692307692307693,0.5216774344444275
0.47316176470588234,0.8706730769230769,0.521079957485199
0.4768382352941177,0.8706730769230769,0.5181065201759338
0.4768382352941177,0.8711538461538462,0.5180599689483643
0.47757352941176473,0.8711538461538462,0.5174658298492432
0.47757352941176473,0.8716346153846154,0.517335832118988
0.48713235294117646,0.8716346153846154,0.5142066478729248
0.48713235294117646,0.8721153846153846,0.5140523910522461
0.4878676470588235,0.8721153846153846,0.5134887099266052
0.4878676470588235,0.8725961538461539,0.5133460760116577
0.4886029411764706,0.8725961538461539,0.5126884579658508
0.4886029411764706,0.8730769230769231,0.5118051171302795
0.4889705882352941,0.8730769230769231,0.511786699295044
0.4889705882352941,0.8740384615384615,0.5102983713150024
0.48970588235294116,0.8740384615384615,0.5095555186271667
0.48970588235294116,0.8745192307692308,0.5094547867774963
0.4904411764705882,0.8745192307692308,0.509083092212677
0.4904411764705882,0.8759615384615385,0.5080450773239136
0.49080882352941174,0.8759615384615385,0.507843554019928
0.49080882352941174,0.8788461538461538,0.5059462189674377
0.49117647058823527,0.8788461538461538,0.5058602690696716
0.49117647058823527,0.8817307692307692,0.5051628351211548
0.4915441176470588,0.8817307692307692,0.5051625370979309
0.4915441176470588,0.8841346153846154,0.5049667954444885
0.4919117647058823,0.8841346153846154,0.5048751831054688
0.4919117647058823,0.8870192307692307,0.5038393139839172
0.4922794117647059,0.8870192307692307,0.5035276412963867
0.4922794117647059,0.8875,0.503435492515564
0.49264705882352944,0.8875,0.5024867057800293
0.49264705882352944,0.8884615384615384,0.5022485256195068
0.4933823529411765,0.8884615384615384,0.501345694065094
0.4933823529411765,0.8894230769230769,0.5008184313774109
0.49926470588235294,0.8894230769230769,0.4997887909412384
0.49926470588235294,0.8903846153846153,0.4993617534637451
0.49963235294117647,0.8903846153846153,0.4992302656173706
0.49963235294117647,0.8908653846153847,0.49902814626693726
0.5007352941176471,0.8908653846153847,0.4988032877445221
0.5007352941176471,0.89375,0.4981028735637665
0.5011029411764706,0.89375,0.498068630695343
0.5011029411764706,0.8985576923076923,0.497515469789505
0.5014705882352941,0.8985576923076923,0.4973178505897522
0.5014705882352941,0.9,0.49664103984832764
0.5058823529411764,0.9,0.4954914152622223
0.5058823529411764,0.9009615384615385,0.4954758286476135
0.5176470588235295,0.9009615384615385,0.4943917691707611
0.5176470588235295,0.9014423076923077,0.4943586587905884
0.5198529411764706,0.9014423076923077,0.49397602677345276
0.5198529411764706,0.9019230769230769,0.49392175674438477
0.5209558823529412,0.9019230769230769,0.4937000572681427
0.5209558823529412,0.9024038461538462,0.4933076500892639
0.5216911764705883,0.9024038461538462,0.49325045943260193
0.5216911764705883,0.9028846153846154,0.4931960701942444
0.5224264705882353,0.9028846153846154,0.4931012988090515
0.5224264705882353,0.9033653846153846,0.4930531978607178
0.5334558823529412,0.9033653846153846,0.4908064007759094
0.5334558823529412,0.9038461538461539,0.4907801151275635
0.5375,0.9038461538461539,0.4900352656841278
0.5375,0.9043269230769231,0.4898916184902191
0.5389705882352941,0.9043269230769231,0.48875632882118225
0.5389705882352941,0.9048076923076923,0.4884585440158844
0.5397058823529411,0.9048076923076923,0.4881659150123596
0.5397058823529411,0.9052884615384615,0.48804062604904175
0.5400735294117647,0.9052884615384615,0.4876294732093811
0.5400735294117647,0.9057692307692308,0.4876285791397095
0.5404411764705882,0.9057692307692308,0.4875774383544922
0.5404411764705882,0.90625,0.48728466033935547
0.5411764705882353,0.90625,0.4870484173297882
0.5411764705882353,0.9067307692307692,0.4869652986526489
0.5419117647058823,0.9067307692307692,0.48634257912635803
0.5419117647058823,0.9129807692307692,0.4853077232837677
0.5422794117647058,0.9129807692307692,0.48529115319252014
0.5422794117647058,0.9153846153846154,0.48451948165893555
0.5426470588235294,0.9153846153846154,0.4838745594024658
0.5426470588235294,0.9158653846153846,0.4833487868309021
0.5430147058823529,0.9158653846153846,0.4822668731212616
0.5430147058823529,0.916826923076923,0.4822569191455841
0.5441176470588235,0.916826923076923,0.4815353751182556
0.5441176470588235,0.9173076923076923,0.48136207461357117
0.544485294117647,0.9173076923076923,0.481211394071579
0.544485294117647,0.9182692307692307,0.4808516502380371
0.5448529411764705,0.9182692307692307,0.48039689660072327
0.5448529411764705,0.9192307692307692,0.4799259305000305
0.549264705882353,0.9192307692307692,0.47855281829833984
0.549264705882353,0.9197115384615384,0.47851744294166565
0.5595588235294118,0.9197115384615384,0.47631973028182983
0.5595588235294118,0.9201923076923076,0.4760260283946991
0.5606617647058824,0.9201923076923076,0.47565674781799316
0.5606617647058824,0.9206730769230769,0.4754752814769745
0.5632352941176471,0.9206730769230769,0.4737321436405182
0.5632352941176471,0.9211538461538461,0.47338590025901794
0.5636029411764706,0.9211538461538461,0.4731847643852234
0.5636029411764706,0.9216346153846153,0.472709059715271
0.5650735294117647,0.9216346153846153,0.47253331542015076
0.5650735294117647,0.9221153846153847,0.4721575081348419
0.5654411764705882,0.9221153846153847,0.4720761477947235
0.5654411764705882,0.9225961538461539,0.4714812934398651
0.5680147058823529,0.9225961538461539,0.4664163589477539
0.5680147058823529,0.9230769230769231,0.4660508334636688
0.5691176470588235,0.9230769230769231,0.4647201597690582
0.5691176470588235,0.9235576923076924,0.4646131098270416
0.5698529411764706,0.9235576923076924,0.4644647240638733
0.5698529411764706,0.9240384615384616,0.4643344283103943
0.5705882352941176,0.9240384615384616,0.4625818431377411
0.5705882352941176,0.9245192307692308,0.46218958497047424
0.5727941176470588,0.9245192307692308,0.45918548107147217
0.5727941176470588,0.925,0.45917633175849915
0.5735294117647058,0.925,0.45884981751441956
0.5735294117647058,0.9254807692307693,0.45862776041030884
0.5753676470588235,0.9254807692307693,0.4567164480686188
0.5753676470588235,0.926923076923077,0.4563971161842346
0.5801470588235295,0.926923076923077,0.45372650027275085
0.5801470588235295,0.9274038461538462,0.4537178575992584
0.5819852941176471,0.9274038461538462,0.45336437225341797
0.5819852941176471,0.9278846153846154,0.45335692167282104
0.5860294117647059,0.9278846153846154,0.451425164937973
0.5860294117647059,0.9283653846153846,0.45083633065223694
0.5863970588235294,0.9283653846153846,0.4498893916606903
0.5863970588235294,0.9288461538461539,0.44977712631225586
0.586764705882353,0.9288461538461539,0.4488220512866974
0.586764705882353,0.9302884615384616,0.44801366329193115
0.5889705882352941,0.9302884615384616,0.44616207480430603
0.5889705882352941,0.9326923076923077,0.4440246522426605
0.5893382352941177,0.9326923076923077,0.44397297501564026
0.5893382352941177,0.9331730769230769,0.44366541504859924
0.5941176470588235,0.9331730769230769,0.4403202533721924
0.5941176470588235,0.9336538461538462,0.44028353691101074
0.6036764705882353,0.9336538461538462,0.4366069436073303
0.6036764705882353,0.9341346153846154,0.43650344014167786
0.6047794117647058,0.9341346153846154,0.43637266755104065
0.6047794117647058,0.9346153846153846,0.4363650679588318
0.6055147058823529,0.9346153846153846,0.43634650111198425
0.6055147058823529,0.9350961538461539,0.43628033995628357
0.6088235294117647,0.9350961538461539,0.43571367859840393
0.6088235294117647,0.9355769230769231,0.43551674485206604
0.6095588235294118,0.9355769230769231,0.43543100357055664
0.6095588235294118,0.9360576923076923,0.43526360392570496
0.6102941176470589,0.9360576923076923,0.43503648042678833
0.6102941176470589,0.9365384615384615,0.43467065691947937
0.6110294117647059,0.9365384615384615,0.4338715076446533
0.6110294117647059,0.9370192307692308,0.43373239040374756
0.6121323529411765,0.9370192307692308,0.43345484137535095
0.6121323529411765,0.9375,0.4332798421382904
0.6125,0.9375,0.433074414730072
0.6125,0.9379807692307692,0.4327927231788635
0.6143382352941177,0.9379807692307692,0.43153950572013855
0.6143382352941177,0.9384615384615385,0.43130120635032654
0.6158088235294118,0.9384615384615385,0.43030035495758057
0.6158088235294118,0.9389423076923077,0.43027085065841675
0.61875,0.9389423076923077,0.4292028248310089
0.61875,0.9394230769230769,0.4291587471961975
0.6216911764705882,0.9394230769230769,0.42892518639564514
0.6216911764705882,0.9399038461538461,0.4289138913154602
0.6227941176470588,0.9399038461538461,0.42875993251800537
0.6227941176470588,0.9403846153846154,0.4285874664783478
0.6242647058823529,0.9403846153846154,0.42766836285591125
0.6242647058823529,0.9408653846153846,0.42734700441360474
0.6253676470588235,0.9408653846153846,0.4266454875469208
0.6253676470588235,0.9413461538461538,0.42629900574684143
0.6261029411764706,0.9413461538461538,0.425721675157547
0.6261029411764706,0.9418269230769231,0.4255705177783966
0.6283088235294118,0.9418269230769231,0.4241194725036621
0.6283088235294118,0.9423076923076923,0.42411261796951294
0.6294117647058823,0.9423076923076923,0.42282798886299133
0.6294117647058823,0.9432692307692307,0.4225694239139557
0.6297794117647059,0.9432692307692307,0.4212803244590759
0.6297794117647059,0.94375,0.42109861969947815
0.6305147058823529,0.94375,0.41955241560935974
0.6305147058823529,0.9442307692307692,0.41935592889785767
0.6371323529411764,0.9442307692307692,0.4174342453479767
0.6371323529411764,0.9447115384615384,0.41739168763160706
0.6397058823529411,0.9447115384615384,0.41527870297431946
0.6397058823529411,0.9456730769230769,0.4145815372467041
0.6408088235294118,0.9456730769230769,0.4132067561149597
0.6408088235294118,0.9461538461538461,0.4131242334842682
0.65,0.9461538461538461,0.4082352817058563
0.65,0.9466346153846154,0.40795576572418213
0.6595588235294118,0.9466346153846154,0.4038737416267395
0.6595588235294118,0.9471153846153846,0.40376827120780945
0.6606617647058823,0.9471153846153846,0.40313348174095154
0.6606617647058823,0.948076923076923,0.4027905762195587
0.6617647058823529,0.948076923076923,0.4025854766368866
0.6617647058823529,0.9485576923076923,0.40249598026275635
0.6621323529411764,0.9485576923076923,0.4021315276622772
0.6621323529411764,0.9490384615384615,0.402081698179245
0.6625,0.9490384615384615,0.40184706449508667
0.6625,0.9509615384615384,0.4015985429286957
0.6628676470588235,0.9509615384615384,0.40154948830604553
0.6628676470588235,0.9538461538461539,0.40130874514579773
0.663235294117647,0.9538461538461539,0.4012783467769623
0.663235294117647,0.9552884615384616,0.4011516869068146
0.6636029411764706,0.9552884615384616,0.4011423587799072
0.6636029411764706,0.95625,0.40102964639663696
0.6639705882352941,0.95625,0.40091264247894287
0.6639705882352941,0.9576923076923077,0.4003962576389313
0.6661764705882353,0.9576923076923077,0.3989546298980713
0.6661764705882353,0.958173076923077,0.3988531827926636
0.6676470588235294,0.958173076923077,0.3978724181652069
0.6676470588235294,0.9596153846153846,0.3968622088432312
0.6680147058823529,0.9596153846153846,0.39669525623321533
0.6680147058823529,0.9605769230769231,0.3956455886363983
0.6683823529411764,0.9605769230769231,0.39476457238197327
0.6683823529411764,0.9610576923076923,0.39413267374038696
0.66875,0.9610576923076923,0.3936190605163574
0.66875,0.9620192307692308,0.39308637380599976
0.669485294117647,0.9620192307692308,0.39244744181632996
0.669485294117647,0.9625,0.3922431468963623
0.6713235294117647,0.9625,0.3881227970123291
0.6713235294117647,0.9634615384615385,0.3867894113063812
0.6731617647058824,0.9634615384615385,0.38425642251968384
0.6731617647058824,0.9639423076923077,0.38422149419784546
0.6860294117647059,0.9639423076923077,0.37684935331344604
0.6860294117647059,0.9644230769230769,0.37679463624954224
0.6933823529411764,0.9644230769230769,0.3746497333049774
0.6933823529411764,0.9649038461538462,0.37455081939697266
0.6948529411764706,0.9649038461538462,0.37422803044319153
0.6948529411764706,0.9653846153846154,0.37383759021759033
0.6985294117647058,0.9653846153846154,0.37221118807792664
0.6985294117647058,0.9658653846153846,0.3721761107444763
0.7205882352941176,0.9658653846153846,0.3551849126815796
0.7205882352941176,0.9663461538461539,0.35517024993896484
0.7283088235294117,0.9663461538461539,0.35266077518463135
0.7283088235294117,0.9668269230769231,0.35261455178260803
0.731985294117647,0.9668269230769231,0.3499612808227539
0.731985294117647,0.9673076923076923,0.3495509922504425
0.7352941176470589,0.9673076923076923,0.3403131067752838
0.7352941176470589,0.9677884615384615,0.339423269033432
0.7375,0.9677884615384615,0.3376743793487549
0.7375,0.96875,0.3359508514404297
0.7463235294117647,0.96875,0.3289225995540619
0.7463235294117647,0.9701923076923077,0.328358918428421
0.7485294117647059,0.9701923076923077,0.32589101791381836
0.7485294117647059,0.9706730769230769,0.3249968886375427
0.7503676470588235,0.9706730769230769,0.32133862376213074
0.7503676470588235,0.9711538461538461,0.32119816541671753
0.7533088235294118,0.9711538461538461,0.31547680497169495
0.7533088235294118,0.9721153846153846,0.31505870819091797
0.7551470588235294,0.9721153846153846,0.31241747736930847
0.7551470588235294,0.9725961538461538,0.31155842542648315
0.7555147058823529,0.9725961538461538,0.3114135265350342
0.7555147058823529,0.9730769230769231,0.3113471269607544
0.756985294117647,0.9730769230769231,0.3098018169403076
0.756985294117647,0.9735576923076923,0.30872243642807007
0.7588235294117647,0.9735576923076923,0.3055669069290161
0.7588235294117647,0.9740384615384615,0.30441799759864807
0.7617647058823529,0.9740384615384615,0.299089640378952
0.7617647058823529,0.9745192307692307,0.2989394962787628
0.7625,0.9745192307692307,0.29833224415779114
0.7625,0.975,0.29807400703430176
0.7636029411764705,0.975,0.29493069648742676
0.7636029411764705,0.9759615384615384,0.29394617676734924
0.7647058823529411,0.9759615384615384,0.2921648621559143
0.7647058823529411,0.9764423076923077,0.29206162691116333
0.76875,0.9764423076923077,0.28530940413475037
0.76875,0.9769230769230769,0.2846686542034149
0.7735294117647059,0.9769230769230769,0.27912795543670654
0.7735294117647059,0.9774038461538461,0.2789604067802429
0.7904411764705882,0.9774038461538461,0.2683708071708679
0.7904411764705882,0.9778846153846154,0.2683259844779968
0.7908088235294117,0.9778846153846154,0.26753562688827515
0.7908088235294117,0.9783653846153846,0.2662113606929779
0.8286764705882353,0.9783653846153846,0.23437124490737915
0.8286764705882353,0.9788461538461538,0.23391708731651306
0.8308823529411765,0.9788461538461538,0.2267950028181076
0.8308823529411765,0.979326923076923,0.22638052701950073
0.8323529411764706,0.979326923076923,0.2241535633802414
0.8323529411764706,0.9798076923076923,0.22340375185012817
0.8474264705882353,0.9798076923076923,0.20682160556316376
0.8474264705882353,0.9802884615384615,0.20640349388122559
0.8514705882352941,0.9802884615384615,0.19950410723686218
0.8514705882352941,0.9807692307692307,0.19915205240249634
0.8694852941176471,0.9807692307692307,0.17724405229091644
0.8694852941176471,0.98125,0.17631761729717255
0.8709558823529412,0.98125,0.17469359934329987
0.8709558823529412,0.9817307692307692,0.1741093546152115
0.8742647058823529,0.9817307692307692,0.16952134668827057
0.8742647058823529,0.9822115384615384,0.16785548627376556
0.8775735294117647,0.9822115384615384,0.16430139541625977
0.8775735294117647,0.9826923076923076,0.16238738596439362
0.8797794117647059,0.9826923076923076,0.16024935245513916
0.8797794117647059,0.9836538461538461,0.15899688005447388
0.88125,0.9836538461538461,0.15568427741527557
0.88125,0.9846153846153847,0.15498898923397064
0.8955882352941177,0.9846153846153847,0.14467111229896545
0.8955882352941177,0.9850961538461539,0.14446376264095306
0.899264705882353,0.9850961538461539,0.1442214846611023
0.899264705882353,0.9855769230769231,0.14420732855796814
0.9025735294117647,0.9855769230769231,0.14368198812007904
0.9025735294117647,0.9860576923076924,0.14357341825962067
0.9029411764705882,0.9860576923076924,0.14333432912826538
0.9029411764705882,0.9865384615384616,0.14331769943237305
0.9033088235294118,0.9865384615384616,0.14323878288269043
0.9033088235294118,0.9870192307692308,0.14306089282035828
0.9036764705882353,0.9870192307692308,0.1430487483739853
0.9036764705882353,0.9899038461538462,0.14275863766670227
0.9040441176470588,0.9899038461538462,0.14269116520881653
0.9040441176470588,0.9942307692307693,0.1423235684633255
0.9069852941176471,0.9942307692307693,0.14157123863697052
0.9069852941176471,0.9947115384615385,0.1415572613477707
0.9113970588235294,0.9947115384615385,0.14100441336631775
0.9113970588235294,0.9951923076923077,0.14086630940437317
0.9117647058823529,0.9951923076923077,0.1407272070646286
0.9117647058823529,0.9956730769230769,0.14031699299812317
0.9121323529411764,0.9956730769230769,0.14030401408672333
0.9121323529411764,0.9961538461538462,0.14025962352752686
0.9367647058823529,0.9961538461538462,0.10970053821802139
0.9367647058823529,0.9966346153846154,0.10967476665973663
0.9540441176470589,0.9966346153846154,0.09539641439914703
0.9540441176470589,0.9971153846153846,0.0947873666882515
0.9584558823529412,0.9971153846153846,0.08653724193572998
0.9584558823529412,0.9975961538461539,0.08506648987531662
0.9716911764705882,0.9975961538461539,0.073358453810215
0.9716911764705882,0.9980769230769231,0.07016314566135406
0.9731617647058823,0.9980769230769231,0.0687071681022644
0.9731617647058823,0.9990384615384615,0.0666959136724472
0.9775735294117647,0.9990384615384615,0.0611456073820591
0.9775735294117647,1.0,0.05924582481384277
1.0,1.0,0.010129627771675587
