FPR,TPR,Threshold
0.0,0.0,1.972504198551178
0.0,0.000925925925925926,0.972504198551178
0.0,0.4777777777777778,0.7610633373260498
0.0007575757575757576,0.4777777777777778,0.7608733773231506
0.0007575757575757576,0.487962962962963,0.7556900382041931
0.0015151515151515152,0.487962962962963,0.7554687857627869
0.0015151515151515152,0.5101851851851852,0.7439049482345581
0.0022727272727272726,0.5101851851851852,0.7433114647865295
0.0022727272727272726,0.5212962962962963,0.7363409399986267
0.0030303030303030303,0.5212962962962963,0.7362098693847656
0.0030303030303030303,0.5259259259259259,0.7348330020904541
0.003787878787878788,0.5259259259259259,0.7343327403068542
0.003787878787878788,0.5462962962962963,0.7240467667579651
0.004545454545454545,0.5462962962962963,0.7235783934593201
0.004545454545454545,0.549074074074074,0.7226765751838684
0.005303030303030303,0.549074074074074,0.7226608991622925
0.005303030303030303,0.5592592592592592,0.7177948355674744
0.006060606060606061,0.5592592592592592,0.7168896794319153
0.006060606060606061,0.562037037037037,0.7161836624145508
0.006818181818181818,0.562037037037037,0.7143922448158264
0.006818181818181818,0.5935185185185186,0.6977964043617249
0.008333333333333333,0.5935185185185186,0.6969395279884338
0.008333333333333333,0.5953703703703703,0.6962154507637024
0.00909090909090909,0.5953703703703703,0.6959324479103088
0.00909090909090909,0.5972222222222222,0.6951760053634644
0.009848484848484848,0.5972222222222222,0.6950216889381409
0.009848484848484848,0.600925925925926,0.6925975680351257
0.010606060606060607,0.600925925925926,0.6924706101417542
0.010606060606060607,0.6055555555555555,0.6902065873146057
0.011363636363636364,0.6055555555555555,0.6897743940353394
0.011363636363636364,0.6231481481481481,0.6800718307495117
0.012121212121212121,0.6231481481481481,0.6792813539505005
0.012121212121212121,0.6277777777777778,0.6736446619033813
0.012878787878787878,0.6277777777777778,0.6735116839408875
0.012878787878787878,0.6296296296296297,0.6732205748558044
0.015909090909090907,0.6296296296296297,0.6690406203269958
0.015909090909090907,0.6416666666666667,0.6603438258171082
0.016666666666666666,0.6416666666666667,0.6587772369384766
0.016666666666666666,0.6435185185185185,0.6553798913955688
0.01893939393939394,0.6435185185185185,0.6550921201705933
0.01893939393939394,0.6472222222222223,0.6535331606864929
0.020454545454545454,0.6472222222222223,0.6533912420272827
0.020454545454545454,0.6564814814814814,0.6490561366081238
0.02196969696969697,0.6564814814814814,0.6467167139053345
0.02196969696969697,0.6574074074074074,0.6465838551521301
0.022727272727272728,0.6574074074074074,0.6462779641151428
0.022727272727272728,0.6620370370370371,0.6428539156913757
0.023484848484848483,0.6620370370370371,0.6428307890892029
0.023484848484848483,0.6657407407407407,0.6402432918548584
0.024242424242424242,0.6657407407407407,0.6393216252326965
0.024242424242424242,0.6722222222222223,0.633901059627533
0.025,0.6722222222222223,0.6333702802658081
0.025,0.674074074074074,0.631513774394989
0.026515151515151516,0.674074074074074,0.6306409239768982
0.026515151515151516,0.675,0.6303556561470032
0.02727272727272727,0.675,0.6295912265777588
0.02727272727272727,0.6759259259259259,0.6292456984519958
0.02803030303030303,0.6759259259259259,0.6291095614433289
0.02803030303030303,0.6777777777777778,0.6287327408790588
0.02878787878787879,0.6777777777777778,0.6282567977905273
0.02878787878787879,0.6833333333333333,0.6251406073570251
0.029545454545454545,0.6833333333333333,0.6251032948493958
0.029545454545454545,0.6861111111111111,0.6239908337593079
0.030303030303030304,0.6861111111111111,0.6235143542289734
0.030303030303030304,0.6925925925925925,0.6200208067893982
0.031818181818181815,0.6925925925925925,0.6192958354949951
0.031818181818181815,0.6990740740740741,0.6149957180023193
0.03257575757575758,0.6990740740740741,0.6145778894424438
0.03257575757575758,0.7055555555555556,0.6122400760650635
0.03333333333333333,0.7055555555555556,0.6111615300178528
0.03333333333333333,0.7148148148148148,0.6093100309371948
0.03484848484848485,0.7148148148148148,0.6088959574699402
0.03484848484848485,0.7185185185185186,0.6062732338905334
0.035606060606060606,0.7185185185185186,0.6060342192649841
0.035606060606060606,0.7194444444444444,0.6054490208625793
0.03787878787878788,0.7194444444444444,0.601101815700531
0.03787878787878788,0.7240740740740741,0.5975319147109985
0.03939393939393939,0.7240740740740741,0.5961863994598389
0.03939393939393939,0.7277777777777777,0.5952255129814148
0.04015151515151515,0.7277777777777777,0.5951458811759949
0.04015151515151515,0.7287037037037037,0.5941468477249146
0.04090909090909091,0.7287037037037037,0.593390166759491
0.04090909090909091,0.7296296296296296,0.5921758413314819
0.04242424242424243,0.7296296296296296,0.5913610458374023
0.04242424242424243,0.7324074074074074,0.5909368395805359
0.04393939393939394,0.7324074074074074,0.589307427406311
0.04393939393939394,0.7342592592592593,0.5888771414756775
0.04621212121212121,0.7342592592592593,0.5885124206542969
0.04621212121212121,0.7416666666666667,0.586233913898468
0.04696969696969697,0.7416666666666667,0.58585125207901
0.04696969696969697,0.7435185185185185,0.5848309397697449
0.04772727272727273,0.7435185185185185,0.5846760869026184
0.04772727272727273,0.7444444444444445,0.5835436582565308
0.04924242424242424,0.7444444444444445,0.5821214914321899
0.04924242424242424,0.7453703703703703,0.5817844867706299
0.05,0.7453703703703703,0.5805832743644714
0.05,0.7537037037037037,0.5751789212226868
0.051515151515151514,0.7537037037037037,0.5747020244598389
0.051515151515151514,0.7564814814814815,0.5742272734642029
0.05227272727272727,0.7564814814814815,0.5740774869918823
0.05227272727272727,0.7574074074074074,0.5731582641601562
0.05303030303030303,0.7574074074074074,0.5731571316719055
0.05303030303030303,0.7583333333333333,0.573128342628479
0.05454545454545454,0.7583333333333333,0.5712822675704956
0.05454545454545454,0.7592592592592593,0.5710487961769104
0.055303030303030305,0.7592592592592593,0.5707407593727112
0.055303030303030305,0.7685185185185185,0.5645765662193298
0.05606060606060606,0.7685185185185185,0.564191997051239
0.05606060606060606,0.7703703703703704,0.5625333189964294
0.056818181818181816,0.7703703703703704,0.5625122785568237
0.056818181818181816,0.7722222222222223,0.5606188178062439
0.05909090909090909,0.7722222222222223,0.5580597519874573
0.05909090909090909,0.7731481481481481,0.5580083727836609
0.06212121212121212,0.7731481481481481,0.5570400953292847
0.06212121212121212,0.774074074074074,0.5568423867225647
0.06287878787878788,0.774074074074074,0.5549421310424805
0.06287878787878788,0.7777777777777778,0.5518426895141602
0.06439393939393939,0.7777777777777778,0.5502877235412598
0.06439393939393939,0.7796296296296297,0.5438700318336487
0.06515151515151515,0.7796296296296297,0.5428289175033569
0.06515151515151515,0.7805555555555556,0.5417817831039429
0.07196969696969698,0.7805555555555556,0.5288922786712646
0.07196969696969698,0.7824074074074074,0.5271623730659485
0.07272727272727272,0.7824074074074074,0.526654064655304
0.07272727272727272,0.7833333333333333,0.5264023542404175
0.07348484848484849,0.7833333333333333,0.5262848734855652
0.07348484848484849,0.7861111111111111,0.5255201458930969
0.07424242424242425,0.7861111111111111,0.5254948139190674
0.07424242424242425,0.787962962962963,0.5232694745063782
0.075,0.787962962962963,0.5227688550949097
0.075,0.7888888888888889,0.5212932229042053
0.07651515151515151,0.7888888888888889,0.5205411314964294
0.07651515151515151,0.7898148148148149,0.5200949907302856
0.07727272727272727,0.7898148148148149,0.519859790802002
0.07727272727272727,0.7907407407407407,0.5188817977905273
0.07878787878787878,0.7907407407407407,0.5149439573287964
0.07878787878787878,0.7916666666666666,0.5132356882095337
0.08181818181818182,0.7916666666666666,0.5100843906402588
0.08181818181818182,0.7925925925925926,0.5095280408859253
0.08484848484848485,0.7925925925925926,0.5058720111846924
0.08484848484848485,0.7944444444444444,0.502973735332489
0.0893939393939394,0.7944444444444444,0.4918185770511627
0.0893939393939394,0.7981481481481482,0.4893369972705841
0.09015151515151515,0.7981481481481482,0.487093985080719
0.09015151515151515,0.799074074074074,0.48651447892189026
0.09242424242424242,0.799074074074074,0.4753808081150055
0.09242424242424242,0.8,0.4744117856025696
0.0946969696969697,0.8,0.4682944416999817
0.0946969696969697,0.8009259259259259,0.4677855968475342
0.09621212121212121,0.8009259259259259,0.46411871910095215
0.09621212121212121,0.8018518518518518,0.46252354979515076
0.10151515151515152,0.8018518518518518,0.4417201280593872
0.10151515151515152,0.8027777777777778,0.44039273262023926
0.10227272727272728,0.8027777777777778,0.44036972522735596
0.10227272727272728,0.8037037037037037,0.43900004029273987
0.10303030303030303,0.8037037037037037,0.43896302580833435
0.10303030303030303,0.8046296296296296,0.4384576082229614
0.10833333333333334,0.8046296296296296,0.4338752031326294
0.10833333333333334,0.8055555555555556,0.4332478940486908
0.11136363636363636,0.8055555555555556,0.4265628755092621
0.11136363636363636,0.8064814814814815,0.425351083278656
0.11212121212121212,0.8064814814814815,0.4248276650905609
0.11212121212121212,0.8074074074074075,0.4243132174015045
0.1143939393939394,0.8074074074074075,0.42175036668777466
0.1143939393939394,0.8092592592592592,0.4187033176422119
0.1159090909090909,0.8092592592592592,0.41726821660995483
0.1159090909090909,0.8101851851851852,0.41675865650177
0.11666666666666667,0.8101851851851852,0.41660216450691223
0.11666666666666667,0.8111111111111111,0.4161025285720825
0.11742424242424243,0.8111111111111111,0.41514331102371216
0.11742424242424243,0.812037037037037,0.4141468107700348
0.11818181818181818,0.812037037037037,0.41191691160202026
0.11818181818181818,0.812962962962963,0.41170403361320496
0.12121212121212122,0.812962962962963,0.40769562125205994
0.12121212121212122,0.8138888888888889,0.40553197264671326
0.12651515151515152,0.8138888888888889,0.39846691489219666
0.12651515151515152,0.8148148148148148,0.39812666177749634
0.13333333333333333,0.8148148148148148,0.3903227150440216
0.13333333333333333,0.8157407407407408,0.38979628682136536
0.13712121212121212,0.8157407407407408,0.3872523605823517
0.13712121212121212,0.8175925925925925,0.385354220867157
0.13787878787878788,0.8175925925925925,0.3851867914199829
0.13787878787878788,0.8185185185185185,0.3851383328437805
0.13863636363636364,0.8185185185185185,0.3843601644039154
0.13863636363636364,0.8194444444444444,0.38403722643852234
0.1393939393939394,0.8194444444444444,0.38358351588249207
0.1393939393939394,0.8203703703703704,0.3835068643093109
0.14393939393939395,0.8203703703703704,0.3797302842140198
0.14393939393939395,0.8231481481481482,0.37710267305374146
0.1462121212121212,0.8231481481481482,0.37642836570739746
0.1462121212121212,0.825,0.37475791573524475
0.14696969696969697,0.825,0.37421277165412903
0.14696969696969697,0.825925925925926,0.3733850121498108
0.1484848484848485,0.825925925925926,0.37299227714538574
0.1484848484848485,0.8268518518518518,0.3727070987224579
0.15,0.8268518518518518,0.3724486827850342
0.15,0.8296296296296296,0.37050050497055054
0.15151515151515152,0.8296296296296296,0.3701382279396057
0.15151515151515152,0.8305555555555556,0.369811475276947
0.15227272727272728,0.8305555555555556,0.3693156838417053
0.15227272727272728,0.8324074074074074,0.368997186422348
0.15378787878787878,0.8324074074074074,0.3674948513507843
0.15378787878787878,0.8333333333333334,0.3670419752597809
0.1553030303030303,0.8333333333333334,0.36518123745918274
0.1553030303030303,0.8342592592592593,0.36505866050720215
0.15681818181818183,0.8342592592592593,0.3637335002422333
0.15681818181818183,0.8361111111111111,0.36351025104522705
0.15757575757575756,0.8361111111111111,0.36204785108566284
0.15757575757575756,0.8379629629629629,0.3618195950984955
0.1590909090909091,0.8379629629629629,0.35915303230285645
0.1590909090909091,0.8388888888888889,0.35895663499832153
0.16136363636363638,0.8388888888888889,0.35745611786842346
0.16136363636363638,0.8416666666666667,0.35571086406707764
0.1643939393939394,0.8416666666666667,0.35334131121635437
0.1643939393939394,0.8425925925925926,0.3519805073738098
0.16742424242424242,0.8425925925925926,0.3481670320034027
0.16742424242424242,0.8490740740740741,0.3457440435886383
0.16818181818181818,0.8490740740740741,0.34540697932243347
0.16818181818181818,0.850925925925926,0.34436336159706116
0.16893939393939394,0.850925925925926,0.34333616495132446
0.16893939393939394,0.8527777777777777,0.3419334590435028
0.1696969696969697,0.8527777777777777,0.3411003649234772
0.1696969696969697,0.8537037037037037,0.3410019874572754
0.17045454545454544,0.8537037037037037,0.33945155143737793
0.17045454545454544,0.8555555555555555,0.3385598063468933
0.1712121212121212,0.8555555555555555,0.3348720371723175
0.1712121212121212,0.8611111111111112,0.33165037631988525
0.17196969696969697,0.8611111111111112,0.3304464519023895
0.17196969696969697,0.8629629629629629,0.32926613092422485
0.1734848484848485,0.8629629629629629,0.3276835083961487
0.1734848484848485,0.8648148148148148,0.32631027698516846
0.1787878787878788,0.8648148148148148,0.3196859359741211
0.1787878787878788,0.8666666666666667,0.31642284989356995
0.18106060606060606,0.8666666666666667,0.31433290243148804
0.18106060606060606,0.8694444444444445,0.31227946281433105
0.18333333333333332,0.8694444444444445,0.30963683128356934
0.18333333333333332,0.8712962962962963,0.3080158829689026
0.18409090909090908,0.8712962962962963,0.30685240030288696
0.18409090909090908,0.8722222222222222,0.3067634701728821
0.18636363636363637,0.8722222222222222,0.305708110332489
0.18636363636363637,0.8731481481481481,0.30503934621810913
0.19166666666666668,0.8731481481481481,0.2983739674091339
0.19166666666666668,0.875,0.2983182966709137
0.19318181818181818,0.875,0.29724666476249695
0.19318181818181818,0.8759259259259259,0.29698482155799866
0.1946969696969697,0.8759259259259259,0.29511547088623047
0.1946969696969697,0.8768518518518519,0.2942633032798767
0.19545454545454546,0.8768518518518519,0.29403766989707947
0.19545454545454546,0.8777777777777778,0.29366788268089294
0.2,0.8777777777777778,0.2902185916900635
0.2,0.8787037037037037,0.28993913531303406
0.20075757575757575,0.8787037037037037,0.28990843892097473
0.20075757575757575,0.8796296296296297,0.2889874279499054
0.20227272727272727,0.8796296296296297,0.2878556549549103
0.20227272727272727,0.8814814814814815,0.286324679851532
0.2037878787878788,0.8814814814814815,0.2849213778972626
0.2037878787878788,0.8824074074074074,0.2842772603034973
0.20681818181818182,0.8824074074074074,0.28197181224823
0.20681818181818182,0.8851851851851852,0.2814103960990906
0.20833333333333334,0.8851851851851852,0.2807730734348297
0.20833333333333334,0.8861111111111111,0.2806248366832733
0.20909090909090908,0.8861111111111111,0.2800368368625641
0.20909090909090908,0.8870370370370371,0.2793310582637787
0.21136363636363636,0.8870370370370371,0.27827027440071106
0.21136363636363636,0.8916666666666667,0.27301815152168274
0.21212121212121213,0.8916666666666667,0.2722107768058777
0.21212121212121213,0.8925925925925926,0.2717961370944977
0.2128787878787879,0.8925925925925926,0.27157580852508545
0.2128787878787879,0.8935185185185185,0.2706121802330017
0.21893939393939393,0.8935185185185185,0.2688024938106537
0.21893939393939393,0.8944444444444445,0.26871469616889954
0.225,0.8944444444444445,0.26520946621894836
0.225,0.8962962962962963,0.26432403922080994
0.22575757575757577,0.8962962962962963,0.26400214433670044
0.22575757575757577,0.8972222222222223,0.26368650794029236
0.2265151515151515,0.8972222222222223,0.2636655867099762
0.2265151515151515,0.8981481481481481,0.26352301239967346
0.22727272727272727,0.8981481481481481,0.2633020579814911
0.22727272727272727,0.899074074074074,0.2632705271244049
0.2287878787878788,0.899074074074074,0.26301103830337524
0.2287878787878788,0.9009259259259259,0.26252076029777527
0.22954545454545455,0.9009259259259259,0.2621874511241913
0.22954545454545455,0.9018518518518519,0.26195546984672546
0.2318181818181818,0.9018518518518519,0.26081013679504395
0.2318181818181818,0.9037037037037037,0.2602699100971222
0.2340909090909091,0.9037037037037037,0.2579902112483978
0.2340909090909091,0.9046296296296297,0.2571471035480499
0.2356060606060606,0.9046296296296297,0.25681814551353455
0.2356060606060606,0.9055555555555556,0.2566802203655243
0.24015151515151514,0.9055555555555556,0.2547839879989624
0.24015151515151514,0.9064814814814814,0.25469791889190674
0.2409090909090909,0.9064814814814814,0.2546120882034302
0.2409090909090909,0.9074074074074074,0.2545912265777588
0.24393939393939393,0.9074074074074074,0.2531608045101166
0.24393939393939393,0.9092592592592592,0.2529808282852173
0.24545454545454545,0.9092592592592592,0.25152918696403503
0.24545454545454545,0.9111111111111111,0.25085580348968506
0.24848484848484848,0.9111111111111111,0.2486182451248169
0.24848484848484848,0.9138888888888889,0.24734708666801453
0.25075757575757573,0.9138888888888889,0.24652686715126038
0.25075757575757573,0.9148148148148149,0.2463528960943222
0.25984848484848483,0.9148148148148149,0.24019910395145416
0.25984848484848483,0.9166666666666666,0.23960016667842865
0.2606060606060606,0.9166666666666666,0.23959022760391235
0.2606060606060606,0.9194444444444444,0.23870836198329926
0.26136363636363635,0.9194444444444444,0.23855911195278168
0.26136363636363635,0.9212962962962963,0.23807799816131592
0.26515151515151514,0.9212962962962963,0.23484045267105103
0.26515151515151514,0.9222222222222223,0.23420503735542297
0.26666666666666666,0.9222222222222223,0.2338094562292099
0.26666666666666666,0.924074074074074,0.23361031711101532
0.2674242424242424,0.924074074074074,0.2323295772075653
0.2674242424242424,0.925,0.2314997911453247
0.2696969696969697,0.925,0.23028317093849182
0.2696969696969697,0.9268518518518518,0.229305699467659
0.27045454545454545,0.9268518518518518,0.2292255014181137
0.27045454545454545,0.9277777777777778,0.22910355031490326
0.2772727272727273,0.9277777777777778,0.2255450338125229
0.2772727272727273,0.9287037037037037,0.22552737593650818
0.2787878787878788,0.9287037037037037,0.2241535633802414
0.2787878787878788,0.9296296296296296,0.224062979221344
0.27954545454545454,0.9296296296296296,0.22329269349575043
0.27954545454545454,0.9324074074074075,0.22299939393997192
0.2803030303030303,0.9324074074074075,0.2221616804599762
0.2803030303030303,0.9333333333333333,0.2216901034116745
0.28106060606060607,0.9333333333333333,0.22164936363697052
0.28106060606060607,0.9342592592592592,0.22146423161029816
0.2818181818181818,0.9342592592592592,0.22058561444282532
0.2818181818181818,0.9351851851851852,0.2201617956161499
0.2825757575757576,0.9351851851851852,0.2201426923274994
0.2825757575757576,0.937962962962963,0.2191726714372635
0.2833333333333333,0.937962962962963,0.21890267729759216
0.2833333333333333,0.9398148148148148,0.21887525916099548
0.2840909090909091,0.9398148148148148,0.2188233733177185
0.2840909090909091,0.9407407407407408,0.2180929332971573
0.2878787878787879,0.9407407407407408,0.21408696472644806
0.2878787878787879,0.9416666666666667,0.21370799839496613
0.28863636363636364,0.9416666666666667,0.21348756551742554
0.28863636363636364,0.9425925925925925,0.2121153324842453
0.2916666666666667,0.9425925925925925,0.20623981952667236
0.2916666666666667,0.9435185185185185,0.2062171846628189
0.29545454545454547,0.9435185185185185,0.2038419097661972
0.29545454545454547,0.9453703703703704,0.20324797928333282
0.29772727272727273,0.9453703703703704,0.20238082110881805
0.29772727272727273,0.9481481481481482,0.20040953159332275
0.3037878787878788,0.9481481481481482,0.19542637467384338
0.3037878787878788,0.9490740740740741,0.19539128243923187
0.30454545454545456,0.9490740740740741,0.19423165917396545
0.30454545454545456,0.95,0.1937626600265503
0.3090909090909091,0.95,0.19254477322101593
0.3090909090909091,0.950925925925926,0.1924152970314026
0.32196969696969696,0.950925925925926,0.18670585751533508
0.32196969696969696,0.9518518518518518,0.1857520192861557
0.325,0.9518518518518518,0.18499214947223663
0.325,0.9527777777777777,0.18444067239761353
0.32651515151515154,0.9527777777777777,0.18369270861148834
0.32651515151515154,0.9537037037037037,0.1836039274930954
0.328030303030303,0.9537037037037037,0.18256960809230804
0.328030303030303,0.9546296296296296,0.18223479390144348
0.3287878787878788,0.9546296296296296,0.18210718035697937
0.3287878787878788,0.9555555555555556,0.18171945214271545
0.33106060606060606,0.9555555555555556,0.1810852587223053
0.33106060606060606,0.9574074074074074,0.18067795038223267
0.3424242424242424,0.9574074074074074,0.17601144313812256
0.3424242424242424,0.9583333333333334,0.17585018277168274
0.34545454545454546,0.9583333333333334,0.17495642602443695
0.34545454545454546,0.9592592592592593,0.17478053271770477
0.346969696969697,0.9592592592592593,0.17469573020935059
0.346969696969697,0.9601851851851851,0.17450053989887238
0.3484848484848485,0.9601851851851851,0.1737387776374817
0.3484848484848485,0.9611111111111111,0.17333237826824188
0.3621212121212121,0.9611111111111111,0.17100781202316284
0.3621212121212121,0.962037037037037,0.17083559930324554
0.36287878787878786,0.962037037037037,0.17061473429203033
0.36287878787878786,0.9629629629629629,0.1700064241886139
0.3643939393939394,0.9629629629629629,0.16990675032138824
0.3643939393939394,0.9638888888888889,0.16972039639949799
0.3924242424242424,0.9638888888888889,0.16314905881881714
0.3924242424242424,0.9648148148148148,0.1630733162164688
0.39621212121212124,0.9648148148148148,0.16128887236118317
0.39621212121212124,0.9666666666666667,0.16072703897953033
0.3977272727272727,0.9666666666666667,0.1603722721338272
0.3977272727272727,0.9685185185185186,0.1594184786081314
0.4015151515151515,0.9685185185185186,0.15882815420627594
0.4015151515151515,0.9694444444444444,0.15881948173046112
0.4022727272727273,0.9694444444444444,0.15825125575065613
0.4022727272727273,0.9703703703703703,0.15799403190612793
0.40606060606060607,0.9703703703703703,0.15591835975646973
0.40606060606060607,0.9712962962962963,0.155690997838974
0.40984848484848485,0.9712962962962963,0.15421096980571747
0.40984848484848485,0.9722222222222222,0.1540512889623642
0.4113636363636364,0.9722222222222222,0.15381236374378204
0.4113636363636364,0.9731481481481481,0.15369004011154175
0.4303030303030303,0.9731481481481481,0.14622712135314941
0.4303030303030303,0.9740740740740741,0.14586380124092102
0.46060606060606063,0.9740740740740741,0.13694383203983307
0.46060606060606063,0.975,0.13677634298801422
0.4772727272727273,0.975,0.1288944035768509
0.4772727272727273,0.975925925925926,0.12811218202114105
0.478030303030303,0.975925925925926,0.12779927253723145
0.478030303030303,0.9768518518518519,0.12749841809272766
0.48484848484848486,0.9768518518518519,0.12435892224311829
0.48484848484848486,0.9777777777777777,0.12415607273578644
0.4863636363636364,0.9777777777777777,0.1240072026848793
0.4863636363636364,0.9787037037037037,0.12384249269962311
0.49166666666666664,0.9787037037037037,0.12142334133386612
0.49166666666666664,0.9796296296296296,0.12016341835260391
0.49318181818181817,0.9796296296296296,0.11892308294773102
0.49318181818181817,0.9805555555555555,0.11885508894920349
0.4946969696969697,0.9805555555555555,0.11872689425945282
0.4946969696969697,0.9814814814814815,0.11841917783021927
0.49772727272727274,0.9814814814814815,0.11771650612354279
0.49772727272727274,0.9824074074074074,0.11766844987869263
0.5015151515151515,0.9824074074074074,0.11665889620780945
0.5015151515151515,0.9833333333333333,0.11664924025535583
0.5022727272727273,0.9833333333333333,0.11629188060760498
0.5022727272727273,0.9851851851851852,0.11611717939376831
0.5196969696969697,0.9851851851851852,0.1100831851363182
0.5196969696969697,0.9861111111111112,0.10981910675764084
0.521969696969697,0.9861111111111112,0.10902099311351776
0.521969696969697,0.987037037037037,0.10886957496404648
0.5621212121212121,0.987037037037037,0.0975009948015213
0.5621212121212121,0.9879629629629629,0.09695229679346085
0.5681818181818182,0.9879629629629629,0.09595756977796555
0.5681818181818182,0.9888888888888889,0.09592237323522568
0.5727272727272728,0.9888888888888889,0.09463290125131607
0.5727272727272728,0.9898148148148148,0.09450019150972366
0.5984848484848485,0.9898148148148148,0.08886712044477463
0.5984848484848485,0.9907407407407407,0.08860114961862564
0.6462121212121212,0.9907407407407407,0.08052597939968109
0.6462121212121212,0.9916666666666667,0.08041542768478394
0.6507575757575758,0.9916666666666667,0.07942917197942734
0.6507575757575758,0.9925925925925926,0.07928808033466339
0.6537878787878788,0.9925925925925926,0.07827221602201462
0.6537878787878788,0.9935185185185185,0.07807760685682297
0.6636363636363637,0.9935185185185185,0.07619354873895645
0.6636363636363637,0.9944444444444445,0.0761735811829567
0.6742424242424242,0.9944444444444445,0.07429596781730652
0.6742424242424242,0.9953703703703703,0.07409600913524628
0.6984848484848485,0.9953703703703703,0.07119811326265335
0.6984848484848485,0.9962962962962963,0.07106208801269531
0.7007575757575758,0.9962962962962963,0.07100372016429901
0.7007575757575758,0.9972222222222222,0.07098113745450974
0.7053030303030303,0.9972222222222222,0.07068189233541489
0.7053030303030303,0.9981481481481481,0.07054103910923004
0.7098484848484848,0.9981481481481481,0.07014709711074829
0.7098484848484848,0.9990740740740741,0.07009931653738022
0.7128787878787879,0.9990740740740741,0.06979816406965256
0.7128787878787879,1.0,0.06957777589559555
1.0,1.0,0.009638044983148575
