FPR,TPR,Threshold
0.0,0.0,1.9925837516784668
0.0,0.0005263157894736842,0.9925837516784668
0.0,0.11736842105263158,0.9511184692382812
0.0,0.11842105263157894,0.951016366481781
0.0,0.1794736842105263,0.9343051314353943
0.002,0.1794736842105263,0.9330776929855347
0.002,0.20210526315789473,0.922762930393219
0.004,0.20210526315789473,0.9220601320266724
0.004,0.24789473684210525,0.8967547416687012
0.006,0.24789473684210525,0.8956727981567383
0.006,0.28421052631578947,0.8776113986968994
0.008,0.28421052631578947,0.8774064779281616
0.008,0.30842105263157893,0.8697282671928406
0.014,0.30842105263157893,0.869090735912323
0.014,0.31105263157894736,0.8687433004379272
0.016,0.31105263157894736,0.8686710000038147
0.016,0.3121052631578947,0.8685420155525208
0.024,0.3121052631578947,0.8676484227180481
0.024,0.3136842105263158,0.8672643303871155
0.026,0.3136842105263158,0.8671813011169434
0.026,0.3163157894736842,0.8660324811935425
0.03,0.3163157894736842,0.8652182817459106
0.03,0.31842105263157894,0.8642724752426147
0.032,0.31842105263157894,0.8642337918281555
0.032,0.3215789473684211,0.8629887700080872
0.034,0.3215789473684211,0.8629688620567322
0.034,0.34842105263157896,0.8563553094863892
0.036,0.34842105263157896,0.8562248945236206
0.036,0.3526315789473684,0.8543391227722168
0.038,0.3526315789473684,0.8540135622024536
0.038,0.3642105263157895,0.8492517471313477
0.04,0.3642105263157895,0.8489336371421814
0.04,0.4473684210526316,0.7994536757469177
0.042,0.4473684210526316,0.7991549372673035
0.042,0.5068421052631579,0.7666821479797363
0.044,0.5068421052631579,0.7663809061050415
0.044,0.508421052631579,0.7660643458366394
0.046,0.508421052631579,0.7657961249351501
0.046,0.5584210526315789,0.7417934536933899
0.048,0.5584210526315789,0.7412435412406921
0.048,0.5963157894736842,0.7127484083175659
0.05,0.5963157894736842,0.7122775912284851
0.05,0.6042105263157894,0.7045984268188477
0.052,0.6042105263157894,0.7012079954147339
0.052,0.61,0.6901978850364685
0.054,0.61,0.6881738901138306
0.054,0.62,0.6777419447898865
0.056,0.62,0.6771888732910156
0.056,0.6378947368421053,0.6613229513168335
0.058,0.6378947368421053,0.6607958078384399
0.058,0.6394736842105263,0.6597657799720764
0.062,0.6394736842105263,0.6595326662063599
0.062,0.6405263157894737,0.6590587496757507
0.064,0.6405263157894737,0.6589926481246948
0.064,0.6431578947368422,0.6564884781837463
0.066,0.6431578947368422,0.6558105945587158
0.066,0.6436842105263157,0.655708372592926
0.072,0.6436842105263157,0.6552873253822327
0.072,0.6452631578947369,0.6547157168388367
0.074,0.6452631578947369,0.6547073721885681
0.074,0.6457894736842106,0.6537653207778931
0.076,0.6457894736842106,0.6537588238716125
0.076,0.6473684210526316,0.6534367203712463
0.08,0.6473684210526316,0.6525627374649048
0.08,0.6494736842105263,0.6511899828910828
0.082,0.6494736842105263,0.6511375904083252
0.082,0.6631578947368421,0.6424195766448975
0.086,0.6631578947368421,0.6403257846832275
0.086,0.6636842105263158,0.6399349570274353
0.088,0.6636842105263158,0.6394640207290649
0.088,0.6647368421052632,0.6385051012039185
0.092,0.6647368421052632,0.6383110284805298
0.092,0.6757894736842105,0.6274468898773193
0.094,0.6757894736842105,0.6267205476760864
0.094,0.6768421052631579,0.6261847615242004
0.098,0.6768421052631579,0.6257821321487427
0.098,0.6773684210526316,0.6257630586624146
0.102,0.6773684210526316,0.6252076029777527
0.102,0.6789473684210526,0.624432384967804
0.106,0.6789473684210526,0.6234582662582397
0.106,0.6794736842105263,0.6232993602752686
0.108,0.6794736842105263,0.6232948303222656
0.108,0.68,0.6231061220169067
0.112,0.68,0.6227308511734009
0.112,0.6836842105263158,0.6205527186393738
0.114,0.6836842105263158,0.6202360391616821
0.114,0.6852631578947368,0.6176666617393494
0.12,0.6852631578947368,0.6168934106826782
0.12,0.6857894736842105,0.6163405179977417
0.122,0.6857894736842105,0.6157772541046143
0.122,0.6884210526315789,0.612506091594696
0.124,0.6884210526315789,0.6124030947685242
0.124,0.6915789473684211,0.609315037727356
0.128,0.6915789473684211,0.608062207698822
0.128,0.6921052631578948,0.6077892184257507
0.132,0.6921052631578948,0.6044066548347473
0.132,0.6942105263157895,0.600964367389679
0.134,0.6942105263157895,0.5990802645683289
0.134,0.7426315789473684,0.5601818561553955
0.136,0.7426315789473684,0.5599853992462158
0.136,0.7542105263157894,0.5502316355705261
0.138,0.7542105263157894,0.5500512719154358
0.138,0.7557894736842106,0.5474459528923035
0.14,0.7557894736842106,0.5470575094223022
0.14,0.7594736842105263,0.545201301574707
0.142,0.7594736842105263,0.5450917482376099
0.142,0.7657894736842106,0.5385035872459412
0.144,0.7657894736842106,0.5384634733200073
0.144,0.7668421052631579,0.5360963940620422
0.154,0.7668421052631579,0.5297704339027405
0.154,0.7673684210526316,0.529257595539093
0.158,0.7673684210526316,0.5272923111915588
0.158,0.7684210526315789,0.5269026756286621
0.16,0.7684210526315789,0.5264072418212891
0.16,0.771578947368421,0.5232265591621399
0.162,0.771578947368421,0.5230426788330078
0.162,0.7726315789473684,0.5224870443344116
0.164,0.7726315789473684,0.5223501920700073
0.164,0.7747368421052632,0.5195911526679993
0.166,0.7747368421052632,0.5191479921340942
0.166,0.7773684210526316,0.5169916749000549
0.168,0.7773684210526316,0.5166173577308655
0.168,0.7810526315789473,0.5099096298217773
0.172,0.7810526315789473,0.5074270963668823
0.172,0.7821052631578947,0.505090057849884
0.174,0.7821052631578947,0.5050165057182312
0.174,0.7842105263157895,0.5029025077819824
0.178,0.7842105263157895,0.4998989403247833
0.178,0.7852631578947369,0.4967814087867737
0.182,0.7852631578947369,0.4926585853099823
0.182,0.7894736842105263,0.48396047949790955
0.184,0.7894736842105263,0.4837556779384613
0.184,0.7989473684210526,0.4783239960670471
0.186,0.7989473684210526,0.47824567556381226
0.186,0.8089473684210526,0.46796271204948425
0.192,0.8089473684210526,0.46589043736457825
0.192,0.8094736842105263,0.46564817428588867
0.198,0.8094736842105263,0.46479320526123047
0.198,0.81,0.46426883339881897
0.2,0.81,0.46412765979766846
0.2,0.8105263157894737,0.46372586488723755
0.214,0.8105263157894737,0.46147704124450684
0.214,0.8115789473684211,0.4606764316558838
0.226,0.8115789473684211,0.4576680064201355
0.226,0.8126315789473684,0.45611441135406494
0.232,0.8126315789473684,0.45489266514778137
0.232,0.8136842105263158,0.4537425935268402
0.234,0.8136842105263158,0.4527677893638611
0.234,0.8142105263157895,0.45219287276268005
0.242,0.8142105263157895,0.447202205657959
0.242,0.8184210526315789,0.44229400157928467
0.244,0.8184210526315789,0.44197311997413635
0.244,0.8210526315789474,0.4393930733203888
0.246,0.8210526315789474,0.43850845098495483
0.246,0.8221052631578948,0.4367586374282837
0.248,0.8221052631578948,0.43646320700645447
0.248,0.8257894736842105,0.43315231800079346
0.25,0.8257894736842105,0.4328410029411316
0.25,0.828421052631579,0.43022334575653076
0.252,0.828421052631579,0.42853736877441406
0.252,0.8321052631578948,0.42443183064460754
0.254,0.8321052631578948,0.4240293502807617
0.254,0.8426315789473684,0.40912359952926636
0.256,0.8426315789473684,0.40892907977104187
0.256,0.8431578947368421,0.4080149531364441
0.258,0.8431578947368421,0.40721067786216736
0.258,0.8442105263157895,0.40358322858810425
0.26,0.8442105263157895,0.403582364320755
0.26,0.8457894736842105,0.3997720777988434
0.264,0.8457894736842105,0.39482179284095764
0.264,0.848421052631579,0.3922854959964752
0.266,0.848421052631579,0.3914487957954407
0.266,0.8505263157894737,0.389445960521698
0.268,0.8505263157894737,0.38889646530151367
0.268,0.8515789473684211,0.388550341129303
0.27,0.8515789473684211,0.38828518986701965
0.27,0.8521052631578947,0.388268381357193
0.272,0.8521052631578947,0.38807106018066406
0.272,0.8536842105263158,0.3873208165168762
0.274,0.8536842105263158,0.38689976930618286
0.274,0.8547368421052631,0.38646408915519714
0.276,0.8547368421052631,0.3861158788204193
0.276,0.8552631578947368,0.3859580159187317
0.278,0.8552631578947368,0.38552799820899963
0.278,0.8557894736842105,0.384972482919693
0.28,0.8557894736842105,0.38482239842414856
0.28,0.8563157894736843,0.38481011986732483
0.282,0.8563157894736843,0.38479867577552795
0.282,0.8578947368421053,0.3832385540008545
0.284,0.8578947368421053,0.38241109251976013
0.284,0.8589473684210527,0.38129469752311707
0.286,0.8589473684210527,0.3808894157409668
0.286,0.86,0.37929871678352356
0.294,0.86,0.3773113787174225
0.294,0.8621052631578947,0.3757290542125702
0.296,0.8621052631578947,0.37544041872024536
0.296,0.8642105263157894,0.37291428446769714
0.3,0.8642105263157894,0.37109026312828064
0.3,0.87,0.36368775367736816
0.302,0.87,0.3636530041694641
0.302,0.8710526315789474,0.36165088415145874
0.304,0.8710526315789474,0.36055490374565125
0.304,0.8794736842105263,0.3541477918624878
0.306,0.8794736842105263,0.353904664516449
0.306,0.8921052631578947,0.33931878209114075
0.31,0.8921052631578947,0.33876797556877136
0.31,0.8926315789473684,0.3386448919773102
0.312,0.8926315789473684,0.3384178578853607
0.312,0.8931578947368422,0.3383391797542572
0.314,0.8931578947368422,0.33801430463790894
0.314,0.8973684210526316,0.3332878351211548
0.316,0.8973684210526316,0.3330118656158447
0.316,0.8978947368421053,0.33238622546195984
0.324,0.8978947368421053,0.33098870515823364
0.324,0.8984210526315789,0.33096352219581604
0.326,0.8984210526315789,0.3307567834854126
0.326,0.8989473684210526,0.3306107521057129
0.332,0.8989473684210526,0.3293316066265106
0.332,0.8994736842105263,0.3289071321487427
0.334,0.8994736842105263,0.3285084366798401
0.334,0.9,0.3270381987094879
0.34,0.9,0.3226891756057739
0.34,0.9021052631578947,0.32110899686813354
0.342,0.9021052631578947,0.3210199475288391
0.342,0.9068421052631579,0.31680142879486084
0.344,0.9068421052631579,0.3164437711238861
0.344,0.91,0.31202495098114014
0.346,0.91,0.31070154905319214
0.346,0.9105263157894737,0.3102289140224457
0.35,0.9105263157894737,0.3094438314437866
0.35,0.9110526315789473,0.30910900235176086
0.352,0.9110526315789473,0.30824241042137146
0.352,0.9121052631578948,0.30574190616607666
0.36,0.9121052631578948,0.30182164907455444
0.36,0.9189473684210526,0.2919772267341614
0.362,0.9189473684210526,0.29146647453308105
0.362,0.9194736842105263,0.29084959626197815
0.364,0.9194736842105263,0.28878772258758545
0.364,0.92,0.28859567642211914
0.366,0.92,0.2875586450099945
0.366,0.9205263157894736,0.28225699067115784
0.378,0.9205263157894736,0.2802703082561493
0.378,0.9210526315789473,0.27984732389450073
0.38,0.9210526315789473,0.27957990765571594
0.38,0.921578947368421,0.2788929045200348
0.408,0.921578947368421,0.2739194333553314
0.408,0.9221052631578948,0.2737453579902649
0.412,0.9221052631578948,0.2732304632663727
0.412,0.9226315789473685,0.27253997325897217
0.422,0.9226315789473685,0.2685346007347107
0.422,0.9231578947368421,0.2684180438518524
0.424,0.9231578947368421,0.2683861553668976
0.424,0.9236842105263158,0.268282026052475
0.428,0.9236842105263158,0.26798269152641296
0.428,0.9252631578947368,0.2675488293170929
0.434,0.9252631578947368,0.26676318049430847
0.434,0.9257894736842105,0.2666688859462738
0.444,0.9257894736842105,0.2660968005657196
0.444,0.9268421052631579,0.265340119600296
0.448,0.9268421052631579,0.26479974389076233
0.448,0.9284210526315789,0.26313987374305725
0.452,0.9284210526315789,0.26268038153648376
0.452,0.9289473684210526,0.2614360749721527
0.454,0.9289473684210526,0.26095157861709595
0.454,0.9294736842105263,0.2597315013408661
0.462,0.9294736842105263,0.2585870325565338
0.462,0.93,0.2584535777568817
0.468,0.93,0.25766807794570923
0.468,0.9305263157894736,0.2562320828437805
0.486,0.9305263157894736,0.2518739104270935
0.486,0.9321052631578948,0.2489117980003357
0.488,0.9321052631578948,0.2476523220539093
0.488,0.9326315789473684,0.24754609167575836
0.492,0.9326315789473684,0.24507185816764832
0.492,0.9342105263157895,0.2435602992773056
0.494,0.9342105263157895,0.24354399740695953
0.494,0.9426315789473684,0.2337920367717743
0.496,0.9426315789473684,0.23350273072719574
0.496,0.9442105263157895,0.23197485506534576
0.5,0.9442105263157895,0.2306312620639801
0.5,0.9457894736842105,0.2298819124698639
0.506,0.9457894736842105,0.22849375009536743
0.506,0.9463157894736842,0.22804424166679382
0.508,0.9463157894736842,0.2279084324836731
0.508,0.9473684210526315,0.22366148233413696
0.51,0.9473684210526315,0.223347008228302
0.51,0.9484210526315789,0.2206462323665619
0.542,0.9484210526315789,0.20439261198043823
0.542,0.9489473684210527,0.2042902112007141
0.59,0.9489473684210527,0.18041090667247772
0.59,0.9494736842105264,0.1802951991558075
0.606,0.9494736842105264,0.1741154044866562
0.606,0.9505263157894737,0.17008741199970245
0.616,0.9505263157894737,0.16459357738494873
0.616,0.9568421052631579,0.15704993903636932
0.618,0.9568421052631579,0.15696854889392853
0.618,0.9578947368421052,0.15423119068145752
0.624,0.9578947368421052,0.15091866254806519
0.624,0.958421052631579,0.15089212357997894
0.634,0.958421052631579,0.14910949766635895
0.634,0.9589473684210527,0.1483788639307022
0.68,0.9589473684210527,0.12683868408203125
0.68,0.9594736842105264,0.12623709440231323
0.69,0.9594736842105264,0.11661858856678009
0.69,0.96,0.11505027115345001
0.692,0.96,0.11502105742692947
0.692,0.9615789473684211,0.10467008501291275
0.7,0.9615789473684211,0.09813284873962402
0.7,0.9642105263157895,0.09593754261732101
0.702,0.9642105263157895,0.09584299474954605
0.702,0.9694736842105263,0.09110946953296661
0.708,0.9694736842105263,0.0908297747373581
0.708,0.97,0.0907505601644516
0.718,0.97,0.09018845111131668
0.718,0.9705263157894737,0.08992882817983627
0.73,0.9705263157894737,0.08766023814678192
0.73,0.9715789473684211,0.08592068403959274
0.742,0.9715789473684211,0.08043061196804047
0.742,0.9726315789473684,0.07755135744810104
0.774,0.9726315789473684,0.07337450981140137
0.774,0.9731578947368421,0.07309269160032272
0.776,0.9731578947368421,0.0712684765458107
0.776,0.9736842105263158,0.07120141386985779
0.78,0.9736842105263158,0.07060956209897995
0.78,0.9789473684210527,0.06538120657205582
0.788,0.9789473684210527,0.06494688242673874
0.788,0.9794736842105263,0.06490880995988846
0.792,0.9794736842105263,0.06482863426208496
0.792,0.9805263157894737,0.06441420316696167
0.796,0.9805263157894737,0.0643378347158432
0.796,0.9810526315789474,0.06432120501995087
0.8,0.9810526315789474,0.06406146287918091
0.8,0.9815789473684211,0.06397179514169693
0.804,0.9815789473684211,0.0637001022696495
0.804,0.9821052631578947,0.0636870414018631
0.81,0.9821052631578947,0.06289512664079666
0.81,0.9826315789473684,0.06273841857910156
0.818,0.9826315789473684,0.059880830347537994
0.818,0.9836842105263158,0.0560714490711689
0.824,0.9836842105263158,0.054237838834524155
0.824,0.9847368421052631,0.054134760051965714
0.832,0.9847368421052631,0.053902022540569305
0.832,0.9852631578947368,0.0538966991007328
0.838,0.9852631578947368,0.05380890890955925
0.838,0.9868421052631579,0.05374054238200188
0.84,0.9868421052631579,0.05350499972701073
0.84,0.9873684210526316,0.05344860628247261
0.842,0.9873684210526316,0.05339590832591057
0.842,0.9889473684210527,0.053001005202531815
0.844,0.9889473684210527,0.052987292408943176
0.844,0.9894736842105263,0.05284012481570244
0.846,0.9894736842105263,0.0528043732047081
0.846,0.9905263157894737,0.05256710574030876
0.848,0.9905263157894737,0.052452340722084045
0.848,0.9910526315789474,0.05230947583913803
0.854,0.9910526315789474,0.050939157605171204
0.854,0.9989473684210526,0.04760242998600006
0.874,0.9989473684210526,0.04575959965586662
0.874,0.9994736842105263,0.04573396220803261
0.878,0.9994736842105263,0.045301493257284164
0.878,1.0,0.045265644788742065
1.0,1.0,0.016255510970950127
