FPR,TPR,Threshold
0.0,0.0,1.996886670589447
0.0,0.0005263157894736842,0.996886670589447
0.0,0.01,0.9966351389884949
0.0,0.012105263157894737,0.9966206550598145
0.0,0.06842105263157895,0.9937924742698669
0.0,0.06947368421052631,0.9937635064125061
0.0,0.15736842105263157,0.9876723885536194
0.0,0.15842105263157893,0.9876644015312195
0.0,0.5989473684210527,0.9115736484527588
0.0,0.6,0.9115027785301208
0.0,0.75,0.8452475070953369
0.002,0.75,0.8450793027877808
0.002,0.7547368421052632,0.8433606624603271
0.004,0.7547368421052632,0.8432623744010925
0.004,0.7573684210526316,0.8424593210220337
0.01,0.7573684210526316,0.842303454875946
0.01,0.7578947368421053,0.8421772122383118
0.012,0.7578947368421053,0.842014729976654
0.012,0.758421052631579,0.8418811559677124
0.014,0.758421052631579,0.8417302966117859
0.014,0.7589473684210526,0.8410106301307678
0.018,0.7589473684210526,0.8407371044158936
0.018,0.7605263157894737,0.8402836918830872
0.02,0.7605263157894737,0.840265154838562
0.02,0.7642105263157895,0.837633490562439
0.022,0.7642105263157895,0.8373136520385742
0.022,0.7684210526315789,0.8335660696029663
0.024,0.7684210526315789,0.8334841132164001
0.024,0.7689473684210526,0.8328448534011841
0.026,0.7689473684210526,0.832226037979126
0.026,0.7926315789473685,0.8216789960861206
0.028,0.7926315789473685,0.82160884141922
0.028,0.7936842105263158,0.8201320171356201
0.032,0.7936842105263158,0.8193605542182922
0.032,0.7942105263157895,0.8189546465873718
0.034,0.7942105263157895,0.8188826441764832
0.034,0.7947368421052632,0.8184969425201416
0.038,0.7947368421052632,0.8181560635566711
0.038,0.7957894736842105,0.8177822232246399
0.04,0.7957894736842105,0.8177671432495117
0.04,0.7968421052631579,0.8175119161605835
0.042,0.7968421052631579,0.8172781467437744
0.042,0.7973684210526316,0.8171873688697815
0.046,0.7973684210526316,0.8164368271827698
0.046,0.8015789473684211,0.8149193525314331
0.048,0.8015789473684211,0.8149059414863586
0.048,0.8031578947368421,0.8143877983093262
0.05,0.8031578947368421,0.814191997051239
0.05,0.8057894736842105,0.8107248544692993
0.052,0.8057894736842105,0.809881329536438
0.052,0.8073684210526316,0.809367835521698
0.054,0.8073684210526316,0.8088827133178711
0.054,0.81,0.8073262572288513
0.056,0.81,0.8059260249137878
0.056,0.8394736842105263,0.7803025245666504
0.058,0.8394736842105263,0.7802565097808838
0.058,0.8521052631578947,0.7617168426513672
0.06,0.8521052631578947,0.7617068290710449
0.06,0.8568421052631578,0.7571574449539185
0.062,0.8568421052631578,0.7563347220420837
0.062,0.8657894736842106,0.7400451302528381
0.064,0.8657894736842106,0.7392589449882507
0.064,0.8668421052631579,0.7366413474082947
0.066,0.8668421052631579,0.736228346824646
0.066,0.868421052631579,0.7338628172874451
0.068,0.868421052631579,0.7325893640518188
0.068,0.8694736842105263,0.7319535613059998
0.07,0.8694736842105263,0.731658935546875
0.07,0.87,0.7312130331993103
0.074,0.87,0.7303256988525391
0.074,0.8705263157894737,0.73016357421875
0.076,0.8705263157894737,0.7298285961151123
0.076,0.8710526315789474,0.7297461032867432
0.09,0.8710526315789474,0.7274779081344604
0.09,0.871578947368421,0.7270138263702393
0.094,0.871578947368421,0.7242304086685181
0.094,0.8726315789473684,0.7209869027137756
0.096,0.8726315789473684,0.7208712697029114
0.096,0.8831578947368421,0.707704484462738
0.098,0.8831578947368421,0.7075049877166748
0.098,0.8857894736842106,0.6963387727737427
0.1,0.8857894736842106,0.6957294344902039
0.1,0.8921052631578947,0.6869776248931885
0.102,0.8921052631578947,0.6865429878234863
0.102,0.8963157894736842,0.6799160838127136
0.104,0.8963157894736842,0.6796773076057434
0.104,0.901578947368421,0.6702885031700134
0.106,0.901578947368421,0.6690554618835449
0.106,0.9026315789473685,0.6636435389518738
0.11,0.9026315789473685,0.6619859933853149
0.11,0.9036842105263158,0.6543857455253601
0.126,0.9036842105263158,0.6483287215232849
0.126,0.9042105263157895,0.6468902826309204
0.128,0.9042105263157895,0.646501898765564
0.128,0.9047368421052632,0.6460844278335571
0.13,0.9047368421052632,0.6451141834259033
0.13,0.9052631578947369,0.644269585609436
0.134,0.9052631578947369,0.6419918537139893
0.134,0.9063157894736842,0.6394029259681702
0.166,0.9063157894736842,0.6228690147399902
0.166,0.9068421052631579,0.6227023005485535
0.172,0.9068421052631579,0.6198602318763733
0.172,0.9073684210526316,0.6197322010993958
0.194,0.9073684210526316,0.6177396774291992
0.194,0.9078947368421053,0.6174463033676147
0.198,0.9078947368421053,0.6171169877052307
0.198,0.9089473684210526,0.6166625618934631
0.2,0.9089473684210526,0.6162580847740173
0.2,0.9094736842105263,0.6160566806793213
0.204,0.9094736842105263,0.6156409978866577
0.204,0.9105263157894737,0.6150264143943787
0.21,0.9105263157894737,0.6147419810295105
0.21,0.9110526315789473,0.6147406697273254
0.212,0.9110526315789473,0.6141763925552368
0.212,0.9121052631578948,0.6135749220848083
0.214,0.9121052631578948,0.6134616136550903
0.214,0.9147368421052632,0.6096471548080444
0.216,0.9147368421052632,0.6089161038398743
0.216,0.9152631578947369,0.60813307762146
0.22,0.9152631578947369,0.6075857281684875
0.22,0.9205263157894736,0.6027904748916626
0.222,0.9205263157894736,0.6026217937469482
0.222,0.9210526315789473,0.6022419333457947
0.226,0.9210526315789473,0.6000863313674927
0.226,0.9226315789473685,0.5948655009269714
0.23,0.9226315789473685,0.5907975435256958
0.23,0.9231578947368421,0.5897665619850159
0.24,0.9231578947368421,0.5883468985557556
0.24,0.9236842105263158,0.587693452835083
0.242,0.9236842105263158,0.5876513123512268
0.242,0.9242105263157895,0.5875875353813171
0.244,0.9242105263157895,0.587228000164032
0.244,0.9247368421052632,0.5863866209983826
0.25,0.9247368421052632,0.584602952003479
0.25,0.9252631578947368,0.5815984606742859
0.254,0.9252631578947368,0.5801845192909241
0.254,0.9278947368421052,0.574807345867157
0.256,0.9278947368421052,0.5747965574264526
0.256,0.93,0.5735417604446411
0.258,0.93,0.5731990337371826
0.258,0.9305263157894736,0.5717431902885437
0.26,0.9305263157894736,0.5714309811592102
0.26,0.9331578947368421,0.5607307553291321
0.262,0.9331578947368421,0.5585192441940308
0.262,0.94,0.5464855432510376
0.264,0.94,0.5459708571434021
0.264,0.9410526315789474,0.5450909733772278
0.266,0.9410526315789474,0.5448022484779358
0.266,0.9457894736842105,0.5320101976394653
0.268,0.9457894736842105,0.5253324508666992
0.268,0.9463157894736842,0.5214380025863647
0.274,0.9463157894736842,0.49962714314460754
0.274,0.9468421052631579,0.494271457195282
0.298,0.9468421052631579,0.47977134585380554
0.298,0.9478947368421052,0.47876957058906555
0.3,0.9478947368421052,0.4782005846500397
0.3,0.9484210526315789,0.47622165083885193
0.302,0.9484210526315789,0.4760829210281372
0.302,0.9489473684210527,0.4759485125541687
0.304,0.9489473684210527,0.47588106989860535
0.304,0.9515789473684211,0.47334057092666626
0.306,0.9515789473684211,0.47263336181640625
0.306,0.9526315789473684,0.47049680352211
0.308,0.9526315789473684,0.4700479805469513
0.308,0.9531578947368421,0.46977460384368896
0.316,0.9531578947368421,0.4669688642024994
0.316,0.9547368421052631,0.46485063433647156
0.322,0.9547368421052631,0.45643043518066406
0.322,0.9552631578947368,0.4540814459323883
0.324,0.9552631578947368,0.4535619020462036
0.324,0.9563157894736842,0.45325687527656555
0.336,0.9563157894736842,0.4420448839664459
0.336,0.9568421052631579,0.44159066677093506
0.352,0.9568421052631579,0.43653425574302673
0.352,0.9573684210526315,0.43639644980430603
0.372,0.9573684210526315,0.43446049094200134
0.372,0.9578947368421052,0.4340650737285614
0.378,0.9578947368421052,0.43286433815956116
0.378,0.958421052631579,0.4325116276741028
0.386,0.958421052631579,0.4317173957824707
0.386,0.9589473684210527,0.43170544505119324
0.388,0.9589473684210527,0.43166038393974304
0.388,0.9594736842105264,0.4316231608390808
0.392,0.9594736842105264,0.4306242763996124
0.392,0.96,0.4305631220340729
0.4,0.96,0.4285324811935425
0.4,0.9610526315789474,0.42702722549438477
0.404,0.9610526315789474,0.42559921741485596
0.404,0.9615789473684211,0.42514434456825256
0.422,0.9615789473684211,0.41567355394363403
0.422,0.9621052631578947,0.41457268595695496
0.426,0.9621052631578947,0.41324087977409363
0.426,0.9626315789473684,0.41317427158355713
0.448,0.9626315789473684,0.4027401804924011
0.448,0.9631578947368421,0.4019777476787567
0.45,0.9631578947368421,0.39986684918403625
0.45,0.9636842105263158,0.39876604080200195
0.452,0.9636842105263158,0.3966652750968933
0.452,0.9642105263157895,0.39572638273239136
0.454,0.9642105263157895,0.39562830328941345
0.454,0.9678947368421053,0.39009732007980347
0.456,0.9678947368421053,0.38923561573028564
0.456,0.9710526315789474,0.37767910957336426
0.462,0.9710526315789474,0.3715876042842865
0.462,0.9715789473684211,0.3710263669490814
0.464,0.9715789473684211,0.3685242235660553
0.464,0.9726315789473684,0.36192891001701355
0.466,0.9726315789473684,0.35619744658470154
0.466,0.9731578947368421,0.35272252559661865
0.468,0.9731578947368421,0.3495827913284302
0.468,0.9736842105263158,0.3483833074569702
0.492,0.9736842105263158,0.33461809158325195
0.492,0.9747368421052631,0.33247482776641846
0.518,0.9747368421052631,0.32341882586479187
0.518,0.9757894736842105,0.32155632972717285
0.52,0.9757894736842105,0.32095304131507874
0.52,0.9763157894736842,0.31960251927375793
0.612,0.9763157894736842,0.279581755399704
0.612,0.9768421052631578,0.27936503291130066
0.62,0.9768421052631578,0.2718158960342407
0.62,0.9773684210526316,0.2692916691303253
0.622,0.9773684210526316,0.26809239387512207
0.622,0.978421052631579,0.26413196325302124
0.624,0.978421052631579,0.2624630928039551
0.624,0.9794736842105263,0.260576993227005
0.626,0.9794736842105263,0.25966477394104004
0.626,0.98,0.2596565783023834
0.628,0.98,0.25954803824424744
0.628,0.9810526315789474,0.25717681646347046
0.63,0.9810526315789474,0.25708168745040894
0.63,0.9821052631578947,0.25680047273635864
0.632,0.9821052631578947,0.2567574381828308
0.632,0.9826315789473684,0.25672706961631775
0.638,0.9826315789473684,0.2560306489467621
0.638,0.9831578947368421,0.2558925151824951
0.646,0.9831578947368421,0.2552586495876312
0.646,0.9836842105263158,0.2542605400085449
0.648,0.9836842105263158,0.2537025809288025
0.648,0.9842105263157894,0.2534651756286621
0.656,0.9842105263157894,0.2516390383243561
0.656,0.9847368421052631,0.25060638785362244
0.658,0.9847368421052631,0.2490662783384323
0.658,0.9857894736842105,0.24553611874580383
0.668,0.9857894736842105,0.2347393035888672
0.668,0.9863157894736843,0.22890624403953552
0.68,0.9863157894736843,0.2170632779598236
0.68,0.9868421052631579,0.21599721908569336
0.736,0.9868421052631579,0.18287339806556702
0.736,0.9873684210526316,0.17476262152194977
0.744,0.9873684210526316,0.16644898056983948
0.744,0.9878947368421053,0.1662670522928238
0.746,0.9878947368421053,0.1646268516778946
0.746,0.988421052631579,0.16437950730323792
0.748,0.988421052631579,0.16392143070697784
0.748,0.9894736842105263,0.16300325095653534
0.804,0.9894736842105263,0.11475381255149841
0.804,0.99,0.11343922466039658
0.808,0.99,0.11307452619075775
0.808,0.9910526315789474,0.11252493411302567
0.814,0.9910526315789474,0.1113995611667633
0.814,0.9931578947368421,0.11070836335420609
0.816,0.9931578947368421,0.11058111488819122
0.816,0.9963157894736843,0.10539797693490982
0.856,0.9963157894736843,0.09552322328090668
0.856,0.9968421052631579,0.09552290290594101
0.908,0.9968421052631579,0.08937534689903259
0.908,0.9973684210526316,0.08806723356246948
0.93,0.9973684210526316,0.07133688777685165
0.93,1.0,0.06615649163722992
1.0,1.0,0.03216785937547684
