FPR,TPR,Threshold
0.0,0.0,1.9956515431404114
0.0,0.0005263157894736842,0.9956515431404114
0.0,0.23,0.9643068909645081
0.002,0.23,0.9642982482910156
0.002,0.2331578947368421,0.9638864398002625
0.004,0.2331578947368421,0.9638040065765381
0.004,0.2336842105263158,0.9635955691337585
0.008,0.2336842105263158,0.963384747505188
0.008,0.23473684210526316,0.96328204870224
0.016,0.23473684210526316,0.9630008339881897
0.016,0.23578947368421052,0.9628908634185791
0.018,0.23578947368421052,0.962888240814209
0.018,0.2373684210526316,0.9624490737915039
0.022,0.2373684210526316,0.9622227549552917
0.022,0.24157894736842106,0.9607884287834167
0.026,0.24157894736842106,0.9606994986534119
0.026,0.26842105263157895,0.9560373425483704
0.028,0.26842105263157895,0.955678403377533
0.028,0.30894736842105264,0.9489266872406006
0.03,0.30894736842105264,0.9488579034805298
0.03,0.3736842105263158,0.9370917081832886
0.032,0.3736842105263158,0.9368806481361389
0.032,0.3821052631578947,0.9332368969917297
0.034,0.3821052631578947,0.9330572485923767
0.034,0.42157894736842105,0.9280083775520325
0.036,0.42157894736842105,0.9280038475990295
0.036,0.4305263157894737,0.9271420836448669
0.038,0.4305263157894737,0.9270551800727844
0.038,0.44263157894736843,0.9251527786254883
0.04,0.44263157894736843,0.9249245524406433
0.04,0.56,0.882141649723053
0.042,0.56,0.8818951845169067
0.042,0.5721052631578948,0.8787264823913574
0.044,0.5721052631578948,0.8787257671356201
0.044,0.5763157894736842,0.8779411315917969
0.046,0.5763157894736842,0.8778921365737915
0.046,0.5810526315789474,0.8771764039993286
0.048,0.5810526315789474,0.8769149780273438
0.048,0.5831578947368421,0.8766246438026428
0.05,0.5831578947368421,0.8765245079994202
0.05,0.5857894736842105,0.8760953545570374
0.052,0.5857894736842105,0.876073956489563
0.052,0.5889473684210527,0.8756510019302368
0.054,0.5889473684210527,0.8754310607910156
0.054,0.5894736842105263,0.875323474407196
0.056,0.5894736842105263,0.87531977891922
0.056,0.59,0.8752410411834717
0.06,0.59,0.8748931884765625
0.06,0.5910526315789474,0.8747038841247559
0.062,0.5910526315789474,0.8745415806770325
0.062,0.598421052631579,0.8729722499847412
0.064,0.598421052631579,0.8728192448616028
0.064,0.6021052631578947,0.871936023235321
0.066,0.6021052631578947,0.8715963959693909
0.066,0.6242105263157894,0.8564730286598206
0.068,0.6242105263157894,0.856204092502594
0.068,0.6426315789473684,0.842561662197113
0.07,0.6426315789473684,0.8423780202865601
0.07,0.6431578947368422,0.8422445058822632
0.072,0.6431578947368422,0.8418372273445129
0.072,0.6457894736842106,0.8409731984138489
0.074,0.6457894736842106,0.8409507274627686
0.074,0.6505263157894737,0.8395096659660339
0.078,0.6505263157894737,0.8394304513931274
0.078,0.6510526315789473,0.8392252922058105
0.08,0.6510526315789473,0.839070737361908
0.08,0.6526315789473685,0.8386446833610535
0.084,0.6526315789473685,0.8381648063659668
0.084,0.6536842105263158,0.8376978635787964
0.088,0.6536842105263158,0.8375669121742249
0.088,0.6547368421052632,0.8374730944633484
0.09,0.6547368421052632,0.8373980522155762
0.09,0.6673684210526316,0.8330551385879517
0.092,0.6673684210526316,0.8328165411949158
0.092,0.6684210526315789,0.8327849507331848
0.094,0.6684210526315789,0.8327800035476685
0.094,0.67,0.8319090604782104
0.096,0.67,0.8317976593971252
0.096,0.6705263157894736,0.8317604660987854
0.098,0.6705263157894736,0.8316500782966614
0.098,0.6794736842105263,0.8295884132385254
0.1,0.6794736842105263,0.8295734524726868
0.1,0.6821052631578948,0.8282541632652283
0.102,0.6821052631578948,0.8282187581062317
0.102,0.6831578947368421,0.8273395299911499
0.108,0.6831578947368421,0.8258287310600281
0.108,0.6836842105263158,0.825461208820343
0.11,0.6836842105263158,0.8253486156463623
0.11,0.6847368421052632,0.8248401880264282
0.112,0.6847368421052632,0.8245401382446289
0.112,0.6863157894736842,0.8243560791015625
0.116,0.6863157894736842,0.8238707184791565
0.116,0.6868421052631579,0.8236928582191467
0.118,0.6868421052631579,0.8235812187194824
0.118,0.6873684210526316,0.8235422968864441
0.12,0.6873684210526316,0.8231852054595947
0.12,0.6926315789473684,0.8198685646057129
0.122,0.6926315789473684,0.8198162317276001
0.122,0.6942105263157895,0.8186468482017517
0.124,0.6942105263157895,0.8185202479362488
0.124,0.7131578947368421,0.8065887689590454
0.126,0.7131578947368421,0.8064002990722656
0.126,0.7157894736842105,0.8033925890922546
0.128,0.7157894736842105,0.8030093312263489
0.128,0.7178947368421053,0.8018758893013
0.13,0.7178947368421053,0.8008832335472107
0.13,0.7273684210526316,0.7889561057090759
0.132,0.7273684210526316,0.7879599928855896
0.132,0.7357894736842105,0.7836347222328186
0.136,0.7357894736842105,0.782441258430481
0.136,0.7363157894736843,0.7824295163154602
0.138,0.7363157894736843,0.7812760472297668
0.138,0.7373684210526316,0.7805965542793274
0.14,0.7373684210526316,0.780361533164978
0.14,0.738421052631579,0.7789503931999207
0.146,0.738421052631579,0.7781839966773987
0.146,0.7394736842105263,0.7774606943130493
0.148,0.7394736842105263,0.7769464254379272
0.148,0.74,0.7766825556755066
0.156,0.74,0.7762380242347717
0.156,0.7405263157894737,0.7761847376823425
0.162,0.7405263157894737,0.7756167054176331
0.162,0.741578947368421,0.7754184007644653
0.164,0.741578947368421,0.7751950025558472
0.164,0.7457894736842106,0.7723141312599182
0.166,0.7457894736842106,0.7718544602394104
0.166,0.7463157894736843,0.7717604041099548
0.168,0.7463157894736843,0.7713186144828796
0.168,0.7468421052631579,0.7710095047950745
0.184,0.7468421052631579,0.7684767842292786
0.184,0.7478947368421053,0.7675328254699707
0.186,0.7478947368421053,0.7674912214279175
0.186,0.748421052631579,0.7670455574989319
0.192,0.748421052631579,0.7662745118141174
0.192,0.75,0.7649728655815125
0.194,0.75,0.7633528709411621
0.194,0.7510526315789474,0.7628090381622314
0.196,0.7510526315789474,0.7627763152122498
0.196,0.7573684210526316,0.7560442686080933
0.2,0.7573684210526316,0.755435049533844
0.2,0.758421052631579,0.753779947757721
0.202,0.758421052631579,0.7517848610877991
0.202,0.76,0.7504991292953491
0.204,0.76,0.7500296235084534
0.204,0.7647368421052632,0.7440372705459595
0.206,0.7647368421052632,0.7437217235565186
0.206,0.79,0.725627601146698
0.208,0.79,0.7252280116081238
0.208,0.7921052631578948,0.7240692973136902
0.21,0.7921052631578948,0.7223918437957764
0.21,0.7968421052631579,0.7155948877334595
0.212,0.7968421052631579,0.7150959968566895
0.212,0.7994736842105263,0.7132624387741089
0.214,0.7994736842105263,0.7127611637115479
0.214,0.8068421052631579,0.705537736415863
0.218,0.8068421052631579,0.7023209929466248
0.218,0.8115789473684211,0.6956335306167603
0.22,0.8115789473684211,0.6932305693626404
0.22,0.8252631578947368,0.6739651560783386
0.222,0.8252631578947368,0.6731184124946594
0.222,0.83,0.6668280363082886
0.224,0.83,0.6661364436149597
0.224,0.8347368421052631,0.661018431186676
0.226,0.8347368421052631,0.6608585119247437
0.226,0.8426315789473684,0.654980480670929
0.228,0.8426315789473684,0.6547476053237915
0.228,0.8542105263157894,0.6483062505722046
0.23,0.8542105263157894,0.6481651663780212
0.23,0.8547368421052631,0.6469221711158752
0.232,0.8547368421052631,0.6462165713310242
0.232,0.8578947368421053,0.6449191570281982
0.234,0.8578947368421053,0.6448665857315063
0.234,0.8610526315789474,0.6421165466308594
0.236,0.8610526315789474,0.6420533657073975
0.236,0.8642105263157894,0.6370557546615601
0.238,0.8642105263157894,0.6363665461540222
0.238,0.8647368421052631,0.636163055896759
0.244,0.8647368421052631,0.6339952945709229
0.244,0.8668421052631579,0.6292341351509094
0.25,0.8668421052631579,0.6283205151557922
0.25,0.8678947368421053,0.6273555755615234
0.256,0.8678947368421053,0.6252034306526184
0.256,0.868421052631579,0.6247479915618896
0.262,0.868421052631579,0.6228445768356323
0.262,0.8694736842105263,0.6219894289970398
0.264,0.8694736842105263,0.6219258308410645
0.264,0.87,0.6216371655464172
0.266,0.87,0.6211729049682617
0.266,0.8778947368421053,0.6094321012496948
0.268,0.8778947368421053,0.6082926392555237
0.268,0.881578947368421,0.5969523787498474
0.27,0.881578947368421,0.5945749282836914
0.27,0.8821052631578947,0.5927585959434509
0.272,0.8821052631578947,0.5925443172454834
0.272,0.8842105263157894,0.5884345173835754
0.274,0.8842105263157894,0.5881443023681641
0.274,0.8857894736842106,0.5869292616844177
0.278,0.8857894736842106,0.5859752893447876
0.278,0.8863157894736842,0.5855790972709656
0.284,0.8863157894736842,0.584502100944519
0.284,0.8873684210526316,0.5836389064788818
0.292,0.8873684210526316,0.5816115736961365
0.292,0.8878947368421053,0.5815849900245667
0.294,0.8878947368421053,0.5814878344535828
0.294,0.8894736842105263,0.5806196331977844
0.296,0.8894736842105263,0.5798685550689697
0.296,0.8910526315789473,0.5785222053527832
0.3,0.8910526315789473,0.5783953666687012
0.3,0.8921052631578947,0.5779758095741272
0.316,0.8921052631578947,0.5716454982757568
0.316,0.8931578947368422,0.5705599784851074
0.32,0.8931578947368422,0.5700786709785461
0.32,0.8936842105263157,0.5678223371505737
0.33,0.8936842105263157,0.5655096173286438
0.33,0.8942105263157895,0.5632472038269043
0.334,0.8942105263157895,0.5623928904533386
0.334,0.8947368421052632,0.5623066425323486
0.346,0.8947368421052632,0.5587337017059326
0.346,0.9,0.5526317954063416
0.348,0.9,0.5516726970672607
0.348,0.9010526315789473,0.5508509278297424
0.352,0.9010526315789473,0.549183189868927
0.352,0.9031578947368422,0.5456638932228088
0.354,0.9031578947368422,0.5432546138763428
0.354,0.9042105263157895,0.5429105758666992
0.356,0.9042105263157895,0.5408245325088501
0.356,0.9057894736842105,0.5391522645950317
0.36,0.9057894736842105,0.5381971001625061
0.36,0.9063157894736842,0.5377470850944519
0.362,0.9063157894736842,0.536183774471283
0.362,0.9068421052631579,0.5355148315429688
0.364,0.9068421052631579,0.5351801514625549
0.364,0.9073684210526316,0.5348252654075623
0.37,0.9073684210526316,0.5334034562110901
0.37,0.91,0.5318269729614258
0.372,0.91,0.5318230986595154
0.372,0.9105263157894737,0.5317063331604004
0.376,0.9105263157894737,0.5309460163116455
0.376,0.9121052631578948,0.5301299691200256
0.378,0.9121052631578948,0.5300942063331604
0.378,0.9131578947368421,0.5288280844688416
0.38,0.9131578947368421,0.5285555124282837
0.38,0.9142105263157895,0.5279400944709778
0.382,0.9142105263157895,0.5246524214744568
0.382,0.9178947368421052,0.5217201709747314
0.39,0.9178947368421052,0.5193981528282166
0.39,0.9184210526315789,0.5181620717048645
0.392,0.9184210526315789,0.5178768634796143
0.392,0.9231578947368421,0.5102065801620483
0.394,0.9231578947368421,0.5099610090255737
0.394,0.9242105263157895,0.5080426931381226
0.398,0.9242105263157895,0.5071502327919006
0.398,0.9247368421052632,0.507067859172821
0.404,0.9247368421052632,0.5055015683174133
0.404,0.9278947368421052,0.5037181377410889
0.42,0.9278947368421052,0.5022227764129639
0.42,0.9284210526315789,0.5022208094596863
0.424,0.9284210526315789,0.5011943578720093
0.424,0.9294736842105263,0.5010223984718323
0.43,0.9294736842105263,0.5002925395965576
0.43,0.93,0.500209391117096
0.436,0.93,0.4998313784599304
0.436,0.9305263157894736,0.4997115731239319
0.438,0.9305263157894736,0.49941015243530273
0.438,0.9310526315789474,0.49881502985954285
0.44,0.9310526315789474,0.49837708473205566
0.44,0.9326315789473684,0.4942401051521301
0.448,0.9326315789473684,0.49235403537750244
0.448,0.9331578947368421,0.48998844623565674
0.45,0.9331578947368421,0.48876577615737915
0.45,0.9342105263157895,0.4852638244628906
0.456,0.9342105263157895,0.4798567295074463
0.456,0.9347368421052632,0.4793912172317505
0.464,0.9347368421052632,0.47579097747802734
0.464,0.9357894736842105,0.4736610949039459
0.466,0.9357894736842105,0.4729127287864685
0.466,0.9363157894736842,0.4721609652042389
0.468,0.9363157894736842,0.47198933362960815
0.468,0.9368421052631579,0.471409410238266
0.478,0.9368421052631579,0.4687230587005615
0.478,0.9373684210526316,0.46819570660591125
0.486,0.9373684210526316,0.46586135029792786
0.486,0.9389473684210526,0.46047502756118774
0.498,0.9389473684210526,0.44815725088119507
0.498,0.9394736842105263,0.44106799364089966
0.506,0.9394736842105263,0.4299103617668152
0.506,0.9405263157894737,0.42881739139556885
0.528,0.9405263157894737,0.4179391860961914
0.528,0.9410526315789474,0.4169328212738037
0.534,0.9410526315789474,0.41513434052467346
0.534,0.9415789473684211,0.41463175415992737
0.546,0.9415789473684211,0.4075232148170471
0.546,0.9431578947368421,0.4037909209728241
0.55,0.9431578947368421,0.40292513370513916
0.55,0.9436842105263158,0.4023394286632538
0.554,0.9436842105263158,0.3981330990791321
0.554,0.9447368421052632,0.3956471383571625
0.56,0.9447368421052632,0.394311785697937
0.56,0.9457894736842105,0.3937450051307678
0.57,0.9457894736842105,0.39078930020332336
0.57,0.9505263157894737,0.3825553059577942
0.572,0.9505263157894737,0.38252711296081543
0.572,0.9531578947368421,0.3752167522907257
0.574,0.9531578947368421,0.3729729950428009
0.574,0.9536842105263158,0.3704679608345032
0.578,0.9536842105263158,0.3683401644229889
0.578,0.9542105263157895,0.36659666895866394
0.624,0.9542105263157895,0.356169193983078
0.624,0.9547368421052631,0.35571640729904175
0.646,0.9547368421052631,0.32607302069664
0.646,0.9552631578947368,0.32404202222824097
0.66,0.9552631578947368,0.2902850806713104
0.66,0.9573684210526315,0.26354265213012695
0.662,0.9573684210526315,0.26336756348609924
0.662,0.9605263157894737,0.2531082034111023
0.664,0.9605263157894737,0.25304892659187317
0.664,0.9621052631578947,0.2526496648788452
0.666,0.9621052631578947,0.2523149847984314
0.666,0.9642105263157895,0.24689263105392456
0.668,0.9642105263157895,0.24687090516090393
0.668,0.9647368421052631,0.24681128561496735
0.702,0.9647368421052631,0.23396408557891846
0.702,0.9652631578947368,0.2327549308538437
0.708,0.9652631578947368,0.2214144766330719
0.708,0.9657894736842105,0.21136914193630219
0.762,0.9657894736842105,0.1844100058078766
0.762,0.966842105263158,0.17592647671699524
0.766,0.966842105263158,0.17211663722991943
0.766,0.9678947368421053,0.17106330394744873
0.768,0.9678947368421053,0.1705576330423355
0.768,0.9726315789473684,0.16603325307369232
0.77,0.9726315789473684,0.1656254678964615
0.77,0.9752631578947368,0.16232743859291077
0.778,0.9752631578947368,0.1563120037317276
0.778,0.9757894736842105,0.15548691153526306
0.806,0.9757894736842105,0.14687946438789368
0.806,0.9863157894736843,0.13830958306789398
0.808,0.9863157894736843,0.13824094831943512
0.808,0.99,0.1371225118637085
0.814,0.99,0.13064497709274292
0.814,0.9910526315789474,0.127470001578331
0.828,0.9910526315789474,0.12151205539703369
0.828,0.991578947368421,0.12144248187541962
0.838,0.991578947368421,0.11929215490818024
0.838,0.9921052631578947,0.1192353293299675
0.85,0.9921052631578947,0.11795838922262192
0.85,0.9926315789473684,0.1168157234787941
0.854,0.9926315789473684,0.11612866818904877
0.854,0.9931578947368421,0.11604326963424683
0.856,0.9931578947368421,0.11587291955947876
0.856,0.9947368421052631,0.11296629905700684
0.888,0.9947368421052631,0.1016065776348114
0.888,0.9952631578947368,0.10101001709699631
0.894,0.9952631578947368,0.09833568334579468
0.894,0.9957894736842106,0.09723734110593796
0.896,0.9957894736842106,0.09700749069452286
0.896,0.9978947368421053,0.09381037205457687
0.898,0.9978947368421053,0.0923953652381897
0.898,1.0,0.08718126267194748
1.0,1.0,0.03340410813689232
