FPR,TPR,Threshold
0.0,0.0,1.9634916186332703
0.0,0.0009615384615384616,0.9634916186332703
0.0,0.03653846153846154,0.9262862801551819
0.0007352941176470588,0.03653846153846154,0.9254786968231201
0.0007352941176470588,0.038461538461538464,0.9250890016555786
0.0029411764705882353,0.038461538461538464,0.9235779047012329
0.0029411764705882353,0.03942307692307692,0.9231745004653931
0.003676470588235294,0.03942307692307692,0.9227099418640137
0.003676470588235294,0.04038461538461539,0.9225361347198486
0.004411764705882353,0.04038461538461539,0.9223023056983948
0.004411764705882353,0.04326923076923077,0.9203113913536072
0.005147058823529412,0.04326923076923077,0.9202350974082947
0.005147058823529412,0.05480769230769231,0.916659951210022
0.007352941176470588,0.05480769230769231,0.9136084318161011
0.007352941176470588,0.06442307692307692,0.9029215574264526
0.008088235294117648,0.06442307692307692,0.902265727519989
0.008088235294117648,0.06538461538461539,0.9021691679954529
0.008823529411764706,0.06538461538461539,0.9009720087051392
0.008823529411764706,0.06826923076923076,0.8982019424438477
0.009558823529411765,0.06826923076923076,0.8975671529769897
0.009558823529411765,0.06923076923076923,0.8975486159324646
0.010294117647058823,0.06923076923076923,0.8975042700767517
0.010294117647058823,0.075,0.8942716717720032
0.011029411764705883,0.075,0.8940595388412476
0.011029411764705883,0.07692307692307693,0.8937361240386963
0.011764705882352941,0.07692307692307693,0.8933020234107971
0.011764705882352941,0.08076923076923077,0.891880214214325
0.0125,0.08076923076923077,0.8913042545318604
0.0125,0.08653846153846154,0.8890427350997925
0.013235294117647059,0.08653846153846154,0.8888623118400574
0.013235294117647059,0.10961538461538461,0.8791599273681641
0.013970588235294118,0.10961538461538461,0.8788290619850159
0.013970588235294118,0.11538461538461539,0.875078022480011
0.014705882352941176,0.11538461538461539,0.8738164901733398
0.014705882352941176,0.11730769230769231,0.8722927570343018
0.015441176470588236,0.11730769230769231,0.872225821018219
0.015441176470588236,0.1201923076923077,0.8712283968925476
0.016176470588235296,0.1201923076923077,0.8710615038871765
0.016176470588235296,0.12307692307692308,0.8694666624069214
0.016911764705882352,0.12307692307692308,0.8687427639961243
0.016911764705882352,0.12403846153846154,0.8678680658340454
0.01764705882352941,0.12403846153846154,0.8666549324989319
0.01764705882352941,0.125,0.8662301301956177
0.01911764705882353,0.125,0.8658354878425598
0.01911764705882353,0.12596153846153846,0.8636287450790405
0.019852941176470587,0.12596153846153846,0.8630593419075012
0.019852941176470587,0.1326923076923077,0.8583786487579346
0.020588235294117647,0.1326923076923077,0.8582519888877869
0.020588235294117647,0.13942307692307693,0.856579601764679
0.021323529411764706,0.13942307692307693,0.8556617498397827
0.021323529411764706,0.15865384615384615,0.8503355979919434
0.022058823529411766,0.15865384615384615,0.850044310092926
0.022058823529411766,0.16153846153846155,0.8484146595001221
0.022794117647058822,0.16153846153846155,0.8479955792427063
0.022794117647058822,0.16346153846153846,0.8479701280593872
0.023529411764705882,0.16346153846153846,0.8479292988777161
0.023529411764705882,0.18461538461538463,0.8383092284202576
0.02426470588235294,0.18461538461538463,0.8379214406013489
0.02426470588235294,0.21153846153846154,0.8208619356155396
0.025,0.21153846153846154,0.8208097219467163
0.025,0.21826923076923077,0.8158915042877197
0.025735294117647058,0.21826923076923077,0.8157848715782166
0.025735294117647058,0.21923076923076923,0.8156437277793884
0.026470588235294117,0.21923076923076923,0.8152130842208862
0.026470588235294117,0.2230769230769231,0.8134186863899231
0.027205882352941177,0.2230769230769231,0.8131421804428101
0.027205882352941177,0.24807692307692308,0.8033787608146667
0.027941176470588237,0.24807692307692308,0.8032704591751099
0.027941176470588237,0.25,0.8018596172332764
0.028676470588235293,0.25,0.8017893433570862
0.028676470588235293,0.2653846153846154,0.7967010736465454
0.029411764705882353,0.2653846153846154,0.7966676354408264
0.029411764705882353,0.27307692307692305,0.7924957871437073
0.030147058823529412,0.27307692307692305,0.7911583185195923
0.030147058823529412,0.2865384615384615,0.7857633829116821
0.030882352941176472,0.2865384615384615,0.7853882312774658
0.030882352941176472,0.29134615384615387,0.781968891620636
0.03161764705882353,0.29134615384615387,0.7819116711616516
0.03161764705882353,0.30288461538461536,0.7764565944671631
0.03235294117647059,0.30288461538461536,0.7754180431365967
0.03235294117647059,0.3057692307692308,0.7734465599060059
0.033823529411764704,0.3057692307692308,0.7722347378730774
0.033823529411764704,0.30673076923076925,0.7717492580413818
0.03455882352941177,0.30673076923076925,0.7717418074607849
0.03455882352941177,0.3076923076923077,0.7716403007507324
0.03529411764705882,0.3076923076923077,0.7709534168243408
0.03529411764705882,0.30865384615384617,0.7706136703491211
0.03602941176470588,0.30865384615384617,0.7703803181648254
0.03602941176470588,0.3153846153846154,0.767484188079834
0.03676470588235294,0.3153846153846154,0.766578733921051
0.03676470588235294,0.3173076923076923,0.7664008140563965
0.0375,0.3173076923076923,0.7663699984550476
0.0375,0.3211538461538462,0.7656301856040955
0.039705882352941174,0.3211538461538462,0.7651494741439819
0.039705882352941174,0.3230769230769231,0.7648884654045105
0.041176470588235294,0.3230769230769231,0.7642533183097839
0.041176470588235294,0.32596153846153847,0.7640037536621094
0.04191176470588235,0.32596153846153847,0.7637535929679871
0.04191176470588235,0.3298076923076923,0.7625254392623901
0.04264705882352941,0.3298076923076923,0.7620440125465393
0.04264705882352941,0.3375,0.7589636445045471
0.04411764705882353,0.3375,0.7583886384963989
0.04411764705882353,0.3403846153846154,0.7573320269584656
0.04485294117647059,0.3403846153846154,0.7572100758552551
0.04485294117647059,0.34326923076923077,0.7559802532196045
0.045588235294117645,0.34326923076923077,0.7558571100234985
0.045588235294117645,0.35096153846153844,0.7534355521202087
0.04632352941176471,0.35096153846153844,0.7530784010887146
0.04632352941176471,0.3528846153846154,0.752101719379425
0.04926470588235294,0.3528846153846154,0.7505853772163391
0.04926470588235294,0.35384615384615387,0.7500838041305542
0.05073529411764706,0.35384615384615387,0.7496950030326843
0.05073529411764706,0.3548076923076923,0.7490789294242859
0.051470588235294115,0.3548076923076923,0.7484508156776428
0.051470588235294115,0.3557692307692308,0.7482729554176331
0.05220588235294118,0.3557692307692308,0.7478950023651123
0.05220588235294118,0.3596153846153846,0.746928870677948
0.052941176470588235,0.3596153846153846,0.7466028928756714
0.052941176470588235,0.3644230769230769,0.7464098930358887
0.05367647058823529,0.3644230769230769,0.7463119029998779
0.05367647058823529,0.36538461538461536,0.7461376786231995
0.054411764705882354,0.36538461538461536,0.745365560054779
0.054411764705882354,0.3721153846153846,0.7442308068275452
0.05588235294117647,0.3721153846153846,0.7436152100563049
0.05588235294117647,0.37403846153846154,0.742926299571991
0.05661764705882353,0.37403846153846154,0.7424687743186951
0.05661764705882353,0.37596153846153846,0.7421299815177917
0.05955882352941176,0.37596153846153846,0.7406467795372009
0.05955882352941176,0.3769230769230769,0.7404798269271851
0.060294117647058824,0.3769230769230769,0.7400044798851013
0.060294117647058824,0.38269230769230766,0.738898515701294
0.06102941176470588,0.38269230769230766,0.738815426826477
0.06102941176470588,0.38461538461538464,0.738370954990387
0.06323529411764706,0.38461538461538464,0.737504780292511
0.06323529411764706,0.3855769230769231,0.7365233898162842
0.06470588235294118,0.3855769230769231,0.7363318204879761
0.06470588235294118,0.3903846153846154,0.7352304458618164
0.06544117647058824,0.3903846153846154,0.7348344922065735
0.06544117647058824,0.3923076923076923,0.7341692447662354
0.0661764705882353,0.3923076923076923,0.7333993911743164
0.0661764705882353,0.39903846153846156,0.7312061786651611
0.06764705882352941,0.39903846153846156,0.7308298349380493
0.06764705882352941,0.4009615384615385,0.7295255064964294
0.06911764705882353,0.4009615384615385,0.7291238903999329
0.06911764705882353,0.4028846153846154,0.7289906740188599
0.07058823529411765,0.4028846153846154,0.728274941444397
0.07058823529411765,0.4048076923076923,0.7272822856903076
0.07205882352941176,0.4048076923076923,0.7267041802406311
0.07205882352941176,0.40576923076923077,0.7266355752944946
0.07279411764705883,0.40576923076923077,0.7265429496765137
0.07279411764705883,0.40673076923076923,0.7259818911552429
0.07352941176470588,0.40673076923076923,0.7256765365600586
0.07352941176470588,0.4076923076923077,0.7256137132644653
0.07426470588235294,0.4076923076923077,0.7243397235870361
0.07426470588235294,0.4096153846153846,0.7241431474685669
0.075,0.4096153846153846,0.722631573677063
0.075,0.4153846153846154,0.7205997109413147
0.07573529411764705,0.4153846153846154,0.7205618023872375
0.07573529411764705,0.41634615384615387,0.7202702164649963
0.07647058823529412,0.41634615384615387,0.7200868725776672
0.07647058823529412,0.4182692307692308,0.7193589210510254
0.07720588235294118,0.4182692307692308,0.7189134359359741
0.07720588235294118,0.4230769230769231,0.7175889015197754
0.07794117647058824,0.4230769230769231,0.7175356149673462
0.07794117647058824,0.4288461538461538,0.7170441746711731
0.07867647058823529,0.4288461538461538,0.7170013785362244
0.07867647058823529,0.4307692307692308,0.7165507078170776
0.07941176470588235,0.4307692307692308,0.7163224816322327
0.07941176470588235,0.43173076923076925,0.7162132263183594
0.08161764705882353,0.43173076923076925,0.7154490351676941
0.08161764705882353,0.4326923076923077,0.7151492834091187
0.08235294117647059,0.4326923076923077,0.7145700454711914
0.08235294117647059,0.4346153846153846,0.7135558724403381
0.0838235294117647,0.4346153846153846,0.712868869304657
0.0838235294117647,0.43846153846153846,0.7115369439125061
0.08455882352941177,0.43846153846153846,0.7111297249794006
0.08455882352941177,0.44134615384615383,0.7106351852416992
0.08529411764705883,0.44134615384615383,0.7105948328971863
0.08529411764705883,0.4442307692307692,0.70970618724823
0.08602941176470588,0.4442307692307692,0.7094650864601135
0.08602941176470588,0.4461538461538462,0.7091107964515686
0.08676470588235294,0.4461538461538462,0.7090295553207397
0.08676470588235294,0.44903846153846155,0.7077559232711792
0.0875,0.44903846153846155,0.7072690725326538
0.0875,0.45,0.707247793674469
0.09044117647058823,0.45,0.7063103318214417
0.09044117647058823,0.45096153846153847,0.7062195539474487
0.09117647058823529,0.45096153846153847,0.7061761617660522
0.09117647058823529,0.4528846153846154,0.7051692605018616
0.09338235294117647,0.4528846153846154,0.704947829246521
0.09338235294117647,0.45384615384615384,0.70488440990448
0.09411764705882353,0.45384615384615384,0.7044951319694519
0.09411764705882353,0.4567307692307692,0.7033935189247131
0.09558823529411764,0.4567307692307692,0.7032133340835571
0.09558823529411764,0.4576923076923077,0.7028785943984985
0.09632352941176471,0.4576923076923077,0.7020072340965271
0.09632352941176471,0.45865384615384613,0.7017649412155151
0.09926470588235294,0.45865384615384613,0.7006244659423828
0.09926470588235294,0.4625,0.7000269293785095
0.10073529411764706,0.4625,0.6993356943130493
0.10073529411764706,0.4673076923076923,0.6980181932449341
0.10220588235294117,0.4673076923076923,0.6969385147094727
0.10220588235294117,0.4701923076923077,0.6952739357948303
0.10294117647058823,0.4701923076923077,0.6949349641799927
0.10294117647058823,0.47115384615384615,0.6949130892753601
0.1036764705882353,0.47115384615384615,0.6945230960845947
0.1036764705882353,0.4740384615384615,0.693919837474823
0.10441176470588236,0.4740384615384615,0.6937176585197449
0.10441176470588236,0.475,0.6937174201011658
0.10514705882352941,0.475,0.693665623664856
0.10514705882352941,0.47692307692307695,0.6934800744056702
0.10588235294117647,0.47692307692307695,0.6931928396224976
0.10588235294117647,0.4778846153846154,0.6928313374519348
0.10735294117647058,0.4778846153846154,0.6928094625473022
0.10735294117647058,0.47884615384615387,0.6924813985824585
0.10955882352941176,0.47884615384615387,0.6913529634475708
0.10955882352941176,0.4798076923076923,0.6912311315536499
0.11029411764705882,0.4798076923076923,0.6907590627670288
0.11029411764705882,0.4846153846153846,0.6886726021766663
0.11102941176470588,0.4846153846153846,0.6886481642723083
0.11102941176470588,0.48846153846153845,0.6878626942634583
0.11176470588235295,0.48846153846153845,0.6871746778488159
0.11176470588235295,0.4894230769230769,0.6868696212768555
0.1125,0.4894230769230769,0.6863705515861511
0.1125,0.4932692307692308,0.6846811771392822
0.11397058823529412,0.4932692307692308,0.6842678785324097
0.11397058823529412,0.4951923076923077,0.6833728551864624
0.11470588235294117,0.4951923076923077,0.6833691596984863
0.11470588235294117,0.49903846153846154,0.6826185584068298
0.11764705882352941,0.49903846153846154,0.6812885999679565
0.11764705882352941,0.5048076923076923,0.6799073219299316
0.11911764705882352,0.5048076923076923,0.6796718835830688
0.11911764705882352,0.5086538461538461,0.6793266534805298
0.11985294117647059,0.5086538461538461,0.6792844533920288
0.11985294117647059,0.5096153846153846,0.6792023777961731
0.12058823529411765,0.5096153846153846,0.6790399551391602
0.12058823529411765,0.510576923076923,0.6790317296981812
0.1213235294117647,0.510576923076923,0.6789413094520569
0.1213235294117647,0.5173076923076924,0.6781892776489258
0.12279411764705882,0.5173076923076924,0.6779115796089172
0.12279411764705882,0.5201923076923077,0.6776452660560608
0.12352941176470589,0.5201923076923077,0.6776196956634521
0.12352941176470589,0.5221153846153846,0.6773544549942017
0.1264705882352941,0.5221153846153846,0.6745485663414001
0.1264705882352941,0.5259615384615385,0.673061192035675
0.12720588235294117,0.5259615384615385,0.6728640794754028
0.12720588235294117,0.5269230769230769,0.6723346710205078
0.12794117647058822,0.5269230769230769,0.6719407439231873
0.12794117647058822,0.5278846153846154,0.6714722514152527
0.13014705882352942,0.5278846153846154,0.6712636947631836
0.13014705882352942,0.5288461538461539,0.6710488200187683
0.13088235294117648,0.5288461538461539,0.6707845330238342
0.13088235294117648,0.5298076923076923,0.6706752181053162
0.13676470588235295,0.5298076923076923,0.669483482837677
0.13676470588235295,0.5326923076923077,0.66816645860672
0.14191176470588235,0.5326923076923077,0.6665094494819641
0.14191176470588235,0.5336538461538461,0.6662448048591614
0.14338235294117646,0.5336538461538461,0.665764331817627
0.14338235294117646,0.5384615384615384,0.6645047664642334
0.14411764705882352,0.5384615384615384,0.6644994616508484
0.14411764705882352,0.5394230769230769,0.6638081073760986
0.14558823529411766,0.5394230769230769,0.6636956334114075
0.14558823529411766,0.5403846153846154,0.6636784076690674
0.1463235294117647,0.5403846153846154,0.6636261940002441
0.1463235294117647,0.5413461538461538,0.6631650328636169
0.14705882352941177,0.5413461538461538,0.6629599332809448
0.14705882352941177,0.5423076923076923,0.662844181060791
0.14852941176470588,0.5423076923076923,0.6619495153427124
0.14852941176470588,0.5432692307692307,0.6617667078971863
0.14926470588235294,0.5432692307692307,0.6615608930587769
0.14926470588235294,0.5451923076923076,0.6608381271362305
0.15,0.5451923076923076,0.6595211029052734
0.15,0.5471153846153847,0.6587234139442444
0.15073529411764705,0.5471153846153847,0.658358633518219
0.15073529411764705,0.5480769230769231,0.6582828760147095
0.1514705882352941,0.5480769230769231,0.6575284004211426
0.1514705882352941,0.5490384615384616,0.6573542356491089
0.15294117647058825,0.5490384615384616,0.6572275757789612
0.15294117647058825,0.551923076923077,0.6566112637519836
0.15441176470588236,0.551923076923077,0.656152606010437
0.15441176470588236,0.5567307692307693,0.6548838019371033
0.15588235294117647,0.5567307692307693,0.6547886729240417
0.15588235294117647,0.5586538461538462,0.6546393036842346
0.15661764705882353,0.5586538461538462,0.6542571187019348
0.15661764705882353,0.5615384615384615,0.6538402438163757
0.15735294117647058,0.5615384615384615,0.6538031697273254
0.15735294117647058,0.5634615384615385,0.6533857583999634
0.1588235294117647,0.5634615384615385,0.6519808173179626
0.1588235294117647,0.5644230769230769,0.6518805027008057
0.15955882352941175,0.5644230769230769,0.6514792442321777
0.15955882352941175,0.5653846153846154,0.651253342628479
0.1610294117647059,0.5653846153846154,0.6508334875106812
0.1610294117647059,0.5682692307692307,0.650018572807312
0.16176470588235295,0.5682692307692307,0.6497999429702759
0.16176470588235295,0.5721153846153846,0.6492764949798584
0.16323529411764706,0.5721153846153846,0.6485196352005005
0.16323529411764706,0.573076923076923,0.6485123038291931
0.16397058823529412,0.573076923076923,0.6483940482139587
0.16397058823529412,0.5740384615384615,0.6482719779014587
0.16470588235294117,0.5740384615384615,0.6480275988578796
0.16470588235294117,0.5778846153846153,0.6473362445831299
0.1676470588235294,0.5778846153846153,0.6465568542480469
0.1676470588235294,0.5798076923076924,0.6462238430976868
0.16911764705882354,0.5798076923076924,0.645743191242218
0.16911764705882354,0.5807692307692308,0.6452128291130066
0.1698529411764706,0.5807692307692308,0.6448501348495483
0.1698529411764706,0.5836538461538462,0.6441230773925781
0.17058823529411765,0.5836538461538462,0.6440925002098083
0.17058823529411765,0.5846153846153846,0.6439589858055115
0.17205882352941176,0.5846153846153846,0.6437239050865173
0.17205882352941176,0.5865384615384616,0.6434374451637268
0.17279411764705882,0.5865384615384616,0.6434352397918701
0.17279411764705882,0.5875,0.6433674097061157
0.17352941176470588,0.5875,0.6431889533996582
0.17352941176470588,0.5894230769230769,0.642488420009613
0.17647058823529413,0.5894230769230769,0.6420838236808777
0.17647058823529413,0.5923076923076923,0.6413336992263794
0.17720588235294119,0.5923076923076923,0.6411146521568298
0.17720588235294119,0.5932692307692308,0.6409978866577148
0.1786764705882353,0.5932692307692308,0.6405856609344482
0.1786764705882353,0.5942307692307692,0.6403293609619141
0.18235294117647058,0.5942307692307692,0.6388064622879028
0.18235294117647058,0.5980769230769231,0.6376419067382812
0.18308823529411763,0.5980769230769231,0.6370387673377991
0.18308823529411763,0.6028846153846154,0.6363649964332581
0.18382352941176472,0.6028846153846154,0.6358402967453003
0.18382352941176472,0.6038461538461538,0.6357959508895874
0.1860294117647059,0.6038461538461538,0.6338294148445129
0.1860294117647059,0.6086538461538461,0.6322879195213318
0.18676470588235294,0.6086538461538461,0.6319769620895386
0.18676470588235294,0.6105769230769231,0.6315187811851501
0.1875,0.6105769230769231,0.6308251619338989
0.1875,0.6125,0.630466878414154
0.18823529411764706,0.6125,0.6303426623344421
0.18823529411764706,0.614423076923077,0.6300711035728455
0.1889705882352941,0.614423076923077,0.6297525763511658
0.1889705882352941,0.6163461538461539,0.6287441253662109
0.18970588235294117,0.6163461538461539,0.6283735036849976
0.18970588235294117,0.6182692307692308,0.6274371147155762
0.19117647058823528,0.6182692307692308,0.6268277764320374
0.19117647058823528,0.6201923076923077,0.6262167692184448
0.19191176470588237,0.6201923076923077,0.6254843473434448
0.19191176470588237,0.6211538461538462,0.6254090666770935
0.19264705882352942,0.6211538461538462,0.6253803372383118
0.19264705882352942,0.6221153846153846,0.6249557137489319
0.19338235294117648,0.6221153846153846,0.6249126195907593
0.19338235294117648,0.6259615384615385,0.6223691701889038
0.1948529411764706,0.6259615384615385,0.6219749450683594
0.1948529411764706,0.6269230769230769,0.6217976808547974
0.19558823529411765,0.6269230769230769,0.6217179894447327
0.19558823529411765,0.6288461538461538,0.620690643787384
0.19705882352941176,0.6288461538461538,0.6203088760375977
0.19705882352941176,0.6298076923076923,0.6202497482299805
0.19779411764705881,0.6298076923076923,0.6201546788215637
0.19779411764705881,0.6307692307692307,0.6194497346878052
0.19852941176470587,0.6307692307692307,0.6194258332252502
0.19852941176470587,0.6365384615384615,0.6177300214767456
0.19926470588235295,0.6365384615384615,0.6176770329475403
0.19926470588235295,0.6375,0.6175171136856079
0.2,0.6375,0.6171975135803223
0.2,0.6442307692307693,0.6149581074714661
0.20073529411764707,0.6442307692307693,0.6147450804710388
0.20073529411764707,0.6451923076923077,0.614657998085022
0.20147058823529412,0.6451923076923077,0.6144002676010132
0.20147058823529412,0.6471153846153846,0.6137604117393494
0.20220588235294118,0.6471153846153846,0.6132969260215759
0.20220588235294118,0.6480769230769231,0.6131297945976257
0.2036764705882353,0.6480769230769231,0.6127480864524841
0.2036764705882353,0.6509615384615385,0.6107844710350037
0.20441176470588235,0.6509615384615385,0.6104642152786255
0.20441176470588235,0.6528846153846154,0.6093319654464722
0.2051470588235294,0.6528846153846154,0.60929936170578
0.2051470588235294,0.6538461538461539,0.6092889308929443
0.20588235294117646,0.6538461538461539,0.6077970266342163
0.20588235294117646,0.6576923076923077,0.607437014579773
0.20661764705882352,0.6576923076923077,0.6070061922073364
0.20661764705882352,0.6711538461538461,0.603394091129303
0.2073529411764706,0.6711538461538461,0.603111207485199
0.2073529411764706,0.6759615384615385,0.6025643348693848
0.2088235294117647,0.6759615384615385,0.60151606798172
0.2088235294117647,0.6778846153846154,0.6014382243156433
0.20955882352941177,0.6778846153846154,0.6009925603866577
0.20955882352941177,0.6788461538461539,0.6000992059707642
0.21029411764705883,0.6788461538461539,0.6000701785087585
0.21029411764705883,0.6884615384615385,0.5964952707290649
0.21176470588235294,0.6884615384615385,0.5958383083343506
0.21176470588235294,0.6951923076923077,0.594048023223877
0.21323529411764705,0.6951923076923077,0.5929221510887146
0.21323529411764705,0.698076923076923,0.5918753743171692
0.2139705882352941,0.698076923076923,0.591819167137146
0.2139705882352941,0.7019230769230769,0.5903996229171753
0.21470588235294116,0.7019230769230769,0.5900949239730835
0.21470588235294116,0.7028846153846153,0.5900547504425049
0.21838235294117647,0.7028846153846153,0.5884928703308105
0.21838235294117647,0.7038461538461539,0.5883654356002808
0.21911764705882353,0.7038461538461539,0.5882577300071716
0.21911764705882353,0.7048076923076924,0.5880759358406067
0.22058823529411764,0.7048076923076924,0.5878068804740906
0.22058823529411764,0.7076923076923077,0.5867451429367065
0.2213235294117647,0.7076923076923077,0.5867279767990112
0.2213235294117647,0.7096153846153846,0.5857885479927063
0.22205882352941175,0.7096153846153846,0.5855817198753357
0.22205882352941175,0.7115384615384616,0.5848851799964905
0.22279411764705884,0.7115384615384616,0.5846482515335083
0.22279411764705884,0.7125,0.5845567584037781
0.2235294117647059,0.7125,0.5845414400100708
0.2235294117647059,0.7144230769230769,0.5832741856575012
0.22426470588235295,0.7144230769230769,0.583246648311615
0.22426470588235295,0.7153846153846154,0.5823507905006409
0.225,0.7153846153846154,0.5813458561897278
0.225,0.7201923076923077,0.5789960622787476
0.22647058823529412,0.7201923076923077,0.5786263942718506
0.22647058823529412,0.7221153846153846,0.578376293182373
0.22720588235294117,0.7221153846153846,0.5783284902572632
0.22720588235294117,0.7230769230769231,0.5765349268913269
0.22794117647058823,0.7230769230769231,0.5762880444526672
0.22794117647058823,0.7259615384615384,0.5754656791687012
0.2286764705882353,0.7259615384615384,0.5746957063674927
0.2286764705882353,0.7288461538461538,0.5729429721832275
0.2301470588235294,0.7288461538461538,0.5719315409660339
0.2301470588235294,0.7298076923076923,0.5716329216957092
0.2323529411764706,0.7298076923076923,0.5713518857955933
0.2323529411764706,0.7336538461538461,0.570749819278717
0.23308823529411765,0.7336538461538461,0.5700304508209229
0.23308823529411765,0.7355769230769231,0.5696207284927368
0.23455882352941176,0.7355769230769231,0.5677368640899658
0.23455882352941176,0.7375,0.5670230388641357
0.23529411764705882,0.7375,0.5670087337493896
0.23529411764705882,0.7384615384615385,0.5664249062538147
0.23602941176470588,0.7384615384615385,0.5658968091011047
0.23602941176470588,0.739423076923077,0.5656336545944214
0.23676470588235293,0.739423076923077,0.5650562644004822
0.23676470588235293,0.7403846153846154,0.5647634863853455
0.2375,0.7403846153846154,0.5644013285636902
0.2375,0.7442307692307693,0.5632544755935669
0.23970588235294119,0.7442307692307693,0.562635064125061
0.23970588235294119,0.7461538461538462,0.5621245503425598
0.24044117647058824,0.7461538461538462,0.5619930624961853
0.24044117647058824,0.7471153846153846,0.5610445737838745
0.2426470588235294,0.7471153846153846,0.5598059296607971
0.2426470588235294,0.7480769230769231,0.559803307056427
0.24338235294117647,0.7480769230769231,0.5592332482337952
0.24338235294117647,0.7490384615384615,0.5591992139816284
0.24411764705882352,0.7490384615384615,0.5591505169868469
0.24411764705882352,0.7509615384615385,0.5588135123252869
0.24485294117647058,0.7509615384615385,0.5586012601852417
0.24485294117647058,0.7519230769230769,0.556659460067749
0.24632352941176472,0.7519230769230769,0.5553556680679321
0.24632352941176472,0.7538461538461538,0.5546273589134216
0.24779411764705883,0.7538461538461538,0.5536009669303894
0.24779411764705883,0.7548076923076923,0.5534961223602295
0.25220588235294117,0.7548076923076923,0.552689790725708
0.25220588235294117,0.7567307692307692,0.5525580048561096
0.2529411764705882,0.7567307692307692,0.5521290302276611
0.2529411764705882,0.760576923076923,0.5513948798179626
0.2536764705882353,0.760576923076923,0.5507405400276184
0.2536764705882353,0.7625,0.5499274134635925
0.25441176470588234,0.7625,0.5490962266921997
0.25441176470588234,0.7634615384615384,0.5488553643226624
0.25735294117647056,0.7634615384615384,0.5465223789215088
0.25735294117647056,0.7663461538461539,0.545024037361145
0.25882352941176473,0.7663461538461539,0.5436380505561829
0.25882352941176473,0.7673076923076924,0.5434602499008179
0.2595588235294118,0.7673076923076924,0.542754054069519
0.2595588235294118,0.7701923076923077,0.542134165763855
0.2610294117647059,0.7701923076923077,0.5418002605438232
0.2610294117647059,0.7769230769230769,0.5385351777076721
0.26323529411764707,0.7769230769230769,0.537674069404602
0.26323529411764707,0.7788461538461539,0.5365342497825623
0.2639705882352941,0.7788461538461539,0.5361230373382568
0.2639705882352941,0.7817307692307692,0.5355702638626099
0.2647058823529412,0.7817307692307692,0.5355051159858704
0.2647058823529412,0.7826923076923077,0.5354625582695007
0.2691176470588235,0.7826923076923077,0.5340622067451477
0.2691176470588235,0.7846153846153846,0.5338210463523865
0.2713235294117647,0.7846153846153846,0.5328933596611023
0.2713235294117647,0.7884615384615384,0.5310155749320984
0.27205882352941174,0.7884615384615384,0.5308669805526733
0.27205882352941174,0.7894230769230769,0.5306759476661682
0.2727941176470588,0.7894230769230769,0.5306097269058228
0.2727941176470588,0.7923076923076923,0.5299633741378784
0.27426470588235297,0.7923076923076923,0.5294370651245117
0.27426470588235297,0.7951923076923076,0.5288758277893066
0.2801470588235294,0.7951923076923076,0.5263054370880127
0.2801470588235294,0.7990384615384616,0.5248067378997803
0.28088235294117647,0.7990384615384616,0.5241902470588684
0.28088235294117647,0.8009615384615385,0.520881712436676
0.2838235294117647,0.8009615384615385,0.519050657749176
0.2838235294117647,0.801923076923077,0.5186724066734314
0.2852941176470588,0.801923076923077,0.5183506608009338
0.2852941176470588,0.8028846153846154,0.518300473690033
0.28602941176470587,0.8028846153846154,0.5182554125785828
0.28602941176470587,0.8048076923076923,0.5168306231498718
0.2867647058823529,0.8048076923076923,0.5163138508796692
0.2867647058823529,0.8067307692307693,0.5158839225769043
0.2875,0.8067307692307693,0.515862762928009
0.2875,0.8096153846153846,0.5144872069358826
0.2889705882352941,0.8096153846153846,0.5138571262359619
0.2889705882352941,0.8105769230769231,0.5135737061500549
0.2897058823529412,0.8105769230769231,0.5135135650634766
0.2897058823529412,0.8115384615384615,0.5132564902305603
0.29044117647058826,0.8115384615384615,0.5124267339706421
0.29044117647058826,0.8125,0.512262225151062
0.29558823529411765,0.8125,0.510164737701416
0.29558823529411765,0.8134615384615385,0.5101422667503357
0.2977941176470588,0.8134615384615385,0.5084815621376038
0.2977941176470588,0.8144230769230769,0.5079578757286072
0.2985294117647059,0.8144230769230769,0.5076745748519897
0.2985294117647059,0.8153846153846154,0.5069634318351746
0.3,0.8153846153846154,0.5050461292266846
0.3,0.8163461538461538,0.5048726797103882
0.30220588235294116,0.8163461538461538,0.5040298700332642
0.30220588235294116,0.8173076923076923,0.5037384629249573
0.3029411764705882,0.8173076923076923,0.5034977793693542
0.3029411764705882,0.8182692307692307,0.5031062364578247
0.30367647058823527,0.8182692307692307,0.5030739903450012
0.30367647058823527,0.8201923076923077,0.5023922324180603
0.30514705882352944,0.8201923076923077,0.5009970664978027
0.30514705882352944,0.8221153846153846,0.5008252263069153
0.3073529411764706,0.8221153846153846,0.4997945725917816
0.3073529411764706,0.823076923076923,0.4997669458389282
0.30808823529411766,0.823076923076923,0.49906328320503235
0.30808823529411766,0.8278846153846153,0.4981461763381958
0.31029411764705883,0.8278846153846153,0.49692636728286743
0.31029411764705883,0.8317307692307693,0.4957972466945648
0.31176470588235294,0.8317307692307693,0.4946100413799286
0.31176470588235294,0.8326923076923077,0.49447739124298096
0.3125,0.8326923076923077,0.4942994713783264
0.3125,0.8346153846153846,0.49405959248542786
0.31323529411764706,0.8346153846153846,0.4938617944717407
0.31323529411764706,0.8355769230769231,0.4935210347175598
0.3161764705882353,0.8355769230769231,0.4930124580860138
0.3161764705882353,0.8375,0.4927350878715515
0.31985294117647056,0.8375,0.49051958322525024
0.31985294117647056,0.8384615384615385,0.4905097782611847
0.3205882352941177,0.8384615384615385,0.4899495244026184
0.3205882352941177,0.8394230769230769,0.48936188220977783
0.3220588235294118,0.8394230769230769,0.4889295995235443
0.3220588235294118,0.8403846153846154,0.48864901065826416
0.3235294117647059,0.8403846153846154,0.4876598119735718
0.3235294117647059,0.8413461538461539,0.48625248670578003
0.32573529411764707,0.8413461538461539,0.48526236414909363
0.32573529411764707,0.8423076923076923,0.4851737320423126
0.3264705882352941,0.8423076923076923,0.4848288893699646
0.3264705882352941,0.8432692307692308,0.48424673080444336
0.32794117647058824,0.8432692307692308,0.4837086498737335
0.32794117647058824,0.8442307692307692,0.4834543764591217
0.3316176470588235,0.8442307692307692,0.4815196692943573
0.3316176470588235,0.8480769230769231,0.48080384731292725
0.3323529411764706,0.8480769230769231,0.48066797852516174
0.3323529411764706,0.8490384615384615,0.4805006980895996
0.3382352941176471,0.8490384615384615,0.47749757766723633
0.3382352941176471,0.85,0.4774959683418274
0.3397058823529412,0.85,0.47703927755355835
0.3397058823529412,0.8519230769230769,0.47648510336875916
0.3426470588235294,0.8519230769230769,0.4758250415325165
0.3426470588235294,0.8538461538461538,0.4753887951374054
0.3448529411764706,0.8538461538461538,0.4748251140117645
0.3448529411764706,0.8548076923076923,0.47467437386512756
0.34705882352941175,0.8548076923076923,0.4739902913570404
0.34705882352941175,0.8557692307692307,0.47363728284835815
0.34852941176470587,0.8557692307692307,0.4727756083011627
0.34852941176470587,0.8567307692307692,0.4725176692008972
0.35294117647058826,0.8567307692307692,0.47168201208114624
0.35294117647058826,0.8576923076923076,0.4716481864452362
0.35441176470588237,0.8576923076923076,0.47100117802619934
0.35441176470588237,0.8586538461538461,0.47065943479537964
0.3558823529411765,0.8586538461538461,0.46995365619659424
0.3558823529411765,0.8596153846153847,0.4699404537677765
0.3573529411764706,0.8596153846153847,0.46968016028404236
0.3573529411764706,0.8615384615384616,0.46909552812576294
0.3698529411764706,0.8615384615384616,0.46601027250289917
0.3698529411764706,0.8634615384615385,0.4654291272163391
0.37279411764705883,0.8634615384615385,0.46387284994125366
0.37279411764705883,0.864423076923077,0.4635862410068512
0.3735294117647059,0.864423076923077,0.46298733353614807
0.3735294117647059,0.8653846153846154,0.46253272891044617
0.375,0.8653846153846154,0.46241655945777893
0.375,0.8673076923076923,0.4613964259624481
0.37720588235294117,0.8673076923076923,0.4599815905094147
0.37720588235294117,0.8692307692307693,0.45908311009407043
0.3801470588235294,0.8692307692307693,0.45696812868118286
0.3801470588235294,0.8711538461538462,0.4562835097312927
0.3860294117647059,0.8711538461538462,0.4527629017829895
0.3860294117647059,0.875,0.4521471858024597
0.3897058823529412,0.875,0.45053085684776306
0.3897058823529412,0.8759615384615385,0.44982343912124634
0.39044117647058824,0.8759615384615385,0.44976526498794556
0.39044117647058824,0.8769230769230769,0.4496243894100189
0.3948529411764706,0.8769230769230769,0.44840723276138306
0.3948529411764706,0.8778846153846154,0.44769027829170227
0.4007352941176471,0.8778846153846154,0.4450394809246063
0.4007352941176471,0.8788461538461538,0.4448792338371277
0.40147058823529413,0.8788461538461538,0.44474512338638306
0.40147058823529413,0.8798076923076923,0.44444265961647034
0.40294117647058825,0.8798076923076923,0.4436027705669403
0.40294117647058825,0.8807692307692307,0.4432872533798218
0.4051470588235294,0.8807692307692307,0.44282540678977966
0.4051470588235294,0.8817307692307692,0.4424530863761902
0.40661764705882353,0.8817307692307692,0.4419480562210083
0.40661764705882353,0.8826923076923077,0.44172701239585876
0.40808823529411764,0.8826923076923077,0.4414072632789612
0.40808823529411764,0.8846153846153846,0.4409390687942505
0.4088235294117647,0.8846153846153846,0.44069957733154297
0.4088235294117647,0.885576923076923,0.44066426157951355
0.40955882352941175,0.885576923076923,0.44059866666793823
0.40955882352941175,0.8865384615384615,0.4403405785560608
0.4102941176470588,0.8865384615384615,0.43975701928138733
0.4102941176470588,0.8875,0.4392973482608795
0.41102941176470587,0.8875,0.438893586397171
0.41102941176470587,0.8884615384615384,0.43869251012802124
0.4147058823529412,0.8884615384615384,0.4372597634792328
0.4147058823529412,0.8894230769230769,0.43689900636672974
0.4161764705882353,0.8894230769230769,0.4367780387401581
0.4161764705882353,0.8903846153846153,0.4363577663898468
0.4176470588235294,0.8903846153846153,0.4358541667461395
0.4176470588235294,0.8913461538461539,0.4358357787132263
0.42205882352941176,0.8913461538461539,0.4345889985561371
0.42205882352941176,0.8923076923076924,0.4343228042125702
0.42720588235294116,0.8923076923076924,0.4317359924316406
0.42720588235294116,0.8942307692307693,0.4308551251888275
0.4279411764705882,0.8942307692307693,0.4306652545928955
0.4279411764705882,0.8951923076923077,0.43048253655433655
0.42867647058823527,0.8951923076923077,0.4304569363594055
0.42867647058823527,0.8961538461538462,0.42984864115715027
0.4323529411764706,0.8961538461538462,0.4279783368110657
0.4323529411764706,0.8980769230769231,0.4270791709423065
0.4338235294117647,0.8980769230769231,0.42647430300712585
0.4338235294117647,0.8990384615384616,0.42624780535697937
0.4375,0.8990384615384616,0.42513179779052734
0.4375,0.9,0.42507797479629517
0.43823529411764706,0.9,0.4248163402080536
0.43823529411764706,0.9009615384615385,0.42443233728408813
0.4455882352941177,0.9009615384615385,0.4222562313079834
0.4455882352941177,0.9019230769230769,0.42224040627479553
0.4485294117647059,0.9019230769230769,0.4199267625808716
0.4485294117647059,0.9028846153846154,0.41943880915641785
0.45,0.9028846153846154,0.4187510311603546
0.45,0.9038461538461539,0.4185209572315216
0.45441176470588235,0.9038461538461539,0.41773539781570435
0.45441176470588235,0.9048076923076923,0.41767457127571106
0.4551470588235294,0.9048076923076923,0.4174979329109192
0.4551470588235294,0.9067307692307692,0.4168129861354828
0.4610294117647059,0.9067307692307692,0.41431334614753723
0.4610294117647059,0.9076923076923077,0.4142535328865051
0.46397058823529413,0.9076923076923077,0.41321861743927
0.46397058823529413,0.9086538461538461,0.41272491216659546
0.47058823529411764,0.9086538461538461,0.41056695580482483
0.47058823529411764,0.9096153846153846,0.4099617600440979
0.4713235294117647,0.9096153846153846,0.4099385142326355
0.4713235294117647,0.9105769230769231,0.4098139703273773
0.4764705882352941,0.9105769230769231,0.4071657657623291
0.4764705882352941,0.9115384615384615,0.4071129560470581
0.4772058823529412,0.9115384615384615,0.40708521008491516
0.4772058823529412,0.9125,0.4064216911792755
0.47941176470588237,0.9125,0.40550392866134644
0.47941176470588237,0.9134615384615384,0.405473917722702
0.48970588235294116,0.9134615384615384,0.4020032584667206
0.48970588235294116,0.9144230769230769,0.40127819776535034
0.4933823529411765,0.9144230769230769,0.3998531401157379
0.4933823529411765,0.9153846153846154,0.3997792601585388
0.4970588235294118,0.9153846153846154,0.39895662665367126
0.4970588235294118,0.9163461538461538,0.397106796503067
0.5051470588235294,0.9163461538461538,0.3940944969654083
0.5051470588235294,0.9173076923076923,0.3940107226371765
0.5073529411764706,0.9173076923076923,0.39258241653442383
0.5073529411764706,0.9182692307692307,0.39233922958374023
0.5088235294117647,0.9182692307692307,0.39133498072624207
0.5088235294117647,0.9201923076923076,0.3906131982803345
0.5117647058823529,0.9201923076923076,0.3892095983028412
0.5117647058823529,0.9211538461538461,0.38913658261299133
0.5125,0.9211538461538461,0.38907724618911743
0.5125,0.9230769230769231,0.38810965418815613
0.513235294117647,0.9230769230769231,0.3880871832370758
0.513235294117647,0.9240384615384616,0.3876410722732544
0.5139705882352941,0.9240384615384616,0.387453556060791
0.5139705882352941,0.925,0.3869513273239136
0.5169117647058824,0.925,0.38518160581588745
0.5169117647058824,0.9259615384615385,0.38517239689826965
0.5220588235294118,0.9259615384615385,0.38387975096702576
0.5220588235294118,0.926923076923077,0.3838736116886139
0.5264705882352941,0.926923076923077,0.38248345255851746
0.5264705882352941,0.9278846153846154,0.3819904625415802
0.5279411764705882,0.9278846153846154,0.38129737973213196
0.5279411764705882,0.9288461538461539,0.3812946081161499
0.5323529411764706,0.9288461538461539,0.37793606519699097
0.5323529411764706,0.9298076923076923,0.3779235780239105
0.5367647058823529,0.9298076923076923,0.37663373351097107
0.5367647058823529,0.9307692307692308,0.3765427768230438
0.5426470588235294,0.9307692307692308,0.3727157711982727
0.5426470588235294,0.9336538461538462,0.3725072741508484
0.5514705882352942,0.9336538461538462,0.36767640709877014
0.5514705882352942,0.9346153846153846,0.3669739067554474
0.5522058823529412,0.9346153846153846,0.36688748002052307
0.5522058823529412,0.9365384615384615,0.365892618894577
0.5544117647058824,0.9365384615384615,0.36498311161994934
0.5544117647058824,0.9375,0.3645077049732208
0.5566176470588236,0.9375,0.36416175961494446
0.5566176470588236,0.9384615384615385,0.3638164699077606
0.5602941176470588,0.9384615384615385,0.3628185987472534
0.5602941176470588,0.9394230769230769,0.3615093231201172
0.5639705882352941,0.9394230769230769,0.360385000705719
0.5639705882352941,0.9413461538461538,0.35932981967926025
0.5698529411764706,0.9413461538461538,0.35539281368255615
0.5698529411764706,0.9423076923076923,0.35508689284324646
0.5705882352941176,0.9423076923076923,0.35494524240493774
0.5705882352941176,0.9432692307692307,0.35415250062942505
0.5794117647058824,0.9432692307692307,0.3504024147987366
0.5794117647058824,0.9442307692307692,0.3496120274066925
0.5816176470588236,0.9442307692307692,0.3479383587837219
0.5816176470588236,0.9451923076923077,0.34787997603416443
0.5830882352941177,0.9451923076923077,0.3476140797138214
0.5830882352941177,0.9461538461538461,0.3472954034805298
0.586764705882353,0.9461538461538461,0.3454953134059906
0.586764705882353,0.95,0.34371984004974365
0.5919117647058824,0.95,0.3397582471370697
0.5919117647058824,0.9509615384615384,0.33938127756118774
0.600735294117647,0.9509615384615384,0.3344264328479767
0.600735294117647,0.9519230769230769,0.3340063691139221
0.6058823529411764,0.9519230769230769,0.3301585614681244
0.6058823529411764,0.9528846153846153,0.330079585313797
0.6205882352941177,0.9528846153846153,0.319908082485199
0.6205882352941177,0.9538461538461539,0.3184913396835327
0.6242647058823529,0.9538461538461539,0.3167722821235657
0.6242647058823529,0.9548076923076924,0.3166216313838959
0.6272058823529412,0.9548076923076924,0.3153567314147949
0.6272058823529412,0.9557692307692308,0.3148573935031891
0.6301470588235294,0.9557692307692308,0.3132128417491913
0.6301470588235294,0.9567307692307693,0.31304872035980225
0.6397058823529411,0.9567307692307693,0.30696606636047363
0.6397058823529411,0.9576923076923077,0.3065378963947296
0.6404411764705882,0.9576923076923077,0.3049066364765167
0.6404411764705882,0.9586538461538462,0.3046112358570099
0.6411764705882353,0.9586538461538462,0.3045128881931305
0.6411764705882353,0.9596153846153846,0.30437344312667847
0.6419117647058824,0.9596153846153846,0.3043482303619385
0.6419117647058824,0.9605769230769231,0.3039707541465759
0.6426470588235295,0.9605769230769231,0.30370256304740906
0.6426470588235295,0.9615384615384616,0.3033265471458435
0.6433823529411765,0.9615384615384616,0.30284610390663147
0.6433823529411765,0.9625,0.301904559135437
0.6485294117647059,0.9625,0.30008286237716675
0.6485294117647059,0.9634615384615385,0.299389511346817
0.6580882352941176,0.9634615384615385,0.29160988330841064
0.6580882352941176,0.9644230769230769,0.2907949388027191
0.6647058823529411,0.9644230769230769,0.28517794609069824
0.6647058823529411,0.9653846153846154,0.2849796414375305
0.6720588235294118,0.9653846153846154,0.2818641662597656
0.6720588235294118,0.9663461538461539,0.28120771050453186
0.6801470588235294,0.9663461538461539,0.2768663465976715
0.6801470588235294,0.9673076923076923,0.27627116441726685
0.6852941176470588,0.9673076923076923,0.2723390460014343
0.6852941176470588,0.9682692307692308,0.2714933454990387
0.6860294117647059,0.9682692307692308,0.270587682723999
0.6860294117647059,0.9692307692307692,0.2701634466648102
0.6875,0.9692307692307692,0.2699167728424072
0.6875,0.9701923076923077,0.26990705728530884
0.6911764705882353,0.9701923076923077,0.26862695813179016
0.6911764705882353,0.9711538461538461,0.2685135006904602
0.6977941176470588,0.9711538461538461,0.26588764786720276
0.6977941176470588,0.9721153846153846,0.26562175154685974
0.7183823529411765,0.9721153846153846,0.25912395119667053
0.7183823529411765,0.9730769230769231,0.2580620050430298
0.7213235294117647,0.9730769230769231,0.25636327266693115
0.7213235294117647,0.9740384615384615,0.2553845942020416
0.7301470588235294,0.9740384615384615,0.2534452974796295
0.7301470588235294,0.975,0.25246885418891907
0.7551470588235294,0.975,0.2427324801683426
0.7551470588235294,0.9759615384615384,0.24225588142871857
0.7573529411764706,0.9759615384615384,0.24022282660007477
0.7573529411764706,0.9769230769230769,0.24000920355319977
0.7595588235294117,0.9769230769230769,0.2394135445356369
0.7595588235294117,0.9778846153846154,0.2392151653766632
0.7610294117647058,0.9778846153846154,0.2380210906267166
0.7610294117647058,0.9788461538461538,0.2379991114139557
0.7779411764705882,0.9788461538461538,0.22903543710708618
0.7779411764705882,0.9798076923076923,0.22866369783878326
0.7786764705882353,0.9798076923076923,0.22849124670028687
0.7786764705882353,0.9807692307692307,0.22837361693382263
0.9213235294117647,0.9807692307692307,0.1164684072136879
0.9213235294117647,0.9817307692307692,0.11310413479804993
0.9279411764705883,0.9817307692307692,0.09588917344808578
0.9279411764705883,0.9826923076923076,0.09579606354236603
0.9286764705882353,0.9826923076923076,0.09424716979265213
0.9286764705882353,0.9884615384615385,0.08577267825603485
0.9308823529411765,0.9884615384615385,0.08460928499698639
0.9308823529411765,0.989423076923077,0.08443258702754974
0.9316176470588236,0.989423076923077,0.08274469524621964
0.9316176470588236,0.9903846153846154,0.08150595426559448
0.9323529411764706,0.9903846153846154,0.0806424468755722
0.9323529411764706,0.9913461538461539,0.08003295958042145
0.9382352941176471,0.9913461538461539,0.07759368419647217
0.9382352941176471,0.9932692307692308,0.0764256939291954
0.9426470588235294,0.9932692307692308,0.07256246358156204
0.9426470588235294,0.9942307692307693,0.07219068706035614
0.9463235294117647,0.9942307692307693,0.06962645798921585
0.9463235294117647,0.9951923076923077,0.06921703368425369
0.95,0.9951923076923077,0.06712953001260757
0.95,0.9961538461538462,0.06645706295967102
0.9514705882352941,0.9961538461538462,0.06537152081727982
0.9514705882352941,0.9990384615384615,0.06502428650856018
0.9544117647058824,0.9990384615384615,0.06325674057006836
0.9544117647058824,1.0,0.06283458322286606
1.0,1.0,0.044833503663539886
