FPR,TPR,Threshold
0.0,0.0,1.9637520909309387
0.0,0.0009615384615384616,0.9637520909309387
0.0,0.022115384615384617,0.9352884888648987
0.0007352941176470588,0.022115384615384617,0.9343308210372925
0.0007352941176470588,0.02403846153846154,0.9326603412628174
0.0014705882352941176,0.02403846153846154,0.9319167137145996
0.0014705882352941176,0.03653846153846154,0.9254343509674072
0.0029411764705882353,0.03653846153846154,0.9222487807273865
0.0029411764705882353,0.041346153846153845,0.9187400341033936
0.004411764705882353,0.041346153846153845,0.9150181412696838
0.004411764705882353,0.04326923076923077,0.9145855903625488
0.005147058823529412,0.04326923076923077,0.9141530990600586
0.005147058823529412,0.04423076923076923,0.9140034317970276
0.0058823529411764705,0.04423076923076923,0.9137710332870483
0.0058823529411764705,0.04519230769230769,0.9132094979286194
0.007352941176470588,0.04519230769230769,0.9120489954948425
0.007352941176470588,0.047115384615384615,0.9112256169319153
0.008088235294117648,0.047115384615384615,0.9110783338546753
0.008088235294117648,0.051923076923076926,0.9080491662025452
0.008823529411764706,0.051923076923076926,0.9072985053062439
0.008823529411764706,0.052884615384615384,0.9070162773132324
0.009558823529411765,0.052884615384615384,0.906718909740448
0.009558823529411765,0.05480769230769231,0.9058434963226318
0.010294117647058823,0.05480769230769231,0.9056109189987183
0.010294117647058823,0.06538461538461539,0.8969557285308838
0.011029411764705883,0.06538461538461539,0.8964305520057678
0.011029411764705883,0.075,0.890274167060852
0.011764705882352941,0.075,0.8896759152412415
0.011764705882352941,0.08846153846153847,0.8819764852523804
0.0125,0.08846153846153847,0.8809783458709717
0.0125,0.09230769230769231,0.8793361186981201
0.013235294117647059,0.09230769230769231,0.8778983950614929
0.013235294117647059,0.10288461538461538,0.8721849918365479
0.013970588235294118,0.10288461538461538,0.871999204158783
0.013970588235294118,0.10576923076923077,0.8707533478736877
0.014705882352941176,0.10576923076923077,0.8702471256256104
0.014705882352941176,0.11730769230769231,0.8639214634895325
0.016176470588235296,0.11730769230769231,0.863308846950531
0.016176470588235296,0.12307692307692308,0.8609722852706909
0.01764705882352941,0.12307692307692308,0.8604422807693481
0.01764705882352941,0.1423076923076923,0.8462653160095215
0.01838235294117647,0.1423076923076923,0.845406174659729
0.01838235294117647,0.15673076923076923,0.8373347520828247
0.01911764705882353,0.15673076923076923,0.8369848132133484
0.01911764705882353,0.1625,0.8340728878974915
0.019852941176470587,0.1625,0.8332343697547913
0.019852941176470587,0.16346153846153846,0.8326714634895325
0.020588235294117647,0.16346153846153846,0.8321846127510071
0.020588235294117647,0.16442307692307692,0.8297373652458191
0.021323529411764706,0.16442307692307692,0.8289424180984497
0.021323529411764706,0.175,0.8253141641616821
0.022058823529411766,0.175,0.8252074122428894
0.022058823529411766,0.19038461538461537,0.8181095719337463
0.022794117647058822,0.19038461538461537,0.8171842694282532
0.022794117647058822,0.20096153846153847,0.8112232685089111
0.023529411764705882,0.20096153846153847,0.8112053275108337
0.023529411764705882,0.21826923076923077,0.8004383444786072
0.02426470588235294,0.21826923076923077,0.8002599477767944
0.02426470588235294,0.22788461538461538,0.7959359288215637
0.025,0.22788461538461538,0.7958709001541138
0.025,0.23557692307692307,0.790934681892395
0.025735294117647058,0.23557692307692307,0.7908886671066284
0.025735294117647058,0.23653846153846153,0.789647102355957
0.026470588235294117,0.23653846153846153,0.789114236831665
0.026470588235294117,0.24423076923076922,0.7811910510063171
0.027205882352941177,0.24423076923076922,0.7808991074562073
0.027205882352941177,0.24519230769230768,0.780582070350647
0.027941176470588237,0.24519230769230768,0.780498206615448
0.027941176470588237,0.2528846153846154,0.7767079472541809
0.029411764705882353,0.2528846153846154,0.7756272554397583
0.029411764705882353,0.25769230769230766,0.7742279767990112
0.030147058823529412,0.25769230769230766,0.7740129232406616
0.030147058823529412,0.2586538461538462,0.7736504077911377
0.030882352941176472,0.2586538461538462,0.7734494805335999
0.030882352941176472,0.26826923076923076,0.7663513422012329
0.03161764705882353,0.26826923076923076,0.7661179900169373
0.03161764705882353,0.27307692307692305,0.7638161182403564
0.03235294117647059,0.27307692307692305,0.7634943127632141
0.03235294117647059,0.28557692307692306,0.7582316994667053
0.03308823529411765,0.28557692307692306,0.7572375535964966
0.03308823529411765,0.28846153846153844,0.7549828290939331
0.033823529411764704,0.28846153846153844,0.7542797327041626
0.033823529411764704,0.28942307692307695,0.7541027069091797
0.03455882352941177,0.28942307692307695,0.7540232539176941
0.03455882352941177,0.2903846153846154,0.7535573840141296
0.03602941176470588,0.2903846153846154,0.7525193691253662
0.03602941176470588,0.2980769230769231,0.7470610737800598
0.0375,0.2980769230769231,0.7464103102684021
0.0375,0.3019230769230769,0.7442693114280701
0.03823529411764706,0.3019230769230769,0.7438891530036926
0.03823529411764706,0.30673076923076925,0.7427878379821777
0.03897058823529412,0.30673076923076925,0.7425417304039001
0.03897058823529412,0.3105769230769231,0.7401293516159058
0.039705882352941174,0.3105769230769231,0.7401183843612671
0.039705882352941174,0.31153846153846154,0.7399388551712036
0.04044117647058824,0.31153846153846154,0.7388388514518738
0.04044117647058824,0.3125,0.7384706735610962
0.04264705882352941,0.3125,0.7377861738204956
0.04264705882352941,0.3144230769230769,0.7374473214149475
0.04485294117647059,0.3144230769230769,0.7366085648536682
0.04485294117647059,0.31634615384615383,0.7361475229263306
0.045588235294117645,0.31634615384615383,0.7360084056854248
0.045588235294117645,0.3173076923076923,0.735969603061676
0.04632352941176471,0.3173076923076923,0.7356330752372742
0.04632352941176471,0.31826923076923075,0.7352431416511536
0.047058823529411764,0.31826923076923075,0.7347651124000549
0.047058823529411764,0.33076923076923076,0.729191780090332
0.04779411764705882,0.33076923076923076,0.7275378704071045
0.04779411764705882,0.33365384615384613,0.7259869575500488
0.04926470588235294,0.33365384615384613,0.7257464528083801
0.04926470588235294,0.3375,0.723976194858551
0.05,0.3375,0.7239493727684021
0.05,0.3403846153846154,0.7234033346176147
0.05073529411764706,0.3403846153846154,0.7232518196105957
0.05073529411764706,0.3423076923076923,0.7226974964141846
0.051470588235294115,0.3423076923076923,0.7226470112800598
0.051470588235294115,0.34615384615384615,0.7218106985092163
0.05220588235294118,0.34615384615384615,0.720852792263031
0.05220588235294118,0.3490384615384615,0.7204483151435852
0.052941176470588235,0.3490384615384615,0.719537079334259
0.052941176470588235,0.35096153846153844,0.7182979583740234
0.05514705882352941,0.35096153846153844,0.7162289023399353
0.05514705882352941,0.3548076923076923,0.7139545679092407
0.05588235294117647,0.3548076923076923,0.7139015793800354
0.05588235294117647,0.35673076923076924,0.7132137417793274
0.05661764705882353,0.35673076923076924,0.7130282521247864
0.05661764705882353,0.3596153846153846,0.7126725912094116
0.057352941176470586,0.3596153846153846,0.7125883102416992
0.057352941176470586,0.3644230769230769,0.711089551448822
0.05808823529411765,0.3644230769230769,0.710574209690094
0.05808823529411765,0.37115384615384617,0.7088696956634521
0.058823529411764705,0.37115384615384617,0.7083169221878052
0.058823529411764705,0.3721153846153846,0.70760577917099
0.05955882352941176,0.3721153846153846,0.7074623703956604
0.05955882352941176,0.3730769230769231,0.7072615623474121
0.061764705882352944,0.3730769230769231,0.7059001326560974
0.061764705882352944,0.3769230769230769,0.7050464153289795
0.0625,0.3769230769230769,0.7048051953315735
0.0625,0.3778846153846154,0.7045221328735352
0.06323529411764706,0.3778846153846154,0.7031869292259216
0.06323529411764706,0.38269230769230766,0.701113224029541
0.06397058823529411,0.38269230769230766,0.7003211975097656
0.06397058823529411,0.3836538461538462,0.7001722455024719
0.06470588235294118,0.3836538461538462,0.6997842788696289
0.06470588235294118,0.38461538461538464,0.6996134519577026
0.06544117647058824,0.38461538461538464,0.6996058225631714
0.06544117647058824,0.38653846153846155,0.6995139718055725
0.0661764705882353,0.38653846153846155,0.6993201971054077
0.0661764705882353,0.3875,0.6982763409614563
0.06838235294117648,0.3875,0.6978086233139038
0.06838235294117648,0.3894230769230769,0.6965427398681641
0.06911764705882353,0.3894230769230769,0.6963862180709839
0.06911764705882353,0.3903846153846154,0.6963080167770386
0.07058823529411765,0.3903846153846154,0.6961946487426758
0.07058823529411765,0.3923076923076923,0.6943905353546143
0.0713235294117647,0.3923076923076923,0.6943789124488831
0.0713235294117647,0.39326923076923076,0.693919837474823
0.07205882352941176,0.39326923076923076,0.6936981081962585
0.07205882352941176,0.3971153846153846,0.6919577717781067
0.07279411764705883,0.3971153846153846,0.6918638348579407
0.07279411764705883,0.39807692307692305,0.691512405872345
0.07426470588235294,0.39807692307692305,0.6910492777824402
0.07426470588235294,0.4,0.6907706260681152
0.075,0.4,0.6904231905937195
0.075,0.4009615384615385,0.6897436380386353
0.07573529411764705,0.4009615384615385,0.6890510320663452
0.07573529411764705,0.40192307692307694,0.6888996958732605
0.07647058823529412,0.40192307692307694,0.6888765692710876
0.07647058823529412,0.4028846153846154,0.688866138458252
0.07720588235294118,0.4028846153846154,0.6882556676864624
0.07720588235294118,0.40384615384615385,0.6880331039428711
0.07794117647058824,0.40384615384615385,0.6880238056182861
0.07794117647058824,0.4048076923076923,0.6875762343406677
0.07867647058823529,0.4048076923076923,0.68755042552948
0.07867647058823529,0.40673076923076923,0.6867358684539795
0.08014705882352942,0.40673076923076923,0.6864079833030701
0.08014705882352942,0.4096153846153846,0.6851263642311096
0.08088235294117647,0.4096153846153846,0.6851087212562561
0.08088235294117647,0.41057692307692306,0.68477863073349
0.08161764705882353,0.41057692307692306,0.6847018599510193
0.08161764705882353,0.41346153846153844,0.683455765247345
0.08308823529411764,0.41346153846153844,0.6827872395515442
0.08308823529411764,0.41442307692307695,0.6826186180114746
0.0838235294117647,0.41442307692307695,0.682400107383728
0.0838235294117647,0.41634615384615387,0.6819772124290466
0.08455882352941177,0.41634615384615387,0.6816421151161194
0.08455882352941177,0.4182692307692308,0.6812680959701538
0.08676470588235294,0.4182692307692308,0.680640459060669
0.08676470588235294,0.4201923076923077,0.6802536845207214
0.0875,0.4201923076923077,0.6802374720573425
0.0875,0.4221153846153846,0.6800512671470642
0.08823529411764706,0.4221153846153846,0.6800373196601868
0.08823529411764706,0.42403846153846153,0.6795124411582947
0.08897058823529412,0.42403846153846153,0.6790755391120911
0.08897058823529412,0.42980769230769234,0.6770725846290588
0.08970588235294118,0.42980769230769234,0.6770514249801636
0.08970588235294118,0.43365384615384617,0.6755353212356567
0.09044117647058823,0.43365384615384617,0.6745645403862
0.09044117647058823,0.4375,0.6737216711044312
0.09411764705882353,0.4375,0.6722005605697632
0.09411764705882353,0.44326923076923075,0.6695229411125183
0.09485294117647058,0.44326923076923075,0.669166088104248
0.09485294117647058,0.4442307692307692,0.6685017943382263
0.09558823529411764,0.4442307692307692,0.6683830618858337
0.09558823529411764,0.44519230769230766,0.668133020401001
0.09632352941176471,0.44519230769230766,0.6676105856895447
0.09632352941176471,0.45096153846153847,0.6654056906700134
0.09705882352941177,0.45096153846153847,0.6639744639396667
0.09705882352941177,0.4528846153846154,0.6634505987167358
0.09852941176470588,0.4528846153846154,0.6629993319511414
0.09852941176470588,0.45384615384615384,0.6629964113235474
0.09926470588235294,0.45384615384615384,0.6621856689453125
0.09926470588235294,0.45576923076923076,0.661564290523529
0.1,0.45576923076923076,0.6614660620689392
0.1,0.4576923076923077,0.6605294942855835
0.10147058823529412,0.4576923076923077,0.6601063013076782
0.10147058823529412,0.45865384615384613,0.6599131226539612
0.10220588235294117,0.45865384615384613,0.6597709655761719
0.10220588235294117,0.46057692307692305,0.6593679785728455
0.10441176470588236,0.46057692307692305,0.6585784554481506
0.10441176470588236,0.4634615384615385,0.6575625538825989
0.10514705882352941,0.4634615384615385,0.6569041609764099
0.10514705882352941,0.4653846153846154,0.6561861634254456
0.10588235294117647,0.4653846153846154,0.6560311913490295
0.10588235294117647,0.46634615384615385,0.6557911038398743
0.10661764705882353,0.46634615384615385,0.6552562117576599
0.10661764705882353,0.4673076923076923,0.655029833316803
0.10882352941176471,0.4673076923076923,0.653835654258728
0.10882352941176471,0.47115384615384615,0.6532398462295532
0.11029411764705882,0.47115384615384615,0.6527883410453796
0.11029411764705882,0.475,0.6513153314590454
0.11102941176470588,0.475,0.6512326002120972
0.11102941176470588,0.47692307692307695,0.6505661606788635
0.11176470588235295,0.47692307692307695,0.6497622132301331
0.11176470588235295,0.4798076923076923,0.649138867855072
0.11397058823529412,0.4798076923076923,0.6486930847167969
0.11397058823529412,0.4826923076923077,0.6481807827949524
0.11544117647058824,0.4826923076923077,0.6479027271270752
0.11544117647058824,0.4846153846153846,0.647397518157959
0.1161764705882353,0.4846153846153846,0.647337794303894
0.1161764705882353,0.4855769230769231,0.6469897627830505
0.11838235294117647,0.4855769230769231,0.6456296443939209
0.11838235294117647,0.48653846153846153,0.6452629566192627
0.1213235294117647,0.48653846153846153,0.6444370746612549
0.1213235294117647,0.49423076923076925,0.6430771350860596
0.12205882352941176,0.49423076923076925,0.6426489949226379
0.12205882352941176,0.5,0.6410455703735352
0.12279411764705882,0.5,0.6408399939537048
0.12279411764705882,0.5028846153846154,0.6399209499359131
0.12573529411764706,0.5028846153846154,0.6378142237663269
0.12573529411764706,0.5038461538461538,0.637710690498352
0.1264705882352941,0.5038461538461538,0.6375710964202881
0.1264705882352941,0.5057692307692307,0.6365547180175781
0.12720588235294117,0.5057692307692307,0.6364959478378296
0.12720588235294117,0.5076923076923077,0.636393129825592
0.12867647058823528,0.5076923076923077,0.6358296871185303
0.12867647058823528,0.5086538461538461,0.6349546313285828
0.12941176470588237,0.5086538461538461,0.6348394155502319
0.12941176470588237,0.5115384615384615,0.6340065598487854
0.13014705882352942,0.5115384615384615,0.6337577104568481
0.13014705882352942,0.5182692307692308,0.6321658492088318
0.13088235294117648,0.5182692307692308,0.6318826675415039
0.13088235294117648,0.5230769230769231,0.6311812400817871
0.1338235294117647,0.5230769230769231,0.6298655867576599
0.1338235294117647,0.5259615384615385,0.628811240196228
0.13529411764705881,0.5259615384615385,0.6281402111053467
0.13529411764705881,0.5269230769230769,0.6277742385864258
0.1375,0.5269230769230769,0.6273638010025024
0.1375,0.5278846153846154,0.6272634863853455
0.13823529411764707,0.5278846153846154,0.6271136999130249
0.13823529411764707,0.5288461538461539,0.6269969940185547
0.13897058823529412,0.5288461538461539,0.6267731189727783
0.13897058823529412,0.5307692307692308,0.6257574558258057
0.13970588235294118,0.5307692307692308,0.6257270574569702
0.13970588235294118,0.5326923076923077,0.6249644756317139
0.1411764705882353,0.5326923076923077,0.6245951652526855
0.1411764705882353,0.5355769230769231,0.6240317821502686
0.1426470588235294,0.5355769230769231,0.6231355667114258
0.1426470588235294,0.5394230769230769,0.6218023896217346
0.14411764705882352,0.5394230769230769,0.6217107176780701
0.14411764705882352,0.5423076923076923,0.6210927963256836
0.1463235294117647,0.5423076923076923,0.6200531125068665
0.1463235294117647,0.5471153846153847,0.6172114014625549
0.14926470588235294,0.5471153846153847,0.6160703301429749
0.14926470588235294,0.5480769230769231,0.6155893206596375
0.15,0.5480769230769231,0.6153298020362854
0.15,0.55,0.6149747967720032
0.15073529411764705,0.55,0.6145484447479248
0.15073529411764705,0.5528846153846154,0.6134175658226013
0.15294117647058825,0.5528846153846154,0.6112191081047058
0.15294117647058825,0.5548076923076923,0.6108895540237427
0.1536764705882353,0.5548076923076923,0.6108593940734863
0.1536764705882353,0.5557692307692308,0.6107355952262878
0.15441176470588236,0.5557692307692308,0.6105412244796753
0.15441176470588236,0.5586538461538462,0.6102224588394165
0.15514705882352942,0.5586538461538462,0.6099658608436584
0.15514705882352942,0.5596153846153846,0.6098854541778564
0.15588235294117647,0.5596153846153846,0.6094057559967041
0.15588235294117647,0.5605769230769231,0.6092121601104736
0.15661764705882353,0.5605769230769231,0.6092017292976379
0.15661764705882353,0.5625,0.6084735989570618
0.15735294117647058,0.5625,0.6082248687744141
0.15735294117647058,0.5634615384615385,0.6081304550170898
0.1588235294117647,0.5634615384615385,0.6074544787406921
0.1588235294117647,0.5644230769230769,0.6074056625366211
0.16029411764705884,0.5644230769230769,0.6071069836616516
0.16029411764705884,0.5673076923076923,0.6057531833648682
0.1610294117647059,0.5673076923076923,0.6056435108184814
0.1610294117647059,0.5682692307692307,0.6055922508239746
0.16176470588235295,0.5682692307692307,0.6054808497428894
0.16176470588235295,0.5692307692307692,0.6052100658416748
0.1625,0.5692307692307692,0.6050780415534973
0.1625,0.5721153846153846,0.6044071912765503
0.16397058823529412,0.5721153846153846,0.6029741168022156
0.16397058823529412,0.573076923076923,0.6026251316070557
0.16470588235294117,0.573076923076923,0.6024777293205261
0.16470588235294117,0.5759615384615384,0.6019853353500366
0.16691176470588234,0.5759615384615384,0.6016167402267456
0.16691176470588234,0.5778846153846153,0.6013522148132324
0.16838235294117648,0.5778846153846153,0.600265383720398
0.16838235294117648,0.5788461538461539,0.600031852722168
0.16911764705882354,0.5788461538461539,0.6000122427940369
0.16911764705882354,0.5817307692307693,0.5996118783950806
0.1698529411764706,0.5817307692307693,0.5994043350219727
0.1698529411764706,0.5836538461538462,0.5984320044517517
0.17205882352941176,0.5836538461538462,0.5973441004753113
0.17205882352941176,0.5855769230769231,0.5966998934745789
0.17279411764705882,0.5855769230769231,0.59639972448349
0.17279411764705882,0.5865384615384616,0.5961446166038513
0.17352941176470588,0.5865384615384616,0.5954272150993347
0.17352941176470588,0.5903846153846154,0.5936905145645142
0.175,0.5903846153846154,0.5932982563972473
0.175,0.5932692307692308,0.5923079252243042
0.17647058823529413,0.5932692307692308,0.5920028686523438
0.17647058823529413,0.5942307692307692,0.5918774008750916
0.17720588235294119,0.5942307692307692,0.5918609499931335
0.17720588235294119,0.5951923076923077,0.5918484926223755
0.17794117647058824,0.5951923076923077,0.5918336510658264
0.17794117647058824,0.5980769230769231,0.5895242691040039
0.1786764705882353,0.5980769230769231,0.5895001292228699
0.1786764705882353,0.6019230769230769,0.5889730453491211
0.17941176470588235,0.6019230769230769,0.58873450756073
0.17941176470588235,0.6057692307692307,0.5877431631088257
0.1801470588235294,0.6057692307692307,0.5876845717430115
0.1801470588235294,0.6086538461538461,0.5871783494949341
0.18161764705882352,0.6086538461538461,0.5868282318115234
0.18161764705882352,0.6096153846153847,0.58669114112854
0.18308823529411763,0.6096153846153847,0.5862500071525574
0.18308823529411763,0.6125,0.5854024291038513
0.1875,0.6125,0.5832982659339905
0.1875,0.6134615384615385,0.582776665687561
0.18823529411764706,0.6134615384615385,0.5824804902076721
0.18823529411764706,0.614423076923077,0.5818278193473816
0.18970588235294117,0.614423076923077,0.5810935497283936
0.18970588235294117,0.6153846153846154,0.5808969140052795
0.19044117647058822,0.6153846153846154,0.5807946920394897
0.19044117647058822,0.6182692307692308,0.5803064107894897
0.19117647058823528,0.6182692307692308,0.5801395773887634
0.19117647058823528,0.6201923076923077,0.5798467397689819
0.19264705882352942,0.6201923076923077,0.5789501070976257
0.19264705882352942,0.6259615384615385,0.5779221057891846
0.19338235294117648,0.6259615384615385,0.5767235159873962
0.19338235294117648,0.6278846153846154,0.5762353539466858
0.19411764705882353,0.6278846153846154,0.5761582255363464
0.19411764705882353,0.6298076923076923,0.5747422575950623
0.1948529411764706,0.6298076923076923,0.5744177103042603
0.1948529411764706,0.6307692307692307,0.5734230279922485
0.1963235294117647,0.6307692307692307,0.5726411938667297
0.1963235294117647,0.6326923076923077,0.572074830532074
0.19926470588235295,0.6326923076923077,0.5714194178581238
0.19926470588235295,0.6346153846153846,0.5713793635368347
0.20073529411764707,0.6346153846153846,0.5710067749023438
0.20073529411764707,0.6375,0.5699962973594666
0.20220588235294118,0.6375,0.5675230622291565
0.20220588235294118,0.6384615384615384,0.5665371417999268
0.20294117647058824,0.6384615384615384,0.5659295916557312
0.20294117647058824,0.6471153846153846,0.5630426406860352
0.20441176470588235,0.6471153846153846,0.5625299215316772
0.20441176470588235,0.6480769230769231,0.5622007846832275
0.20588235294117646,0.6480769230769231,0.562150239944458
0.20588235294117646,0.65,0.5611412525177002
0.20661764705882352,0.65,0.5600335597991943
0.20661764705882352,0.6519230769230769,0.5598122477531433
0.2073529411764706,0.6519230769230769,0.5597814917564392
0.2073529411764706,0.6528846153846154,0.5594357848167419
0.20808823529411766,0.6528846153846154,0.5589835047721863
0.20808823529411766,0.6548076923076923,0.5588573217391968
0.2088235294117647,0.6548076923076923,0.5583353638648987
0.2088235294117647,0.6576923076923077,0.5563324093818665
0.20955882352941177,0.6576923076923077,0.5554506778717041
0.20955882352941177,0.6634615384615384,0.5537790060043335
0.21029411764705883,0.6634615384615384,0.5534493327140808
0.21029411764705883,0.6644230769230769,0.553163468837738
0.2125,0.6644230769230769,0.5527161359786987
0.2125,0.6682692307692307,0.5514057874679565
0.2139705882352941,0.6682692307692307,0.5504903793334961
0.2139705882352941,0.6701923076923076,0.5502049326896667
0.21544117647058825,0.6701923076923076,0.548709511756897
0.21544117647058825,0.6730769230769231,0.5470049381256104
0.2161764705882353,0.6730769230769231,0.546967625617981
0.2161764705882353,0.6778846153846154,0.5464184284210205
0.21764705882352942,0.6778846153846154,0.5461111664772034
0.21764705882352942,0.6788461538461539,0.5459771752357483
0.21838235294117647,0.6788461538461539,0.5455493330955505
0.21838235294117647,0.6798076923076923,0.5446231961250305
0.21985294117647058,0.6798076923076923,0.5443151593208313
0.21985294117647058,0.6807692307692308,0.5437822937965393
0.22058823529411764,0.6807692307692308,0.5436471700668335
0.22058823529411764,0.6826923076923077,0.5435414910316467
0.2213235294117647,0.6826923076923077,0.5433217287063599
0.2213235294117647,0.6846153846153846,0.5425081849098206
0.22279411764705884,0.6846153846153846,0.5407933592796326
0.22279411764705884,0.6855769230769231,0.5403091907501221
0.2235294117647059,0.6855769230769231,0.5402178764343262
0.2235294117647059,0.6875,0.5397781133651733
0.225,0.6875,0.538944661617279
0.225,0.6903846153846154,0.5379211902618408
0.22573529411764706,0.6903846153846154,0.5378313064575195
0.22573529411764706,0.6923076923076923,0.5377131104469299
0.2286764705882353,0.6923076923076923,0.5363181829452515
0.2286764705882353,0.6942307692307692,0.535943865776062
0.2301470588235294,0.6942307692307692,0.535777747631073
0.2301470588235294,0.6951923076923077,0.5355051755905151
0.23088235294117648,0.6951923076923077,0.5352171063423157
0.23088235294117648,0.7,0.5341141819953918
0.2338235294117647,0.7,0.5332914590835571
0.2338235294117647,0.7028846153846153,0.532124936580658
0.23455882352941176,0.7028846153846153,0.5318648815155029
0.23455882352941176,0.7048076923076924,0.5308003425598145
0.23529411764705882,0.7048076923076924,0.5307647585868835
0.23529411764705882,0.7067307692307693,0.5301371216773987
0.23602941176470588,0.7067307692307693,0.5298704504966736
0.23602941176470588,0.7125,0.5276081562042236
0.23676470588235293,0.7125,0.5271094441413879
0.23676470588235293,0.7144230769230769,0.5269383788108826
0.23897058823529413,0.7144230769230769,0.5245604515075684
0.23897058823529413,0.7163461538461539,0.5240867733955383
0.23970588235294119,0.7163461538461539,0.5240746736526489
0.23970588235294119,0.7192307692307692,0.5231230854988098
0.24044117647058824,0.7192307692307692,0.5227728486061096
0.24044117647058824,0.7211538461538461,0.5210659503936768
0.2411764705882353,0.7211538461538461,0.5208731293678284
0.2411764705882353,0.7240384615384615,0.5203354358673096
0.24411764705882352,0.7240384615384615,0.5197513103485107
0.24411764705882352,0.7259615384615384,0.5191843509674072
0.24779411764705883,0.7259615384615384,0.5176954865455627
0.24779411764705883,0.7269230769230769,0.5174999237060547
0.24926470588235294,0.7269230769230769,0.516545832157135
0.24926470588235294,0.7298076923076923,0.5155912041664124
0.25,0.7298076923076923,0.5155500769615173
0.25,0.7317307692307692,0.5140972137451172
0.2514705882352941,0.7317307692307692,0.5126708149909973
0.2514705882352941,0.7326923076923076,0.5124470591545105
0.25220588235294117,0.7326923076923076,0.5123136043548584
0.25220588235294117,0.7336538461538461,0.5119215846061707
0.2529411764705882,0.7336538461538461,0.5117714405059814
0.2529411764705882,0.7355769230769231,0.5111832618713379
0.2536764705882353,0.7355769230769231,0.5109414458274841
0.2536764705882353,0.7365384615384616,0.5107110738754272
0.25441176470588234,0.7365384615384616,0.5095531940460205
0.25441176470588234,0.7375,0.5087835788726807
0.2551470588235294,0.7375,0.5087231397628784
0.2551470588235294,0.7413461538461539,0.5080239176750183
0.2566176470588235,0.7413461538461539,0.5066612362861633
0.2566176470588235,0.7432692307692308,0.5061805248260498
0.25735294117647056,0.7432692307692308,0.5055668354034424
0.25735294117647056,0.7442307692307693,0.5047330856323242
0.26029411764705884,0.7442307692307693,0.5041726231575012
0.26029411764705884,0.7451923076923077,0.5039523839950562
0.26323529411764707,0.7451923076923077,0.5008130073547363
0.26323529411764707,0.7461538461538462,0.5002075433731079
0.2639705882352941,0.7461538461538462,0.5001757740974426
0.2639705882352941,0.7471153846153846,0.49975186586380005
0.26691176470588235,0.7471153846153846,0.49914881587028503
0.26691176470588235,0.7490384615384615,0.49845755100250244
0.2676470588235294,0.7490384615384615,0.49770140647888184
0.2676470588235294,0.7548076923076923,0.4955753684043884
0.2691176470588235,0.7548076923076923,0.4949115812778473
0.2691176470588235,0.7567307692307692,0.4943771958351135
0.27058823529411763,0.7567307692307692,0.49372413754463196
0.27058823529411763,0.7576923076923077,0.4936900734901428
0.2713235294117647,0.7576923076923077,0.4920978546142578
0.2713235294117647,0.7596153846153846,0.49201062321662903
0.27205882352941174,0.7596153846153846,0.4919271171092987
0.27205882352941174,0.7615384615384615,0.4915573000907898
0.27647058823529413,0.7615384615384615,0.4895004332065582
0.27647058823529413,0.7711538461538462,0.48691803216934204
0.2772058823529412,0.7711538461538462,0.48661765456199646
0.2772058823529412,0.775,0.48408666253089905
0.27794117647058825,0.775,0.4836115539073944
0.27794117647058825,0.7759615384615385,0.4834577143192291
0.28088235294117647,0.7759615384615385,0.48274025321006775
0.28088235294117647,0.7788461538461539,0.48035091161727905
0.2823529411764706,0.7788461538461539,0.4797762632369995
0.2823529411764706,0.7807692307692308,0.4791649281978607
0.28308823529411764,0.7807692307692308,0.478651225566864
0.28308823529411764,0.7817307692307692,0.4786263406276703
0.28455882352941175,0.7817307692307692,0.47592347860336304
0.28455882352941175,0.7836538461538461,0.4754470884799957
0.2867647058823529,0.7836538461538461,0.47509393095970154
0.2867647058823529,0.7865384615384615,0.47459203004837036
0.2875,0.7865384615384615,0.4745751917362213
0.2875,0.7894230769230769,0.4725841283798218
0.28823529411764703,0.7894230769230769,0.47255414724349976
0.28823529411764703,0.7903846153846154,0.47216182947158813
0.2911764705882353,0.7903846153846154,0.46994656324386597
0.2911764705882353,0.7913461538461538,0.46895045042037964
0.29191176470588237,0.7913461538461538,0.46894609928131104
0.29191176470588237,0.7923076923076923,0.46858859062194824
0.2933823529411765,0.7923076923076923,0.46807438135147095
0.2933823529411765,0.7932692307692307,0.46732038259506226
0.2948529411764706,0.7932692307692307,0.4662719964981079
0.2948529411764706,0.7942307692307692,0.46590539813041687
0.3,0.7942307692307692,0.4628204107284546
0.3,0.7951923076923076,0.4616554379463196
0.3014705882352941,0.7951923076923076,0.46129363775253296
0.3014705882352941,0.7961538461538461,0.46111324429512024
0.3044117647058823,0.7961538461538461,0.4604633152484894
0.3044117647058823,0.7980769230769231,0.46007439494132996
0.30514705882352944,0.7980769230769231,0.45992302894592285
0.30514705882352944,0.8,0.4594104588031769
0.30661764705882355,0.8,0.4591323733329773
0.30661764705882355,0.8009615384615385,0.4587428867816925
0.31176470588235294,0.8009615384615385,0.4555966854095459
0.31176470588235294,0.8038461538461539,0.4552469551563263
0.3154411764705882,0.8038461538461539,0.4545321464538574
0.3154411764705882,0.8067307692307693,0.4537898302078247
0.3176470588235294,0.8067307692307693,0.4510420560836792
0.3176470588235294,0.8076923076923077,0.4502612352371216
0.31838235294117645,0.8076923076923077,0.4499361515045166
0.31838235294117645,0.8096153846153846,0.4493694603443146
0.3191176470588235,0.8096153846153846,0.4489975571632385
0.3191176470588235,0.8115384615384615,0.44853782653808594
0.32132352941176473,0.8115384615384615,0.44736069440841675
0.32132352941176473,0.8134615384615385,0.44650769233703613
0.3264705882352941,0.8134615384615385,0.44514453411102295
0.3264705882352941,0.8153846153846154,0.4445165991783142
0.3272058823529412,0.8153846153846154,0.44406867027282715
0.3272058823529412,0.8163461538461538,0.4438728094100952
0.3286764705882353,0.8163461538461538,0.4429715871810913
0.3286764705882353,0.8173076923076923,0.44280993938446045
0.3301470588235294,0.8173076923076923,0.4423966407775879
0.3301470588235294,0.8182692307692307,0.4423852860927582
0.33088235294117646,0.8182692307692307,0.44200822710990906
0.33088235294117646,0.8211538461538461,0.4406842589378357
0.3316176470588235,0.8211538461538461,0.4402187764644623
0.3316176470588235,0.823076923076923,0.43816447257995605
0.33308823529411763,0.823076923076923,0.43793562054634094
0.33308823529411763,0.825,0.4368530511856079
0.3338235294117647,0.825,0.436454176902771
0.3338235294117647,0.8259615384615384,0.4361003339290619
0.33455882352941174,0.8259615384615384,0.4357747435569763
0.33455882352941174,0.8269230769230769,0.4355521500110626
0.3375,0.8269230769230769,0.4347851872444153
0.3375,0.8288461538461539,0.434367299079895
0.3397058823529412,0.8288461538461539,0.43327561020851135
0.3397058823529412,0.8298076923076924,0.4328731894493103
0.34044117647058825,0.8298076923076924,0.4325590133666992
0.34044117647058825,0.8307692307692308,0.432498961687088
0.3411764705882353,0.8307692307692308,0.43163061141967773
0.3411764705882353,0.8317307692307693,0.43099886178970337
0.34191176470588236,0.8317307692307693,0.43082016706466675
0.34191176470588236,0.8355769230769231,0.429857075214386
0.34411764705882353,0.8355769230769231,0.42899879813194275
0.34411764705882353,0.8365384615384616,0.42881545424461365
0.3448529411764706,0.8365384615384616,0.42855486273765564
0.3448529411764706,0.8384615384615385,0.4278426468372345
0.34558823529411764,0.8384615384615385,0.42757269740104675
0.34558823529411764,0.8394230769230769,0.42755383253097534
0.34705882352941175,0.8394230769230769,0.42735326290130615
0.34705882352941175,0.8403846153846154,0.4271228015422821
0.34852941176470587,0.8403846153846154,0.4253467321395874
0.34852941176470587,0.8423076923076923,0.42384764552116394
0.3492647058823529,0.8423076923076923,0.4237537980079651
0.3492647058823529,0.8432692307692308,0.4232179522514343
0.35073529411764703,0.8432692307692308,0.422757089138031
0.35073529411764703,0.8442307692307692,0.42232707142829895
0.3514705882352941,0.8442307692307692,0.4222148358821869
0.3514705882352941,0.8471153846153846,0.42162641882896423
0.3536764705882353,0.8471153846153846,0.4209410846233368
0.3536764705882353,0.85,0.42045876383781433
0.35808823529411765,0.85,0.419127881526947
0.35808823529411765,0.8509615384615384,0.4190990626811981
0.3610294117647059,0.8509615384615384,0.4174458980560303
0.3610294117647059,0.8528846153846154,0.417098730802536
0.36176470588235293,0.8528846153846154,0.41683560609817505
0.36176470588235293,0.8548076923076923,0.41663751006126404
0.36323529411764705,0.8548076923076923,0.41636422276496887
0.36323529411764705,0.8557692307692307,0.41528746485710144
0.3639705882352941,0.8557692307692307,0.4149731695652008
0.3639705882352941,0.8586538461538461,0.4135964512825012
0.36911764705882355,0.8586538461538461,0.41227787733078003
0.36911764705882355,0.8596153846153847,0.4119587242603302
0.3698529411764706,0.8596153846153847,0.41195693612098694
0.3698529411764706,0.8605769230769231,0.41129082441329956
0.37058823529411766,0.8605769230769231,0.4107721447944641
0.37058823529411766,0.8615384615384616,0.40983790159225464
0.3735294117647059,0.8615384615384616,0.40881049633026123
0.3735294117647059,0.8625,0.4085982143878937
0.3786764705882353,0.8625,0.40569788217544556
0.3786764705882353,0.8634615384615385,0.40539810061454773
0.3801470588235294,0.8634615384615385,0.40300965309143066
0.3801470588235294,0.864423076923077,0.4028259217739105
0.38382352941176473,0.864423076923077,0.4015291929244995
0.38382352941176473,0.8663461538461539,0.4007723033428192
0.3845588235294118,0.8663461538461539,0.40041130781173706
0.3845588235294118,0.8673076923076923,0.4004060626029968
0.3860294117647059,0.8673076923076923,0.39971670508384705
0.3860294117647059,0.8682692307692308,0.3996167778968811
0.3889705882352941,0.8682692307692308,0.39770257472991943
0.3889705882352941,0.8701923076923077,0.39732101559638977
0.3897058823529412,0.8701923076923077,0.39731189608573914
0.3897058823529412,0.8711538461538462,0.39698168635368347
0.39044117647058824,0.8711538461538462,0.39695513248443604
0.39044117647058824,0.8740384615384615,0.39640384912490845
0.39338235294117646,0.8740384615384615,0.3944757580757141
0.39338235294117646,0.875,0.3940185606479645
0.3941176470588235,0.875,0.39400961995124817
0.3941176470588235,0.8759615384615385,0.3939032554626465
0.39926470588235297,0.8759615384615385,0.3922747075557709
0.39926470588235297,0.8769230769230769,0.39224889874458313
0.4007352941176471,0.8769230769230769,0.3917415738105774
0.4007352941176471,0.8778846153846154,0.39160236716270447
0.40294117647058825,0.8778846153846154,0.3898254632949829
0.40294117647058825,0.8798076923076923,0.38957181572914124
0.4036764705882353,0.8798076923076923,0.3895062804222107
0.4036764705882353,0.8807692307692307,0.3893420398235321
0.40808823529411764,0.8807692307692307,0.3884807527065277
0.40808823529411764,0.8817307692307692,0.3879354000091553
0.41691176470588237,0.8817307692307692,0.3854410648345947
0.41691176470588237,0.8826923076923077,0.3850107491016388
0.4176470588235294,0.8826923076923077,0.38471269607543945
0.4176470588235294,0.8846153846153846,0.38435375690460205
0.4183823529411765,0.8846153846153846,0.38408422470092773
0.4183823529411765,0.885576923076923,0.3840368092060089
0.42058823529411765,0.885576923076923,0.3830718398094177
0.42058823529411765,0.8865384615384615,0.38297325372695923
0.4213235294117647,0.8865384615384615,0.3827477693557739
0.4213235294117647,0.8875,0.3820819854736328
0.4227941176470588,0.8875,0.38165780901908875
0.4227941176470588,0.8884615384615384,0.3815489411354065
0.4235294117647059,0.8884615384615384,0.3809470534324646
0.4235294117647059,0.8903846153846153,0.3806130290031433
0.42426470588235293,0.8903846153846153,0.3803848326206207
0.42426470588235293,0.8913461538461539,0.3796824514865875
0.425,0.8913461538461539,0.3796739876270294
0.425,0.8923076923076924,0.3796572685241699
0.43161764705882355,0.8923076923076924,0.37664365768432617
0.43161764705882355,0.8942307692307693,0.37561261653900146
0.43308823529411766,0.8942307692307693,0.37488970160484314
0.43308823529411766,0.8951923076923077,0.3747991621494293
0.4338235294117647,0.8951923076923077,0.37471264600753784
0.4338235294117647,0.8961538461538462,0.3746398091316223
0.4411764705882353,0.8961538461538462,0.3715073764324188
0.4411764705882353,0.8971153846153846,0.3713158965110779
0.4441176470588235,0.8971153846153846,0.3700267970561981
0.4441176470588235,0.8990384615384616,0.3691532015800476
0.44485294117647056,0.8990384615384616,0.3690747320652008
0.44485294117647056,0.9,0.36817046999931335
0.44779411764705884,0.9,0.36672982573509216
0.44779411764705884,0.9009615384615385,0.36664503812789917
0.4536764705882353,0.9009615384615385,0.36363863945007324
0.4536764705882353,0.9048076923076923,0.36227476596832275
0.4588235294117647,0.9048076923076923,0.3604446351528168
0.4588235294117647,0.9057692307692308,0.36043882369995117
0.45955882352941174,0.9057692307692308,0.3601875603199005
0.45955882352941174,0.9096153846153846,0.35891714692115784
0.4632352941176471,0.9096153846153846,0.35740500688552856
0.4632352941176471,0.9105769230769231,0.3572894036769867
0.46397058823529413,0.9105769230769231,0.3572113811969757
0.46397058823529413,0.9115384615384615,0.3565702438354492
0.4661764705882353,0.9115384615384615,0.3554527759552002
0.4661764705882353,0.9125,0.3554219603538513
0.4742647058823529,0.9125,0.3528970777988434
0.4742647058823529,0.9134615384615384,0.3526151776313782
0.48161764705882354,0.9134615384615384,0.34967315196990967
0.48161764705882354,0.9144230769230769,0.34965115785598755
0.48308823529411765,0.9144230769230769,0.3489042818546295
0.48308823529411765,0.9153846153846154,0.3488225042819977
0.48455882352941176,0.9153846153846154,0.34867313504219055
0.48455882352941176,0.9163461538461538,0.3484867215156555
0.48970588235294116,0.9163461538461538,0.3457314074039459
0.48970588235294116,0.9182692307692307,0.34525981545448303
0.49411764705882355,0.9182692307692307,0.343661904335022
0.49411764705882355,0.9192307692307692,0.3425530791282654
0.4948529411764706,0.9192307692307692,0.34240755438804626
0.4948529411764706,0.9201923076923076,0.34127146005630493
0.49926470588235294,0.9201923076923076,0.3389199674129486
0.49926470588235294,0.9211538461538461,0.33884456753730774
0.5,0.9211538461538461,0.3387821912765503
0.5,0.9230769230769231,0.3376566469669342
0.5058823529411764,0.9230769230769231,0.33605921268463135
0.5058823529411764,0.9240384615384616,0.33593109250068665
0.5117647058823529,0.9240384615384616,0.3339787423610687
0.5117647058823529,0.925,0.33361443877220154
0.5147058823529411,0.925,0.3331713378429413
0.5147058823529411,0.9259615384615385,0.33277276158332825
0.5169117647058824,0.9259615384615385,0.3316608667373657
0.5169117647058824,0.926923076923077,0.3315912187099457
0.5205882352941177,0.926923076923077,0.3284207582473755
0.5205882352941177,0.9278846153846154,0.3278140425682068
0.525,0.9278846153846154,0.32652249932289124
0.525,0.9288461538461539,0.32623857259750366
0.5264705882352941,0.9288461538461539,0.32567116618156433
0.5264705882352941,0.9298076923076923,0.3256630301475525
0.5323529411764706,0.9298076923076923,0.32387444376945496
0.5323529411764706,0.9307692307692308,0.32376742362976074
0.5338235294117647,0.9307692307692308,0.32341817021369934
0.5338235294117647,0.9336538461538462,0.3214566707611084
0.5352941176470588,0.9336538461538462,0.3213663697242737
0.5352941176470588,0.9346153846153846,0.3213140368461609
0.5411764705882353,0.9346153846153846,0.31869471073150635
0.5411764705882353,0.9355769230769231,0.31636321544647217
0.5477941176470589,0.9355769230769231,0.31116580963134766
0.5477941176470589,0.9365384615384615,0.3109283447265625
0.5536764705882353,0.9365384615384615,0.3059004545211792
0.5536764705882353,0.9375,0.30572229623794556
0.5625,0.9375,0.3003802001476288
0.5625,0.9384615384615385,0.30010786652565
0.5647058823529412,0.9384615384615385,0.29889941215515137
0.5647058823529412,0.9394230769230769,0.2982538640499115
0.5676470588235294,0.9394230769230769,0.2966916263103485
0.5676470588235294,0.9403846153846154,0.2958534061908722
0.575,0.9403846153846154,0.2925303876399994
0.575,0.9413461538461538,0.29176944494247437
0.5764705882352941,0.9413461538461538,0.29169318079948425
0.5764705882352941,0.9423076923076923,0.29137271642684937
0.5779411764705882,0.9423076923076923,0.2907892167568207
0.5779411764705882,0.9432692307692307,0.29077380895614624
0.5801470588235295,0.9432692307692307,0.2901569604873657
0.5801470588235295,0.9442307692307692,0.28975725173950195
0.5816176470588236,0.9442307692307692,0.28956326842308044
0.5816176470588236,0.9451923076923077,0.2892582416534424
0.5830882352941177,0.9451923076923077,0.2889057695865631
0.5830882352941177,0.9461538461538461,0.288582444190979
0.5838235294117647,0.9461538461538461,0.28830206394195557
0.5838235294117647,0.9471153846153846,0.2881057858467102
0.5889705882352941,0.9471153846153846,0.2852744460105896
0.5889705882352941,0.948076923076923,0.28516823053359985
0.5904411764705882,0.948076923076923,0.28455495834350586
0.5904411764705882,0.9490384615384615,0.2836773693561554
0.5977941176470588,0.9490384615384615,0.28033125400543213
0.5977941176470588,0.95,0.28017178177833557
0.6014705882352941,0.95,0.27820900082588196
0.6014705882352941,0.9509615384615384,0.278179407119751
0.6036764705882353,0.9509615384615384,0.27688080072402954
0.6036764705882353,0.9519230769230769,0.27547359466552734
0.6088235294117647,0.9519230769230769,0.27088797092437744
0.6088235294117647,0.9528846153846153,0.270825058221817
0.6102941176470589,0.9528846153846153,0.2696690559387207
0.6102941176470589,0.9538461538461539,0.2687986195087433
0.6125,0.9538461538461539,0.2677176296710968
0.6125,0.9548076923076924,0.26725777983665466
0.6176470588235294,0.9548076923076924,0.2660534083843231
0.6176470588235294,0.9557692307692308,0.2659018933773041
0.6213235294117647,0.9557692307692308,0.26393383741378784
0.6213235294117647,0.9567307692307693,0.26391515135765076
0.6220588235294118,0.9567307692307693,0.2632974088191986
0.6220588235294118,0.9576923076923077,0.2632729113101959
0.6279411764705882,0.9576923076923077,0.2588944435119629
0.6279411764705882,0.9586538461538462,0.2587880790233612
0.6301470588235294,0.9586538461538462,0.25767678022384644
0.6301470588235294,0.9596153846153846,0.25734344124794006
0.6352941176470588,0.9596153846153846,0.2545073628425598
0.6352941176470588,0.9605769230769231,0.2542055547237396
0.638235294117647,0.9605769230769231,0.25061798095703125
0.638235294117647,0.9615384615384616,0.2503010928630829
0.6522058823529412,0.9615384615384616,0.24201209843158722
0.6522058823529412,0.9625,0.2418939173221588
0.6566176470588235,0.9625,0.24097561836242676
0.6566176470588235,0.9634615384615385,0.24093811213970184
0.6654411764705882,0.9634615384615385,0.23753415048122406
0.6654411764705882,0.9644230769230769,0.23726248741149902
0.6676470588235294,0.9644230769230769,0.23610727488994598
0.6676470588235294,0.9653846153846154,0.23542822897434235
0.6705882352941176,0.9653846153846154,0.23495277762413025
0.6705882352941176,0.9663461538461539,0.23436488211154938
0.6727941176470589,0.9663461538461539,0.23397189378738403
0.6727941176470589,0.9673076923076923,0.2339334487915039
0.6772058823529412,0.9673076923076923,0.2302701324224472
0.6772058823529412,0.9682692307692308,0.23026497662067413
0.6867647058823529,0.9682692307692308,0.22448194026947021
0.6867647058823529,0.9692307692307692,0.22354605793952942
0.6926470588235294,0.9692307692307692,0.22078050673007965
0.6926470588235294,0.9701923076923077,0.22076329588890076
0.6970588235294117,0.9701923076923077,0.21918724477291107
0.6970588235294117,0.9711538461538461,0.21905367076396942
0.7220588235294118,0.9711538461538461,0.20784991979599
0.7220588235294118,0.9721153846153846,0.20723481476306915
0.7242647058823529,0.9721153846153846,0.20645344257354736
0.7242647058823529,0.9740384615384615,0.20504344999790192
0.7308823529411764,0.9740384615384615,0.20261213183403015
0.7308823529411764,0.975,0.20227301120758057
0.7375,0.975,0.19988033175468445
0.7375,0.9759615384615384,0.19960050284862518
0.7529411764705882,0.9759615384615384,0.19320014119148254
0.7529411764705882,0.9769230769230769,0.19189126789569855
0.7661764705882353,0.9769230769230769,0.1873229444026947
0.7661764705882353,0.9778846153846154,0.18726642429828644
0.7713235294117647,0.9778846153846154,0.18439267575740814
0.7713235294117647,0.9788461538461538,0.18436940014362335
0.7779411764705882,0.9788461538461538,0.18103280663490295
0.7779411764705882,0.9798076923076923,0.18093259632587433
0.7897058823529411,0.9798076923076923,0.17474080622196198
0.7897058823529411,0.9807692307692307,0.17441420257091522
0.9066176470588235,0.9807692307692307,0.10237372666597366
0.9066176470588235,0.9817307692307692,0.10184706002473831
0.9183823529411764,0.9817307692307692,0.08761940896511078
0.9183823529411764,0.9826923076923076,0.08709096908569336
0.924264705882353,0.9826923076923076,0.07789341360330582
0.924264705882353,0.9836538461538461,0.07668905705213547
0.9272058823529412,0.9836538461538461,0.07544837892055511
0.9272058823529412,0.9846153846153847,0.0749836266040802
0.9308823529411765,0.9846153846153847,0.06959084421396255
0.9308823529411765,0.9865384615384616,0.06883760541677475
0.9316176470588236,0.9865384615384616,0.0665234625339508
0.9316176470588236,0.989423076923077,0.06540552526712418
0.9338235294117647,0.989423076923077,0.06351190060377121
0.9338235294117647,0.9903846153846154,0.06289682537317276
0.9345588235294118,0.9903846153846154,0.06221143901348114
0.9345588235294118,0.9913461538461539,0.06216602027416229
0.9382352941176471,0.9913461538461539,0.05919512361288071
0.9382352941176471,0.9923076923076923,0.058884117752313614
0.9411764705882353,0.9923076923076923,0.05825230851769447
0.9411764705882353,0.9932692307692308,0.0576680526137352
0.9477941176470588,0.9932692307692308,0.05575299635529518
0.9477941176470588,0.9942307692307693,0.05539098381996155
0.9522058823529411,0.9942307692307693,0.053166598081588745
0.9522058823529411,0.9951923076923077,0.052974652498960495
0.9566176470588236,0.9951923076923077,0.04979080334305763
0.9566176470588236,0.9961538461538462,0.04961664229631424
0.9772058823529411,0.9961538461538462,0.04234921559691429
0.9772058823529411,0.9971153846153846,0.042008623480796814
0.9786764705882353,0.9971153846153846,0.041269052773714066
0.9786764705882353,0.9990384615384615,0.04054250940680504
0.9816176470588235,0.9990384615384615,0.0393407829105854
0.9816176470588235,1.0,0.03925301134586334
1.0,1.0,0.02387392334640026
