FPR,TPR,Threshold
0.0,0.0,1.940218448638916
0.0,0.0009615384615384616,0.940218448638916
0.0,0.046153846153846156,0.9050449132919312
0.0007352941176470588,0.046153846153846156,0.9048125743865967
0.0007352941176470588,0.05384615384615385,0.8975108861923218
0.0014705882352941176,0.05384615384615385,0.8968522548675537
0.0014705882352941176,0.06057692307692308,0.8961754441261292
0.0022058823529411764,0.06057692307692308,0.8956109285354614
0.0022058823529411764,0.06153846153846154,0.8955507874488831
0.003676470588235294,0.06153846153846154,0.8950411081314087
0.003676470588235294,0.06346153846153846,0.8938418030738831
0.004411764705882353,0.06346153846153846,0.8936806917190552
0.004411764705882353,0.06538461538461539,0.8928238153457642
0.0058823529411764705,0.06538461538461539,0.8920674920082092
0.0058823529411764705,0.06634615384615385,0.8920558094978333
0.006617647058823529,0.06634615384615385,0.8919145464897156
0.006617647058823529,0.0673076923076923,0.8918982744216919
0.007352941176470588,0.0673076923076923,0.8918888568878174
0.007352941176470588,0.07019230769230769,0.8912761211395264
0.008088235294117648,0.07019230769230769,0.8912368416786194
0.008088235294117648,0.07115384615384615,0.8910638689994812
0.008823529411764706,0.07115384615384615,0.8909724354743958
0.008823529411764706,0.07211538461538461,0.8904001116752625
0.009558823529411765,0.07211538461538461,0.890268087387085
0.009558823529411765,0.07403846153846154,0.8900722861289978
0.010294117647058823,0.07403846153846154,0.890023946762085
0.010294117647058823,0.09134615384615384,0.8840821385383606
0.011029411764705883,0.09134615384615384,0.8829877376556396
0.011029411764705883,0.09615384615384616,0.8806535601615906
0.011764705882352941,0.09615384615384616,0.8792865872383118
0.011764705882352941,0.10673076923076923,0.8724245429039001
0.0125,0.10673076923076923,0.8720385432243347
0.0125,0.11923076923076924,0.8658254742622375
0.013235294117647059,0.11923076923076924,0.8657479882240295
0.013235294117647059,0.18076923076923077,0.8447973728179932
0.013970588235294118,0.18076923076923077,0.842902421951294
0.013970588235294118,0.1951923076923077,0.833051860332489
0.014705882352941176,0.1951923076923077,0.8325570225715637
0.014705882352941176,0.25096153846153846,0.8013814687728882
0.015441176470588236,0.25096153846153846,0.8010199666023254
0.015441176470588236,0.2692307692307692,0.7935035824775696
0.016176470588235296,0.2692307692307692,0.7931120991706848
0.016176470588235296,0.27884615384615385,0.7908411026000977
0.016911764705882352,0.27884615384615385,0.7898432016372681
0.016911764705882352,0.28076923076923077,0.7894513607025146
0.01764705882352941,0.28076923076923077,0.7875903248786926
0.01764705882352941,0.2826923076923077,0.7868258357048035
0.019852941176470587,0.2826923076923077,0.7856711745262146
0.019852941176470587,0.28557692307692306,0.7849653959274292
0.021323529411764706,0.28557692307692306,0.7837573289871216
0.021323529411764706,0.2875,0.7833078503608704
0.022058823529411766,0.2875,0.7829990983009338
0.022058823529411766,0.28942307692307695,0.7827774882316589
0.022794117647058822,0.28942307692307695,0.782687783241272
0.022794117647058822,0.29134615384615387,0.7822648882865906
0.023529411764705882,0.29134615384615387,0.7810706496238708
0.023529411764705882,0.2932692307692308,0.7801333069801331
0.02426470588235294,0.2932692307692308,0.7800740599632263
0.02426470588235294,0.2951923076923077,0.7799105644226074
0.025,0.2951923076923077,0.7799068689346313
0.025,0.2980769230769231,0.7784866690635681
0.025735294117647058,0.2980769230769231,0.7781600952148438
0.025735294117647058,0.29903846153846153,0.7779662013053894
0.027205882352941177,0.29903846153846153,0.7769249677658081
0.027205882352941177,0.3,0.7768635749816895
0.027941176470588237,0.3,0.7766351103782654
0.027941176470588237,0.30096153846153845,0.7760709524154663
0.028676470588235293,0.30096153846153845,0.7749313116073608
0.028676470588235293,0.30288461538461536,0.7732654213905334
0.030147058823529412,0.30288461538461536,0.7729135751724243
0.030147058823529412,0.3038461538461538,0.7724385261535645
0.03161764705882353,0.3038461538461538,0.7719067931175232
0.03161764705882353,0.3057692307692308,0.7716485261917114
0.03235294117647059,0.3057692307692308,0.7714940309524536
0.03235294117647059,0.30673076923076925,0.7713295221328735
0.033823529411764704,0.30673076923076925,0.7707989811897278
0.033823529411764704,0.3096153846153846,0.7699920535087585
0.03455882352941177,0.3096153846153846,0.7699235081672668
0.03455882352941177,0.3211538461538462,0.7668586373329163
0.03529411764705882,0.3211538461538462,0.7667269706726074
0.03529411764705882,0.33365384615384613,0.7639261484146118
0.03602941176470588,0.33365384615384613,0.7637489438056946
0.03602941176470588,0.3471153846153846,0.7599475383758545
0.03676470588235294,0.3471153846153846,0.7595066428184509
0.03676470588235294,0.35,0.7573432922363281
0.0375,0.35,0.756829023361206
0.0375,0.35192307692307695,0.7557089328765869
0.03823529411764706,0.35192307692307695,0.7553666234016418
0.03823529411764706,0.3557692307692308,0.7516966462135315
0.04044117647058824,0.3557692307692308,0.7500627040863037
0.04044117647058824,0.3625,0.7477986216545105
0.041176470588235294,0.3625,0.7476187348365784
0.041176470588235294,0.36346153846153845,0.7464824914932251
0.04191176470588235,0.36346153846153845,0.7461374998092651
0.04191176470588235,0.3644230769230769,0.7452879548072815
0.04264705882352941,0.3644230769230769,0.7442813515663147
0.04264705882352941,0.3663461538461538,0.7437124848365784
0.04338235294117647,0.3663461538461538,0.7435204982757568
0.04338235294117647,0.36730769230769234,0.7433278560638428
0.04411764705882353,0.36730769230769234,0.7432815432548523
0.04411764705882353,0.3682692307692308,0.7430458068847656
0.047058823529411764,0.3682692307692308,0.7424346208572388
0.047058823529411764,0.3701923076923077,0.7415305376052856
0.04852941176470588,0.3701923076923077,0.7413665056228638
0.04852941176470588,0.3721153846153846,0.7412784099578857
0.04926470588235294,0.3721153846153846,0.7412252426147461
0.04926470588235294,0.375,0.7409376502037048
0.05073529411764706,0.375,0.7404558658599854
0.05073529411764706,0.37596153846153846,0.7402754426002502
0.051470588235294115,0.37596153846153846,0.7400277256965637
0.051470588235294115,0.37884615384615383,0.7398159503936768
0.054411764705882354,0.37884615384615383,0.7395086884498596
0.054411764705882354,0.3836538461538462,0.7390318512916565
0.05661764705882353,0.3836538461538462,0.7386785745620728
0.05661764705882353,0.38461538461538464,0.7385192513465881
0.05808823529411765,0.38461538461538464,0.7376664280891418
0.05808823529411765,0.3894230769230769,0.7371847033500671
0.05955882352941176,0.3894230769230769,0.7370585799217224
0.05955882352941176,0.39134615384615384,0.7367308735847473
0.060294117647058824,0.39134615384615384,0.7363520860671997
0.060294117647058824,0.3942307692307692,0.7362192869186401
0.06102941176470588,0.3942307692307692,0.7361924052238464
0.06102941176470588,0.3951923076923077,0.7361753582954407
0.0625,0.3951923076923077,0.7360074520111084
0.0625,0.39615384615384613,0.7357861995697021
0.06323529411764706,0.39615384615384613,0.7357189059257507
0.06323529411764706,0.3971153846153846,0.7354866862297058
0.06397058823529411,0.3971153846153846,0.7354844808578491
0.06397058823529411,0.40192307692307694,0.7352164387702942
0.06470588235294118,0.40192307692307694,0.7350484728813171
0.06470588235294118,0.40384615384615385,0.7348068952560425
0.06544117647058824,0.40384615384615385,0.7347456216812134
0.06544117647058824,0.40673076923076923,0.734114944934845
0.06691176470588235,0.40673076923076923,0.7340158820152283
0.06691176470588235,0.40865384615384615,0.7337706685066223
0.06764705882352941,0.40865384615384615,0.7336099147796631
0.06764705882352941,0.4096153846153846,0.733458936214447
0.06838235294117648,0.4096153846153846,0.7330777049064636
0.06838235294117648,0.41442307692307695,0.7322911620140076
0.06911764705882353,0.41442307692307695,0.7320016026496887
0.06911764705882353,0.4153846153846154,0.7317281365394592
0.06985294117647059,0.4153846153846154,0.730963945388794
0.06985294117647059,0.41923076923076924,0.7299902439117432
0.07058823529411765,0.41923076923076924,0.72968989610672
0.07058823529411765,0.4201923076923077,0.7295960187911987
0.07279411764705883,0.4201923076923077,0.7291549444198608
0.07279411764705883,0.42115384615384616,0.7286617755889893
0.07426470588235294,0.42115384615384616,0.7281221747398376
0.07426470588235294,0.42403846153846153,0.7278769612312317
0.075,0.42403846153846153,0.7276776432991028
0.075,0.425,0.727191686630249
0.07720588235294118,0.425,0.7255167961120605
0.07720588235294118,0.43173076923076925,0.7218259572982788
0.07794117647058824,0.43173076923076925,0.7213495373725891
0.07794117647058824,0.4326923076923077,0.7208822965621948
0.07867647058823529,0.4326923076923077,0.7207625508308411
0.07867647058823529,0.4394230769230769,0.7189214825630188
0.07941176470588235,0.4394230769230769,0.7185842990875244
0.07941176470588235,0.4423076923076923,0.7174115777015686
0.08014705882352942,0.4423076923076923,0.7166767716407776
0.08014705882352942,0.4442307692307692,0.7153760194778442
0.08088235294117647,0.4442307692307692,0.7152073383331299
0.08088235294117647,0.44519230769230766,0.7150454521179199
0.08161764705882353,0.44519230769230766,0.7150180339813232
0.08161764705882353,0.4480769230769231,0.7132140398025513
0.08308823529411764,0.4480769230769231,0.7117770314216614
0.08308823529411764,0.44903846153846155,0.7105609178543091
0.0838235294117647,0.44903846153846155,0.7104473114013672
0.0838235294117647,0.45096153846153847,0.7098695039749146
0.08455882352941177,0.45096153846153847,0.7088189721107483
0.08455882352941177,0.4519230769230769,0.7072545289993286
0.08529411764705883,0.4519230769230769,0.7070991396903992
0.08529411764705883,0.45384615384615384,0.7039266228675842
0.08602941176470588,0.45384615384615384,0.7035518884658813
0.08602941176470588,0.4548076923076923,0.7033658027648926
0.08676470588235294,0.4548076923076923,0.7032762169837952
0.08676470588235294,0.45576923076923076,0.703152060508728
0.0875,0.45576923076923076,0.7029958963394165
0.0875,0.4567307692307692,0.7026745676994324
0.08823529411764706,0.4567307692307692,0.7022941708564758
0.08823529411764706,0.45865384615384613,0.7003004550933838
0.08897058823529412,0.45865384615384613,0.6997652649879456
0.08897058823529412,0.46057692307692305,0.6982372403144836
0.08970588235294118,0.46057692307692305,0.6981683373451233
0.08970588235294118,0.46153846153846156,0.6966121196746826
0.09044117647058823,0.46153846153846156,0.6957967281341553
0.09044117647058823,0.4634615384615385,0.6955997943878174
0.09117647058823529,0.4634615384615385,0.6955968737602234
0.09117647058823529,0.46442307692307694,0.6952500939369202
0.09191176470588236,0.46442307692307694,0.6952086687088013
0.09191176470588236,0.4653846153846154,0.6939758658409119
0.09338235294117647,0.4653846153846154,0.6932341456413269
0.09338235294117647,0.4721153846153846,0.6922035217285156
0.09411764705882353,0.4721153846153846,0.6920269727706909
0.09411764705882353,0.47692307692307695,0.6897799372673035
0.09485294117647058,0.47692307692307695,0.689737856388092
0.09485294117647058,0.4778846153846154,0.689281702041626
0.09558823529411764,0.4778846153846154,0.6891360878944397
0.09558823529411764,0.48846153846153845,0.6864855885505676
0.09632352941176471,0.48846153846153845,0.6864690780639648
0.09632352941176471,0.49038461538461536,0.6854696869850159
0.09779411764705882,0.49038461538461536,0.685225248336792
0.09779411764705882,0.4913461538461538,0.6851669549942017
0.09852941176470588,0.4913461538461538,0.6850393414497375
0.09852941176470588,0.4932692307692308,0.6845963597297668
0.09926470588235294,0.4932692307692308,0.6842920780181885
0.09926470588235294,0.4980769230769231,0.6834567785263062
0.10147058823529412,0.4980769230769231,0.6822662353515625
0.10147058823529412,0.49903846153846154,0.6822255253791809
0.1036764705882353,0.49903846153846154,0.6814971566200256
0.1036764705882353,0.5,0.6814931631088257
0.10441176470588236,0.5,0.6814091205596924
0.10441176470588236,0.5009615384615385,0.680659294128418
0.10514705882352941,0.5009615384615385,0.6806156039237976
0.10514705882352941,0.5019230769230769,0.6803590655326843
0.10661764705882353,0.5019230769230769,0.6799017786979675
0.10661764705882353,0.5028846153846154,0.6798849105834961
0.10735294117647058,0.5028846153846154,0.6795879602432251
0.10735294117647058,0.5048076923076923,0.6792487502098083
0.10808823529411765,0.5048076923076923,0.6789946556091309
0.10808823529411765,0.5086538461538461,0.678508460521698
0.11029411764705882,0.5086538461538461,0.6783010363578796
0.11029411764705882,0.510576923076923,0.6771622896194458
0.11102941176470588,0.510576923076923,0.6769499778747559
0.11102941176470588,0.5144230769230769,0.6759970188140869
0.1125,0.5144230769230769,0.6752688884735107
0.1125,0.5163461538461539,0.6741839647293091
0.11397058823529412,0.5163461538461539,0.6739853620529175
0.11397058823529412,0.5173076923076924,0.6734886765480042
0.11470588235294117,0.5173076923076924,0.6734774112701416
0.11470588235294117,0.5230769230769231,0.6719235181808472
0.11544117647058824,0.5230769230769231,0.6716504693031311
0.11544117647058824,0.5269230769230769,0.6706027984619141
0.1161764705882353,0.5269230769230769,0.6702905893325806
0.1161764705882353,0.5288461538461539,0.6700366139411926
0.11691176470588235,0.5288461538461539,0.6698616743087769
0.11691176470588235,0.5326923076923077,0.6689602136611938
0.11764705882352941,0.5326923076923077,0.668384850025177
0.11764705882352941,0.5384615384615384,0.665205180644989
0.11838235294117647,0.5384615384615384,0.6641148924827576
0.11838235294117647,0.5394230769230769,0.6639344096183777
0.12058823529411765,0.5394230769230769,0.6597837805747986
0.12058823529411765,0.5403846153846154,0.6591242551803589
0.1213235294117647,0.5403846153846154,0.6589289307594299
0.1213235294117647,0.5413461538461538,0.6584131717681885
0.12205882352941176,0.5413461538461538,0.6575659513473511
0.12205882352941176,0.5423076923076923,0.6572174429893494
0.12352941176470589,0.5423076923076923,0.6564338207244873
0.12352941176470589,0.5432692307692307,0.6562290191650391
0.12426470588235294,0.5432692307692307,0.6556013822555542
0.12426470588235294,0.5451923076923076,0.6555173397064209
0.12794117647058822,0.5451923076923076,0.6546266078948975
0.12794117647058822,0.5461538461538461,0.6528884172439575
0.13088235294117648,0.5461538461538461,0.6519008874893188
0.13088235294117648,0.5471153846153847,0.6517977118492126
0.13308823529411765,0.5471153846153847,0.6511862874031067
0.13308823529411765,0.5480769230769231,0.6511223316192627
0.1338235294117647,0.5480769230769231,0.6505503058433533
0.1338235294117647,0.5490384615384616,0.649362325668335
0.13602941176470587,0.5490384615384616,0.6484396457672119
0.13602941176470587,0.551923076923077,0.6474970579147339
0.13676470588235295,0.551923076923077,0.647487461566925
0.13676470588235295,0.5528846153846154,0.6472175121307373
0.1375,0.5528846153846154,0.6470253467559814
0.1375,0.5567307692307693,0.6457558274269104
0.13823529411764707,0.5567307692307693,0.6448954939842224
0.13823529411764707,0.5605769230769231,0.642991840839386
0.13897058823529412,0.5605769230769231,0.6423751711845398
0.13897058823529412,0.5615384615384615,0.6411805748939514
0.13970588235294118,0.5615384615384615,0.6402726173400879
0.13970588235294118,0.5644230769230769,0.6387888193130493
0.14044117647058824,0.5644230769230769,0.6386624574661255
0.14044117647058824,0.5673076923076923,0.6375800371170044
0.1426470588235294,0.5673076923076923,0.6368767619132996
0.1426470588235294,0.5692307692307692,0.636367917060852
0.14411764705882352,0.5692307692307692,0.6362244486808777
0.14411764705882352,0.5721153846153846,0.6358112692832947
0.1448529411764706,0.5721153846153846,0.6351332068443298
0.1448529411764706,0.5769230769230769,0.6345264315605164
0.14779411764705883,0.5769230769230769,0.6336830854415894
0.14779411764705883,0.5778846153846153,0.6335824728012085
0.15,0.5778846153846153,0.6334683299064636
0.15,0.5788461538461539,0.6333540081977844
0.15073529411764705,0.5788461538461539,0.6330006718635559
0.15073529411764705,0.5798076923076924,0.6329949498176575
0.1514705882352941,0.5798076923076924,0.632933497428894
0.1514705882352941,0.5807692307692308,0.6329141855239868
0.1536764705882353,0.5807692307692308,0.6322768330574036
0.1536764705882353,0.5817307692307693,0.6319910287857056
0.15588235294117647,0.5817307692307693,0.6312316060066223
0.15588235294117647,0.5836538461538462,0.6302750110626221
0.15808823529411764,0.5836538461538462,0.6298568844795227
0.15808823529411764,0.5855769230769231,0.629502534866333
0.16029411764705884,0.5855769230769231,0.6290432810783386
0.16029411764705884,0.5865384615384616,0.6287232637405396
0.1610294117647059,0.5865384615384616,0.6286178827285767
0.1610294117647059,0.5875,0.6285260915756226
0.16470588235294117,0.5875,0.6277119517326355
0.16470588235294117,0.5884615384615385,0.6275562047958374
0.17352941176470588,0.5884615384615385,0.6242161393165588
0.17352941176470588,0.5913461538461539,0.6227609515190125
0.17573529411764705,0.5913461538461539,0.622518002986908
0.17573529411764705,0.5923076923076923,0.6224642395973206
0.17720588235294119,0.5923076923076923,0.6222797632217407
0.17720588235294119,0.5932692307692308,0.621752917766571
0.1786764705882353,0.5932692307692308,0.6211322546005249
0.1786764705882353,0.5942307692307692,0.6208325624465942
0.1801470588235294,0.5942307692307692,0.6196848750114441
0.1801470588235294,0.5961538461538461,0.6175153255462646
0.18088235294117647,0.5961538461538461,0.6174505949020386
0.18088235294117647,0.6,0.6155439615249634
0.18235294117647058,0.6,0.6144784688949585
0.18235294117647058,0.6019230769230769,0.6134668588638306
0.18382352941176472,0.6019230769230769,0.6128842830657959
0.18382352941176472,0.6028846153846154,0.6119135618209839
0.18676470588235294,0.6028846153846154,0.6111171245574951
0.18676470588235294,0.6038461538461538,0.6107004284858704
0.1875,0.6038461538461538,0.6103898286819458
0.1875,0.6057692307692307,0.6101710200309753
0.19044117647058822,0.6057692307692307,0.6083606481552124
0.19044117647058822,0.6076923076923076,0.6079156994819641
0.19117647058823528,0.6076923076923076,0.6075811386108398
0.19117647058823528,0.6086538461538461,0.607307493686676
0.19191176470588237,0.6086538461538461,0.607016384601593
0.19191176470588237,0.6096153846153847,0.6069004535675049
0.19338235294117648,0.6096153846153847,0.6068035960197449
0.19338235294117648,0.6105769230769231,0.6067250967025757
0.19411764705882353,0.6105769230769231,0.6062818169593811
0.19411764705882353,0.6115384615384616,0.6062610149383545
0.1948529411764706,0.6115384615384616,0.6060448884963989
0.1948529411764706,0.6125,0.6056171655654907
0.19558823529411765,0.6125,0.6054230332374573
0.19558823529411765,0.6201923076923077,0.6015355587005615
0.19705882352941176,0.6201923076923077,0.6009898781776428
0.19705882352941176,0.6211538461538462,0.6008121371269226
0.19779411764705881,0.6211538461538462,0.6006055474281311
0.19779411764705881,0.6240384615384615,0.5992683172225952
0.19926470588235295,0.6240384615384615,0.598334014415741
0.19926470588235295,0.625,0.5982421636581421
0.2,0.625,0.5975852012634277
0.2,0.6413461538461539,0.5939231514930725
0.20073529411764707,0.6413461538461539,0.5938183665275574
0.20073529411764707,0.6442307692307693,0.5931994915008545
0.20147058823529412,0.6442307692307693,0.593096911907196
0.20147058823529412,0.6451923076923077,0.5930720567703247
0.20220588235294118,0.6451923076923077,0.5911931395530701
0.20220588235294118,0.6461538461538462,0.5910740494728088
0.20294117647058824,0.6461538461538462,0.5909788012504578
0.20294117647058824,0.6557692307692308,0.5876074433326721
0.2051470588235294,0.6557692307692308,0.5864053964614868
0.2051470588235294,0.6567307692307692,0.5863668322563171
0.20588235294117646,0.6567307692307692,0.5861619710922241
0.20588235294117646,0.6576923076923077,0.5861520171165466
0.20661764705882352,0.6576923076923077,0.5860466957092285
0.20661764705882352,0.6596153846153846,0.5851007699966431
0.2073529411764706,0.6596153846153846,0.5842766761779785
0.2073529411764706,0.6605769230769231,0.5839619636535645
0.20808823529411766,0.6605769230769231,0.5836138725280762
0.20808823529411766,0.6634615384615384,0.5823183655738831
0.20955882352941177,0.6634615384615384,0.5819529891014099
0.20955882352941177,0.6644230769230769,0.5819078087806702
0.21176470588235294,0.6644230769230769,0.580179750919342
0.21176470588235294,0.6653846153846154,0.5790608525276184
0.21323529411764705,0.6653846153846154,0.5779018998146057
0.21323529411764705,0.6663461538461538,0.5776926875114441
0.2139705882352941,0.6663461538461538,0.5773769617080688
0.2139705882352941,0.6692307692307692,0.5752637982368469
0.2161764705882353,0.6692307692307692,0.574873149394989
0.2161764705882353,0.6721153846153847,0.5737940669059753
0.21691176470588236,0.6721153846153847,0.5735264420509338
0.21691176470588236,0.6730769230769231,0.5733335018157959
0.21764705882352942,0.6730769230769231,0.5728881359100342
0.21764705882352942,0.6759615384615385,0.5725715160369873
0.21838235294117647,0.6759615384615385,0.5724107027053833
0.21838235294117647,0.6826923076923077,0.5713877081871033
0.21911764705882353,0.6826923076923077,0.5708528161048889
0.21911764705882353,0.6836538461538462,0.5705377459526062
0.21985294117647058,0.6836538461538462,0.5704706907272339
0.21985294117647058,0.6855769230769231,0.5702698826789856
0.22279411764705884,0.6855769230769231,0.5692696571350098
0.22279411764705884,0.6875,0.5687597990036011
0.22647058823529412,0.6875,0.5664352774620056
0.22647058823529412,0.6913461538461538,0.5654051303863525
0.22720588235294117,0.6913461538461538,0.5648025274276733
0.22720588235294117,0.6932692307692307,0.5646795630455017
0.22941176470588234,0.6932692307692307,0.5640171766281128
0.22941176470588234,0.6951923076923077,0.5635274052619934
0.23088235294117648,0.6951923076923077,0.5632578730583191
0.23088235294117648,0.6961538461538461,0.5627977848052979
0.2323529411764706,0.6961538461538461,0.5624237656593323
0.2323529411764706,0.6971153846153846,0.5620827078819275
0.23529411764705882,0.6971153846153846,0.5591358542442322
0.23529411764705882,0.698076923076923,0.5579872727394104
0.23602941176470588,0.698076923076923,0.5579018592834473
0.23602941176470588,0.7019230769230769,0.5555846691131592
0.23676470588235293,0.7019230769230769,0.5553213953971863
0.23676470588235293,0.7057692307692308,0.5517910718917847
0.2375,0.7057692307692308,0.550597071647644
0.2375,0.7067307692307693,0.5501394271850586
0.23823529411764705,0.7067307692307693,0.5496311783790588
0.23823529411764705,0.7096153846153846,0.5475884675979614
0.23970588235294119,0.7096153846153846,0.5470088124275208
0.23970588235294119,0.7211538461538461,0.5377236604690552
0.2411764705882353,0.7211538461538461,0.5363888740539551
0.2411764705882353,0.7278846153846154,0.5347238183021545
0.2426470588235294,0.7278846153846154,0.5331822037696838
0.2426470588235294,0.7317307692307692,0.5325973033905029
0.24411764705882352,0.7317307692307692,0.5308986902236938
0.24411764705882352,0.739423076923077,0.530201256275177
0.24558823529411763,0.739423076923077,0.5293602347373962
0.24558823529411763,0.7432692307692308,0.5285125970840454
0.24779411764705883,0.7432692307692308,0.5280535817146301
0.24779411764705883,0.7442307692307693,0.527432382106781
0.2485294117647059,0.7442307692307693,0.5273469090461731
0.2485294117647059,0.7480769230769231,0.5263330936431885
0.25,0.7480769230769231,0.5260799527168274
0.25,0.7528846153846154,0.5241737961769104
0.25073529411764706,0.7528846153846154,0.5237296223640442
0.25073529411764706,0.7557692307692307,0.522696852684021
0.2514705882352941,0.7557692307692307,0.5224838852882385
0.2514705882352941,0.7576923076923077,0.5222449898719788
0.2536764705882353,0.7576923076923077,0.5217021107673645
0.2536764705882353,0.7586538461538461,0.5214939117431641
0.25441176470588234,0.7586538461538461,0.5213664770126343
0.25441176470588234,0.760576923076923,0.5210736393928528
0.2551470588235294,0.760576923076923,0.5210700631141663
0.2551470588235294,0.7653846153846153,0.5199580192565918
0.25588235294117645,0.7653846153846153,0.5197300314903259
0.25588235294117645,0.7663461538461539,0.5195832252502441
0.2566176470588235,0.7663461538461539,0.5195712447166443
0.2566176470588235,0.7711538461538462,0.5176452398300171
0.25735294117647056,0.7711538461538462,0.5172625184059143
0.25735294117647056,0.7721153846153846,0.5172091722488403
0.2580882352941177,0.7721153846153846,0.5165605545043945
0.2580882352941177,0.7759615384615385,0.5145963430404663
0.26176470588235295,0.7759615384615385,0.5118335485458374
0.26176470588235295,0.7769230769230769,0.5103660821914673
0.2625,0.7769230769230769,0.5096930265426636
0.2625,0.7778846153846154,0.509619414806366
0.2639705882352941,0.7778846153846154,0.5093889832496643
0.2639705882352941,0.7807692307692308,0.5083141326904297
0.2661764705882353,0.7807692307692308,0.5068776607513428
0.2661764705882353,0.7826923076923077,0.5061694979667664
0.26691176470588235,0.7826923076923077,0.5060842037200928
0.26691176470588235,0.7855769230769231,0.5054011940956116
0.2676470588235294,0.7855769230769231,0.5053824186325073
0.2676470588235294,0.7875,0.5047124028205872
0.2691176470588235,0.7875,0.50385981798172
0.2691176470588235,0.7913461538461538,0.5025042295455933
0.2698529411764706,0.7913461538461538,0.5009344816207886
0.2698529411764706,0.7971153846153847,0.49743014574050903
0.27058823529411763,0.7971153846153847,0.49724218249320984
0.27058823529411763,0.8009615384615385,0.496003657579422
0.2713235294117647,0.8009615384615385,0.49503278732299805
0.2713235294117647,0.8076923076923077,0.4905250370502472
0.2735294117647059,0.8076923076923077,0.4897872507572174
0.2735294117647059,0.8115384615384615,0.4858744740486145
0.2772058823529412,0.8115384615384615,0.4847906529903412
0.2772058823529412,0.8125,0.4840065538883209
0.27794117647058825,0.8125,0.483900249004364
0.27794117647058825,0.8144230769230769,0.48215800523757935
0.2786764705882353,0.8144230769230769,0.4794108271598816
0.2786764705882353,0.8153846153846154,0.4792393147945404
0.27941176470588236,0.8153846153846154,0.4786060154438019
0.27941176470588236,0.8163461538461538,0.4780840277671814
0.28161764705882353,0.8163461538461538,0.4767816960811615
0.28161764705882353,0.8182692307692307,0.4758158028125763
0.28602941176470587,0.8182692307692307,0.47372016310691833
0.28602941176470587,0.8211538461538461,0.4729829430580139
0.2977941176470588,0.8211538461538461,0.469125896692276
0.2977941176470588,0.823076923076923,0.46886929869651794
0.3044117647058823,0.823076923076923,0.4668846130371094
0.3044117647058823,0.8240384615384615,0.46668463945388794
0.3088235294117647,0.8240384615384615,0.46529412269592285
0.3088235294117647,0.825,0.46492359042167664
0.3205882352941177,0.825,0.4619615375995636
0.3205882352941177,0.8259615384615384,0.46158817410469055
0.32426470588235295,0.8259615384615384,0.4608045220375061
0.32426470588235295,0.8278846153846153,0.4606221914291382
0.3286764705882353,0.8278846153846153,0.457645058631897
0.3286764705882353,0.8298076923076924,0.4568999409675598
0.3360294117647059,0.8298076923076924,0.4519166052341461
0.3360294117647059,0.8307692307692308,0.4517453610897064
0.33676470588235297,0.8307692307692308,0.45132461190223694
0.33676470588235297,0.8326923076923077,0.45026910305023193
0.34044117647058825,0.8326923076923077,0.4494205117225647
0.34044117647058825,0.8336538461538462,0.44907695055007935
0.34411764705882353,0.8336538461538462,0.44710028171539307
0.34411764705882353,0.8346153846153846,0.44666191935539246
0.34558823529411764,0.8346153846153846,0.44602254033088684
0.34558823529411764,0.8375,0.44385138154029846
0.34852941176470587,0.8375,0.4409947395324707
0.34852941176470587,0.8394230769230769,0.43983256816864014
0.35,0.8394230769230769,0.43824201822280884
0.35,0.8403846153846154,0.4381960928440094
0.35073529411764703,0.8403846153846154,0.4381542205810547
0.35073529411764703,0.8413461538461539,0.4379110634326935
0.3514705882352941,0.8413461538461539,0.43789613246917725
0.3514705882352941,0.8423076923076923,0.43775153160095215
0.3536764705882353,0.8423076923076923,0.437075674533844
0.3536764705882353,0.8432692307692308,0.4367888271808624
0.3551470588235294,0.8432692307692308,0.43643563985824585
0.3551470588235294,0.8442307692307692,0.43641752004623413
0.3558823529411765,0.8442307692307692,0.43624547123908997
0.3558823529411765,0.8451923076923077,0.43561092019081116
0.35661764705882354,0.8451923076923077,0.4353426992893219
0.35661764705882354,0.8471153846153846,0.4349256157875061
0.35808823529411765,0.8471153846153846,0.43462929129600525
0.35808823529411765,0.8480769230769231,0.4345010817050934
0.3588235294117647,0.8480769230769231,0.4344910681247711
0.3588235294117647,0.8490384615384615,0.4342231750488281
0.35955882352941176,0.8490384615384615,0.433921217918396
0.35955882352941176,0.85,0.43385639786720276
0.36176470588235293,0.85,0.433375746011734
0.36176470588235293,0.8519230769230769,0.43283626437187195
0.36323529411764705,0.8519230769230769,0.4323987364768982
0.36323529411764705,0.8528846153846154,0.43207022547721863
0.36470588235294116,0.8528846153846154,0.43197593092918396
0.36470588235294116,0.8538461538461538,0.43192988634109497
0.36911764705882355,0.8538461538461538,0.4302884638309479
0.36911764705882355,0.8557692307692307,0.43002668023109436
0.3698529411764706,0.8557692307692307,0.42984697222709656
0.3698529411764706,0.8567307692307692,0.4295464754104614
0.37279411764705883,0.8567307692307692,0.42912551760673523
0.37279411764705883,0.8576923076923076,0.42903828620910645
0.3735294117647059,0.8576923076923076,0.42849820852279663
0.3735294117647059,0.8586538461538461,0.428240031003952
0.3764705882352941,0.8586538461538461,0.42785918712615967
0.3764705882352941,0.8596153846153847,0.42785730957984924
0.37720588235294117,0.8596153846153847,0.42771270871162415
0.37720588235294117,0.8605769230769231,0.4271787405014038
0.3779411764705882,0.8605769230769231,0.42708060145378113
0.3779411764705882,0.8634615384615385,0.42682722210884094
0.3786764705882353,0.8634615384615385,0.42672744393348694
0.3786764705882353,0.864423076923077,0.4265820384025574
0.38382352941176473,0.864423076923077,0.4255693554878235
0.38382352941176473,0.8653846153846154,0.42492321133613586
0.3845588235294118,0.8653846153846154,0.4245520234107971
0.3845588235294118,0.8663461538461539,0.42431536316871643
0.3860294117647059,0.8663461538461539,0.42362189292907715
0.3860294117647059,0.8673076923076923,0.42359912395477295
0.38823529411764707,0.8673076923076923,0.4229327440261841
0.38823529411764707,0.8682692307692308,0.4227212071418762
0.39191176470588235,0.8682692307692308,0.42201071977615356
0.39191176470588235,0.8692307692307693,0.4219968318939209
0.3926470588235294,0.8692307692307693,0.4219909608364105
0.3926470588235294,0.8701923076923077,0.4217548370361328
0.39338235294117646,0.8701923076923077,0.42160192131996155
0.39338235294117646,0.8711538461538462,0.4211983382701874
0.3948529411764706,0.8711538461538462,0.42094892263412476
0.3948529411764706,0.8721153846153846,0.4208921790122986
0.3985294117647059,0.8721153846153846,0.4197714328765869
0.3985294117647059,0.8730769230769231,0.4195409119129181
0.4073529411764706,0.8730769230769231,0.4181221127510071
0.4073529411764706,0.8740384615384615,0.4179895222187042
0.4125,0.8740384615384615,0.41686543822288513
0.4125,0.8759615384615385,0.4165669083595276
0.41544117647058826,0.8759615384615385,0.416138619184494
0.41544117647058826,0.8769230769230769,0.415856271982193
0.4183823529411765,0.8769230769230769,0.41515156626701355
0.4183823529411765,0.8778846153846154,0.4150797128677368
0.42573529411764705,0.8778846153846154,0.41353246569633484
0.42573529411764705,0.8798076923076923,0.41323283314704895
0.4279411764705882,0.8798076923076923,0.41262322664260864
0.4279411764705882,0.8807692307692307,0.4120683968067169
0.43014705882352944,0.8807692307692307,0.4113837480545044
0.43014705882352944,0.8817307692307692,0.4113614559173584
0.4345588235294118,0.8817307692307692,0.40965449810028076
0.4345588235294118,0.8836538461538461,0.4091937839984894
0.4360294117647059,0.8836538461538461,0.40853217244148254
0.4360294117647059,0.8846153846153846,0.40841758251190186
0.43823529411764706,0.8846153846153846,0.40807101130485535
0.43823529411764706,0.885576923076923,0.4078567326068878
0.44191176470588234,0.885576923076923,0.4065951406955719
0.44191176470588234,0.8865384615384615,0.4060717523097992
0.44338235294117645,0.8865384615384615,0.40558603405952454
0.44338235294117645,0.8875,0.4052657186985016
0.44926470588235295,0.8875,0.4014265835285187
0.44926470588235295,0.8884615384615384,0.4012692868709564
0.4514705882352941,0.8884615384615384,0.4007298946380615
0.4514705882352941,0.8894230769230769,0.3988015353679657
0.4522058823529412,0.8894230769230769,0.39863771200180054
0.4522058823529412,0.8913461538461539,0.3982921242713928
0.4566176470588235,0.8913461538461539,0.3961839973926544
0.4566176470588235,0.8942307692307693,0.3953397572040558
0.4588235294117647,0.8942307692307693,0.3947940766811371
0.4588235294117647,0.8951923076923077,0.3940007984638214
0.4632352941176471,0.8951923076923077,0.3912785053253174
0.4632352941176471,0.8961538461538462,0.3907289505004883
0.49264705882352944,0.8961538461538462,0.37656062841415405
0.49264705882352944,0.8971153846153846,0.3763081431388855
0.5022058823529412,0.8971153846153846,0.3714377284049988
0.5022058823529412,0.8980769230769231,0.36964088678359985
0.5073529411764706,0.8980769230769231,0.36636027693748474
0.5073529411764706,0.8990384615384616,0.36562955379486084
0.5095588235294117,0.8990384615384616,0.3629208207130432
0.5095588235294117,0.9,0.3621242046356201
0.5198529411764706,0.9,0.35168594121932983
0.5198529411764706,0.9009615384615385,0.35166627168655396
0.5272058823529412,0.9009615384615385,0.3468988537788391
0.5272058823529412,0.9019230769230769,0.3459407687187195
0.5301470588235294,0.9019230769230769,0.3432275056838989
0.5301470588235294,0.9028846153846154,0.34301960468292236
0.5352941176470588,0.9028846153846154,0.3397237956523895
0.5352941176470588,0.9038461538461539,0.3392629325389862
0.5411764705882353,0.9038461538461539,0.3358948528766632
0.5411764705882353,0.9048076923076923,0.33561092615127563
0.5448529411764705,0.9048076923076923,0.3281351625919342
0.5448529411764705,0.9057692307692308,0.3271072804927826
0.5455882352941176,0.9057692307692308,0.3254476487636566
0.5455882352941176,0.9067307692307692,0.32356974482536316
0.5463235294117647,0.9067307692307692,0.32304006814956665
0.5463235294117647,0.9076923076923077,0.3228060007095337
0.5485294117647059,0.9076923076923077,0.3222626745700836
0.5485294117647059,0.9086538461538461,0.32149288058280945
0.549264705882353,0.9086538461538461,0.32124781608581543
0.549264705882353,0.9105769230769231,0.31916409730911255
0.55,0.9105769230769231,0.31896471977233887
0.55,0.9115384615384615,0.3176869750022888
0.5507352941176471,0.9115384615384615,0.3162062168121338
0.5507352941176471,0.9134615384615384,0.3155445456504822
0.5522058823529412,0.9134615384615384,0.3141767978668213
0.5522058823529412,0.9144230769230769,0.31383684277534485
0.5529411764705883,0.9144230769230769,0.313510000705719
0.5529411764705883,0.9192307692307692,0.30623114109039307
0.5573529411764706,0.9192307692307692,0.2966737449169159
0.5573529411764706,0.9201923076923076,0.291292667388916
0.5588235294117647,0.9201923076923076,0.2894127368927002
0.5588235294117647,0.9211538461538461,0.28804847598075867
0.5661764705882353,0.9211538461538461,0.2836030125617981
0.5661764705882353,0.9221153846153847,0.28279659152030945
0.5727941176470588,0.9221153846153847,0.27026230096817017
0.5727941176470588,0.9230769230769231,0.2697722017765045
0.5772058823529411,0.9230769230769231,0.26862528920173645
0.5772058823529411,0.925,0.26675519347190857
0.5779411764705882,0.925,0.26529908180236816
0.5779411764705882,0.9278846153846154,0.2641511559486389
0.5786764705882353,0.9278846153846154,0.2640416622161865
0.5786764705882353,0.9288461538461539,0.2639668583869934
0.5801470588235295,0.9288461538461539,0.2622803747653961
0.5801470588235295,0.9307692307692308,0.2607700526714325
0.5808823529411765,0.9307692307692308,0.26068222522735596
0.5808823529411765,0.9326923076923077,0.26012295484542847
0.5816176470588236,0.9326923076923077,0.25947222113609314
0.5816176470588236,0.9355769230769231,0.2578233778476715
0.5823529411764706,0.9355769230769231,0.25747013092041016
0.5823529411764706,0.9365384615384615,0.25711482763290405
0.5845588235294118,0.9365384615384615,0.25607725977897644
0.5845588235294118,0.9375,0.2559119462966919
0.586764705882353,0.9375,0.2546409070491791
0.586764705882353,0.9384615384615385,0.25421857833862305
0.5919117647058824,0.9384615384615385,0.25312110781669617
0.5919117647058824,0.9403846153846154,0.2519107162952423
0.5933823529411765,0.9403846153846154,0.25178274512290955
0.5933823529411765,0.9432692307692307,0.24976177513599396
0.5970588235294118,0.9432692307692307,0.2489999234676361
0.5970588235294118,0.9451923076923077,0.2482939511537552
0.6,0.9451923076923077,0.24721695482730865
0.6,0.948076923076923,0.24663770198822021
0.6014705882352941,0.948076923076923,0.2460605353116989
0.6014705882352941,0.9490384615384615,0.2458719164133072
0.6022058823529411,0.9490384615384615,0.24568593502044678
0.6022058823529411,0.95,0.24562929570674896
0.6029411764705882,0.95,0.24559949338436127
0.6029411764705882,0.9509615384615384,0.24556154012680054
0.6044117647058823,0.9509615384615384,0.24522781372070312
0.6044117647058823,0.9519230769230769,0.2449875771999359
0.6058823529411764,0.9519230769230769,0.24401994049549103
0.6058823529411764,0.9528846153846153,0.24383367598056793
0.6066176470588235,0.9528846153846153,0.24320828914642334
0.6066176470588235,0.9538461538461539,0.24311207234859467
0.6132352941176471,0.9538461538461539,0.2370060682296753
0.6132352941176471,0.9548076923076924,0.236640065908432
0.6147058823529412,0.9548076923076924,0.23619337379932404
0.6147058823529412,0.9557692307692308,0.23593954741954803
0.6169117647058824,0.9557692307692308,0.23199738562107086
0.6169117647058824,0.9567307692307693,0.23177334666252136
0.6183823529411765,0.9567307692307693,0.23153284192085266
0.6183823529411765,0.9576923076923077,0.23124966025352478
0.6191176470588236,0.9576923076923077,0.23074431717395782
0.6191176470588236,0.9615384615384616,0.22867241501808167
0.6205882352941177,0.9615384615384616,0.22727221250534058
0.6205882352941177,0.9634615384615385,0.2255040407180786
0.6220588235294118,0.9634615384615385,0.22503666579723358
0.6220588235294118,0.9644230769230769,0.22473207116127014
0.6227941176470588,0.9644230769230769,0.22379031777381897
0.6227941176470588,0.9673076923076923,0.2231481820344925
0.6264705882352941,0.9673076923076923,0.22160685062408447
0.6264705882352941,0.9682692307692308,0.2213430404663086
0.6272058823529412,0.9682692307692308,0.22115644812583923
0.6272058823529412,0.9692307692307692,0.22114114463329315
0.6279411764705882,0.9692307692307692,0.22091887891292572
0.6279411764705882,0.9711538461538461,0.220182865858078
0.6301470588235294,0.9711538461538461,0.21964798867702484
0.6301470588235294,0.9730769230769231,0.21947337687015533
0.6316176470588235,0.9730769230769231,0.21883726119995117
0.6316176470588235,0.9740384615384615,0.21871821582317352
0.6345588235294117,0.9740384615384615,0.21728596091270447
0.6345588235294117,0.9759615384615384,0.21723470091819763
0.6352941176470588,0.9759615384615384,0.2166564017534256
0.6352941176470588,0.9769230769230769,0.21660484373569489
0.6360294117647058,0.9769230769230769,0.21653854846954346
0.6360294117647058,0.9788461538461538,0.2155061811208725
0.6375,0.9788461538461538,0.21422965824604034
0.6375,0.9798076923076923,0.2137463092803955
0.6389705882352941,0.9798076923076923,0.21337300539016724
0.6389705882352941,0.9846153846153847,0.21212489902973175
0.6397058823529411,0.9846153846153847,0.21168261766433716
0.6397058823529411,0.9855769230769231,0.21127139031887054
0.6404411764705882,0.9855769230769231,0.2107120007276535
0.6404411764705882,0.9865384615384616,0.21060119569301605
0.6514705882352941,0.9865384615384616,0.20373857021331787
0.6514705882352941,0.9875,0.20319007337093353
0.6551470588235294,0.9875,0.20274823904037476
0.6551470588235294,0.9884615384615385,0.2022661417722702
0.6573529411764706,0.9884615384615385,0.20147505402565002
0.6573529411764706,0.9903846153846154,0.2009216696023941
0.6617647058823529,0.9903846153846154,0.19859662652015686
0.6617647058823529,0.9913461538461539,0.19801196455955505
0.6705882352941176,0.9913461538461539,0.19311994314193726
0.6705882352941176,0.9923076923076923,0.19283637404441833
0.6727941176470589,0.9923076923076923,0.1924290806055069
0.6727941176470589,0.9932692307692308,0.1916549950838089
0.6830882352941177,0.9932692307692308,0.18815700709819794
0.6830882352941177,0.9942307692307693,0.18786244094371796
0.6845588235294118,0.9942307692307693,0.18750855326652527
0.6845588235294118,0.9951923076923077,0.18738164007663727
0.6933823529411764,0.9951923076923077,0.1805175244808197
0.6933823529411764,0.9961538461538462,0.18007637560367584
0.7139705882352941,0.9961538461538462,0.16864538192749023
0.7139705882352941,0.9971153846153846,0.16831831634044647
0.7448529411764706,0.9971153846153846,0.16203820705413818
0.7448529411764706,0.9980769230769231,0.1619918942451477
0.7573529411764706,0.9980769230769231,0.1560278683900833
0.7573529411764706,0.9990384615384615,0.15600891411304474
0.7705882352941177,0.9990384615384615,0.1508093923330307
0.7705882352941177,1.0,0.14992181956768036
1.0,1.0,0.01879434660077095
