FPR,TPR,Threshold
0.0,0.0,1.9995115995407104
0.0,0.0002631578947368421,0.9995115995407104
0.0,0.03736842105263158,0.9985480308532715
0.0,0.037894736842105266,0.99854576587677
0.0,0.13473684210526315,0.992599606513977
0.0,0.13526315789473684,0.9925038814544678
0.0,0.2723684210526316,0.9803382158279419
0.0,0.27289473684210525,0.9803312420845032
0.0,0.445,0.9390307664871216
0.0,0.44552631578947366,0.9388944506645203
0.0,0.5615789473684211,0.8993978500366211
0.001,0.5615789473684211,0.8993828892707825
0.001,0.565,0.8981779217720032
0.002,0.565,0.8981596231460571
0.002,0.5678947368421052,0.8972548842430115
0.003,0.5678947368421052,0.8970901966094971
0.003,0.5731578947368421,0.8954873085021973
0.004,0.5731578947368421,0.8954724669456482
0.004,0.595,0.8872983455657959
0.005,0.595,0.8869325518608093
0.005,0.6036842105263158,0.8825324177742004
0.006,0.6036842105263158,0.8824912309646606
0.006,0.6044736842105263,0.8817392587661743
0.007,0.6044736842105263,0.8808311820030212
0.007,0.6068421052631578,0.880039632320404
0.008,0.6068421052631578,0.8795861601829529
0.008,0.6081578947368421,0.8788434267044067
0.009,0.6081578947368421,0.878838300704956
0.009,0.6089473684210527,0.8784877061843872
0.01,0.6089473684210527,0.8783887028694153
0.01,0.6152631578947368,0.875248372554779
0.011,0.6152631578947368,0.8751872777938843
0.011,0.623421052631579,0.8702188730239868
0.012,0.623421052631579,0.8701359033584595
0.012,0.6336842105263157,0.8646539449691772
0.013,0.6336842105263157,0.8645491003990173
0.013,0.6339473684210526,0.8643445372581482
0.014,0.6339473684210526,0.8643245697021484
0.014,0.6363157894736842,0.86338871717453
0.015,0.6363157894736842,0.8632253408432007
0.015,0.6381578947368421,0.8621748089790344
0.016,0.6381578947368421,0.8618486523628235
0.016,0.6389473684210526,0.8617565631866455
0.017,0.6389473684210526,0.8616516590118408
0.017,0.6397368421052632,0.8613943457603455
0.018,0.6397368421052632,0.8612704873085022
0.018,0.6439473684210526,0.8600996136665344
0.019,0.6439473684210526,0.8599615097045898
0.019,0.6447368421052632,0.8597127795219421
0.02,0.6447368421052632,0.8595890998840332
0.02,0.6455263157894737,0.8592931032180786
0.022,0.6455263157894737,0.8589571118354797
0.022,0.646578947368421,0.8588680624961853
0.023,0.646578947368421,0.858864963054657
0.023,0.6476315789473684,0.8586338758468628
0.024,0.6476315789473684,0.8586264848709106
0.024,0.65,0.8577700257301331
0.026,0.65,0.8574718832969666
0.026,0.6510526315789473,0.8570097088813782
0.028,0.6510526315789473,0.8567081093788147
0.028,0.6539473684210526,0.8558153510093689
0.029,0.6539473684210526,0.8557332754135132
0.029,0.6589473684210526,0.8512066006660461
0.03,0.6589473684210526,0.8510663509368896
0.03,0.6657894736842105,0.8464885354042053
0.031,0.6657894736842105,0.8464234471321106
0.031,0.6773684210526316,0.8413594961166382
0.032,0.6773684210526316,0.8413368463516235
0.032,0.6776315789473685,0.8412258625030518
0.033,0.6776315789473685,0.8411621451377869
0.033,0.6836842105263158,0.8390620946884155
0.034,0.6836842105263158,0.8388773202896118
0.034,0.685,0.8383809328079224
0.035,0.685,0.8383656144142151
0.035,0.6965789473684211,0.8329599499702454
0.036,0.6965789473684211,0.8329263925552368
0.036,0.6971052631578948,0.8325626254081726
0.037,0.6971052631578948,0.8323823809623718
0.037,0.7055263157894737,0.8294333815574646
0.038,0.7055263157894737,0.8293832540512085
0.038,0.7089473684210527,0.8276199698448181
0.039,0.7089473684210527,0.8271299004554749
0.039,0.71,0.826234757900238
0.04,0.71,0.8261625170707703
0.04,0.7113157894736842,0.8256197571754456
0.041,0.7113157894736842,0.8256076574325562
0.041,0.713421052631579,0.8243460655212402
0.042,0.713421052631579,0.8242413401603699
0.042,0.7160526315789474,0.8230973482131958
0.043,0.7160526315789474,0.8229288458824158
0.043,0.7178947368421053,0.8222816586494446
0.044,0.7178947368421053,0.8222377896308899
0.044,0.7276315789473684,0.8151746988296509
0.045,0.7276315789473684,0.8147807717323303
0.045,0.733421052631579,0.8094098567962646
0.046,0.733421052631579,0.809336245059967
0.046,0.7368421052631579,0.8066757917404175
0.047,0.7368421052631579,0.8066326975822449
0.047,0.7378947368421053,0.8064969182014465
0.048,0.7378947368421053,0.806405246257782
0.048,0.7389473684210527,0.805298388004303
0.049,0.7389473684210527,0.8052523136138916
0.049,0.7397368421052631,0.8046213388442993
0.05,0.7397368421052631,0.8044281601905823
0.05,0.7489473684210526,0.799535870552063
0.051,0.7489473684210526,0.7991647124290466
0.051,0.7513157894736842,0.7974254488945007
0.052,0.7513157894736842,0.7973092198371887
0.052,0.7544736842105263,0.7949540019035339
0.053,0.7544736842105263,0.7948929071426392
0.053,0.7578947368421053,0.7932080626487732
0.054,0.7578947368421053,0.7931857109069824
0.054,0.7592105263157894,0.7915310263633728
0.055,0.7592105263157894,0.7914866209030151
0.055,0.7726315789473684,0.7775471210479736
0.056,0.7726315789473684,0.7770683169364929
0.056,0.7768421052631579,0.7742827534675598
0.057,0.7768421052631579,0.7738507986068726
0.057,0.7781578947368422,0.7732660174369812
0.058,0.7781578947368422,0.7732311487197876
0.058,0.781578947368421,0.7714949250221252
0.059,0.781578947368421,0.7713772058486938
0.059,0.7852631578947369,0.7688424587249756
0.06,0.7852631578947369,0.7688385844230652
0.06,0.7863157894736842,0.7674556374549866
0.061,0.7863157894736842,0.767361044883728
0.061,0.7871052631578948,0.7668395042419434
0.062,0.7871052631578948,0.7662621736526489
0.062,0.7878947368421053,0.7657133936882019
0.063,0.7878947368421053,0.7657085657119751
0.063,0.7889473684210526,0.7651249766349792
0.066,0.7889473684210526,0.7645629048347473
0.066,0.7892105263157895,0.7645406126976013
0.068,0.7892105263157895,0.7643144130706787
0.068,0.7905263157894736,0.7628475427627563
0.069,0.7905263157894736,0.7627987861633301
0.069,0.7923684210526316,0.7619385123252869
0.07,0.7923684210526316,0.7617388367652893
0.07,0.7928947368421052,0.7612996697425842
0.072,0.7928947368421052,0.7611351609230042
0.072,0.7931578947368421,0.7604937553405762
0.074,0.7931578947368421,0.7603546380996704
0.074,0.7934210526315789,0.7601277232170105
0.075,0.7934210526315789,0.7587246298789978
0.075,0.7963157894736842,0.7548379898071289
0.076,0.7963157894736842,0.7544957399368286
0.076,0.8013157894736842,0.7492302656173706
0.077,0.8013157894736842,0.7485799789428711
0.077,0.8036842105263158,0.7461263537406921
0.078,0.8036842105263158,0.7459044456481934
0.078,0.8042105263157895,0.7451381087303162
0.079,0.8042105263157895,0.7447874546051025
0.079,0.8068421052631579,0.7424766421318054
0.08,0.8068421052631579,0.7419080138206482
0.08,0.8426315789473684,0.7003141045570374
0.081,0.8426315789473684,0.6995654106140137
0.081,0.853421052631579,0.689302921295166
0.082,0.853421052631579,0.6887103319168091
0.082,0.8563157894736843,0.6837133765220642
0.083,0.8563157894736843,0.6836493015289307
0.083,0.8668421052631579,0.6702051758766174
0.084,0.8668421052631579,0.6697043180465698
0.084,0.8813157894736842,0.6502231359481812
0.085,0.8813157894736842,0.6498451828956604
0.085,0.881578947368421,0.6498224139213562
0.086,0.881578947368421,0.6495844721794128
0.086,0.886578947368421,0.6419511437416077
0.088,0.886578947368421,0.6410900354385376
0.088,0.8871052631578947,0.6398937702178955
0.089,0.8871052631578947,0.6395808458328247
0.089,0.8873684210526316,0.6385127902030945
0.091,0.8873684210526316,0.6383901834487915
0.091,0.8876315789473684,0.6382974982261658
0.092,0.8876315789473684,0.637326717376709
0.092,0.888421052631579,0.635443925857544
0.094,0.888421052631579,0.6345097422599792
0.094,0.89,0.6317967772483826
0.095,0.89,0.631628692150116
0.095,0.8907894736842106,0.6275969743728638
0.097,0.8907894736842106,0.6255930066108704
0.097,0.891578947368421,0.6240385174751282
0.098,0.891578947368421,0.6229209899902344
0.098,0.8942105263157895,0.6185624003410339
0.099,0.8942105263157895,0.6182133555412292
0.099,0.895,0.6174567341804504
0.1,0.895,0.61714106798172
0.1,0.9010526315789473,0.6061780452728271
0.101,0.9010526315789473,0.6034547686576843
0.101,0.9018421052631579,0.6013787388801575
0.102,0.9018421052631579,0.5991678237915039
0.102,0.9023684210526316,0.5960245728492737
0.103,0.9023684210526316,0.5959393978118896
0.103,0.9026315789473685,0.5958253145217896
0.105,0.9026315789473685,0.5946663022041321
0.105,0.9031578947368422,0.5930618643760681
0.106,0.9031578947368422,0.5923439264297485
0.106,0.9068421052631579,0.5788708925247192
0.107,0.9068421052631579,0.5776304006576538
0.107,0.908157894736842,0.5754246115684509
0.108,0.908157894736842,0.5747882127761841
0.108,0.9084210526315789,0.5730172395706177
0.11,0.9084210526315789,0.5703268647193909
0.11,0.9163157894736842,0.5606053471565247
0.111,0.9163157894736842,0.5605359673500061
0.111,0.916578947368421,0.5598514676094055
0.113,0.916578947368421,0.559002697467804
0.113,0.9168421052631579,0.5577147006988525
0.115,0.9168421052631579,0.5561478137969971
0.115,0.9171052631578948,0.5559293627738953
0.126,0.9171052631578948,0.5519699454307556
0.126,0.9176315789473685,0.5515303611755371
0.127,0.9176315789473685,0.5499551296234131
0.127,0.9178947368421052,0.549364447593689
0.129,0.9178947368421052,0.5475628972053528
0.129,0.9181578947368421,0.546934962272644
0.131,0.9181578947368421,0.5464457869529724
0.131,0.9189473684210526,0.5434595942497253
0.134,0.9189473684210526,0.5410748720169067
0.134,0.9197368421052632,0.5393626689910889
0.135,0.9197368421052632,0.5374377965927124
0.135,0.9244736842105263,0.5219717025756836
0.136,0.9244736842105263,0.5203300714492798
0.136,0.9247368421052632,0.5181998610496521
0.137,0.9247368421052632,0.5154330134391785
0.137,0.9252631578947368,0.5137604475021362
0.144,0.9252631578947368,0.5082885026931763
0.144,0.9257894736842105,0.5070760846138
0.15,0.9257894736842105,0.5000043511390686
0.15,0.9260526315789473,0.49929872155189514
0.165,0.9260526315789473,0.4672256112098694
0.165,0.9265789473684211,0.46183034777641296
0.169,0.9265789473684211,0.45087936520576477
0.169,0.9271052631578948,0.449881911277771
0.177,0.9271052631578948,0.4301479756832123
0.177,0.9273684210526316,0.4276062250137329
0.178,0.9273684210526316,0.42742934823036194
0.178,0.9276315789473685,0.4118069112300873
0.18,0.9276315789473685,0.4108273684978485
0.18,0.9278947368421052,0.40954384207725525
0.181,0.9278947368421052,0.40846559405326843
0.181,0.9289473684210526,0.4026601016521454
0.183,0.9289473684210526,0.40210914611816406
0.183,0.9294736842105263,0.40084606409072876
0.188,0.9294736842105263,0.3983595371246338
0.188,0.9302631578947368,0.3976389169692993
0.203,0.9302631578947368,0.39081740379333496
0.203,0.9305263157894736,0.3890896141529083
0.205,0.9305263157894736,0.38644877076148987
0.205,0.9307894736842105,0.3844412565231323
0.207,0.9307894736842105,0.3835410177707672
0.207,0.9310526315789474,0.383478045463562
0.208,0.9310526315789474,0.38178378343582153
0.208,0.9313157894736842,0.380472868680954
0.215,0.9313157894736842,0.37695688009262085
0.215,0.9315789473684211,0.3751455843448639
0.22,0.9315789473684211,0.37136131525039673
0.22,0.9318421052631579,0.37132152915000916
0.226,0.9318421052631579,0.36642494797706604
0.226,0.9326315789473684,0.3592066168785095
0.234,0.9326315789473684,0.3487541675567627
0.234,0.9328947368421052,0.347999632358551
0.236,0.9328947368421052,0.34666964411735535
0.236,0.9331578947368421,0.3466481566429138
0.238,0.9331578947368421,0.34420573711395264
0.238,0.9334210526315789,0.34328436851501465
0.239,0.9334210526315789,0.34322482347488403
0.239,0.9339473684210526,0.3416658043861389
0.24,0.9339473684210526,0.3399668335914612
0.24,0.9342105263157895,0.33867913484573364
0.241,0.9342105263157895,0.3375871479511261
0.241,0.9344736842105263,0.3371524512767792
0.244,0.9344736842105263,0.33432504534721375
0.244,0.9347368421052632,0.33323419094085693
0.245,0.9347368421052632,0.3329704701900482
0.245,0.9373684210526316,0.32920265197753906
0.246,0.9373684210526316,0.3290601670742035
0.246,0.9376315789473684,0.3287612497806549
0.247,0.9376315789473684,0.32868942618370056
0.247,0.9386842105263158,0.3226795494556427
0.252,0.9386842105263158,0.3186006247997284
0.252,0.9392105263157895,0.31817981600761414
0.262,0.9392105263157895,0.3149605989456177
0.262,0.9394736842105263,0.3147478401660919
0.264,0.9394736842105263,0.3116234838962555
0.264,0.9397368421052632,0.31133708357810974
0.278,0.9397368421052632,0.30573275685310364
0.278,0.9405263157894737,0.30388498306274414
0.281,0.9405263157894737,0.30005839467048645
0.281,0.9407894736842105,0.2993062436580658
0.282,0.9407894736842105,0.29869890213012695
0.282,0.9413157894736842,0.2948122024536133
0.283,0.9413157894736842,0.29286959767341614
0.283,0.9418421052631579,0.2910633981227875
0.284,0.9418421052631579,0.2908070981502533
0.284,0.9421052631578948,0.28900882601737976
0.286,0.9421052631578948,0.2872612774372101
0.286,0.9431578947368421,0.2833446264266968
0.288,0.9431578947368421,0.28226354718208313
0.288,0.9436842105263158,0.2807466685771942
0.289,0.9436842105263158,0.2793017625808716
0.289,0.9439473684210526,0.27873164415359497
0.29,0.9439473684210526,0.27624690532684326
0.29,0.9465789473684211,0.2703477740287781
0.291,0.9465789473684211,0.27024826407432556
0.291,0.9471052631578948,0.268282026052475
0.293,0.9471052631578948,0.2663080096244812
0.293,0.9476315789473684,0.26624053716659546
0.294,0.9476315789473684,0.2660374045372009
0.294,0.9481578947368421,0.26554009318351746
0.296,0.9481578947368421,0.2651214599609375
0.296,0.9494736842105264,0.26417720317840576
0.299,0.9494736842105264,0.2639631927013397
0.299,0.9505263157894737,0.2626303732395172
0.3,0.9505263157894737,0.26218611001968384
0.3,0.9507894736842105,0.261625200510025
0.301,0.9507894736842105,0.26151353120803833
0.301,0.9513157894736842,0.2609259784221649
0.303,0.9513157894736842,0.26022833585739136
0.303,0.9515789473684211,0.25982165336608887
0.305,0.9515789473684211,0.2585079073905945
0.305,0.9518421052631579,0.25768986344337463
0.306,0.9518421052631579,0.25738972425460815
0.306,0.9521052631578948,0.2571178078651428
0.308,0.9521052631578948,0.25658437609672546
0.308,0.9523684210526315,0.25654157996177673
0.31,0.9523684210526315,0.25466641783714294
0.31,0.9531578947368421,0.252641499042511
0.311,0.9531578947368421,0.2522958815097809
0.311,0.953421052631579,0.2518162727355957
0.312,0.953421052631579,0.24972273409366608
0.312,0.9536842105263158,0.2491140365600586
0.313,0.9536842105263158,0.24908432364463806
0.313,0.9539473684210527,0.24873554706573486
0.314,0.9539473684210527,0.24802476167678833
0.314,0.9544736842105264,0.24760431051254272
0.315,0.9544736842105264,0.24758805334568024
0.315,0.955,0.24641594290733337
0.317,0.955,0.24564088881015778
0.317,0.9552631578947368,0.24551019072532654
0.321,0.9552631578947368,0.24394004046916962
0.321,0.9555263157894737,0.2438669353723526
0.324,0.9555263157894737,0.24262641370296478
0.324,0.9563157894736842,0.24168060719966888
0.325,0.9563157894736842,0.2408561110496521
0.325,0.9565789473684211,0.2402101755142212
0.326,0.9565789473684211,0.24012793600559235
0.326,0.9568421052631579,0.23736566305160522
0.328,0.9568421052631579,0.23662342131137848
0.328,0.9581578947368421,0.2334406077861786
0.331,0.9581578947368421,0.23209886252880096
0.331,0.9586842105263158,0.2310999184846878
0.334,0.9586842105263158,0.2283293902873993
0.334,0.9589473684210527,0.22804594039916992
0.336,0.9589473684210527,0.2256888747215271
0.336,0.9592105263157895,0.2256779968738556
0.338,0.9592105263157895,0.2252611666917801
0.338,0.9594736842105264,0.22523093223571777
0.339,0.9594736842105264,0.22474637627601624
0.339,0.96,0.22374147176742554
0.343,0.96,0.22265388071537018
0.343,0.9602631578947368,0.2216501533985138
0.346,0.9602631578947368,0.22073908150196075
0.346,0.9607894736842105,0.2204117774963379
0.347,0.9607894736842105,0.2194940596818924
0.347,0.9610526315789474,0.21885035932064056
0.348,0.9610526315789474,0.21803149580955505
0.348,0.9636842105263158,0.2154422104358673
0.35,0.9636842105263158,0.2151748090982437
0.35,0.9647368421052631,0.21438650786876678
0.352,0.9647368421052631,0.21409955620765686
0.352,0.9655263157894737,0.21332551538944244
0.353,0.9655263157894737,0.2132066935300827
0.353,0.9657894736842105,0.21305999159812927
0.355,0.9657894736842105,0.21264199912548065
0.355,0.9660526315789474,0.21221612393856049
0.358,0.9660526315789474,0.21176059544086456
0.358,0.9663157894736842,0.21136663854122162
0.359,0.9663157894736842,0.21130909025669098
0.359,0.9678947368421053,0.21017439663410187
0.36,0.9678947368421053,0.21007207036018372
0.36,0.968421052631579,0.20999136567115784
0.361,0.968421052631579,0.20998819172382355
0.361,0.9692105263157895,0.20955385267734528
0.362,0.9692105263157895,0.20923112332820892
0.362,0.9697368421052631,0.2090359330177307
0.364,0.9697368421052631,0.20892870426177979
0.364,0.97,0.20867034792900085
0.366,0.97,0.2082776129245758
0.366,0.9702631578947368,0.20796068012714386
0.367,0.9702631578947368,0.2077195793390274
0.367,0.9713157894736842,0.20709028840065002
0.368,0.9713157894736842,0.2067663073539734
0.368,0.9718421052631578,0.20612090826034546
0.372,0.9718421052631578,0.20458416640758514
0.372,0.9721052631578947,0.2045106738805771
0.374,0.9721052631578947,0.20342124998569489
0.374,0.9728947368421053,0.20204833149909973
0.376,0.9728947368421053,0.20195406675338745
0.376,0.9731578947368421,0.2017650306224823
0.377,0.9731578947368421,0.2014167457818985
0.377,0.973421052631579,0.2006748467683792
0.379,0.973421052631579,0.1998964250087738
0.379,0.9736842105263158,0.19942180812358856
0.403,0.9736842105263158,0.1953463852405548
0.403,0.9739473684210527,0.1951044499874115
0.413,0.9739473684210527,0.19365136325359344
0.413,0.9742105263157895,0.19296671450138092
0.424,0.9742105263157895,0.190411776304245
0.424,0.9744736842105263,0.1894346922636032
0.425,0.9744736842105263,0.18922653794288635
0.425,0.975,0.18874219059944153
0.426,0.975,0.1886763870716095
0.426,0.9752631578947368,0.18819044530391693
0.427,0.9752631578947368,0.18813848495483398
0.427,0.9755263157894737,0.18721793591976166
0.428,0.9755263157894737,0.18693019449710846
0.428,0.9757894736842105,0.18686652183532715
0.43,0.9757894736842105,0.18607477843761444
0.43,0.9760526315789474,0.18580684065818787
0.437,0.9760526315789474,0.1835481971502304
0.437,0.9763157894736842,0.18351510167121887
0.441,0.9763157894736842,0.18298432230949402
0.441,0.9765789473684211,0.182567298412323
0.442,0.9765789473684211,0.1822267323732376
0.442,0.9773684210526316,0.18127641081809998
0.445,0.9773684210526316,0.17984940111637115
0.445,0.9778947368421053,0.17937633395195007
0.446,0.9778947368421053,0.17930710315704346
0.446,0.9792105263157894,0.17827290296554565
0.447,0.9792105263157894,0.17809289693832397
0.447,0.9797368421052631,0.17754025757312775
0.448,0.9797368421052631,0.17711812257766724
0.448,0.98,0.1770274043083191
0.454,0.98,0.17643064260482788
0.454,0.9802631578947368,0.1763240247964859
0.456,0.9802631578947368,0.17601460218429565
0.456,0.9807894736842105,0.1759214699268341
0.458,0.9807894736842105,0.17579424381256104
0.458,0.9810526315789474,0.17576128244400024
0.459,0.9810526315789474,0.175666943192482
0.459,0.9813157894736843,0.17555458843708038
0.462,0.9813157894736843,0.17509019374847412
0.462,0.9815789473684211,0.17480695247650146
0.464,0.9815789473684211,0.174498051404953
0.464,0.9818421052631578,0.17448249459266663
0.466,0.9818421052631578,0.1744009256362915
0.466,0.9821052631578947,0.17435672879219055
0.472,0.9821052631578947,0.17323540151119232
0.472,0.9823684210526316,0.1727246791124344
0.473,0.9823684210526316,0.17270715534687042
0.473,0.9828947368421053,0.17252548038959503
0.484,0.9828947368421053,0.17090937495231628
0.484,0.9831578947368421,0.17088478803634644
0.492,0.9831578947368421,0.1694498062133789
0.492,0.983421052631579,0.1692517101764679
0.493,0.983421052631579,0.1688353717327118
0.493,0.9839473684210527,0.1680857241153717
0.494,0.9839473684210527,0.16778680682182312
0.494,0.9842105263157894,0.1673625409603119
0.498,0.9842105263157894,0.1663384884595871
0.498,0.9844736842105263,0.16612248122692108
0.5,0.9844736842105263,0.16565245389938354
0.5,0.9847368421052631,0.16545891761779785
0.501,0.9847368421052631,0.16543865203857422
0.501,0.9852631578947368,0.16475971043109894
0.504,0.9852631578947368,0.1639164239168167
0.504,0.9855263157894737,0.16355302929878235
0.505,0.9855263157894737,0.16305463016033173
0.505,0.9857894736842105,0.163021519780159
0.507,0.9857894736842105,0.16249284148216248
0.507,0.9863157894736843,0.16156481206417084
0.511,0.9863157894736843,0.16111621260643005
0.511,0.986578947368421,0.16107594966888428
0.513,0.986578947368421,0.16100069880485535
0.513,0.9868421052631579,0.16075748205184937
0.516,0.9868421052631579,0.1606340855360031
0.516,0.9871052631578947,0.1605609506368637
0.52,0.9871052631578947,0.16024190187454224
0.52,0.9878947368421053,0.15998148918151855
0.523,0.9878947368421053,0.1597537398338318
0.523,0.9881578947368421,0.15970920026302338
0.525,0.9881578947368421,0.1594686359167099
0.525,0.9889473684210527,0.1591922789812088
0.528,0.9889473684210527,0.15864546597003937
0.528,0.9892105263157894,0.15844371914863586
0.531,0.9892105263157894,0.1583554595708847
0.531,0.9897368421052631,0.1581404060125351
0.532,0.9897368421052631,0.15794874727725983
0.532,0.9905263157894737,0.15732316672801971
0.533,0.9905263157894737,0.15725177526474
0.533,0.9910526315789474,0.15661902725696564
0.538,0.9910526315789474,0.15515562891960144
0.538,0.9913157894736843,0.1551322191953659
0.543,0.9913157894736843,0.1539570391178131
0.543,0.991578947368421,0.1538914442062378
0.545,0.991578947368421,0.15363706648349762
0.545,0.9918421052631579,0.15312236547470093
0.553,0.9918421052631579,0.15161077678203583
0.553,0.9921052631578947,0.15146690607070923
0.554,0.9921052631578947,0.15125411748886108
0.554,0.9926315789473684,0.1507168561220169
0.559,0.9926315789473684,0.14879262447357178
0.559,0.9928947368421053,0.14818993210792542
0.574,0.9928947368421053,0.13915793597698212
0.574,0.9931578947368421,0.13882650434970856
0.576,0.9931578947368421,0.13831329345703125
0.576,0.993421052631579,0.1382087916135788
0.584,0.993421052631579,0.13737592101097107
0.584,0.9936842105263158,0.13734106719493866
0.589,0.9936842105263158,0.1362200826406479
0.589,0.9939473684210526,0.13588576018810272
0.592,0.9939473684210526,0.13532696664333344
0.592,0.9942105263157894,0.13469892740249634
0.593,0.9942105263157894,0.13414958119392395
0.593,0.9944736842105263,0.13389311730861664
0.594,0.9944736842105263,0.1335466206073761
0.594,0.9947368421052631,0.1334710419178009
0.595,0.9947368421052631,0.1333528310060501
0.595,0.9960526315789474,0.1325322836637497
0.598,0.9960526315789474,0.13238361477851868
0.598,0.9963157894736843,0.13234345614910126
0.599,0.9963157894736843,0.13188022375106812
0.599,0.996578947368421,0.1318056285381317
0.6,0.996578947368421,0.1316901296377182
0.6,0.9968421052631579,0.13146354258060455
0.603,0.9968421052631579,0.1312868446111679
0.603,0.9978947368421053,0.13035060465335846
0.607,0.9978947368421053,0.1293802410364151
0.607,0.9981578947368421,0.12910214066505432
0.615,0.9981578947368421,0.12742987275123596
0.615,0.998421052631579,0.12741531431674957
0.629,0.998421052631579,0.12595295906066895
0.629,0.9986842105263158,0.12568677961826324
0.635,0.9986842105263158,0.12448275834321976
0.635,0.9989473684210526,0.12428544461727142
0.637,0.9989473684210526,0.1231594979763031
0.637,0.9992105263157894,0.12280071526765823
0.642,0.9992105263157894,0.12206284701824188
0.642,0.9994736842105263,0.12202682346105576
0.648,0.9994736842105263,0.11961833387613297
0.648,0.9997368421052631,0.11922982335090637
0.711,0.9997368421052631,0.09731052070856094
0.711,1.0,0.09727170318365097
1.0,1.0,0.007193448022007942
