FPR,TPR,Threshold
0.0,0.0,1.9859240055084229
0.0,0.000925925925925926,0.9859240055084229
0.0,0.5509259259259259,0.8142656683921814
0.0007575757575757576,0.5509259259259259,0.8141213059425354
0.0007575757575757576,0.5564814814814815,0.8099902272224426
0.0015151515151515152,0.5564814814814815,0.8088943958282471
0.0015151515151515152,0.5583333333333333,0.8087493181228638
0.0022727272727272726,0.5583333333333333,0.8085488080978394
0.0022727272727272726,0.5648148148148148,0.8070439100265503
0.003787878787878788,0.5648148148148148,0.8067834973335266
0.003787878787878788,0.5722222222222222,0.8027427196502686
0.005303030303030303,0.5722222222222222,0.8015099167823792
0.005303030303030303,0.5731481481481482,0.8011451959609985
0.006060606060606061,0.5731481481481482,0.8010795712471008
0.006060606060606061,0.575,0.8004230856895447
0.006818181818181818,0.575,0.7996340990066528
0.006818181818181818,0.5805555555555556,0.7960992455482483
0.007575757575757576,0.5805555555555556,0.7960981130599976
0.007575757575757576,0.5814814814814815,0.7956039905548096
0.010606060606060607,0.5814814814814815,0.793847918510437
0.010606060606060607,0.5824074074074074,0.7935937643051147
0.011363636363636364,0.5824074074074074,0.7935664057731628
0.011363636363636364,0.5833333333333334,0.7930123209953308
0.012121212121212121,0.5833333333333334,0.7924695014953613
0.012121212121212121,0.5879629629629629,0.791806161403656
0.013636363636363636,0.5879629629629629,0.7914745807647705
0.013636363636363636,0.5907407407407408,0.7906395196914673
0.014393939393939395,0.5907407407407408,0.7906123995780945
0.014393939393939395,0.5935185185185186,0.7902539372444153
0.015151515151515152,0.5935185185185186,0.7901706099510193
0.015151515151515152,0.5981481481481481,0.7891588807106018
0.015909090909090907,0.5981481481481481,0.7890642285346985
0.015909090909090907,0.5990740740740741,0.7886130213737488
0.017424242424242425,0.5990740740740741,0.78830486536026
0.017424242424242425,0.6027777777777777,0.787004292011261
0.01818181818181818,0.6027777777777777,0.7867658734321594
0.01818181818181818,0.6092592592592593,0.784329891204834
0.01893939393939394,0.6092592592592593,0.7834945321083069
0.01893939393939394,0.6222222222222222,0.7750763893127441
0.019696969696969695,0.6222222222222222,0.7748500108718872
0.019696969696969695,0.6296296296296297,0.7717201113700867
0.020454545454545454,0.6296296296296297,0.7702769637107849
0.020454545454545454,0.6333333333333333,0.7688106894493103
0.02196969696969697,0.6333333333333333,0.7675192356109619
0.02196969696969697,0.6351851851851852,0.7674006819725037
0.023484848484848483,0.6351851851851852,0.7666221857070923
0.023484848484848483,0.6398148148148148,0.7648425698280334
0.024242424242424242,0.6398148148148148,0.7641053199768066
0.024242424242424242,0.6407407407407407,0.7640961408615112
0.025,0.6407407407407407,0.763734757900238
0.025,0.6425925925925926,0.763495683670044
0.025757575757575757,0.6425925925925926,0.7633000612258911
0.025757575757575757,0.6453703703703704,0.7621740102767944
0.026515151515151516,0.6453703703703704,0.7620764970779419
0.026515151515151516,0.6462962962962963,0.7600385546684265
0.02727272727272727,0.6462962962962963,0.75936359167099
0.02727272727272727,0.6472222222222223,0.7587926983833313
0.02803030303030303,0.6472222222222223,0.7586663961410522
0.02803030303030303,0.649074074074074,0.7572361826896667
0.02878787878787879,0.649074074074074,0.756068766117096
0.02878787878787879,0.6509259259259259,0.755748450756073
0.031818181818181815,0.6509259259259259,0.7548735737800598
0.031818181818181815,0.6527777777777778,0.7524815797805786
0.03257575757575758,0.6527777777777778,0.75139981508255
0.03257575757575758,0.6546296296296297,0.7509961128234863
0.03333333333333333,0.6546296296296297,0.7496291399002075
0.03333333333333333,0.6574074074074074,0.7475734353065491
0.03409090909090909,0.6574074074074074,0.7457690834999084
0.03409090909090909,0.6620370370370371,0.7436770796775818
0.03636363636363636,0.6620370370370371,0.7422521114349365
0.03636363636363636,0.6768518518518518,0.7345762252807617
0.037121212121212124,0.6768518518518518,0.7340964674949646
0.037121212121212124,0.6824074074074075,0.7317259907722473
0.03787878787878788,0.6824074074074075,0.7308235764503479
0.03787878787878788,0.6888888888888889,0.7279492616653442
0.038636363636363635,0.6888888888888889,0.7275909185409546
0.038636363636363635,0.7037037037037037,0.7204552888870239
0.03939393939393939,0.7037037037037037,0.720292866230011
0.03939393939393939,0.7046296296296296,0.7190209627151489
0.04015151515151515,0.7046296296296296,0.7179642915725708
0.04015151515151515,0.7083333333333334,0.713572084903717
0.04090909090909091,0.7083333333333334,0.713074803352356
0.04090909090909091,0.7092592592592593,0.712594211101532
0.041666666666666664,0.7092592592592593,0.7116518020629883
0.041666666666666664,0.7129629629629629,0.7092058062553406
0.04242424242424243,0.7129629629629629,0.7080881595611572
0.04242424242424243,0.7157407407407408,0.7054537534713745
0.04393939393939394,0.7157407407407408,0.705119252204895
0.04393939393939394,0.7185185185185186,0.7024356126785278
0.045454545454545456,0.7185185185185186,0.7018150091171265
0.045454545454545456,0.7212962962962963,0.7010751962661743
0.04621212121212121,0.7212962962962963,0.7000131011009216
0.04621212121212121,0.725925925925926,0.698743462562561
0.04696969696969697,0.725925925925926,0.698666512966156
0.04696969696969697,0.7277777777777777,0.6984747648239136
0.04924242424242424,0.7277777777777777,0.6967909932136536
0.04924242424242424,0.7287037037037037,0.6958200931549072
0.05075757575757576,0.7287037037037037,0.6927118301391602
0.05075757575757576,0.7296296296296296,0.6911248564720154
0.05378787878787879,0.7296296296296296,0.6887077689170837
0.05378787878787879,0.7305555555555555,0.6884746551513672
0.05454545454545454,0.7305555555555555,0.6879692077636719
0.05454545454545454,0.7342592592592593,0.6855560541152954
0.055303030303030305,0.7342592592592593,0.6854612827301025
0.055303030303030305,0.7351851851851852,0.6849923729896545
0.05606060606060606,0.7351851851851852,0.6844883561134338
0.05606060606060606,0.7361111111111112,0.6843072175979614
0.056818181818181816,0.7361111111111112,0.6842896342277527
0.056818181818181816,0.7379629629629629,0.6823958158493042
0.05757575757575758,0.7379629629629629,0.6818029284477234
0.05757575757575758,0.7388888888888889,0.6817806363105774
0.058333333333333334,0.7388888888888889,0.6815230250358582
0.058333333333333334,0.7444444444444445,0.6783671975135803
0.05909090909090909,0.7444444444444445,0.6782492995262146
0.05909090909090909,0.7462962962962963,0.6769019961357117
0.059848484848484845,0.7462962962962963,0.6763588190078735
0.059848484848484845,0.7481481481481481,0.6760203242301941
0.06060606060606061,0.7481481481481481,0.6759330034255981
0.06060606060606061,0.7620370370370371,0.6639528870582581
0.06136363636363636,0.7620370370370371,0.662253201007843
0.06136363636363636,0.7638888888888888,0.6617057919502258
0.06363636363636363,0.7638888888888888,0.6590279340744019
0.06363636363636363,0.7657407407407407,0.6584877371788025
0.06515151515151515,0.7657407407407407,0.6569872498512268
0.06515151515151515,0.7675925925925926,0.6563845872879028
0.0659090909090909,0.7675925925925926,0.6542531847953796
0.0659090909090909,0.7694444444444445,0.653507649898529
0.06666666666666667,0.7694444444444445,0.6529891490936279
0.06666666666666667,0.7722222222222223,0.6512022614479065
0.06742424242424243,0.7722222222222223,0.6500110030174255
0.06742424242424243,0.774074074074074,0.647707462310791
0.06818181818181818,0.774074074074074,0.6476167440414429
0.06818181818181818,0.7768518518518519,0.6450789570808411
0.0696969696969697,0.7768518518518519,0.6407741904258728
0.0696969696969697,0.7777777777777778,0.640543520450592
0.07121212121212121,0.7777777777777778,0.6399468779563904
0.07121212121212121,0.7805555555555556,0.6362046599388123
0.07196969696969698,0.7805555555555556,0.6347087025642395
0.07196969696969698,0.7814814814814814,0.6335728168487549
0.07272727272727272,0.7814814814814814,0.6334129571914673
0.07272727272727272,0.7824074074074074,0.6329950094223022
0.075,0.7824074074074074,0.6315662860870361
0.075,0.7833333333333333,0.6311551928520203
0.07727272727272727,0.7833333333333333,0.6292981505393982
0.07727272727272727,0.7842592592592592,0.6286278367042542
0.07878787878787878,0.7842592592592592,0.628046452999115
0.07878787878787878,0.7851851851851852,0.6277464628219604
0.07954545454545454,0.7851851851851852,0.6252454519271851
0.07954545454545454,0.787962962962963,0.6247273683547974
0.08409090909090909,0.787962962962963,0.6172562837600708
0.08409090909090909,0.7888888888888889,0.6172308921813965
0.08484848484848485,0.7888888888888889,0.616350531578064
0.08484848484848485,0.7898148148148149,0.610626757144928
0.0856060606060606,0.7898148148148149,0.6099706888198853
0.0856060606060606,0.7907407407407407,0.608356773853302
0.08787878787878788,0.7907407407407407,0.6022719144821167
0.08787878787878788,0.7916666666666666,0.5988984107971191
0.08863636363636364,0.7916666666666666,0.5935845375061035
0.08863636363636364,0.7953703703703704,0.589536190032959
0.0893939393939394,0.7953703703703704,0.5894159078598022
0.0893939393939394,0.7972222222222223,0.5878282189369202
0.09090909090909091,0.7972222222222223,0.5851044058799744
0.09090909090909091,0.7981481481481482,0.5850391983985901
0.09242424242424242,0.7981481481481482,0.5842064023017883
0.09242424242424242,0.799074074074074,0.5828525424003601
0.09772727272727273,0.799074074074074,0.5771824717521667
0.09772727272727273,0.8,0.5771377086639404
0.10227272727272728,0.8,0.5715467929840088
0.10227272727272728,0.8009259259259259,0.5705791115760803
0.10303030303030303,0.8009259259259259,0.5697618722915649
0.10303030303030303,0.8018518518518518,0.5691293478012085
0.10378787878787879,0.8018518518518518,0.5686729550361633
0.10378787878787879,0.8027777777777778,0.5684593915939331
0.10606060606060606,0.8027777777777778,0.5667641758918762
0.10606060606060606,0.8046296296296296,0.5661475658416748
0.10833333333333334,0.8046296296296296,0.564457893371582
0.10833333333333334,0.8055555555555556,0.5639550089836121
0.10984848484848485,0.8055555555555556,0.5617836117744446
0.10984848484848485,0.8064814814814815,0.5617193579673767
0.11060606060606061,0.8064814814814815,0.5602378249168396
0.11060606060606061,0.8092592592592592,0.5566120147705078
0.11136363636363636,0.8092592592592592,0.5559309124946594
0.11136363636363636,0.8101851851851852,0.5539790987968445
0.1143939393939394,0.8101851851851852,0.5464261174201965
0.1143939393939394,0.8111111111111111,0.5463185906410217
0.11666666666666667,0.8111111111111111,0.5429140329360962
0.11666666666666667,0.8157407407407408,0.5359580516815186
0.11818181818181818,0.8157407407407408,0.5348265171051025
0.11818181818181818,0.8166666666666667,0.5340110063552856
0.11893939393939394,0.8166666666666667,0.5328130125999451
0.11893939393939394,0.8175925925925925,0.5309373736381531
0.11969696969696969,0.8175925925925925,0.5306760668754578
0.11969696969696969,0.8194444444444444,0.5267786979675293
0.12196969696969696,0.8194444444444444,0.5264069437980652
0.12196969696969696,0.8203703703703704,0.5246393084526062
0.12272727272727273,0.8203703703703704,0.5234635472297668
0.12272727272727273,0.8222222222222222,0.522348940372467
0.12348484848484849,0.8222222222222222,0.5206904411315918
0.12348484848484849,0.8231481481481482,0.5186294913291931
0.12575757575757576,0.8231481481481482,0.5142167806625366
0.12575757575757576,0.825,0.5088712573051453
0.12803030303030302,0.825,0.5017495155334473
0.12803030303030302,0.825925925925926,0.5010191202163696
0.12878787878787878,0.825925925925926,0.49979981780052185
0.12878787878787878,0.8268518518518518,0.4987858235836029
0.1303030303030303,0.8268518518518518,0.4979880154132843
0.1303030303030303,0.8277777777777777,0.4974428117275238
0.13106060606060607,0.8277777777777777,0.4974305033683777
0.13106060606060607,0.8305555555555556,0.4956878125667572
0.13257575757575757,0.8305555555555556,0.49463918805122375
0.13257575757575757,0.8314814814814815,0.4942695200443268
0.13484848484848486,0.8314814814814815,0.49140283465385437
0.13484848484848486,0.8324074074074074,0.49020543694496155
0.13560606060606062,0.8324074074074074,0.4893084466457367
0.13560606060606062,0.8342592592592593,0.48898980021476746
0.1393939393939394,0.8342592592592593,0.4848446846008301
0.1393939393939394,0.8351851851851851,0.4840135872364044
0.1484848484848485,0.8351851851851851,0.47317659854888916
0.1484848484848485,0.837037037037037,0.47299233078956604
0.15303030303030302,0.837037037037037,0.46705493330955505
0.15303030303030302,0.8379629629629629,0.46538224816322327
0.15378787878787878,0.8379629629629629,0.46509867906570435
0.15378787878787878,0.8398148148148148,0.4642784893512726
0.15454545454545454,0.8398148148148148,0.4636894762516022
0.15454545454545454,0.8416666666666667,0.46206364035606384
0.1553030303030303,0.8416666666666667,0.46169254183769226
0.1553030303030303,0.8425925925925926,0.4615522027015686
0.15757575757575756,0.8425925925925926,0.4573659896850586
0.15757575757575756,0.8435185185185186,0.45632055401802063
0.15833333333333333,0.8435185185185186,0.4561495780944824
0.15833333333333333,0.8453703703703703,0.4542834758758545
0.1590909090909091,0.8453703703703703,0.45420390367507935
0.1590909090909091,0.8462962962962963,0.4533573091030121
0.16136363636363638,0.8462962962962963,0.45186275243759155
0.16136363636363638,0.8481481481481481,0.44982537627220154
0.16515151515151516,0.8481481481481481,0.44670939445495605
0.16515151515151516,0.8490740740740741,0.44660165905952454
0.16818181818181818,0.8490740740740741,0.4446462094783783
0.16818181818181818,0.85,0.4429139792919159
0.1696969696969697,0.85,0.4424338638782501
0.1696969696969697,0.850925925925926,0.4410191774368286
0.17272727272727273,0.850925925925926,0.43764710426330566
0.17272727272727273,0.8555555555555555,0.43321478366851807
0.17424242424242425,0.8555555555555555,0.43133658170700073
0.17424242424242425,0.8564814814814815,0.4298887848854065
0.175,0.8564814814814815,0.42987462878227234
0.175,0.8611111111111112,0.4286237061023712
0.17575757575757575,0.8611111111111112,0.42749935388565063
0.17575757575757575,0.862037037037037,0.4272173047065735
0.1765151515151515,0.862037037037037,0.4271913468837738
0.1765151515151515,0.8629629629629629,0.42694219946861267
0.17803030303030304,0.8629629629629629,0.4257084131240845
0.17803030303030304,0.8648148148148148,0.4239836037158966
0.17954545454545454,0.8648148148148148,0.4234391152858734
0.17954545454545454,0.8657407407407407,0.4230431020259857
0.18106060606060606,0.8657407407407407,0.4228377938270569
0.18106060606060606,0.8694444444444445,0.42045944929122925
0.18181818181818182,0.8694444444444445,0.42009449005126953
0.18181818181818182,0.8712962962962963,0.4194331467151642
0.18257575757575759,0.8712962962962963,0.41846951842308044
0.18257575757575759,0.8722222222222222,0.4184248745441437
0.18333333333333332,0.8722222222222222,0.4180809259414673
0.18333333333333332,0.8740740740740741,0.41773295402526855
0.18636363636363637,0.8740740740740741,0.41410574316978455
0.18636363636363637,0.875,0.41392651200294495
0.18787878787878787,0.875,0.41294100880622864
0.18787878787878787,0.8768518518518519,0.41046494245529175
0.19318181818181818,0.8768518518518519,0.4056992828845978
0.19318181818181818,0.8787037037037037,0.40547728538513184
0.1946969696969697,0.8787037037037037,0.4047325551509857
0.1946969696969697,0.8796296296296297,0.40425732731819153
0.2015151515151515,0.8796296296296297,0.4014977812767029
0.2015151515151515,0.8814814814814815,0.40033140778541565
0.20227272727272727,0.8814814814814815,0.39887022972106934
0.20227272727272727,0.8842592592592593,0.39789777994155884
0.2053030303030303,0.8842592592592593,0.3967891335487366
0.2053030303030303,0.8851851851851852,0.395295113325119
0.21212121212121213,0.8851851851851852,0.3910962641239166
0.21212121212121213,0.8861111111111111,0.3910474181175232
0.21363636363636362,0.8861111111111111,0.38846924901008606
0.21363636363636362,0.8870370370370371,0.38812997937202454
0.22045454545454546,0.8870370370370371,0.382815420627594
0.22045454545454546,0.8888888888888888,0.3820320665836334
0.22121212121212122,0.8888888888888888,0.3816579580307007
0.22121212121212122,0.8898148148148148,0.3816378116607666
0.22196969696969698,0.8898148148148148,0.3806222677230835
0.22196969696969698,0.8916666666666667,0.38049182295799255
0.22272727272727272,0.8916666666666667,0.38037288188934326
0.22272727272727272,0.8925925925925926,0.3784569203853607
0.22348484848484848,0.8925925925925926,0.37824559211730957
0.22348484848484848,0.8972222222222223,0.37591037154197693
0.22424242424242424,0.8972222222222223,0.37580299377441406
0.22424242424242424,0.899074074074074,0.37441012263298035
0.22575757575757577,0.899074074074074,0.37258556485176086
0.22575757575757577,0.9,0.3725127875804901
0.2265151515151515,0.9,0.3716946542263031
0.2265151515151515,0.9018518518518519,0.37165942788124084
0.22727272727272727,0.9018518518518519,0.37160927057266235
0.22727272727272727,0.9037037037037037,0.3687913119792938
0.23030303030303031,0.9037037037037037,0.3662043511867523
0.23030303030303031,0.9055555555555556,0.3653121888637543
0.23106060606060605,0.9055555555555556,0.36468505859375
0.23106060606060605,0.9083333333333333,0.36304187774658203
0.2318181818181818,0.9083333333333333,0.3630209267139435
0.2318181818181818,0.9092592592592592,0.36301201581954956
0.23333333333333334,0.9092592592592592,0.36177897453308105
0.23333333333333334,0.9101851851851852,0.3614978492259979
0.23636363636363636,0.9101851851851852,0.36096900701522827
0.23636363636363636,0.9111111111111111,0.36036166548728943
0.23712121212121212,0.9111111111111111,0.36001619696617126
0.23712121212121212,0.9138888888888889,0.3579288423061371
0.23787878787878788,0.9138888888888889,0.35790711641311646
0.23787878787878788,0.9148148148148149,0.3571542799472809
0.24015151515151514,0.9148148148148149,0.35680627822875977
0.24015151515151514,0.9157407407407407,0.35674530267715454
0.24166666666666667,0.9157407407407407,0.3563033640384674
0.24166666666666667,0.9166666666666666,0.3553539216518402
0.2431818181818182,0.9166666666666666,0.3550536632537842
0.2431818181818182,0.9175925925925926,0.3549535870552063
0.2446969696969697,0.9175925925925926,0.35476961731910706
0.2446969696969697,0.9194444444444444,0.3544609248638153
0.24545454545454545,0.9194444444444444,0.3540538549423218
0.24545454545454545,0.9203703703703704,0.35317689180374146
0.24924242424242424,0.9203703703703704,0.35160115361213684
0.24924242424242424,0.9231481481481482,0.3482755422592163
0.25075757575757573,0.9231481481481482,0.347385048866272
0.25075757575757573,0.924074074074074,0.3470449447631836
0.2553030303030303,0.924074074074074,0.339240700006485
0.2553030303030303,0.925,0.3372507095336914
0.25606060606060604,0.925,0.335696816444397
0.25606060606060604,0.9287037037037037,0.333945095539093
0.25984848484848483,0.9287037037037037,0.3298264145851135
0.25984848484848483,0.9296296296296296,0.3288969099521637
0.26212121212121214,0.9296296296296296,0.32539892196655273
0.26212121212121214,0.9314814814814815,0.32404547929763794
0.2636363636363636,0.9314814814814815,0.3237186372280121
0.2636363636363636,0.9324074074074075,0.323466420173645
0.2674242424242424,0.9324074074074075,0.32085850834846497
0.2674242424242424,0.9333333333333333,0.32072269916534424
0.2681818181818182,0.9333333333333333,0.3188055753707886
0.2681818181818182,0.9351851851851852,0.31854650378227234
0.2696969696969697,0.9351851851851852,0.3170927166938782
0.2696969696969697,0.9361111111111111,0.31675153970718384
0.2734848484848485,0.9361111111111111,0.31537720561027527
0.2734848484848485,0.937037037037037,0.31508931517601013
0.27424242424242423,0.937037037037037,0.31462886929512024
0.27424242424242423,0.937962962962963,0.31438568234443665
0.2825757575757576,0.937962962962963,0.3088853359222412
0.2825757575757576,0.9388888888888889,0.30819112062454224
0.2856060606060606,0.9388888888888889,0.30684563517570496
0.2856060606060606,0.9398148148148148,0.3067534565925598
0.2871212121212121,0.9398148148148148,0.30639025568962097
0.2871212121212121,0.9407407407407408,0.3062818944454193
0.28863636363636364,0.9407407407407408,0.3056856691837311
0.28863636363636364,0.9416666666666667,0.30419784784317017
0.28939393939393937,0.9416666666666667,0.3035454750061035
0.28939393939393937,0.9453703703703704,0.30102935433387756
0.29015151515151516,0.9453703703703704,0.30050843954086304
0.29015151515151516,0.9462962962962963,0.3004894554615021
0.2924242424242424,0.9462962962962963,0.29950016736984253
0.2924242424242424,0.9481481481481482,0.299030065536499
0.29318181818181815,0.9481481481481482,0.2985403537750244
0.29318181818181815,0.95,0.2980928421020508
0.29545454545454547,0.95,0.29515376687049866
0.29545454545454547,0.9518518518518518,0.29447662830352783
0.2962121212121212,0.9518518518518518,0.29361492395401
0.2962121212121212,0.9527777777777777,0.29335129261016846
0.29848484848484846,0.9527777777777777,0.29278308153152466
0.29848484848484846,0.9546296296296296,0.29153913259506226
0.29924242424242425,0.9546296296296296,0.29098862409591675
0.29924242424242425,0.9555555555555556,0.2906918525695801
0.3,0.9555555555555556,0.2904365062713623
0.3,0.9564814814814815,0.2902278006076813
0.3007575757575758,0.9564814814814815,0.2896375358104706
0.3007575757575758,0.9574074074074074,0.2894558310508728
0.3015151515151515,0.9574074074074074,0.2886196970939636
0.3015151515151515,0.9583333333333334,0.28861668705940247
0.30757575757575756,0.9583333333333334,0.2842143177986145
0.30757575757575756,0.9592592592592593,0.28386205434799194
0.3151515151515151,0.9592592592592593,0.28142356872558594
0.3151515151515151,0.9601851851851851,0.28047963976860046
0.32954545454545453,0.9601851851851851,0.27300146222114563
0.32954545454545453,0.9611111111111111,0.27294036746025085
0.3522727272727273,0.9611111111111111,0.2615702450275421
0.3522727272727273,0.962037037037037,0.2613701820373535
0.37575757575757573,0.962037037037037,0.24901404976844788
0.37575757575757573,0.9629629629629629,0.24861164391040802
0.37803030303030305,0.9629629629629629,0.24618470668792725
0.37803030303030305,0.9638888888888889,0.24574944376945496
0.38257575757575757,0.9638888888888889,0.24278780817985535
0.38257575757575757,0.9648148148148148,0.24252282083034515
0.39166666666666666,0.9648148148148148,0.23618507385253906
0.39166666666666666,0.9657407407407408,0.23592989146709442
0.3931818181818182,0.9657407407407408,0.23443035781383514
0.3931818181818182,0.9666666666666667,0.23398272693157196
0.39621212121212124,0.9666666666666667,0.230317160487175
0.39621212121212124,0.9675925925925926,0.22998717427253723
0.39924242424242423,0.9675925925925926,0.2280464917421341
0.39924242424242423,0.9685185185185186,0.22778205573558807
0.403030303030303,0.9685185185185186,0.22384898364543915
0.403030303030303,0.9694444444444444,0.2230999916791916
0.4037878787878788,0.9694444444444444,0.2226075381040573
0.4037878787878788,0.9703703703703703,0.22251847386360168
0.4053030303030303,0.9703703703703703,0.22203654050827026
0.4053030303030303,0.9712962962962963,0.22174596786499023
0.40606060606060607,0.9712962962962963,0.22161300480365753
0.40606060606060607,0.9722222222222222,0.22149428725242615
0.4090909090909091,0.9722222222222222,0.2202915996313095
0.4090909090909091,0.9740740740740741,0.21862421929836273
0.4121212121212121,0.9740740740740741,0.21739539504051208
0.4121212121212121,0.975,0.21720144152641296
0.41515151515151516,0.975,0.21480610966682434
0.41515151515151516,0.975925925925926,0.2146349847316742
0.42424242424242425,0.975925925925926,0.2094240039587021
0.42424242424242425,0.9768518518518519,0.20898638665676117
0.42727272727272725,0.9768518518518519,0.20660248398780823
0.42727272727272725,0.9777777777777777,0.20638704299926758
0.4303030303030303,0.9777777777777777,0.20578652620315552
0.4303030303030303,0.9787037037037037,0.2055736929178238
0.44393939393939397,0.9787037037037037,0.1979096233844757
0.44393939393939397,0.9796296296296296,0.19779980182647705
0.45984848484848484,0.9796296296296296,0.19192297756671906
0.45984848484848484,0.9805555555555555,0.19168716669082642
0.475,0.9805555555555555,0.18488949537277222
0.475,0.9814814814814815,0.1841597557067871
0.4893939393939394,0.9814814814814815,0.17797932028770447
0.4893939393939394,0.9824074074074074,0.17797218263149261
0.4954545454545455,0.9824074074074074,0.17661437392234802
0.4954545454545455,0.9833333333333333,0.17647400498390198
0.4962121212121212,0.9833333333333333,0.17564423382282257
0.4962121212121212,0.9842592592592593,0.17553293704986572
0.5083333333333333,0.9842592592592593,0.1696375608444214
0.5083333333333333,0.9851851851851852,0.1693190485239029
0.5113636363636364,0.9851851851851852,0.16869041323661804
0.5113636363636364,0.9861111111111112,0.1684928685426712
0.5174242424242425,0.9861111111111112,0.16624484956264496
0.5174242424242425,0.987037037037037,0.16614894568920135
0.546969696969697,0.987037037037037,0.15812861919403076
0.546969696969697,0.9879629629629629,0.15744134783744812
0.5537878787878788,0.9879629629629629,0.1537591964006424
0.5537878787878788,0.9888888888888889,0.1536743938922882
0.5636363636363636,0.9888888888888889,0.14790308475494385
0.5636363636363636,0.9898148148148148,0.14787530899047852
0.5659090909090909,0.9898148148148148,0.1467282772064209
0.5659090909090909,0.9907407407407407,0.14671534299850464
0.5712121212121212,0.9907407407407407,0.1433735489845276
0.5712121212121212,0.9916666666666667,0.14261828362941742
0.575,0.9916666666666667,0.14035381376743317
0.575,0.9925925925925926,0.1402154564857483
0.581060606060606,0.9925925925925926,0.1374880075454712
0.581060606060606,0.9944444444444445,0.13705815374851227
0.5818181818181818,0.9944444444444445,0.13696302473545074
0.5818181818181818,0.9953703703703703,0.13629208505153656
0.5840909090909091,0.9953703703703703,0.13593517243862152
0.5840909090909091,0.9962962962962963,0.13582979142665863
0.5909090909090909,0.9962962962962963,0.1336197406053543
0.5909090909090909,0.9990740740740741,0.13284040987491608
0.65,0.9990740740740741,0.12114466726779938
0.65,1.0,0.12112870067358017
1.0,1.0,0.017422012984752655
