FPR,TPR,Threshold
0.0,0.0,1.9365777373313904
0.0,0.0009615384615384616,0.9365777373313904
0.0,0.04423076923076923,0.9031844139099121
0.0007352941176470588,0.04423076923076923,0.9028266072273254
0.0007352941176470588,0.047115384615384615,0.8963266611099243
0.0014705882352941176,0.047115384615384615,0.894915759563446
0.0014705882352941176,0.051923076923076926,0.8919265270233154
0.0022058823529411764,0.051923076923076926,0.8914733529090881
0.0022058823529411764,0.06538461538461539,0.8874797224998474
0.0029411764705882353,0.06538461538461539,0.8856999278068542
0.0029411764705882353,0.06826923076923076,0.8855271339416504
0.005147058823529412,0.06826923076923076,0.8854196071624756
0.005147058823529412,0.07019230769230769,0.8851562738418579
0.0058823529411764705,0.07019230769230769,0.8848977088928223
0.0058823529411764705,0.07115384615384615,0.8846109509468079
0.008088235294117648,0.07115384615384615,0.8840806484222412
0.008088235294117648,0.07692307692307693,0.8831214308738708
0.008823529411764706,0.07692307692307693,0.8827900290489197
0.008823529411764706,0.07884615384615384,0.8822600841522217
0.009558823529411765,0.07884615384615384,0.881791353225708
0.009558823529411765,0.08653846153846154,0.8795595765113831
0.010294117647058823,0.08653846153846154,0.878757894039154
0.010294117647058823,0.09807692307692308,0.871849775314331
0.011029411764705883,0.09807692307692308,0.8693332672119141
0.011029411764705883,0.10865384615384616,0.8678265810012817
0.011764705882352941,0.10865384615384616,0.867673397064209
0.011764705882352941,0.14807692307692308,0.8503126502037048
0.0125,0.14807692307692308,0.8501377701759338
0.0125,0.1519230769230769,0.8492595553398132
0.013235294117647059,0.1519230769230769,0.8483202457427979
0.013235294117647059,0.1798076923076923,0.8337997198104858
0.013970588235294118,0.1798076923076923,0.8337867259979248
0.013970588235294118,0.18269230769230768,0.8335012197494507
0.014705882352941176,0.18269230769230768,0.831983208656311
0.014705882352941176,0.25,0.7917291522026062
0.015441176470588236,0.25,0.7913784980773926
0.015441176470588236,0.2567307692307692,0.788353681564331
0.016176470588235296,0.2567307692307692,0.7876827716827393
0.016176470588235296,0.2721153846153846,0.7841446399688721
0.016911764705882352,0.2721153846153846,0.7839769124984741
0.016911764705882352,0.275,0.7828587889671326
0.01764705882352941,0.275,0.7827551364898682
0.01764705882352941,0.2778846153846154,0.7807885408401489
0.01838235294117647,0.2778846153846154,0.7805935740470886
0.01838235294117647,0.28365384615384615,0.7762708067893982
0.022058823529411766,0.28365384615384615,0.77423095703125
0.022058823529411766,0.28557692307692306,0.772696852684021
0.02426470588235294,0.28557692307692306,0.7722935676574707
0.02426470588235294,0.2875,0.7715741395950317
0.025,0.2875,0.7714757919311523
0.025,0.28942307692307695,0.770670473575592
0.025735294117647058,0.28942307692307695,0.7703702449798584
0.025735294117647058,0.29903846153846153,0.7657593488693237
0.026470588235294117,0.29903846153846153,0.7655168175697327
0.026470588235294117,0.3,0.7654266953468323
0.027205882352941177,0.3,0.7652512788772583
0.027205882352941177,0.30096153846153845,0.7651981711387634
0.030147058823529412,0.30096153846153845,0.7642296552658081
0.030147058823529412,0.3038461538461538,0.7638453841209412
0.03161764705882353,0.3038461538461538,0.7631831765174866
0.03161764705882353,0.3057692307692308,0.7626696825027466
0.03235294117647059,0.3057692307692308,0.7625606060028076
0.03235294117647059,0.30865384615384617,0.7610709071159363
0.03308823529411765,0.30865384615384617,0.761009693145752
0.03308823529411765,0.31153846153846154,0.7588289380073547
0.033823529411764704,0.31153846153846154,0.7588282823562622
0.033823529411764704,0.3278846153846154,0.7553201913833618
0.03455882352941177,0.3278846153846154,0.7552781105041504
0.03455882352941177,0.34326923076923077,0.7514656186103821
0.03529411764705882,0.34326923076923077,0.7507266402244568
0.03529411764705882,0.3451923076923077,0.7501087784767151
0.03602941176470588,0.3451923076923077,0.7495362758636475
0.03602941176470588,0.3490384615384615,0.7486616373062134
0.03676470588235294,0.3490384615384615,0.7485164403915405
0.03676470588235294,0.35,0.7483232617378235
0.0375,0.35,0.747698962688446
0.0375,0.3528846153846154,0.7455466389656067
0.03823529411764706,0.3528846153846154,0.7454537749290466
0.03823529411764706,0.3548076923076923,0.7440739870071411
0.03897058823529412,0.3548076923076923,0.7435241341590881
0.03897058823529412,0.35673076923076924,0.7432519197463989
0.04044117647058824,0.35673076923076924,0.742134153842926
0.04044117647058824,0.3576923076923077,0.7419174909591675
0.041176470588235294,0.3576923076923077,0.741693377494812
0.041176470588235294,0.35865384615384616,0.7411110997200012
0.04191176470588235,0.35865384615384616,0.7408940196037292
0.04191176470588235,0.36346153846153845,0.7399612069129944
0.04264705882352941,0.36346153846153845,0.7390868067741394
0.04264705882352941,0.3644230769230769,0.7386184334754944
0.04411764705882353,0.3644230769230769,0.7369236350059509
0.04411764705882353,0.36538461538461536,0.7367680072784424
0.04632352941176471,0.36538461538461536,0.7358468770980835
0.04632352941176471,0.36730769230769234,0.7354193925857544
0.04779411764705882,0.36730769230769234,0.7348892688751221
0.04779411764705882,0.3682692307692308,0.7344948649406433
0.05367647058823529,0.3682692307692308,0.7323923707008362
0.05367647058823529,0.36923076923076925,0.7323920130729675
0.054411764705882354,0.36923076923076925,0.7321026921272278
0.054411764705882354,0.3701923076923077,0.7318142056465149
0.05514705882352941,0.3701923076923077,0.7317900061607361
0.05514705882352941,0.37403846153846154,0.7315453290939331
0.05661764705882353,0.37403846153846154,0.7311811447143555
0.05661764705882353,0.3778846153846154,0.7309388518333435
0.057352941176470586,0.3778846153846154,0.7309210300445557
0.057352941176470586,0.37884615384615383,0.7308793663978577
0.05808823529411765,0.37884615384615383,0.730869472026825
0.05808823529411765,0.38076923076923075,0.7306256890296936
0.058823529411764705,0.38076923076923075,0.7305958867073059
0.058823529411764705,0.3817307692307692,0.7302864193916321
0.060294117647058824,0.3817307692307692,0.7300941348075867
0.060294117647058824,0.38461538461538464,0.7296883463859558
0.061764705882352944,0.38461538461538464,0.7292273044586182
0.061764705882352944,0.38653846153846155,0.7289368510246277
0.06397058823529411,0.38653846153846155,0.7284336090087891
0.06397058823529411,0.3942307692307692,0.7268326282501221
0.06544117647058824,0.3942307692307692,0.7260113954544067
0.06544117647058824,0.40673076923076923,0.7238056659698486
0.0661764705882353,0.40673076923076923,0.7236441969871521
0.0661764705882353,0.4115384615384615,0.7214928865432739
0.06764705882352941,0.4115384615384615,0.7206028699874878
0.06764705882352941,0.41442307692307695,0.7198407053947449
0.06838235294117648,0.41442307692307695,0.7196968793869019
0.06838235294117648,0.41634615384615387,0.7171980142593384
0.06985294117647059,0.41634615384615387,0.7168055772781372
0.06985294117647059,0.42980769230769234,0.7142253518104553
0.0713235294117647,0.42980769230769234,0.7137733101844788
0.0713235294117647,0.43173076923076925,0.7135578989982605
0.07426470588235294,0.43173076923076925,0.7123856544494629
0.07426470588235294,0.4346153846153846,0.7114341259002686
0.07647058823529412,0.4346153846153846,0.7086662650108337
0.07647058823529412,0.43653846153846154,0.7073882818222046
0.07794117647058824,0.43653846153846154,0.7072699666023254
0.07794117647058824,0.43846153846153846,0.706584632396698
0.07867647058823529,0.43846153846153846,0.7064725756645203
0.07867647058823529,0.4394230769230769,0.7060369253158569
0.07941176470588235,0.4394230769230769,0.7051332592964172
0.07941176470588235,0.4403846153846154,0.7048625349998474
0.08161764705882353,0.4403846153846154,0.7040795683860779
0.08161764705882353,0.44326923076923075,0.700995922088623
0.08308823529411764,0.44326923076923075,0.6999075412750244
0.08308823529411764,0.4442307692307692,0.6995420455932617
0.0838235294117647,0.4442307692307692,0.6987217664718628
0.0838235294117647,0.44519230769230766,0.698590099811554
0.08602941176470588,0.44519230769230766,0.6954026222229004
0.08602941176470588,0.4480769230769231,0.6946398019790649
0.0875,0.4480769230769231,0.6931454539299011
0.0875,0.4548076923076923,0.6911508440971375
0.08823529411764706,0.4548076923076923,0.6901625990867615
0.08823529411764706,0.4576923076923077,0.6875374913215637
0.08970588235294118,0.4576923076923077,0.6865004301071167
0.08970588235294118,0.4596153846153846,0.6863466501235962
0.09044117647058823,0.4596153846153846,0.6862462162971497
0.09044117647058823,0.4653846153846154,0.6849897503852844
0.09117647058823529,0.4653846153846154,0.6847664713859558
0.09117647058823529,0.46923076923076923,0.6833417415618896
0.09191176470588236,0.46923076923076923,0.6833139657974243
0.09191176470588236,0.4721153846153846,0.6809194684028625
0.09264705882352942,0.4721153846153846,0.6799558401107788
0.09264705882352942,0.47307692307692306,0.6784816980361938
0.09411764705882353,0.47307692307692306,0.6768209338188171
0.09411764705882353,0.4826923076923077,0.6748510003089905
0.09485294117647058,0.4826923076923077,0.6747466325759888
0.09485294117647058,0.49038461538461536,0.6720676422119141
0.09558823529411764,0.49038461538461536,0.6716842651367188
0.09558823529411764,0.49230769230769234,0.6715205907821655
0.09705882352941177,0.49230769230769234,0.6701343655586243
0.09705882352941177,0.4932692307692308,0.6699444055557251
0.1,0.4932692307692308,0.6686567664146423
0.1,0.49423076923076925,0.66836017370224
0.10294117647058823,0.49423076923076925,0.6676509380340576
0.10294117647058823,0.5028846153846154,0.6655943989753723
0.1036764705882353,0.5028846153846154,0.665246844291687
0.1036764705882353,0.5048076923076923,0.6643648743629456
0.10514705882352941,0.5048076923076923,0.6637920141220093
0.10514705882352941,0.5057692307692307,0.6634500026702881
0.10588235294117647,0.5057692307692307,0.6632271409034729
0.10588235294117647,0.5067307692307692,0.6621649861335754
0.10661764705882353,0.5067307692307692,0.6619088053703308
0.10661764705882353,0.5076923076923077,0.6617080569267273
0.10735294117647058,0.5076923076923077,0.6612837910652161
0.10735294117647058,0.5163461538461539,0.6601349711418152
0.10808823529411765,0.5163461538461539,0.6601228713989258
0.10808823529411765,0.5182692307692308,0.6594247221946716
0.10955882352941176,0.5182692307692308,0.6589477062225342
0.10955882352941176,0.5192307692307693,0.6587890982627869
0.11029411764705882,0.5192307692307693,0.6587808728218079
0.11029411764705882,0.5201923076923077,0.6586260795593262
0.11102941176470588,0.5201923076923077,0.6584438681602478
0.11102941176470588,0.5211538461538462,0.6580996513366699
0.11397058823529412,0.5211538461538462,0.6576610207557678
0.11397058823529412,0.525,0.656731367111206
0.11470588235294117,0.525,0.6563601493835449
0.11470588235294117,0.5269230769230769,0.6560178995132446
0.1161764705882353,0.5269230769230769,0.6557437181472778
0.1161764705882353,0.5278846153846154,0.6556747555732727
0.11691176470588235,0.5278846153846154,0.6552280187606812
0.11691176470588235,0.5317307692307692,0.6536019444465637
0.11764705882352941,0.5317307692307692,0.6533952355384827
0.11764705882352941,0.5326923076923077,0.6530525088310242
0.11838235294117647,0.5326923076923077,0.6528233885765076
0.11838235294117647,0.5346153846153846,0.6524490118026733
0.11911764705882352,0.5346153846153846,0.6521629095077515
0.11911764705882352,0.5355769230769231,0.652157187461853
0.11985294117647059,0.5355769230769231,0.6515564918518066
0.11985294117647059,0.5375,0.6508912444114685
0.12058823529411765,0.5375,0.650835394859314
0.12058823529411765,0.5384615384615384,0.6506013870239258
0.1213235294117647,0.5384615384615384,0.6499707102775574
0.1213235294117647,0.5432692307692307,0.6487004160881042
0.12205882352941176,0.5432692307692307,0.6482138633728027
0.12205882352941176,0.5442307692307692,0.6478230953216553
0.12426470588235294,0.5442307692307692,0.6458606123924255
0.12426470588235294,0.5461538461538461,0.644870400428772
0.13308823529411765,0.5461538461538461,0.6391816139221191
0.13308823529411765,0.5471153846153847,0.6389280557632446
0.1338235294117647,0.5471153846153847,0.638778805732727
0.1338235294117647,0.5490384615384616,0.6380637288093567
0.13602941176470587,0.5490384615384616,0.6372089385986328
0.13602941176470587,0.55,0.6371433138847351
0.1375,0.55,0.6369401812553406
0.1375,0.5509615384615385,0.6363990902900696
0.13823529411764707,0.5509615384615385,0.6363829970359802
0.13823529411764707,0.5605769230769231,0.6339844465255737
0.13897058823529412,0.5605769230769231,0.6335471868515015
0.13897058823529412,0.5644230769230769,0.631047785282135
0.1426470588235294,0.5644230769230769,0.6289824843406677
0.1426470588235294,0.5682692307692307,0.6274396181106567
0.14779411764705883,0.5682692307692307,0.6270848512649536
0.14779411764705883,0.5692307692307692,0.6269881129264832
0.15,0.5692307692307692,0.6264722347259521
0.15,0.5701923076923077,0.6264528632164001
0.15073529411764705,0.5701923076923077,0.6254521608352661
0.15073529411764705,0.5721153846153846,0.6253535747528076
0.15441176470588236,0.5721153846153846,0.6240607500076294
0.15441176470588236,0.573076923076923,0.623009204864502
0.15735294117647058,0.573076923076923,0.6221795678138733
0.15735294117647058,0.5740384615384615,0.6201650500297546
0.16029411764705884,0.5740384615384615,0.6193063855171204
0.16029411764705884,0.575,0.6189180016517639
0.16176470588235295,0.575,0.6187424659729004
0.16176470588235295,0.5769230769230769,0.6180134415626526
0.16544117647058823,0.5769230769230769,0.6166593432426453
0.16544117647058823,0.5807692307692308,0.6160997152328491
0.1661764705882353,0.5807692307692308,0.615764319896698
0.1661764705882353,0.5817307692307693,0.6149207353591919
0.16691176470588234,0.5817307692307693,0.6145715713500977
0.16691176470588234,0.5826923076923077,0.6143551468849182
0.16838235294117648,0.5826923076923077,0.6139494776725769
0.16838235294117648,0.5836538461538462,0.6138792634010315
0.1698529411764706,0.5836538461538462,0.6137712597846985
0.1698529411764706,0.5846153846153846,0.6137538552284241
0.17058823529411765,0.5846153846153846,0.6136640906333923
0.17058823529411765,0.5855769230769231,0.6132274270057678
0.1713235294117647,0.5855769230769231,0.613086998462677
0.1713235294117647,0.5884615384615385,0.6122332811355591
0.17279411764705882,0.5884615384615385,0.6120703220367432
0.17279411764705882,0.5903846153846154,0.6118984222412109
0.17426470588235293,0.5903846153846154,0.6109958291053772
0.17426470588235293,0.5913461538461539,0.6109923124313354
0.17720588235294119,0.5913461538461539,0.6093828678131104
0.17720588235294119,0.5923076923076923,0.6089081168174744
0.18088235294117647,0.5923076923076923,0.6053172945976257
0.18088235294117647,0.5951923076923077,0.604811429977417
0.18161764705882352,0.5951923076923077,0.6045864224433899
0.18161764705882352,0.5961538461538461,0.6032301187515259
0.18235294117647058,0.5961538461538461,0.6029657125473022
0.18235294117647058,0.5971153846153846,0.6028941869735718
0.18455882352941178,0.5971153846153846,0.5993545651435852
0.18455882352941178,0.5980769230769231,0.5988742709159851
0.18529411764705883,0.5980769230769231,0.5981766581535339
0.18529411764705883,0.6038461538461538,0.5947518944740295
0.1860294117647059,0.6038461538461538,0.594679057598114
0.1860294117647059,0.6057692307692307,0.5933153629302979
0.18676470588235294,0.6057692307692307,0.5932615399360657
0.18676470588235294,0.6076923076923076,0.593103289604187
0.19117647058823528,0.6076923076923076,0.5911809206008911
0.19117647058823528,0.6115384615384616,0.5901882648468018
0.19264705882352942,0.6115384615384616,0.589535653591156
0.19264705882352942,0.614423076923077,0.5891514420509338
0.19411764705882353,0.614423076923077,0.5882487893104553
0.19411764705882353,0.6163461538461539,0.5875380039215088
0.1948529411764706,0.6163461538461539,0.5873994827270508
0.1948529411764706,0.6173076923076923,0.5870624780654907
0.1963235294117647,0.6173076923076923,0.5868406891822815
0.1963235294117647,0.6192307692307693,0.5860987901687622
0.19926470588235295,0.6192307692307693,0.583942174911499
0.19926470588235295,0.6269230769230769,0.580803394317627
0.2,0.6269230769230769,0.5806310772895813
0.2,0.6298076923076923,0.5799406170845032
0.20073529411764707,0.6298076923076923,0.5798494219779968
0.20073529411764707,0.6346153846153846,0.5783475041389465
0.20147058823529412,0.6346153846153846,0.5779480338096619
0.20147058823529412,0.6442307692307693,0.5760985612869263
0.20220588235294118,0.6442307692307693,0.5757317543029785
0.20220588235294118,0.6461538461538462,0.5753169059753418
0.20294117647058824,0.6461538461538462,0.5749838948249817
0.20294117647058824,0.6471153846153846,0.574816107749939
0.2036764705882353,0.6471153846153846,0.5744980573654175
0.2036764705882353,0.6576923076923077,0.5712474584579468
0.20588235294117646,0.6576923076923077,0.5695895552635193
0.20588235294117646,0.6596153846153846,0.5690022110939026
0.20955882352941177,0.6596153846153846,0.5679539442062378
0.20955882352941177,0.6605769230769231,0.5678535103797913
0.21102941176470588,0.6605769230769231,0.5672550201416016
0.21102941176470588,0.6615384615384615,0.5671849846839905
0.2125,0.6615384615384615,0.5660430788993835
0.2125,0.6634615384615384,0.5656664967536926
0.21470588235294116,0.6634615384615384,0.5647926926612854
0.21470588235294116,0.6644230769230769,0.564404308795929
0.21544117647058825,0.6644230769230769,0.564181923866272
0.21544117647058825,0.6663461538461538,0.5623903274536133
0.21764705882352942,0.6663461538461538,0.5622856616973877
0.21764705882352942,0.6692307692307692,0.5612237453460693
0.21838235294117647,0.6692307692307692,0.5605043172836304
0.21838235294117647,0.6711538461538461,0.5600210428237915
0.21911764705882353,0.6711538461538461,0.5590124130249023
0.21911764705882353,0.6730769230769231,0.5572425723075867
0.22058823529411764,0.6730769230769231,0.5567904114723206
0.22058823529411764,0.6826923076923077,0.5541135668754578
0.22205882352941175,0.6826923076923077,0.5538009405136108
0.22205882352941175,0.6865384615384615,0.5530065894126892
0.22279411764705884,0.6865384615384615,0.5527774691581726
0.22279411764705884,0.6875,0.5527181625366211
0.2235294117647059,0.6875,0.5524500608444214
0.2235294117647059,0.6884615384615385,0.5523797273635864
0.22720588235294117,0.6884615384615385,0.5512205362319946
0.22720588235294117,0.6894230769230769,0.5511537790298462
0.22941176470588234,0.6894230769230769,0.54959636926651
0.22941176470588234,0.6903846153846154,0.5495880842208862
0.2301470588235294,0.6903846153846154,0.5493144989013672
0.2301470588235294,0.6932692307692307,0.5481482744216919
0.23088235294117648,0.6932692307692307,0.5469536185264587
0.23088235294117648,0.6961538461538461,0.5461722612380981
0.23161764705882354,0.6961538461538461,0.546076238155365
0.23161764705882354,0.7,0.5442773103713989
0.2323529411764706,0.7,0.5440401434898376
0.2323529411764706,0.7009615384615384,0.5436663627624512
0.23308823529411765,0.7009615384615384,0.5431076884269714
0.23308823529411765,0.7028846153846153,0.5422198176383972
0.2338235294117647,0.7028846153846153,0.5419518947601318
0.2338235294117647,0.7048076923076924,0.540577232837677
0.23455882352941176,0.7048076923076924,0.5390188097953796
0.23455882352941176,0.7057692307692308,0.5387688279151917
0.23529411764705882,0.7057692307692308,0.5382495522499084
0.23529411764705882,0.7067307692307693,0.537297248840332
0.23602941176470588,0.7067307692307693,0.5351430177688599
0.23602941176470588,0.7076923076923077,0.5349368453025818
0.23676470588235293,0.7076923076923077,0.5346793532371521
0.23676470588235293,0.7096153846153846,0.5332880020141602
0.23897058823529413,0.7096153846153846,0.5308182239532471
0.23897058823529413,0.7115384615384616,0.5294795632362366
0.23970588235294119,0.7115384615384616,0.5294071435928345
0.23970588235294119,0.7153846153846154,0.5285500288009644
0.24044117647058824,0.7153846153846154,0.5283533334732056
0.24044117647058824,0.7173076923076923,0.5277819633483887
0.2411764705882353,0.7173076923076923,0.5275054574012756
0.2411764705882353,0.7211538461538461,0.5257447361946106
0.24191176470588235,0.7211538461538461,0.5252950191497803
0.24191176470588235,0.725,0.5242587924003601
0.2426470588235294,0.725,0.523736298084259
0.2426470588235294,0.7307692307692307,0.5223860740661621
0.24338235294117647,0.7307692307692307,0.5213524103164673
0.24338235294117647,0.7326923076923076,0.5209010243415833
0.24485294117647058,0.7326923076923076,0.5201178193092346
0.24485294117647058,0.7365384615384616,0.5187262892723083
0.24632352941176472,0.7365384615384616,0.5183457732200623
0.24632352941176472,0.7375,0.5182650089263916
0.24705882352941178,0.7375,0.5175297260284424
0.24705882352941178,0.7413461538461539,0.5172030925750732
0.24779411764705883,0.7413461538461539,0.5171560049057007
0.24779411764705883,0.7423076923076923,0.5169999599456787
0.25073529411764706,0.7423076923076923,0.5156457424163818
0.25073529411764706,0.7451923076923077,0.5149034261703491
0.2514705882352941,0.7451923076923077,0.5147718191146851
0.2514705882352941,0.7461538461538462,0.514667272567749
0.2529411764705882,0.7461538461538462,0.514282763004303
0.2529411764705882,0.7509615384615385,0.5129281878471375
0.2536764705882353,0.7509615384615385,0.5118879675865173
0.2536764705882353,0.7519230769230769,0.5118195414543152
0.25441176470588234,0.7519230769230769,0.5113559365272522
0.25441176470588234,0.7528846153846154,0.5097272992134094
0.25588235294117645,0.7528846153846154,0.5090343356132507
0.25588235294117645,0.7538461538461538,0.5077122449874878
0.2595588235294118,0.7538461538461538,0.506786048412323
0.2595588235294118,0.7548076923076923,0.506508469581604
0.26029411764705884,0.7548076923076923,0.5062986612319946
0.26029411764705884,0.7557692307692307,0.5062885284423828
0.26176470588235295,0.7557692307692307,0.5052081346511841
0.26176470588235295,0.7596153846153846,0.504767894744873
0.26544117647058824,0.7596153846153846,0.5034673810005188
0.26544117647058824,0.7615384615384615,0.502084493637085
0.2661764705882353,0.7615384615384615,0.5018255114555359
0.2661764705882353,0.7692307692307693,0.49917834997177124
0.26691176470588235,0.7692307692307693,0.4989061653614044
0.26691176470588235,0.7711538461538462,0.4980340898036957
0.2676470588235294,0.7711538461538462,0.49774688482284546
0.2676470588235294,0.7730769230769231,0.49749916791915894
0.26838235294117646,0.7730769230769231,0.4974411725997925
0.26838235294117646,0.7740384615384616,0.4963839054107666
0.2691176470588235,0.7740384615384616,0.49567973613739014
0.2691176470588235,0.775,0.4954301714897156
0.2698529411764706,0.775,0.4952342212200165
0.2698529411764706,0.7865384615384615,0.4876006841659546
0.27058823529411763,0.7865384615384615,0.48741742968559265
0.27058823529411763,0.7875,0.48738905787467957
0.2713235294117647,0.7875,0.4873218536376953
0.2713235294117647,0.7913461538461538,0.486244261264801
0.2727941176470588,0.7913461538461538,0.48554953932762146
0.2727941176470588,0.7951923076923076,0.4843347370624542
0.2735294117647059,0.7951923076923076,0.48348596692085266
0.2735294117647059,0.7990384615384616,0.481486052274704
0.27426470588235297,0.7990384615384616,0.48076996207237244
0.27426470588235297,0.8009615384615385,0.48037102818489075
0.275,0.8009615384615385,0.4802975356578827
0.275,0.801923076923077,0.47890108823776245
0.2772058823529412,0.801923076923077,0.4781797528266907
0.2772058823529412,0.8028846153846154,0.47719699144363403
0.27794117647058825,0.8028846153846154,0.47715112566947937
0.27794117647058825,0.8057692307692308,0.4749422073364258
0.27941176470588236,0.8057692307692308,0.4738486111164093
0.27941176470588236,0.8096153846153846,0.4720672369003296
0.28088235294117647,0.8096153846153846,0.47102242708206177
0.28088235294117647,0.8163461538461538,0.4680948555469513
0.2823529411764706,0.8163461538461538,0.4659595489501953
0.2823529411764706,0.8173076923076923,0.4647235572338104
0.28308823529411764,0.8173076923076923,0.46317198872566223
0.28308823529411764,0.8182692307692307,0.46314457058906555
0.2852941176470588,0.8182692307692307,0.46248191595077515
0.2852941176470588,0.8192307692307692,0.46151065826416016
0.29926470588235293,0.8192307692307692,0.45718905329704285
0.29926470588235293,0.8201923076923077,0.4571543335914612
0.3095588235294118,0.8201923076923077,0.4542946219444275
0.3095588235294118,0.8211538461538461,0.4542141258716583
0.3110294117647059,0.8211538461538461,0.4538081884384155
0.3110294117647059,0.823076923076923,0.4529978036880493
0.3125,0.823076923076923,0.45274654030799866
0.3125,0.8240384615384615,0.4527016282081604
0.3139705882352941,0.8240384615384615,0.4518982172012329
0.3139705882352941,0.825,0.45068496465682983
0.31691176470588234,0.825,0.4502003490924835
0.31691176470588234,0.8259615384615384,0.4501303732395172
0.31838235294117645,0.8259615384615384,0.4499772787094116
0.31838235294117645,0.8269230769230769,0.44975486397743225
0.3191176470588235,0.8269230769230769,0.4496651589870453
0.3191176470588235,0.8288461538461539,0.4494698643684387
0.3360294117647059,0.8288461538461539,0.4411875605583191
0.3360294117647059,0.8298076923076924,0.4405606687068939
0.33897058823529413,0.8298076923076924,0.4382883608341217
0.33897058823529413,0.8307692307692308,0.4382385313510895
0.34191176470588236,0.8307692307692308,0.4366219639778137
0.34191176470588236,0.8326923076923077,0.4362587630748749
0.34411764705882353,0.8326923076923077,0.4354603886604309
0.34411764705882353,0.8336538461538462,0.4347314238548279
0.34558823529411764,0.8336538461538462,0.4340473413467407
0.34558823529411764,0.8355769230769231,0.4333384931087494
0.3492647058823529,0.8355769230769231,0.4307671785354614
0.3492647058823529,0.8365384615384616,0.43068939447402954
0.3514705882352941,0.8365384615384616,0.43016692996025085
0.3514705882352941,0.8384615384615385,0.42908915877342224
0.35441176470588237,0.8384615384615385,0.42776715755462646
0.35441176470588237,0.8394230769230769,0.4272977113723755
0.3551470588235294,0.8394230769230769,0.42709487676620483
0.3551470588235294,0.8413461538461539,0.4264828860759735
0.35661764705882354,0.8413461538461539,0.42452022433280945
0.35661764705882354,0.8423076923076923,0.4236871004104614
0.3588235294117647,0.8423076923076923,0.4228132367134094
0.3588235294117647,0.8432692307692308,0.4224395751953125
0.36911764705882355,0.8432692307692308,0.4187154173851013
0.36911764705882355,0.8442307692307692,0.4186334013938904
0.37058823529411766,0.8442307692307692,0.418597012758255
0.37058823529411766,0.8451923076923077,0.4184703230857849
0.37573529411764706,0.8451923076923077,0.4161948263645172
0.37573529411764706,0.8509615384615384,0.41428112983703613
0.3764705882352941,0.8509615384615384,0.41426387429237366
0.3764705882352941,0.8519230769230769,0.4140216112136841
0.3779411764705882,0.8519230769230769,0.41355347633361816
0.3779411764705882,0.8548076923076923,0.4130752384662628
0.3786764705882353,0.8548076923076923,0.4130580723285675
0.3786764705882353,0.8557692307692307,0.4125858247280121
0.38088235294117645,0.8557692307692307,0.41200509667396545
0.38088235294117645,0.8567307692307692,0.41175562143325806
0.3816176470588235,0.8567307692307692,0.4114784598350525
0.3816176470588235,0.8576923076923076,0.41132718324661255
0.3830882352941177,0.8576923076923076,0.41114184260368347
0.3830882352941177,0.8596153846153847,0.4110916554927826
0.38676470588235295,0.8596153846153847,0.41096261143684387
0.38676470588235295,0.8605769230769231,0.41089457273483276
0.3875,0.8605769230769231,0.41088277101516724
0.3875,0.8615384615384616,0.4108567237854004
0.3897058823529412,0.8615384615384616,0.41062602400779724
0.3897058823529412,0.864423076923077,0.40992891788482666
0.39044117647058824,0.864423076923077,0.4092302620410919
0.39044117647058824,0.8663461538461539,0.4089703857898712
0.39558823529411763,0.8663461538461539,0.4071177840232849
0.39558823529411763,0.8673076923076923,0.40682217478752136
0.3963235294117647,0.8673076923076923,0.40678492188453674
0.3963235294117647,0.8682692307692308,0.40674033761024475
0.40147058823529413,0.8682692307692308,0.40616142749786377
0.40147058823529413,0.8692307692307693,0.4061117172241211
0.4051470588235294,0.8692307692307693,0.40553492307662964
0.4051470588235294,0.8701923076923077,0.4046386480331421
0.40661764705882353,0.8701923076923077,0.40413230657577515
0.40661764705882353,0.8711538461538462,0.4041272699832916
0.42426470588235293,0.8711538461538462,0.3998623490333557
0.42426470588235293,0.8721153846153846,0.39899423718452454
0.4264705882352941,0.8721153846153846,0.39880573749542236
0.4264705882352941,0.8730769230769231,0.3985733091831207
0.42720588235294116,0.8730769230769231,0.3977552652359009
0.42720588235294116,0.8778846153846154,0.3971167504787445
0.42867647058823527,0.8778846153846154,0.3968866765499115
0.42867647058823527,0.8788461538461538,0.3968760371208191
0.43308823529411766,0.8788461538461538,0.3956254720687866
0.43308823529411766,0.8798076923076923,0.39534443616867065
0.4345588235294118,0.8798076923076923,0.39460277557373047
0.4345588235294118,0.8807692307692307,0.39458006620407104
0.4375,0.8807692307692307,0.3940810561180115
0.4375,0.8826923076923077,0.393393874168396
0.4389705882352941,0.8826923076923077,0.3920087218284607
0.4389705882352941,0.8846153846153846,0.39190438389778137
0.4411764705882353,0.8846153846153846,0.3913784623146057
0.4411764705882353,0.885576923076923,0.39105141162872314
0.44191176470588234,0.885576923076923,0.39093253016471863
0.44191176470588234,0.8865384615384615,0.39085638523101807
0.44338235294117645,0.8865384615384615,0.3896408677101135
0.44338235294117645,0.8875,0.3894837200641632
0.44632352941176473,0.8875,0.38892239332199097
0.44632352941176473,0.8884615384615384,0.38844162225723267
0.4485294117647059,0.8884615384615384,0.38655564188957214
0.4485294117647059,0.8894230769230769,0.38654252886772156
0.45588235294117646,0.8894230769230769,0.3837280571460724
0.45588235294117646,0.8903846153846153,0.38224995136260986
0.4602941176470588,0.8903846153846153,0.38121747970581055
0.4602941176470588,0.8913461538461539,0.38046500086784363
0.4647058823529412,0.8913461538461539,0.377115935087204
0.4647058823529412,0.8923076923076924,0.3741122782230377
0.46838235294117647,0.8923076923076924,0.37263134121894836
0.46838235294117647,0.8942307692307693,0.37184467911720276
0.4764705882352941,0.8942307692307693,0.36918121576309204
0.4764705882352941,0.8951923076923077,0.3687373399734497
0.4786764705882353,0.8951923076923077,0.36836591362953186
0.4786764705882353,0.8961538461538462,0.3679511547088623
0.49411764705882355,0.8961538461538462,0.36100518703460693
0.49411764705882355,0.8971153846153846,0.36090347170829773
0.49926470588235294,0.8971153846153846,0.35842257738113403
0.49926470588235294,0.8990384615384616,0.35376110672950745
0.5036764705882353,0.8990384615384616,0.3498314619064331
0.5036764705882353,0.9,0.34857675433158875
0.5095588235294117,0.9,0.34612950682640076
0.5095588235294117,0.9019230769230769,0.34587791562080383
0.5161764705882353,0.9019230769230769,0.3417852818965912
0.5161764705882353,0.9028846153846154,0.3406250774860382
0.5323529411764706,0.9028846153846154,0.32703524827957153
0.5323529411764706,0.9038461538461539,0.32598409056663513
0.5419117647058823,0.9038461538461539,0.3208331763744354
0.5419117647058823,0.9048076923076923,0.3205447196960449
0.5455882352941176,0.9048076923076923,0.317012757062912
0.5455882352941176,0.9057692307692308,0.31684836745262146
0.5470588235294118,0.9057692307692308,0.3144957423210144
0.5470588235294118,0.9067307692307692,0.31322216987609863
0.549264705882353,0.9067307692307692,0.30577316880226135
0.549264705882353,0.9076923076923077,0.30574831366539
0.5529411764705883,0.9076923076923077,0.29827356338500977
0.5529411764705883,0.9086538461538461,0.29820558428764343
0.5536764705882353,0.9086538461538461,0.29798057675361633
0.5536764705882353,0.9096153846153846,0.29763737320899963
0.5558823529411765,0.9096153846153846,0.29674050211906433
0.5558823529411765,0.9163461538461538,0.29251718521118164
0.5566176470588236,0.9163461538461538,0.2918645441532135
0.5566176470588236,0.9182692307692307,0.2903456389904022
0.5573529411764706,0.9182692307692307,0.2879314720630646
0.5573529411764706,0.9192307692307692,0.2865481376647949
0.5610294117647059,0.9192307692307692,0.2843492329120636
0.5610294117647059,0.9201923076923076,0.28434279561042786
0.5661764705882353,0.9201923076923076,0.27836933732032776
0.5661764705882353,0.9211538461538461,0.27804288268089294
0.5669117647058823,0.9211538461538461,0.2736514210700989
0.5669117647058823,0.9230769230769231,0.27101367712020874
0.5705882352941176,0.9230769230769231,0.26490065455436707
0.5705882352941176,0.925,0.2606203854084015
0.5794117647058824,0.925,0.2554442286491394
0.5794117647058824,0.926923076923077,0.2544671595096588
0.5801470588235295,0.926923076923077,0.2542109787464142
0.5801470588235295,0.9298076923076923,0.25354433059692383
0.5808823529411765,0.9298076923076923,0.25351399183273315
0.5808823529411765,0.9365384615384615,0.24944168329238892
0.5816176470588236,0.9365384615384615,0.2482946813106537
0.5816176470588236,0.9375,0.2480648308992386
0.5823529411764706,0.9375,0.24719086289405823
0.5823529411764706,0.9403846153846154,0.2455834448337555
0.5838235294117647,0.9403846153846154,0.2430713176727295
0.5838235294117647,0.9423076923076923,0.241881862282753
0.5860294117647059,0.9423076923076923,0.23959234356880188
0.5860294117647059,0.948076923076923,0.238327294588089
0.5882352941176471,0.948076923076923,0.23718813061714172
0.5882352941176471,0.9490384615384615,0.23705562949180603
0.5889705882352941,0.9490384615384615,0.23703216016292572
0.5889705882352941,0.95,0.23693928122520447
0.5941176470588235,0.95,0.23534463346004486
0.5941176470588235,0.9509615384615384,0.2352183759212494
0.600735294117647,0.9509615384615384,0.2325291931629181
0.600735294117647,0.9519230769230769,0.23208437860012054
0.6022058823529411,0.9519230769230769,0.23146632313728333
0.6022058823529411,0.9528846153846153,0.23079141974449158
0.6110294117647059,0.9528846153846153,0.22702494263648987
0.6110294117647059,0.9538461538461539,0.22654275596141815
0.6125,0.9538461538461539,0.2260000854730606
0.6125,0.9548076923076924,0.2250966876745224
0.6132352941176471,0.9548076923076924,0.22414733469486237
0.6132352941176471,0.9557692307692308,0.22296911478042603
0.6154411764705883,0.9557692307692308,0.2215522974729538
0.6154411764705883,0.9567307692307693,0.22148631513118744
0.6176470588235294,0.9567307692307693,0.22038771212100983
0.6176470588235294,0.9586538461538462,0.2199871987104416
0.6213235294117647,0.9586538461538462,0.21486514806747437
0.6213235294117647,0.9596153846153846,0.2141408920288086
0.6227941176470588,0.9596153846153846,0.21322138607501984
0.6227941176470588,0.9615384615384616,0.2109013944864273
0.6235294117647059,0.9615384615384616,0.2107105851173401
0.6235294117647059,0.9625,0.21054458618164062
0.6242647058823529,0.9625,0.21041764318943024
0.6242647058823529,0.9634615384615385,0.21006837487220764
0.6257352941176471,0.9634615384615385,0.20992496609687805
0.6257352941176471,0.9653846153846154,0.2095487415790558
0.6279411764705882,0.9653846153846154,0.20911237597465515
0.6279411764705882,0.9673076923076923,0.20882560312747955
0.6286764705882353,0.9673076923076923,0.2087680846452713
0.6286764705882353,0.9682692307692308,0.20873679220676422
0.6294117647058823,0.9682692307692308,0.20871630311012268
0.6294117647058823,0.9692307692307692,0.20869381725788116
0.6316176470588235,0.9692307692307692,0.20814000070095062
0.6316176470588235,0.9711538461538461,0.20758886635303497
0.6345588235294117,0.9711538461538461,0.20612050592899323
0.6345588235294117,0.9721153846153846,0.20580042898654938
0.6367647058823529,0.9721153846153846,0.20314480364322662
0.6367647058823529,0.9730769230769231,0.2031400501728058
0.6389705882352941,0.9730769230769231,0.2017613649368286
0.6389705882352941,0.975,0.201262965798378
0.6397058823529411,0.975,0.20122380554676056
0.6397058823529411,0.9769230769230769,0.20102454721927643
0.6404411764705882,0.9769230769230769,0.200970858335495
0.6404411764705882,0.9817307692307692,0.1994357854127884
0.6411764705882353,0.9817307692307692,0.19887131452560425
0.6411764705882353,0.9836538461538461,0.19778136909008026
0.6463235294117647,0.9836538461538461,0.1938222497701645
0.6463235294117647,0.9865384615384616,0.19322262704372406
0.6507352941176471,0.9865384615384616,0.19288915395736694
0.6507352941176471,0.9875,0.19221383333206177
0.6529411764705882,0.9875,0.19159449636936188
0.6529411764705882,0.9884615384615385,0.19126315414905548
0.6551470588235294,0.9884615384615385,0.19026902318000793
0.6551470588235294,0.989423076923077,0.19018033146858215
0.6610294117647059,0.989423076923077,0.18880462646484375
0.6610294117647059,0.9903846153846154,0.18858426809310913
0.6720588235294118,0.9903846153846154,0.18217767775058746
0.6720588235294118,0.9923076923076923,0.18206563591957092
0.6823529411764706,0.9923076923076923,0.1780495047569275
0.6823529411764706,0.9932692307692308,0.1780005842447281
0.6941176470588235,0.9932692307692308,0.17059947550296783
0.6941176470588235,0.9942307692307693,0.16997411847114563
0.6955882352941176,0.9942307692307693,0.16959553956985474
0.6955882352941176,0.9951923076923077,0.1695612519979477
0.7044117647058824,0.9951923076923077,0.16107524931430817
0.7044117647058824,0.9961538461538462,0.16101644933223724
0.7191176470588235,0.9961538461538462,0.15766963362693787
0.7191176470588235,0.9971153846153846,0.15762066841125488
0.7227941176470588,0.9971153846153846,0.15697453916072845
0.7227941176470588,0.9980769230769231,0.1567077487707138
0.7477941176470588,0.9980769230769231,0.15156936645507812
0.7477941176470588,0.9990384615384615,0.15156112611293793
0.7507352941176471,0.9990384615384615,0.15083841979503632
0.7507352941176471,1.0,0.14990872144699097
1.0,1.0,0.018670646473765373
