FPR,TPR,Threshold
0.0,0.0,1.9434210062026978
0.0,0.0009615384615384616,0.9434210062026978
0.0,0.013461538461538462,0.9164984226226807
0.0007352941176470588,0.013461538461538462,0.9159998893737793
0.0007352941176470588,0.021153846153846155,0.9090521931648254
0.0014705882352941176,0.021153846153846155,0.9059850573539734
0.0014705882352941176,0.025,0.9015167355537415
0.0022058823529411764,0.025,0.9014151096343994
0.0022058823529411764,0.04423076923076923,0.8894922137260437
0.004411764705882353,0.04423076923076923,0.8888285160064697
0.004411764705882353,0.04519230769230769,0.8885573148727417
0.005147058823529412,0.04519230769230769,0.8885228633880615
0.005147058823529412,0.05,0.8873774409294128
0.0058823529411764705,0.05,0.8860751390457153
0.0058823529411764705,0.05096153846153846,0.8854609131813049
0.006617647058823529,0.05096153846153846,0.8850233554840088
0.006617647058823529,0.051923076923076926,0.8847647309303284
0.007352941176470588,0.051923076923076926,0.8845934271812439
0.007352941176470588,0.05384615384615385,0.8826121687889099
0.008088235294117648,0.05384615384615385,0.8823356032371521
0.008088235294117648,0.05480769230769231,0.8817827105522156
0.011029411764705883,0.05480769230769231,0.8761078119277954
0.011029411764705883,0.05576923076923077,0.8755320906639099
0.011764705882352941,0.05576923076923077,0.8752301335334778
0.011764705882352941,0.058653846153846154,0.874570369720459
0.013235294117647059,0.058653846153846154,0.8733159303665161
0.013235294117647059,0.05961538461538462,0.8732784390449524
0.013970588235294118,0.05961538461538462,0.8727086186408997
0.013970588235294118,0.07596153846153846,0.8623615503311157
0.014705882352941176,0.07596153846153846,0.8618485331535339
0.014705882352941176,0.07788461538461539,0.8603714108467102
0.016176470588235296,0.07788461538461539,0.859022319316864
0.016176470588235296,0.08461538461538462,0.8567975759506226
0.01838235294117647,0.08461538461538462,0.8555923104286194
0.01838235294117647,0.09038461538461538,0.8542827367782593
0.01911764705882353,0.09038461538461538,0.8540428876876831
0.01911764705882353,0.09326923076923077,0.8533175587654114
0.019852941176470587,0.09326923076923077,0.8532176613807678
0.019852941176470587,0.1,0.8508965373039246
0.020588235294117647,0.1,0.8507081270217896
0.020588235294117647,0.11057692307692307,0.8474089503288269
0.021323529411764706,0.11057692307692307,0.8469710946083069
0.021323529411764706,0.11826923076923077,0.8439725041389465
0.022058823529411766,0.11826923076923077,0.8436108231544495
0.022058823529411766,0.12403846153846154,0.8424866795539856
0.022794117647058822,0.12403846153846154,0.8416179418563843
0.022794117647058822,0.12788461538461537,0.841076135635376
0.025,0.12788461538461537,0.8397290706634521
0.025,0.13846153846153847,0.8352417349815369
0.025735294117647058,0.13846153846153847,0.8341589570045471
0.025735294117647058,0.13942307692307693,0.8340055346488953
0.026470588235294117,0.13942307692307693,0.8332375288009644
0.026470588235294117,0.1451923076923077,0.8279186487197876
0.027205882352941177,0.1451923076923077,0.8268853425979614
0.027205882352941177,0.1605769230769231,0.8208043575286865
0.027941176470588237,0.1605769230769231,0.819129467010498
0.027941176470588237,0.16346153846153846,0.8189647793769836
0.028676470588235293,0.16346153846153846,0.8188703656196594
0.028676470588235293,0.17211538461538461,0.8139541149139404
0.029411764705882353,0.17211538461538461,0.812639057636261
0.029411764705882353,0.1875,0.8053443431854248
0.030147058823529412,0.1875,0.8045183420181274
0.030147058823529412,0.19230769230769232,0.8020687699317932
0.030882352941176472,0.19230769230769232,0.801389217376709
0.030882352941176472,0.19423076923076923,0.8010962605476379
0.03235294117647059,0.19423076923076923,0.8001394867897034
0.03235294117647059,0.19615384615384615,0.7998296618461609
0.033823529411764704,0.19615384615384615,0.7975769639015198
0.033823529411764704,0.19807692307692307,0.7965327501296997
0.03455882352941177,0.19807692307692307,0.7960298657417297
0.03455882352941177,0.19903846153846153,0.7952094674110413
0.03529411764705882,0.19903846153846153,0.7947148084640503
0.03529411764705882,0.2076923076923077,0.7908047437667847
0.03676470588235294,0.2076923076923077,0.7904658913612366
0.03676470588235294,0.21153846153846154,0.7887468338012695
0.03823529411764706,0.21153846153846154,0.7885002493858337
0.03823529411764706,0.2201923076923077,0.7831431031227112
0.03897058823529412,0.2201923076923077,0.7821784019470215
0.03897058823529412,0.22115384615384615,0.7820133566856384
0.039705882352941174,0.22115384615384615,0.7819542288780212
0.039705882352941174,0.225,0.7810101509094238
0.04044117647058824,0.225,0.7809374928474426
0.04044117647058824,0.22788461538461538,0.7800475358963013
0.041176470588235294,0.22788461538461538,0.7797462344169617
0.041176470588235294,0.23173076923076924,0.7781744003295898
0.04191176470588235,0.23173076923076924,0.7778612375259399
0.04191176470588235,0.23365384615384616,0.7759299278259277
0.04264705882352941,0.23365384615384616,0.7753503322601318
0.04264705882352941,0.2375,0.7739621996879578
0.04338235294117647,0.2375,0.7738965153694153
0.04338235294117647,0.2519230769230769,0.7646704912185669
0.04411764705882353,0.2519230769230769,0.7636516690254211
0.04411764705882353,0.2567307692307692,0.7626281976699829
0.04485294117647059,0.2567307692307692,0.7618156671524048
0.04485294117647059,0.25961538461538464,0.7599908113479614
0.045588235294117645,0.25961538461538464,0.7599359154701233
0.045588235294117645,0.26153846153846155,0.7596145868301392
0.04632352941176471,0.26153846153846155,0.7591795325279236
0.04632352941176471,0.2653846153846154,0.7568285465240479
0.047058823529411764,0.2653846153846154,0.7562656998634338
0.047058823529411764,0.26634615384615384,0.7558500170707703
0.04852941176470588,0.26634615384615384,0.754796028137207
0.04852941176470588,0.2673076923076923,0.7538121938705444
0.05,0.2673076923076923,0.752114474773407
0.05,0.26826923076923076,0.751771092414856
0.05073529411764706,0.26826923076923076,0.7507871985435486
0.05073529411764706,0.2692307692307692,0.7497953772544861
0.051470588235294115,0.2692307692307692,0.7496169805526733
0.051470588235294115,0.2701923076923077,0.7486124634742737
0.052941176470588235,0.2701923076923077,0.7477594017982483
0.052941176470588235,0.27307692307692305,0.7459608912467957
0.05367647058823529,0.27307692307692305,0.7458773851394653
0.05367647058823529,0.2759615384615385,0.7439674735069275
0.054411764705882354,0.2759615384615385,0.7435851097106934
0.054411764705882354,0.28076923076923077,0.7398896217346191
0.057352941176470586,0.28076923076923077,0.737960934638977
0.057352941176470586,0.28173076923076923,0.7374361753463745
0.05808823529411765,0.28173076923076923,0.7368570566177368
0.05808823529411765,0.28846153846153844,0.7330434322357178
0.05955882352941176,0.28846153846153844,0.7326708436012268
0.05955882352941176,0.29134615384615387,0.7317376136779785
0.06102941176470588,0.29134615384615387,0.7299597263336182
0.06102941176470588,0.2951923076923077,0.7288435101509094
0.061764705882352944,0.2951923076923077,0.7268744707107544
0.061764705882352944,0.3,0.7253629565238953
0.06323529411764706,0.3,0.723805844783783
0.06323529411764706,0.30096153846153845,0.7235632538795471
0.06397058823529411,0.30096153846153845,0.7232768535614014
0.06397058823529411,0.3038461538461538,0.7212569117546082
0.06470588235294118,0.3038461538461538,0.721005916595459
0.06470588235294118,0.30865384615384617,0.7182556390762329
0.06544117647058824,0.30865384615384617,0.7180185914039612
0.06544117647058824,0.3105769230769231,0.7165662050247192
0.0661764705882353,0.3105769230769231,0.7163676619529724
0.0661764705882353,0.3125,0.7149330973625183
0.06838235294117648,0.3125,0.71293044090271
0.06838235294117648,0.3144230769230769,0.710723340511322
0.06911764705882353,0.3144230769230769,0.709237277507782
0.06911764705882353,0.31634615384615383,0.7081878185272217
0.06985294117647059,0.31634615384615383,0.7080768942832947
0.06985294117647059,0.3192307692307692,0.7062435150146484
0.07205882352941176,0.3192307692307692,0.7058957815170288
0.07205882352941176,0.32403846153846155,0.7031431794166565
0.07279411764705883,0.32403846153846155,0.7025167346000671
0.07279411764705883,0.32596153846153847,0.700213611125946
0.07352941176470588,0.32596153846153847,0.7000119090080261
0.07352941176470588,0.32884615384615384,0.6971491575241089
0.075,0.32884615384615384,0.696496844291687
0.075,0.3298076923076923,0.6963230967521667
0.07573529411764705,0.3298076923076923,0.6962822079658508
0.07573529411764705,0.33365384615384613,0.6946297287940979
0.07794117647058824,0.33365384615384613,0.6928823590278625
0.07794117647058824,0.3375,0.6915858387947083
0.07867647058823529,0.3375,0.6912557482719421
0.07867647058823529,0.3384615384615385,0.6912474632263184
0.07941176470588235,0.3384615384615385,0.6911853551864624
0.07941176470588235,0.34134615384615385,0.6879505515098572
0.08014705882352942,0.34134615384615385,0.6863635778427124
0.08014705882352942,0.34326923076923077,0.6863417029380798
0.08088235294117647,0.34326923076923077,0.6863117218017578
0.08088235294117647,0.3490384615384615,0.6842710971832275
0.08235294117647059,0.3490384615384615,0.6828780770301819
0.08235294117647059,0.35,0.6825703382492065
0.08308823529411764,0.35,0.6823270916938782
0.08308823529411764,0.35384615384615387,0.681469738483429
0.0838235294117647,0.35384615384615387,0.6806529760360718
0.0838235294117647,0.3548076923076923,0.6804928183555603
0.08455882352941177,0.3548076923076923,0.6800767779350281
0.08455882352941177,0.3557692307692308,0.6796532869338989
0.08602941176470588,0.3557692307692308,0.6782248616218567
0.08602941176470588,0.35673076923076924,0.6780028939247131
0.08676470588235294,0.35673076923076924,0.67794269323349
0.08676470588235294,0.35865384615384616,0.6770572066307068
0.0875,0.35865384615384616,0.6764706969261169
0.0875,0.3625,0.6746746897697449
0.08897058823529412,0.3625,0.6737275719642639
0.08897058823529412,0.36346153846153845,0.6731072068214417
0.09117647058823529,0.36346153846153845,0.6672144532203674
0.09117647058823529,0.36538461538461536,0.6659559011459351
0.09191176470588236,0.36538461538461536,0.6659403443336487
0.09191176470588236,0.36730769230769234,0.6658389568328857
0.09264705882352942,0.36730769230769234,0.665169894695282
0.09264705882352942,0.36923076923076925,0.6640251278877258
0.09558823529411764,0.36923076923076925,0.6620046496391296
0.09558823529411764,0.3769230769230769,0.6587597131729126
0.09632352941176471,0.3769230769230769,0.6583719849586487
0.09632352941176471,0.37884615384615383,0.6570640206336975
0.09705882352941177,0.37884615384615383,0.6570133566856384
0.09705882352941177,0.3798076923076923,0.6568338871002197
0.09852941176470588,0.3798076923076923,0.6564765572547913
0.09852941176470588,0.38269230769230766,0.655405580997467
0.10220588235294117,0.38269230769230766,0.6546666026115417
0.10220588235294117,0.3836538461538462,0.6545141935348511
0.10294117647058823,0.3836538461538462,0.6536843180656433
0.10294117647058823,0.38461538461538464,0.653588593006134
0.10441176470588236,0.38461538461538464,0.6528252363204956
0.10441176470588236,0.38846153846153847,0.649922788143158
0.10588235294117647,0.38846153846153847,0.6498265266418457
0.10588235294117647,0.3903846153846154,0.6494068503379822
0.10661764705882353,0.3903846153846154,0.6486485600471497
0.10661764705882353,0.39134615384615384,0.6481091976165771
0.10735294117647058,0.39134615384615384,0.648052990436554
0.10735294117647058,0.3923076923076923,0.647736132144928
0.10808823529411765,0.3923076923076923,0.6475840210914612
0.10808823529411765,0.39326923076923076,0.6474898457527161
0.11029411764705882,0.39326923076923076,0.6460212469100952
0.11029411764705882,0.3942307692307692,0.6457294821739197
0.11102941176470588,0.3942307692307692,0.6454717516899109
0.11102941176470588,0.3951923076923077,0.645418107509613
0.1125,0.3951923076923077,0.6453937292098999
0.1125,0.39615384615384613,0.6451520919799805
0.11397058823529412,0.39615384615384613,0.6440398097038269
0.11397058823529412,0.3971153846153846,0.6439440250396729
0.11544117647058824,0.3971153846153846,0.6423829793930054
0.11544117647058824,0.39903846153846156,0.6418529152870178
0.1161764705882353,0.39903846153846156,0.6407421827316284
0.1161764705882353,0.4,0.6390175223350525
0.11985294117647059,0.4,0.6374939680099487
0.11985294117647059,0.40192307692307694,0.6368197798728943
0.12058823529411765,0.40192307692307694,0.6366571187973022
0.12058823529411765,0.4028846153846154,0.6356567144393921
0.12279411764705882,0.4028846153846154,0.6341971755027771
0.12279411764705882,0.40384615384615385,0.6339216828346252
0.125,0.40384615384615385,0.6326308250427246
0.125,0.40673076923076923,0.6319471597671509
0.12573529411764706,0.40673076923076923,0.6312486529350281
0.12573529411764706,0.40865384615384615,0.6292112469673157
0.1264705882352941,0.40865384615384615,0.6290527582168579
0.1264705882352941,0.41057692307692306,0.6288183927536011
0.12867647058823528,0.41057692307692306,0.6271344423294067
0.12867647058823528,0.41346153846153844,0.6265321969985962
0.12941176470588237,0.41346153846153844,0.6258779764175415
0.12941176470588237,0.41923076923076924,0.62309330701828
0.13014705882352942,0.41923076923076924,0.6229091882705688
0.13014705882352942,0.4221153846153846,0.6214916110038757
0.13088235294117648,0.4221153846153846,0.6205939054489136
0.13088235294117648,0.425,0.6197641491889954
0.13161764705882353,0.425,0.6194783449172974
0.13161764705882353,0.42596153846153845,0.6194307208061218
0.1323529411764706,0.42596153846153845,0.6194171905517578
0.1323529411764706,0.4269230769230769,0.619259238243103
0.1338235294117647,0.4269230769230769,0.6188554167747498
0.1338235294117647,0.4288461538461538,0.6182239055633545
0.13455882352941176,0.4288461538461538,0.618084192276001
0.13455882352941176,0.42980769230769234,0.618064820766449
0.13602941176470587,0.42980769230769234,0.6180179119110107
0.13602941176470587,0.4307692307692308,0.6178197264671326
0.13676470588235295,0.4307692307692308,0.6176840662956238
0.13676470588235295,0.43173076923076925,0.617198646068573
0.1375,0.43173076923076925,0.6166591644287109
0.1375,0.4326923076923077,0.616037130355835
0.13823529411764707,0.4326923076923077,0.615940511226654
0.13823529411764707,0.43653846153846154,0.6150355339050293
0.1411764705882353,0.43653846153846154,0.6137250661849976
0.1411764705882353,0.4394230769230769,0.6128010749816895
0.14191176470588235,0.4394230769230769,0.6127928495407104
0.14191176470588235,0.4403846153846154,0.6125953197479248
0.1426470588235294,0.4403846153846154,0.6125616431236267
0.1426470588235294,0.44134615384615383,0.6122676730155945
0.1463235294117647,0.44134615384615383,0.6107171773910522
0.1463235294117647,0.4423076923076923,0.6104674935340881
0.15,0.4423076923076923,0.6089824438095093
0.15,0.4461538461538462,0.6072971224784851
0.15073529411764705,0.4461538461538462,0.6058757901191711
0.15073529411764705,0.44903846153846155,0.604971706867218
0.1514705882352941,0.44903846153846155,0.6047598719596863
0.1514705882352941,0.45,0.6043602228164673
0.15441176470588236,0.45,0.6031771302223206
0.15441176470588236,0.45384615384615384,0.601706862449646
0.15514705882352942,0.45384615384615384,0.6015820503234863
0.15514705882352942,0.4548076923076923,0.6015636920928955
0.15808823529411764,0.4548076923076923,0.5999153256416321
0.15808823529411764,0.4567307692307692,0.5985126495361328
0.15955882352941175,0.4567307692307692,0.5972549319267273
0.15955882352941175,0.4576923076923077,0.5971596240997314
0.16176470588235295,0.4576923076923077,0.5962010622024536
0.16176470588235295,0.45865384615384613,0.5956642031669617
0.16323529411764706,0.45865384615384613,0.5944722294807434
0.16323529411764706,0.4596153846153846,0.5944446921348572
0.16397058823529412,0.4596153846153846,0.5941769480705261
0.16397058823529412,0.46153846153846156,0.5936390161514282
0.16544117647058823,0.46153846153846156,0.5933416485786438
0.16544117647058823,0.4625,0.5932223796844482
0.16691176470588234,0.4625,0.592345654964447
0.16691176470588234,0.46442307692307694,0.5917341113090515
0.1698529411764706,0.46442307692307694,0.5907058715820312
0.1698529411764706,0.46634615384615385,0.5893370509147644
0.17647058823529413,0.46634615384615385,0.5868405699729919
0.17647058823529413,0.4673076923076923,0.5867589712142944
0.17794117647058824,0.4673076923076923,0.5862573981285095
0.17794117647058824,0.4701923076923077,0.5856485962867737
0.1786764705882353,0.4701923076923077,0.585602879524231
0.1786764705882353,0.47115384615384615,0.5854651927947998
0.18088235294117647,0.47115384615384615,0.5849646329879761
0.18088235294117647,0.4721153846153846,0.5849566459655762
0.18308823529411763,0.4721153846153846,0.5843573212623596
0.18308823529411763,0.47692307692307695,0.581978440284729
0.18455882352941178,0.47692307692307695,0.5814968347549438
0.18455882352941178,0.4778846153846154,0.5808050036430359
0.1860294117647059,0.4778846153846154,0.5807090401649475
0.1860294117647059,0.4807692307692308,0.580365777015686
0.18676470588235294,0.4807692307692308,0.5796342492103577
0.18676470588235294,0.48173076923076924,0.5783582329750061
0.1875,0.48173076923076924,0.5778117775917053
0.1875,0.4826923076923077,0.5777955651283264
0.18823529411764706,0.4826923076923077,0.5777546763420105
0.18823529411764706,0.48365384615384616,0.577514111995697
0.19264705882352942,0.48365384615384616,0.5740060210227966
0.19264705882352942,0.4846153846153846,0.5731803178787231
0.19411764705882353,0.4846153846153846,0.5729436874389648
0.19411764705882353,0.48653846153846153,0.5717645287513733
0.1948529411764706,0.48653846153846153,0.5716849565505981
0.1948529411764706,0.4875,0.5715891718864441
0.19558823529411765,0.4875,0.5710906982421875
0.19558823529411765,0.49038461538461536,0.5707659721374512
0.19852941176470587,0.49038461538461536,0.5699763298034668
0.19852941176470587,0.4913461538461538,0.5699305534362793
0.19926470588235295,0.4913461538461538,0.5698890089988708
0.19926470588235295,0.4932692307692308,0.5686944127082825
0.2,0.4932692307692308,0.5681405663490295
0.2,0.49423076923076925,0.5680950284004211
0.20220588235294118,0.49423076923076925,0.5675715208053589
0.20220588235294118,0.4951923076923077,0.5668164491653442
0.20294117647058824,0.4951923076923077,0.5665754079818726
0.20294117647058824,0.49903846153846154,0.5660220384597778
0.20441176470588235,0.49903846153846154,0.5651296973228455
0.20441176470588235,0.5057692307692307,0.5632942914962769
0.20661764705882352,0.5057692307692307,0.5622571110725403
0.20661764705882352,0.5076923076923077,0.5609844923019409
0.2073529411764706,0.5076923076923077,0.5608454346656799
0.2073529411764706,0.5115384615384615,0.559496283531189
0.20955882352941177,0.5115384615384615,0.5585412979125977
0.20955882352941177,0.5125,0.5585260987281799
0.21029411764705883,0.5125,0.558516263961792
0.21029411764705883,0.5144230769230769,0.5579668283462524
0.21176470588235294,0.5144230769230769,0.5577119588851929
0.21176470588235294,0.5153846153846153,0.5568447709083557
0.21323529411764705,0.5153846153846153,0.5566219091415405
0.21323529411764705,0.5163461538461539,0.5565989017486572
0.21470588235294116,0.5163461538461539,0.5561403036117554
0.21470588235294116,0.5173076923076924,0.5558491349220276
0.2161764705882353,0.5173076923076924,0.5554272532463074
0.2161764705882353,0.5182692307692308,0.5552494525909424
0.21691176470588236,0.5182692307692308,0.5549210906028748
0.21691176470588236,0.5192307692307693,0.5547151565551758
0.21764705882352942,0.5192307692307693,0.5545678734779358
0.21764705882352942,0.5201923076923077,0.5545372366905212
0.21911764705882353,0.5201923076923077,0.5541315674781799
0.21911764705882353,0.5211538461538462,0.5540763735771179
0.21985294117647058,0.5211538461538462,0.5535740852355957
0.21985294117647058,0.5221153846153846,0.5533913373947144
0.22205882352941175,0.5221153846153846,0.5526584982872009
0.22205882352941175,0.5240384615384616,0.5522944927215576
0.22279411764705884,0.5240384615384616,0.552003800868988
0.22279411764705884,0.525,0.5518381595611572
0.2235294117647059,0.525,0.5516629219055176
0.2235294117647059,0.5259615384615385,0.5516499876976013
0.225,0.5259615384615385,0.5511654019355774
0.225,0.5269230769230769,0.5510876178741455
0.22647058823529412,0.5269230769230769,0.5507185459136963
0.22647058823529412,0.5298076923076923,0.5500276684761047
0.22794117647058823,0.5298076923076923,0.5499563813209534
0.22794117647058823,0.5307692307692308,0.5496941804885864
0.2286764705882353,0.5307692307692308,0.549343466758728
0.2286764705882353,0.5317307692307692,0.5486648678779602
0.2301470588235294,0.5317307692307692,0.5485966205596924
0.2301470588235294,0.5336538461538461,0.5474571585655212
0.23088235294117648,0.5336538461538461,0.5472898483276367
0.23088235294117648,0.5346153846153846,0.5471649169921875
0.23161764705882354,0.5346153846153846,0.5467890501022339
0.23161764705882354,0.5394230769230769,0.544928252696991
0.23308823529411765,0.5394230769230769,0.5443195104598999
0.23308823529411765,0.5432692307692307,0.5433219075202942
0.2338235294117647,0.5432692307692307,0.5432417988777161
0.2338235294117647,0.5451923076923076,0.5427097678184509
0.23529411764705882,0.5451923076923076,0.542479395866394
0.23529411764705882,0.5461538461538461,0.5423668622970581
0.2375,0.5461538461538461,0.5416442155838013
0.2375,0.5471153846153847,0.5414766669273376
0.23823529411764705,0.5471153846153847,0.541178286075592
0.23823529411764705,0.5480769230769231,0.5409141778945923
0.24044117647058824,0.5480769230769231,0.5401595830917358
0.24044117647058824,0.5490384615384616,0.5392643809318542
0.24191176470588235,0.5490384615384616,0.5380473136901855
0.24191176470588235,0.551923076923077,0.5378783345222473
0.24338235294117647,0.551923076923077,0.5373515486717224
0.24338235294117647,0.5586538461538462,0.5361419320106506
0.24411764705882352,0.5586538461538462,0.5359622836112976
0.24411764705882352,0.5596153846153846,0.5354666709899902
0.24485294117647058,0.5596153846153846,0.535249650478363
0.24485294117647058,0.5615384615384615,0.5344160199165344
0.24558823529411763,0.5615384615384615,0.534408688545227
0.24558823529411763,0.5653846153846154,0.5339005589485168
0.24705882352941178,0.5653846153846154,0.5336930751800537
0.24705882352941178,0.5663461538461538,0.5331287384033203
0.24926470588235294,0.5663461538461538,0.531071662902832
0.24926470588235294,0.5673076923076923,0.5309959053993225
0.25073529411764706,0.5673076923076923,0.5308647751808167
0.25073529411764706,0.5692307692307692,0.5302212238311768
0.2514705882352941,0.5692307692307692,0.530120313167572
0.2514705882352941,0.5701923076923077,0.5300706028938293
0.2529411764705882,0.5701923076923077,0.529712438583374
0.2529411764705882,0.573076923076923,0.5295448899269104
0.25441176470588234,0.573076923076923,0.5294255614280701
0.25441176470588234,0.5769230769230769,0.5272538065910339
0.25588235294117645,0.5769230769230769,0.5268096923828125
0.25588235294117645,0.5778846153846153,0.5267891883850098
0.2580882352941177,0.5778846153846153,0.5262970924377441
0.2580882352941177,0.5788461538461539,0.5262449979782104
0.25882352941176473,0.5788461538461539,0.526239812374115
0.25882352941176473,0.5826923076923077,0.5256662964820862
0.26029411764705884,0.5826923076923077,0.52463299036026
0.26029411764705884,0.5836538461538462,0.524384081363678
0.26176470588235295,0.5836538461538462,0.5239782929420471
0.26176470588235295,0.5846153846153846,0.5238820910453796
0.2625,0.5846153846153846,0.5235838890075684
0.2625,0.5884615384615385,0.5227002501487732
0.26323529411764707,0.5884615384615385,0.5225968956947327
0.26323529411764707,0.5903846153846154,0.5223007202148438
0.2639705882352941,0.5903846153846154,0.5211611986160278
0.2639705882352941,0.5913461538461539,0.5210108757019043
0.2676470588235294,0.5913461538461539,0.5203498005867004
0.2676470588235294,0.5923076923076923,0.5198975801467896
0.26838235294117646,0.5923076923076923,0.5198842287063599
0.26838235294117646,0.5942307692307692,0.5194463729858398
0.2698529411764706,0.5942307692307692,0.5190810561180115
0.2698529411764706,0.5961538461538461,0.5188161134719849
0.2727941176470588,0.5961538461538461,0.5179930925369263
0.2727941176470588,0.5971153846153846,0.5178309082984924
0.27426470588235297,0.5971153846153846,0.5176475644111633
0.27426470588235297,0.5990384615384615,0.516518771648407
0.275,0.5990384615384615,0.5164598822593689
0.275,0.6,0.5163976550102234
0.2772058823529412,0.6,0.5156275629997253
0.2772058823529412,0.6028846153846154,0.5151350498199463
0.2786764705882353,0.6028846153846154,0.514101505279541
0.2786764705882353,0.6038461538461538,0.5133017301559448
0.2801470588235294,0.6038461538461538,0.5128436088562012
0.2801470588235294,0.6048076923076923,0.5127967000007629
0.28455882352941175,0.6048076923076923,0.510543704032898
0.28455882352941175,0.6057692307692307,0.5102558732032776
0.2852941176470588,0.6057692307692307,0.5102260112762451
0.2852941176470588,0.6076923076923076,0.5099270939826965
0.2889705882352941,0.6076923076923076,0.5083327889442444
0.2889705882352941,0.6096153846153847,0.5074612498283386
0.29191176470588237,0.6096153846153847,0.507075846195221
0.29191176470588237,0.6105769230769231,0.5067147016525269
0.2933823529411765,0.6105769230769231,0.5058766007423401
0.2933823529411765,0.6115384615384616,0.5052380561828613
0.29411764705882354,0.6115384615384616,0.5044838786125183
0.29411764705882354,0.6125,0.5044629573822021
0.29558823529411765,0.6125,0.504062831401825
0.29558823529411765,0.6134615384615385,0.5040552616119385
0.2977941176470588,0.6134615384615385,0.5036145448684692
0.2977941176470588,0.6153846153846154,0.502633810043335
0.29926470588235293,0.6153846153846154,0.502506673336029
0.29926470588235293,0.6163461538461539,0.5024717450141907
0.3,0.6163461538461539,0.5014538764953613
0.3,0.6201923076923077,0.4999520778656006
0.30220588235294116,0.6201923076923077,0.49912309646606445
0.30220588235294116,0.6221153846153846,0.4985980689525604
0.3029411764705882,0.6221153846153846,0.4984917938709259
0.3029411764705882,0.6240384615384615,0.4983486533164978
0.30367647058823527,0.6240384615384615,0.49832063913345337
0.30367647058823527,0.6269230769230769,0.4966181814670563
0.30514705882352944,0.6269230769230769,0.496535986661911
0.30514705882352944,0.6278846153846154,0.49650466442108154
0.3058823529411765,0.6278846153846154,0.4964834451675415
0.3058823529411765,0.6298076923076923,0.4962167739868164
0.31029411764705883,0.6298076923076923,0.49468329548835754
0.31029411764705883,0.6317307692307692,0.49420249462127686
0.3110294117647059,0.6317307692307692,0.4935414791107178
0.3110294117647059,0.6384615384615384,0.49155911803245544
0.3125,0.6384615384615384,0.4914605915546417
0.3125,0.6394230769230769,0.4914219379425049
0.3139705882352941,0.6394230769230769,0.4909588396549225
0.3139705882352941,0.6403846153846153,0.49094778299331665
0.31470588235294117,0.6403846153846153,0.49053755402565
0.31470588235294117,0.6432692307692308,0.4898701012134552
0.3154411764705882,0.6432692307692308,0.48964327573776245
0.3154411764705882,0.65,0.48808786273002625
0.31691176470588234,0.65,0.4873499274253845
0.31691176470588234,0.6509615384615385,0.4870471656322479
0.31838235294117645,0.6509615384615385,0.4861307442188263
0.31838235294117645,0.6548076923076923,0.48515188694000244
0.32132352941176473,0.6548076923076923,0.48475199937820435
0.32132352941176473,0.6567307692307692,0.48423632979393005
0.32426470588235295,0.6567307692307692,0.4831574261188507
0.32426470588235295,0.6576923076923077,0.4830106496810913
0.3264705882352941,0.6576923076923077,0.48283204436302185
0.3264705882352941,0.6586538461538461,0.4826052784919739
0.32941176470588235,0.6586538461538461,0.48074477910995483
0.32941176470588235,0.6596153846153846,0.4807260036468506
0.3316176470588235,0.6596153846153846,0.47987446188926697
0.3316176470588235,0.6605769230769231,0.4791417121887207
0.33308823529411763,0.6605769230769231,0.4786032736301422
0.33308823529411763,0.6653846153846154,0.4779658317565918
0.3360294117647059,0.6653846153846154,0.47652122378349304
0.3360294117647059,0.6673076923076923,0.4763460159301758
0.3397058823529412,0.6673076923076923,0.4747784435749054
0.3397058823529412,0.6692307692307692,0.4735638201236725
0.3426470588235294,0.6692307692307692,0.47211748361587524
0.3426470588235294,0.6701923076923076,0.4719732999801636
0.34558823529411764,0.6701923076923076,0.470864862203598
0.34558823529411764,0.6721153846153847,0.4706105887889862
0.34705882352941175,0.6721153846153847,0.46900320053100586
0.34705882352941175,0.6730769230769231,0.4685155749320984
0.3477941176470588,0.6730769230769231,0.4680829346179962
0.3477941176470588,0.6740384615384616,0.46775996685028076
0.34852941176470587,0.6740384615384616,0.4675336182117462
0.34852941176470587,0.675,0.46711915731430054
0.35,0.675,0.46679532527923584
0.35,0.676923076923077,0.4660018980503082
0.35073529411764703,0.676923076923077,0.46591824293136597
0.35073529411764703,0.6778846153846154,0.46579962968826294
0.3514705882352941,0.6778846153846154,0.46559298038482666
0.3514705882352941,0.6798076923076923,0.4650108218193054
0.35294117647058826,0.6798076923076923,0.4638092517852783
0.35294117647058826,0.6807692307692308,0.46330738067626953
0.35661764705882354,0.6807692307692308,0.4621732532978058
0.35661764705882354,0.6817307692307693,0.46122270822525024
0.3573529411764706,0.6817307692307693,0.4610944390296936
0.3573529411764706,0.6855769230769231,0.45904216170310974
0.35808823529411765,0.6855769230769231,0.45903483033180237
0.35808823529411765,0.6875,0.4582950174808502
0.3588235294117647,0.6875,0.45802006125450134
0.3588235294117647,0.6884615384615385,0.45800426602363586
0.35955882352941176,0.6884615384615385,0.45777392387390137
0.35955882352941176,0.6894230769230769,0.45748990774154663
0.3610294117647059,0.6894230769230769,0.45691558718681335
0.3610294117647059,0.6903846153846154,0.45615360140800476
0.3639705882352941,0.6903846153846154,0.45524561405181885
0.3639705882352941,0.6932692307692307,0.45352399349212646
0.36617647058823527,0.6932692307692307,0.4518990218639374
0.36617647058823527,0.6951923076923077,0.4511730968952179
0.3683823529411765,0.6951923076923077,0.449377179145813
0.3683823529411765,0.6971153846153846,0.44911646842956543
0.36911764705882355,0.6971153846153846,0.4488113522529602
0.36911764705882355,0.6990384615384615,0.44863712787628174
0.3735294117647059,0.6990384615384615,0.44720643758773804
0.3735294117647059,0.7,0.4455167353153229
0.37426470588235294,0.7,0.4452515244483948
0.37426470588235294,0.7009615384615384,0.444597452878952
0.37720588235294117,0.7009615384615384,0.4423697888851166
0.37720588235294117,0.7038461538461539,0.4404751658439636
0.3779411764705882,0.7038461538461539,0.4402102530002594
0.3779411764705882,0.7067307692307693,0.43877485394477844
0.38088235294117645,0.7067307692307693,0.4375888407230377
0.38088235294117645,0.7086538461538462,0.4370650053024292
0.38235294117647056,0.7086538461538462,0.43624168634414673
0.38235294117647056,0.7105769230769231,0.43439486622810364
0.38382352941176473,0.7105769230769231,0.4332778751850128
0.38382352941176473,0.7115384615384616,0.4329775869846344
0.3845588235294118,0.7115384615384616,0.4327777922153473
0.3845588235294118,0.7134615384615385,0.4321988523006439
0.38823529411764707,0.7134615384615385,0.430983304977417
0.38823529411764707,0.7144230769230769,0.4306020736694336
0.3889705882352941,0.7144230769230769,0.4301070272922516
0.3889705882352941,0.7153846153846154,0.42986541986465454
0.39044117647058824,0.7153846153846154,0.4297061264514923
0.39044117647058824,0.7163461538461539,0.42956024408340454
0.3911764705882353,0.7163461538461539,0.42949071526527405
0.3911764705882353,0.7173076923076923,0.42880046367645264
0.39191176470588235,0.7173076923076923,0.4276540279388428
0.39191176470588235,0.7182692307692308,0.4274864196777344
0.3948529411764706,0.7182692307692308,0.42621076107025146
0.3948529411764706,0.7192307692307692,0.4261557459831238
0.39558823529411763,0.7192307692307692,0.42527496814727783
0.39558823529411763,0.7201923076923077,0.4251900613307953
0.3963235294117647,0.7201923076923077,0.42359596490859985
0.3963235294117647,0.7221153846153846,0.4228162467479706
0.4022058823529412,0.7221153846153846,0.4204930365085602
0.4022058823529412,0.7230769230769231,0.42049071192741394
0.4036764705882353,0.7230769230769231,0.4201303720474243
0.4036764705882353,0.7240384615384615,0.41997238993644714
0.40588235294117647,0.7240384615384615,0.41831836104393005
0.40588235294117647,0.725,0.41747158765792847
0.4102941176470588,0.725,0.41343092918395996
0.4102941176470588,0.7259615384615384,0.4126620888710022
0.41102941176470587,0.7259615384615384,0.4122421443462372
0.41102941176470587,0.7269230769230769,0.41223832964897156
0.4147058823529412,0.7269230769230769,0.4104664623737335
0.4147058823529412,0.7288461538461538,0.41002219915390015
0.4176470588235294,0.7288461538461538,0.40807288885116577
0.4176470588235294,0.7298076923076923,0.4069586396217346
0.4198529411764706,0.7298076923076923,0.40497124195098877
0.4198529411764706,0.7307692307692307,0.40463516116142273
0.42205882352941176,0.7307692307692307,0.40419796109199524
0.42205882352941176,0.7317307692307692,0.4032318890094757
0.425,0.7317307692307692,0.4014625549316406
0.425,0.7326923076923076,0.40138086676597595
0.4264705882352941,0.7326923076923076,0.40118446946144104
0.4264705882352941,0.7346153846153847,0.4008064270019531
0.42720588235294116,0.7346153846153847,0.4006898105144501
0.42720588235294116,0.7355769230769231,0.4000645577907562
0.4294117647058823,0.7355769230769231,0.3991961181163788
0.4294117647058823,0.7365384615384616,0.398777037858963
0.43161764705882355,0.7365384615384616,0.3973158895969391
0.43161764705882355,0.7375,0.3972885012626648
0.43308823529411766,0.7375,0.397124320268631
0.43308823529411766,0.7384615384615385,0.39666759967803955
0.43676470588235294,0.7384615384615385,0.39554181694984436
0.43676470588235294,0.739423076923077,0.39529740810394287
0.4389705882352941,0.739423076923077,0.39421916007995605
0.4389705882352941,0.7413461538461539,0.3932691216468811
0.43970588235294117,0.7413461538461539,0.39318761229515076
0.43970588235294117,0.7423076923076923,0.39316487312316895
0.44338235294117645,0.7423076923076923,0.3920488655567169
0.44338235294117645,0.7432692307692308,0.39158403873443604
0.4441176470588235,0.7432692307692308,0.39097800850868225
0.4441176470588235,0.7451923076923077,0.3896389901638031
0.4470588235294118,0.7451923076923077,0.3891464173793793
0.4470588235294118,0.7461538461538462,0.38910651206970215
0.44779411764705884,0.7461538461538462,0.38863295316696167
0.44779411764705884,0.7471153846153846,0.387967050075531
0.44926470588235295,0.7471153846153846,0.38702189922332764
0.44926470588235295,0.7490384615384615,0.3867650032043457
0.45,0.7490384615384615,0.3867339789867401
0.45,0.7519230769230769,0.3861091732978821
0.4514705882352941,0.7519230769230769,0.3859379291534424
0.4514705882352941,0.7538461538461538,0.38546839356422424
0.4522058823529412,0.7538461538461538,0.3847582936286926
0.4522058823529412,0.7548076923076923,0.38467028737068176
0.45294117647058824,0.7548076923076923,0.38369274139404297
0.45294117647058824,0.7557692307692307,0.38312235474586487
0.4551470588235294,0.7557692307692307,0.38258418440818787
0.4551470588235294,0.7567307692307692,0.3824881613254547
0.45588235294117646,0.7567307692307692,0.3823798596858978
0.45588235294117646,0.7576923076923077,0.3822958767414093
0.4573529411764706,0.7576923076923077,0.3819183111190796
0.4573529411764706,0.7596153846153846,0.3808688521385193
0.4625,0.7596153846153846,0.37900424003601074
0.4625,0.760576923076923,0.3784407079219818
0.4632352941176471,0.760576923076923,0.37794655561447144
0.4632352941176471,0.7615384615384615,0.3774700164794922
0.4647058823529412,0.7615384615384615,0.3772621750831604
0.4647058823529412,0.7625,0.3767377734184265
0.46544117647058825,0.7625,0.37647828459739685
0.46544117647058825,0.7653846153846153,0.37553247809410095
0.46691176470588236,0.7653846153846153,0.37463298439979553
0.46691176470588236,0.7663461538461539,0.3745664954185486
0.46911764705882353,0.7663461538461539,0.3738940954208374
0.46911764705882353,0.7673076923076924,0.3737487494945526
0.47352941176470587,0.7673076923076924,0.37247177958488464
0.47352941176470587,0.7682692307692308,0.37225547432899475
0.4742647058823529,0.7682692307692308,0.37199127674102783
0.4742647058823529,0.7692307692307693,0.37198594212532043
0.475,0.7692307692307693,0.3714422583580017
0.475,0.7701923076923077,0.37124869227409363
0.47573529411764703,0.7701923076923077,0.37114518880844116
0.47573529411764703,0.7721153846153846,0.37088721990585327
0.4772058823529412,0.7721153846153846,0.3707174062728882
0.4772058823529412,0.7730769230769231,0.37071242928504944
0.4801470588235294,0.7730769230769231,0.36952024698257446
0.4801470588235294,0.7740384615384616,0.3692185580730438
0.4838235294117647,0.7740384615384616,0.36711427569389343
0.4838235294117647,0.775,0.36666905879974365
0.4904411764705882,0.775,0.3648700714111328
0.4904411764705882,0.7759615384615385,0.3646852374076843
0.49264705882352944,0.7759615384615385,0.36420682072639465
0.49264705882352944,0.7788461538461539,0.36328229308128357
0.49558823529411766,0.7788461538461539,0.36190012097358704
0.49558823529411766,0.7807692307692308,0.36151883006095886
0.5007352941176471,0.7807692307692308,0.35978206992149353
0.5007352941176471,0.7826923076923077,0.3593748211860657
0.5014705882352941,0.7826923076923077,0.3591935634613037
0.5014705882352941,0.7836538461538461,0.3589099943637848
0.5051470588235294,0.7836538461538461,0.3574628233909607
0.5051470588235294,0.7855769230769231,0.3568211793899536
0.5066176470588235,0.7855769230769231,0.3562837541103363
0.5066176470588235,0.7865384615384615,0.3562232255935669
0.5073529411764706,0.7865384615384615,0.3561839163303375
0.5073529411764706,0.7875,0.35604575276374817
0.5088235294117647,0.7875,0.3559729754924774
0.5088235294117647,0.7884615384615384,0.3558978736400604
0.5102941176470588,0.7884615384615384,0.35554879903793335
0.5102941176470588,0.7894230769230769,0.3554881811141968
0.5110294117647058,0.7894230769230769,0.3554747998714447
0.5110294117647058,0.7903846153846154,0.3553939461708069
0.5183823529411765,0.7903846153846154,0.35275107622146606
0.5183823529411765,0.7913461538461538,0.3524777591228485
0.5205882352941177,0.7913461538461538,0.35157784819602966
0.5205882352941177,0.7923076923076923,0.3515048027038574
0.5294117647058824,0.7923076923076923,0.34889042377471924
0.5294117647058824,0.7932692307692307,0.3488672077655792
0.5301470588235294,0.7932692307692307,0.34870612621307373
0.5301470588235294,0.7942307692307692,0.3486664295196533
0.5345588235294118,0.7942307692307692,0.3473570942878723
0.5345588235294118,0.7951923076923076,0.34724175930023193
0.5411764705882353,0.7951923076923076,0.3438499867916107
0.5411764705882353,0.7961538461538461,0.3437722623348236
0.549264705882353,0.7961538461538461,0.34071245789527893
0.549264705882353,0.7971153846153847,0.3405233323574066
0.5573529411764706,0.7971153846153847,0.33748072385787964
0.5573529411764706,0.8009615384615385,0.3351517915725708
0.5588235294117647,0.8009615384615385,0.33437418937683105
0.5588235294117647,0.801923076923077,0.333796888589859
0.5602941176470588,0.801923076923077,0.33375251293182373
0.5602941176470588,0.8028846153846154,0.3335040211677551
0.5654411764705882,0.8028846153846154,0.33145788311958313
0.5654411764705882,0.8038461538461539,0.33136987686157227
0.5683823529411764,0.8038461538461539,0.3306558132171631
0.5683823529411764,0.8067307692307693,0.3299027681350708
0.5698529411764706,0.8067307692307693,0.32976120710372925
0.5698529411764706,0.8096153846153846,0.32913938164711
0.5713235294117647,0.8096153846153846,0.3288317620754242
0.5713235294117647,0.8105769230769231,0.3283315598964691
0.5720588235294117,0.8105769230769231,0.32811439037323
0.5720588235294117,0.8125,0.3268974721431732
0.5727941176470588,0.8125,0.3267569839954376
0.5727941176470588,0.8134615384615385,0.32663220167160034
0.5735294117647058,0.8134615384615385,0.32625025510787964
0.5735294117647058,0.8144230769230769,0.3261127173900604
0.5764705882352941,0.8144230769230769,0.3255755305290222
0.5764705882352941,0.8153846153846154,0.3255695402622223
0.5772058823529411,0.8153846153846154,0.3255518078804016
0.5772058823529411,0.8173076923076923,0.32523754239082336
0.5794117647058824,0.8173076923076923,0.32488036155700684
0.5794117647058824,0.8182692307692307,0.3245636224746704
0.5845588235294118,0.8182692307692307,0.32255715131759644
0.5845588235294118,0.8192307692307692,0.3223981559276581
0.5852941176470589,0.8192307692307692,0.32187414169311523
0.5852941176470589,0.8211538461538461,0.32157886028289795
0.5860294117647059,0.8211538461538461,0.32152581214904785
0.5860294117647059,0.8221153846153846,0.3211974501609802
0.5882352941176471,0.8221153846153846,0.32031935453414917
0.5882352941176471,0.823076923076923,0.32000628113746643
0.5897058823529412,0.823076923076923,0.3194866478443146
0.5897058823529412,0.8240384615384615,0.3193816840648651
0.5919117647058824,0.8240384615384615,0.3181161880493164
0.5919117647058824,0.825,0.31799522042274475
0.5926470588235294,0.825,0.3179517388343811
0.5926470588235294,0.8259615384615384,0.3178425431251526
0.5948529411764706,0.8259615384615384,0.3160228431224823
0.5948529411764706,0.8269230769230769,0.31587257981300354
0.5970588235294118,0.8269230769230769,0.3151420056819916
0.5970588235294118,0.8278846153846153,0.31487908959388733
0.6036764705882353,0.8278846153846153,0.3128882050514221
0.6036764705882353,0.8298076923076924,0.31148314476013184
0.6051470588235294,0.8298076923076924,0.3107464015483856
0.6051470588235294,0.8307692307692308,0.31069648265838623
0.6073529411764705,0.8307692307692308,0.31027352809906006
0.6073529411764705,0.8355769230769231,0.30919069051742554
0.6088235294117647,0.8355769230769231,0.30859044194221497
0.6088235294117647,0.8365384615384616,0.30855295062065125
0.6139705882352942,0.8365384615384616,0.30680057406425476
0.6139705882352942,0.8384615384615385,0.3066067397594452
0.6220588235294118,0.8384615384615385,0.3031465709209442
0.6220588235294118,0.8394230769230769,0.3028925955295563
0.6242647058823529,0.8394230769230769,0.30257275700569153
0.6242647058823529,0.8413461538461539,0.30217623710632324
0.625,0.8413461538461539,0.3019677698612213
0.625,0.8423076923076923,0.3009481132030487
0.6257352941176471,0.8423076923076923,0.3005516827106476
0.6257352941176471,0.8432692307692308,0.3005346655845642
0.6264705882352941,0.8432692307692308,0.30007922649383545
0.6264705882352941,0.8442307692307692,0.30007511377334595
0.6286764705882353,0.8442307692307692,0.29927822947502136
0.6286764705882353,0.8461538461538461,0.29914435744285583
0.6301470588235294,0.8461538461538461,0.2982988655567169
0.6301470588235294,0.8471153846153846,0.2980896532535553
0.6338235294117647,0.8471153846153846,0.29755061864852905
0.6338235294117647,0.8480769230769231,0.2973584234714508
0.6345588235294117,0.8480769230769231,0.29735028743743896
0.6345588235294117,0.8509615384615384,0.2967737019062042
0.6367647058823529,0.8509615384615384,0.2964024543762207
0.6367647058823529,0.8519230769230769,0.2960188090801239
0.638235294117647,0.8519230769230769,0.2959367334842682
0.638235294117647,0.8528846153846154,0.29564085602760315
0.6397058823529411,0.8528846153846154,0.29531559348106384
0.6397058823529411,0.8538461538461538,0.295218288898468
0.6404411764705882,0.8538461538461538,0.2951887845993042
0.6404411764705882,0.8548076923076923,0.29512473940849304
0.6426470588235295,0.8548076923076923,0.2946503758430481
0.6426470588235295,0.8557692307692307,0.2944866120815277
0.6441176470588236,0.8557692307692307,0.2943606972694397
0.6441176470588236,0.8567307692307692,0.29411864280700684
0.6455882352941177,0.8567307692307692,0.29385480284690857
0.6455882352941177,0.8576923076923076,0.2937828302383423
0.6463235294117647,0.8576923076923076,0.2935202419757843
0.6463235294117647,0.8605769230769231,0.29288551211357117
0.6485294117647059,0.8605769230769231,0.2918373942375183
0.6485294117647059,0.8615384615384616,0.2917271554470062
0.6514705882352941,0.8615384615384616,0.2909104824066162
0.6514705882352941,0.8625,0.2907373011112213
0.6544117647058824,0.8625,0.28993523120880127
0.6544117647058824,0.8634615384615385,0.2899128794670105
0.6566176470588235,0.8634615384615385,0.2895478308200836
0.6566176470588235,0.8663461538461539,0.2881501317024231
0.6580882352941176,0.8663461538461539,0.2880350947380066
0.6580882352941176,0.8673076923076923,0.2879292070865631
0.6588235294117647,0.8673076923076923,0.2878807485103607
0.6588235294117647,0.8692307692307693,0.2874167263507843
0.6595588235294118,0.8692307692307693,0.2873767018318176
0.6595588235294118,0.8711538461538462,0.28698471188545227
0.6610294117647059,0.8711538461538462,0.28683704137802124
0.6610294117647059,0.8721153846153846,0.2866479754447937
0.663235294117647,0.8721153846153846,0.2864207625389099
0.663235294117647,0.8730769230769231,0.28576967120170593
0.6639705882352941,0.8730769230769231,0.28561803698539734
0.6639705882352941,0.8740384615384615,0.28507786989212036
0.6647058823529411,0.8740384615384615,0.2846435010433197
0.6647058823529411,0.875,0.2838321924209595
0.6654411764705882,0.875,0.28340944647789
0.6654411764705882,0.8759615384615385,0.28286752104759216
0.6661764705882353,0.8759615384615385,0.2819650173187256
0.6661764705882353,0.8769230769230769,0.28147971630096436
0.6676470588235294,0.8769230769230769,0.2814154326915741
0.6676470588235294,0.8778846153846154,0.2812490165233612
0.6691176470588235,0.8778846153846154,0.2803688943386078
0.6691176470588235,0.8817307692307692,0.27976107597351074
0.6720588235294118,0.8817307692307692,0.2777777314186096
0.6720588235294118,0.8836538461538461,0.27693262696266174
0.6727941176470589,0.8836538461538461,0.2768925428390503
0.6727941176470589,0.8903846153846153,0.27394288778305054
0.675,0.8903846153846153,0.27357539534568787
0.675,0.8932692307692308,0.2727532386779785
0.6757352941176471,0.8932692307692308,0.2727254629135132
0.6757352941176471,0.8942307692307693,0.27262037992477417
0.6764705882352942,0.8942307692307693,0.2725464999675751
0.6764705882352942,0.8951923076923077,0.27246174216270447
0.6779411764705883,0.8951923076923077,0.27134883403778076
0.6779411764705883,0.8990384615384616,0.27017131447792053
0.6794117647058824,0.8990384615384616,0.26988840103149414
0.6794117647058824,0.9009615384615385,0.2689574360847473
0.6801470588235294,0.9009615384615385,0.26840028166770935
0.6801470588235294,0.9019230769230769,0.2681364119052887
0.6816176470588236,0.9019230769230769,0.2679617702960968
0.6816176470588236,0.9028846153846154,0.26759007573127747
0.6830882352941177,0.9028846153846154,0.2672960162162781
0.6830882352941177,0.9048076923076923,0.2658475339412689
0.6838235294117647,0.9048076923076923,0.2656440734863281
0.6838235294117647,0.9057692307692308,0.2654740810394287
0.6867647058823529,0.9057692307692308,0.2649770677089691
0.6867647058823529,0.9076923076923077,0.2647584080696106
0.6882352941176471,0.9076923076923077,0.26334068179130554
0.6882352941176471,0.9086538461538461,0.26155418157577515
0.6889705882352941,0.9086538461538461,0.2613013684749603
0.6889705882352941,0.9096153846153846,0.26095494627952576
0.6911764705882353,0.9096153846153846,0.25987476110458374
0.6911764705882353,0.9105769230769231,0.2590928077697754
0.6955882352941176,0.9105769230769231,0.2555205225944519
0.6955882352941176,0.9115384615384615,0.2553611099720001
0.700735294117647,0.9115384615384615,0.2527466118335724
0.700735294117647,0.9125,0.25271689891815186
0.7014705882352941,0.9125,0.2526278495788574
0.7014705882352941,0.9134615384615384,0.25261062383651733
0.7073529411764706,0.9134615384615384,0.2499469667673111
0.7073529411764706,0.9163461538461538,0.24905365705490112
0.7080882352941177,0.9163461538461538,0.24893870949745178
0.7080882352941177,0.9192307692307692,0.24855317175388336
0.7088235294117647,0.9192307692307692,0.24845446646213531
0.7088235294117647,0.9211538461538461,0.24818934500217438
0.7110294117647059,0.9211538461538461,0.2464534193277359
0.7110294117647059,0.9221153846153847,0.2462249994277954
0.7132352941176471,0.9221153846153847,0.2452658712863922
0.7132352941176471,0.9230769230769231,0.24501334130764008
0.7139705882352941,0.9230769230769231,0.2435477077960968
0.7139705882352941,0.9259615384615385,0.24279795587062836
0.7147058823529412,0.9259615384615385,0.24267390370368958
0.7147058823529412,0.9298076923076923,0.2411026507616043
0.7169117647058824,0.9298076923076923,0.2408035397529602
0.7169117647058824,0.9307692307692308,0.24056226015090942
0.7176470588235294,0.9307692307692308,0.24055668711662292
0.7176470588235294,0.9317307692307693,0.24017611145973206
0.7183823529411765,0.9317307692307693,0.24017126858234406
0.7183823529411765,0.9346153846153846,0.2393755465745926
0.7213235294117647,0.9346153846153846,0.23701317608356476
0.7213235294117647,0.9365384615384615,0.23590582609176636
0.7220588235294118,0.9365384615384615,0.23541682958602905
0.7220588235294118,0.9384615384615385,0.23463818430900574
0.7235294117647059,0.9384615384615385,0.23395346105098724
0.7235294117647059,0.9394230769230769,0.23391826450824738
0.7242647058823529,0.9394230769230769,0.2337731271982193
0.7242647058823529,0.9403846153846154,0.23364517092704773
0.725735294117647,0.9403846153846154,0.2327740341424942
0.725735294117647,0.9432692307692307,0.23181740939617157
0.7294117647058823,0.9432692307692307,0.23016570508480072
0.7294117647058823,0.9442307692307692,0.2299707531929016
0.7308823529411764,0.9442307692307692,0.22791315615177155
0.7308823529411764,0.9451923076923077,0.2274760752916336
0.7316176470588235,0.9451923076923077,0.22703424096107483
0.7316176470588235,0.9461538461538461,0.2269003689289093
0.7345588235294118,0.9461538461538461,0.22499613463878632
0.7345588235294118,0.9471153846153846,0.22479504346847534
0.7360294117647059,0.9471153846153846,0.22391079366207123
0.7360294117647059,0.948076923076923,0.2237669825553894
0.736764705882353,0.948076923076923,0.2235272228717804
0.736764705882353,0.9490384615384615,0.2234686315059662
0.7375,0.9490384615384615,0.2234060913324356
0.7375,0.95,0.22326189279556274
0.7382352941176471,0.95,0.22314216196537018
0.7382352941176471,0.9519230769230769,0.22239302098751068
0.7389705882352942,0.9519230769230769,0.2222108691930771
0.7389705882352942,0.9557692307692308,0.2209344506263733
0.7397058823529412,0.9557692307692308,0.21979063749313354
0.7397058823529412,0.9586538461538462,0.21900133788585663
0.7411764705882353,0.9586538461538462,0.21749451756477356
0.7411764705882353,0.9596153846153846,0.21741871535778046
0.7426470588235294,0.9596153846153846,0.21714097261428833
0.7426470588235294,0.9605769230769231,0.2155178040266037
0.7448529411764706,0.9605769230769231,0.21308951079845428
0.7448529411764706,0.9615384615384616,0.2125774770975113
0.7485294117647059,0.9615384615384616,0.21038994193077087
0.7485294117647059,0.9625,0.20987510681152344
0.7492647058823529,0.9625,0.20986582338809967
0.7492647058823529,0.9634615384615385,0.20919851958751678
0.75,0.9634615384615385,0.20883463323116302
0.75,0.9644230769230769,0.2086659073829651
0.7522058823529412,0.9644230769230769,0.20648670196533203
0.7522058823529412,0.9653846153846154,0.20629017055034637
0.7551470588235294,0.9653846153846154,0.20075055956840515
0.7551470588235294,0.9663461538461539,0.1998656690120697
0.7558823529411764,0.9663461538461539,0.19711603224277496
0.7558823529411764,0.9673076923076923,0.19691838324069977
0.7610294117647058,0.9673076923076923,0.19316881895065308
0.7610294117647058,0.9682692307692308,0.1926199346780777
0.7617647058823529,0.9682692307692308,0.19201061129570007
0.7617647058823529,0.9692307692307692,0.1918872892856598
0.763235294117647,0.9692307692307692,0.19096842408180237
0.763235294117647,0.9701923076923077,0.19040660560131073
0.7639705882352941,0.9701923076923077,0.19011618196964264
0.7639705882352941,0.9721153846153846,0.18815238773822784
0.7661764705882353,0.9721153846153846,0.1847676783800125
0.7661764705882353,0.9730769230769231,0.18427065014839172
0.7676470588235295,0.9730769230769231,0.18299835920333862
0.7676470588235295,0.9740384615384615,0.1827157735824585
0.7683823529411765,0.9740384615384615,0.18105201423168182
0.7683823529411765,0.975,0.18065324425697327
0.7691176470588236,0.975,0.1796661764383316
0.7691176470588236,0.9759615384615384,0.17843128740787506
0.7713235294117647,0.9759615384615384,0.1756024807691574
0.7713235294117647,0.9778846153846154,0.17432034015655518
0.8176470588235294,0.9778846153846154,0.14530380070209503
0.8176470588235294,0.9788461538461538,0.14527681469917297
0.8191176470588235,0.9788461538461538,0.14409370720386505
0.8191176470588235,0.9798076923076923,0.1439737230539322
0.8294117647058824,0.9798076923076923,0.13792797923088074
0.8294117647058824,0.9807692307692307,0.13790196180343628
0.8433823529411765,0.9807692307692307,0.12921582162380219
0.8433823529411765,0.9817307692307692,0.1278296262025833
0.8661764705882353,0.9817307692307692,0.1142539232969284
0.8661764705882353,0.9826923076923076,0.11377080529928207
0.8669117647058824,0.9826923076923076,0.11376708745956421
0.8669117647058824,0.9836538461538461,0.11200571805238724
0.8830882352941176,0.9836538461538461,0.10211199522018433
0.8830882352941176,0.9846153846153847,0.10147459805011749
0.8838235294117647,0.9846153846153847,0.10107944160699844
0.8838235294117647,0.9855769230769231,0.10062263906002045
0.8845588235294117,0.9855769230769231,0.10004058480262756
0.8845588235294117,0.9865384615384616,0.09931064397096634
0.8867647058823529,0.9865384615384616,0.09841301292181015
0.8867647058823529,0.9875,0.09796453267335892
0.8904411764705882,0.9875,0.09719602763652802
0.8904411764705882,0.9884615384615385,0.09710235893726349
0.8911764705882353,0.9884615384615385,0.09687477350234985
0.8911764705882353,0.989423076923077,0.09658517688512802
0.8919117647058824,0.989423076923077,0.09574645012617111
0.8919117647058824,0.9903846153846154,0.0953839123249054
0.8933823529411765,0.9903846153846154,0.09520960599184036
0.8933823529411765,0.9913461538461539,0.09491509944200516
0.9,0.9913461538461539,0.0924600139260292
0.9,0.9923076923076923,0.09234431385993958
0.9051470588235294,0.9923076923076923,0.09056644141674042
0.9051470588235294,0.9932692307692308,0.09052471071481705
0.9080882352941176,0.9932692307692308,0.0897350162267685
0.9080882352941176,0.9942307692307693,0.08901110291481018
0.9110294117647059,0.9942307692307693,0.08840881288051605
0.9110294117647059,0.9951923076923077,0.08826373517513275
0.9125,0.9951923076923077,0.08784260600805283
0.9125,0.9961538461538462,0.08773469179868698
0.9316176470588236,0.9961538461538462,0.07757961004972458
0.9316176470588236,0.9971153846153846,0.07750152051448822
0.9367647058823529,0.9971153846153846,0.07656189799308777
0.9367647058823529,0.9980769230769231,0.07622671872377396
0.9433823529411764,0.9980769230769231,0.07266141474246979
0.9433823529411764,0.9990384615384615,0.07256372272968292
0.9683823529411765,0.9990384615384615,0.05843241512775421
0.9683823529411765,1.0,0.058376744389534
1.0,1.0,0.01576213352382183
