FPR,TPR,Threshold
0.0,0.0,1.9813072681427002
0.0,0.000925925925925926,0.9813072681427002
0.0,0.22314814814814815,0.941454291343689
0.0007575757575757576,0.22314814814814815,0.9412984848022461
0.0007575757575757576,0.2324074074074074,0.940026044845581
0.0015151515151515152,0.2324074074074074,0.9400189518928528
0.0015151515151515152,0.2388888888888889,0.9388388991355896
0.0022727272727272726,0.2388888888888889,0.9387759566307068
0.0022727272727272726,0.25462962962962965,0.9364160895347595
0.0030303030303030303,0.25462962962962965,0.9364083409309387
0.0030303030303030303,0.2574074074074074,0.9356311559677124
0.003787878787878788,0.2574074074074074,0.9355283975601196
0.003787878787878788,0.2601851851851852,0.9352529644966125
0.004545454545454545,0.2601851851851852,0.9351425170898438
0.004545454545454545,0.26944444444444443,0.9338515400886536
0.005303030303030303,0.26944444444444443,0.9334306120872498
0.005303030303030303,0.2824074074074074,0.9316146969795227
0.006060606060606061,0.2824074074074074,0.9316062927246094
0.006060606060606061,0.3037037037037037,0.9277081489562988
0.006818181818181818,0.3037037037037037,0.9272885322570801
0.006818181818181818,0.30925925925925923,0.9264220595359802
0.007575757575757576,0.30925925925925923,0.9262916445732117
0.007575757575757576,0.3101851851851852,0.9262815117835999
0.008333333333333333,0.3101851851851852,0.9262456893920898
0.008333333333333333,0.3138888888888889,0.925603985786438
0.00909090909090909,0.3138888888888889,0.925355851650238
0.00909090909090909,0.31574074074074077,0.9252896904945374
0.009848484848484848,0.31574074074074077,0.9249532222747803
0.009848484848484848,0.32407407407407407,0.9230595231056213
0.010606060606060607,0.32407407407407407,0.9228531718254089
0.010606060606060607,0.337037037037037,0.9197725653648376
0.012121212121212121,0.337037037037037,0.9187431335449219
0.012121212121212121,0.3388888888888889,0.918491542339325
0.012878787878787878,0.3388888888888889,0.9180765748023987
0.012878787878787878,0.34629629629629627,0.9159945249557495
0.013636363636363636,0.34629629629629627,0.9156623482704163
0.013636363636363636,0.3574074074074074,0.9107674360275269
0.014393939393939395,0.3574074074074074,0.910559356212616
0.014393939393939395,0.3592592592592593,0.9105120897293091
0.015151515151515152,0.3592592592592593,0.9103767275810242
0.015151515151515152,0.5046296296296297,0.858561098575592
0.015909090909090907,0.5046296296296297,0.8585501909255981
0.015909090909090907,0.5055555555555555,0.857903778553009
0.016666666666666666,0.5055555555555555,0.8577576279640198
0.016666666666666666,0.5092592592592593,0.8567053079605103
0.017424242424242425,0.5092592592592593,0.8566467761993408
0.017424242424242425,0.5166666666666667,0.854335367679596
0.01818181818181818,0.5166666666666667,0.854320228099823
0.01818181818181818,0.524074074074074,0.8525290489196777
0.019696969696969695,0.524074074074074,0.8518396019935608
0.019696969696969695,0.525,0.8505127429962158
0.020454545454545454,0.525,0.8504745364189148
0.020454545454545454,0.5314814814814814,0.8485342860221863
0.021212121212121213,0.5314814814814814,0.8467248678207397
0.021212121212121213,0.5453703703703704,0.8425741195678711
0.02196969696969697,0.5453703703703704,0.842458188533783
0.02196969696969697,0.5462962962962963,0.8424463272094727
0.024242424242424242,0.5462962962962963,0.8406503796577454
0.024242424242424242,0.549074074074074,0.8401556015014648
0.025,0.549074074074074,0.839701771736145
0.025,0.55,0.8391211032867432
0.025757575757575757,0.55,0.8387711644172668
0.025757575757575757,0.5518518518518518,0.8385328054428101
0.026515151515151516,0.5518518518518518,0.8384410738945007
0.026515151515151516,0.5527777777777778,0.8384098410606384
0.02803030303030303,0.5527777777777778,0.8374250531196594
0.02803030303030303,0.5537037037037037,0.8373430371284485
0.02878787878787879,0.5537037037037037,0.8365010619163513
0.02878787878787879,0.5574074074074075,0.8351795077323914
0.029545454545454545,0.5574074074074075,0.8340785503387451
0.029545454545454545,0.5592592592592592,0.833116888999939
0.030303030303030304,0.5592592592592592,0.8325867652893066
0.030303030303030304,0.562037037037037,0.8311778903007507
0.03106060606060606,0.562037037037037,0.8311550617218018
0.03106060606060606,0.562962962962963,0.8305589556694031
0.031818181818181815,0.562962962962963,0.8301483988761902
0.031818181818181815,0.5648148148148148,0.8287452459335327
0.03257575757575758,0.5648148148148148,0.8285943269729614
0.03257575757575758,0.5657407407407408,0.8285751342773438
0.03333333333333333,0.5657407407407408,0.8284792304039001
0.03333333333333333,0.5694444444444444,0.8255211114883423
0.03409090909090909,0.5694444444444444,0.8255199790000916
0.03409090909090909,0.5703703703703704,0.8254579901695251
0.03484848484848485,0.5703703703703704,0.8252798318862915
0.03484848484848485,0.5722222222222222,0.8241901397705078
0.035606060606060606,0.5722222222222222,0.8238167762756348
0.035606060606060606,0.5731481481481482,0.8233240842819214
0.03636363636363636,0.5731481481481482,0.8232956528663635
0.03636363636363636,0.575925925925926,0.8229205012321472
0.037121212121212124,0.575925925925926,0.8227419257164001
0.037121212121212124,0.5796296296296296,0.8218649625778198
0.03939393939393939,0.5796296296296296,0.8203350901603699
0.03939393939393939,0.5805555555555556,0.8201131224632263
0.04015151515151515,0.5805555555555556,0.8200850486755371
0.04015151515151515,0.5833333333333334,0.8184472918510437
0.04090909090909091,0.5833333333333334,0.8182740807533264
0.04090909090909091,0.5861111111111111,0.8168660998344421
0.041666666666666664,0.5861111111111111,0.8152681589126587
0.041666666666666664,0.6129629629629629,0.7943790555000305
0.04242424242424243,0.6129629629629629,0.7911986112594604
0.04242424242424243,0.6175925925925926,0.79021817445755
0.04318181818181818,0.6175925925925926,0.7901602387428284
0.04318181818181818,0.6194444444444445,0.7893605828285217
0.04393939393939394,0.6194444444444445,0.7887110710144043
0.04393939393939394,0.6212962962962963,0.7882437705993652
0.0446969696969697,0.6212962962962963,0.7874681353569031
0.0446969696969697,0.6277777777777778,0.7836626172065735
0.045454545454545456,0.6277777777777778,0.7835342288017273
0.045454545454545456,0.7287037037037037,0.7308969497680664
0.04621212121212121,0.7287037037037037,0.7306109070777893
0.04621212121212121,0.7314814814814815,0.7290537357330322
0.04696969696969697,0.7314814814814815,0.7266727685928345
0.04696969696969697,0.7351851851851852,0.7255983948707581
0.048484848484848485,0.7351851851851852,0.7225193381309509
0.048484848484848485,0.737037037037037,0.7215146422386169
0.04924242424242424,0.737037037037037,0.7199605703353882
0.04924242424242424,0.7416666666666667,0.7137314081192017
0.05303030303030303,0.7416666666666667,0.7061419486999512
0.05303030303030303,0.7453703703703703,0.7033039927482605
0.05378787878787879,0.7453703703703703,0.7030192017555237
0.05378787878787879,0.7462962962962963,0.7025622129440308
0.055303030303030305,0.7462962962962963,0.7021520733833313
0.055303030303030305,0.7472222222222222,0.7020778059959412
0.05606060606060606,0.7472222222222222,0.7020132541656494
0.05606060606060606,0.7490740740740741,0.7005839943885803
0.05757575757575758,0.7490740740740741,0.700415313243866
0.05757575757575758,0.7546296296296297,0.6940493583679199
0.05909090909090909,0.7546296296296297,0.6920661330223083
0.05909090909090909,0.7555555555555555,0.6918513178825378
0.06212121212121212,0.7555555555555555,0.6898728013038635
0.06212121212121212,0.7564814814814815,0.6893090009689331
0.06287878787878788,0.7564814814814815,0.6881644129753113
0.06287878787878788,0.7620370370370371,0.6814330816268921
0.06363636363636363,0.7620370370370371,0.6767638325691223
0.06363636363636363,0.762962962962963,0.6711246967315674
0.06515151515151515,0.762962962962963,0.6693140864372253
0.06515151515151515,0.7648148148148148,0.6677959561347961
0.0659090909090909,0.7648148148148148,0.667239785194397
0.0659090909090909,0.7694444444444445,0.6636592745780945
0.06666666666666667,0.7694444444444445,0.663486659526825
0.06666666666666667,0.7722222222222223,0.6599189043045044
0.06742424242424243,0.7722222222222223,0.6572866439819336
0.06742424242424243,0.775,0.6542908549308777
0.06818181818181818,0.775,0.6488644480705261
0.06818181818181818,0.7768518518518519,0.6449365019798279
0.06893939393939394,0.7768518518518519,0.6376891732215881
0.06893939393939394,0.7777777777777778,0.6372423768043518
0.07196969696969698,0.7777777777777778,0.635442852973938
0.07196969696969698,0.7787037037037037,0.6348363757133484
0.075,0.7787037037037037,0.629675030708313
0.075,0.7805555555555556,0.6269713640213013
0.07575757575757576,0.7805555555555556,0.6269636750221252
0.07575757575757576,0.7833333333333333,0.624119758605957
0.07803030303030303,0.7833333333333333,0.6229864954948425
0.07803030303030303,0.7842592592592592,0.6216924786567688
0.07878787878787878,0.7842592592592592,0.6216156482696533
0.07878787878787878,0.7851851851851852,0.6202071309089661
0.08106060606060606,0.7851851851851852,0.6171478629112244
0.08106060606060606,0.787962962962963,0.6158496737480164
0.08333333333333333,0.787962962962963,0.614075779914856
0.08333333333333333,0.7916666666666666,0.6101903915405273
0.08409090909090909,0.7916666666666666,0.6076562404632568
0.08409090909090909,0.7935185185185185,0.6054211854934692
0.08636363636363636,0.7935185185185185,0.6043874621391296
0.08636363636363636,0.7972222222222223,0.6022969484329224
0.09318181818181819,0.7972222222222223,0.5958050489425659
0.09318181818181819,0.7981481481481482,0.5957686305046082
0.09393939393939393,0.7981481481481482,0.5946446657180786
0.09393939393939393,0.799074074074074,0.5936972498893738
0.0946969696969697,0.799074074074074,0.5931380987167358
0.0946969696969697,0.8009259259259259,0.5921666622161865
0.09772727272727273,0.8009259259259259,0.5908558964729309
0.09772727272727273,0.8037037037037037,0.5873657464981079
0.09848484848484848,0.8037037037037037,0.5860525965690613
0.09848484848484848,0.8046296296296296,0.5860074162483215
0.1,0.8046296296296296,0.584663987159729
0.1,0.8083333333333333,0.5824623703956604
0.10075757575757575,0.8083333333333333,0.582241952419281
0.10075757575757575,0.8092592592592592,0.5822166800498962
0.10227272727272728,0.8092592592592592,0.5815396308898926
0.10227272727272728,0.812962962962963,0.5798199772834778
0.10303030303030303,0.812962962962963,0.5773608088493347
0.10303030303030303,0.8212962962962963,0.5730040669441223
0.10378787878787879,0.8212962962962963,0.572869598865509
0.10378787878787879,0.8222222222222222,0.5718883275985718
0.1053030303030303,0.8222222222222222,0.5704935789108276
0.1053030303030303,0.825925925925926,0.5671747326850891
0.10606060606060606,0.825925925925926,0.5668981075286865
0.10606060606060606,0.8268518518518518,0.566586434841156
0.10833333333333334,0.8268518518518518,0.5614719390869141
0.10833333333333334,0.8277777777777777,0.5614222288131714
0.10909090909090909,0.8277777777777777,0.5600340962409973
0.10909090909090909,0.8287037037037037,0.5593971014022827
0.11060606060606061,0.8287037037037037,0.5551730394363403
0.11060606060606061,0.8333333333333334,0.5386123657226562
0.11212121212121212,0.8333333333333334,0.5371863842010498
0.11212121212121212,0.8342592592592593,0.5334921479225159
0.11287878787878788,0.8342592592592593,0.5323474407196045
0.11287878787878788,0.8351851851851851,0.5316478610038757
0.11363636363636363,0.8351851851851851,0.5312563180923462
0.11363636363636363,0.837037037037037,0.5299155712127686
0.1143939393939394,0.837037037037037,0.5298895239830017
0.1143939393939394,0.8379629629629629,0.5296716094017029
0.1159090909090909,0.8379629629629629,0.5274358987808228
0.1159090909090909,0.8416666666666667,0.5240051746368408
0.11666666666666667,0.8416666666666667,0.5218610167503357
0.11666666666666667,0.8425925925925926,0.5218069553375244
0.11742424242424243,0.8425925925925926,0.5198319554328918
0.11742424242424243,0.8453703703703703,0.5154026746749878
0.11818181818181818,0.8453703703703703,0.513217031955719
0.11818181818181818,0.8462962962962963,0.510460615158081
0.11893939393939394,0.8462962962962963,0.5083305239677429
0.11893939393939394,0.8555555555555555,0.504156768321991
0.11969696969696969,0.8555555555555555,0.5038522481918335
0.11969696969696969,0.8583333333333333,0.5031494498252869
0.12045454545454545,0.8583333333333333,0.5028217434883118
0.12045454545454545,0.8611111111111112,0.499788373708725
0.12272727272727273,0.8611111111111112,0.4981514811515808
0.12272727272727273,0.862037037037037,0.49718037247657776
0.12424242424242424,0.862037037037037,0.49637874960899353
0.12424242424242424,0.8629629629629629,0.49585071206092834
0.125,0.8629629629629629,0.4947739839553833
0.125,0.8657407407407407,0.49054500460624695
0.12651515151515152,0.8657407407407407,0.4902558922767639
0.12651515151515152,0.8740740740740741,0.4781078100204468
0.12727272727272726,0.8740740740740741,0.47755852341651917
0.12727272727272726,0.8759259259259259,0.4762074649333954
0.12803030303030302,0.8759259259259259,0.4755977392196655
0.12803030303030302,0.8768518518518519,0.4749304950237274
0.12878787878787878,0.8768518518518519,0.4739731550216675
0.12878787878787878,0.8787037037037037,0.4715996980667114
0.12954545454545455,0.8787037037037037,0.4715721905231476
0.12954545454545455,0.8833333333333333,0.4677790105342865
0.1303030303030303,0.8833333333333333,0.4672973155975342
0.1303030303030303,0.8944444444444445,0.4585497975349426
0.13106060606060607,0.8944444444444445,0.4579191505908966
0.13106060606060607,0.8981481481481481,0.45552265644073486
0.13257575757575757,0.8981481481481481,0.45473986864089966
0.13257575757575757,0.9074074074074074,0.45186588168144226
0.13333333333333333,0.9074074074074074,0.4516953229904175
0.13333333333333333,0.9101851851851852,0.4489499032497406
0.1340909090909091,0.9101851851851852,0.4484032094478607
0.1340909090909091,0.912962962962963,0.44701212644577026
0.13484848484848486,0.912962962962963,0.44502493739128113
0.13484848484848486,0.9138888888888889,0.4448946714401245
0.14015151515151514,0.9138888888888889,0.4384375512599945
0.14015151515151514,0.9222222222222223,0.43504178524017334
0.1409090909090909,0.9222222222222223,0.43404823541641235
0.1409090909090909,0.9231481481481482,0.4335443675518036
0.14242424242424243,0.9231481481481482,0.43243974447250366
0.14242424242424243,0.9259259259259259,0.4305027723312378
0.1431818181818182,0.9259259259259259,0.43041396141052246
0.1431818181818182,0.9268518518518518,0.4293490946292877
0.14393939393939395,0.9268518518518518,0.42868494987487793
0.14393939393939395,0.9342592592592592,0.4206988513469696
0.14469696969696969,0.9342592592592592,0.4203220009803772
0.14469696969696969,0.9444444444444444,0.41552141308784485
0.14545454545454545,0.9444444444444444,0.4145817756652832
0.14545454545454545,0.9453703703703704,0.4131213426589966
0.1462121212121212,0.9453703703703704,0.41258496046066284
0.1462121212121212,0.9481481481481482,0.4108826518058777
0.14696969696969697,0.9481481481481482,0.40837743878364563
0.14696969696969697,0.9490740740740741,0.40804293751716614
0.14772727272727273,0.9490740740740741,0.40764155983924866
0.14772727272727273,0.9601851851851851,0.3826170563697815
0.14924242424242423,0.9601851851851851,0.3806854784488678
0.14924242424242423,0.962037037037037,0.3798949718475342
0.15075757575757576,0.962037037037037,0.37819451093673706
0.15075757575757576,0.9648148148148148,0.377399742603302
0.15227272727272728,0.9648148148148148,0.37654954195022583
0.15227272727272728,0.9657407407407408,0.376015841960907
0.15378787878787878,0.9657407407407408,0.3729286193847656
0.15378787878787878,0.9666666666666667,0.37059810757637024
0.15833333333333333,0.9666666666666667,0.36663973331451416
0.15833333333333333,0.9675925925925926,0.36583760380744934
0.15984848484848485,0.9675925925925926,0.36459195613861084
0.15984848484848485,0.9685185185185186,0.36398160457611084
0.16136363636363638,0.9685185185185186,0.3636414706707001
0.16136363636363638,0.9694444444444444,0.36316779255867004
0.1621212121212121,0.9694444444444444,0.3631524443626404
0.1621212121212121,0.9703703703703703,0.3622356355190277
0.16818181818181818,0.9703703703703703,0.35761111974716187
0.16818181818181818,0.9712962962962963,0.3570324778556824
0.16893939393939394,0.9712962962962963,0.35592782497406006
0.16893939393939394,0.9722222222222222,0.3557218611240387
0.18484848484848485,0.9722222222222222,0.33488842844963074
0.18484848484848485,0.9731481481481481,0.32986530661582947
0.18712121212121213,0.9731481481481481,0.32692766189575195
0.18712121212121213,0.975,0.32540932297706604
0.18863636363636363,0.975,0.3245243728160858
0.18863636363636363,0.975925925925926,0.3243457078933716
0.19242424242424241,0.975925925925926,0.31992438435554504
0.19242424242424241,0.9768518518518519,0.3197548985481262
0.20454545454545456,0.9768518518518519,0.3093603551387787
0.20454545454545456,0.9777777777777777,0.3092164397239685
0.20681818181818182,0.9777777777777777,0.30855998396873474
0.20681818181818182,0.9787037037037037,0.30850380659103394
0.20757575757575758,0.9787037037037037,0.3073568642139435
0.20757575757575758,0.9796296296296296,0.3071412444114685
0.20833333333333334,0.9796296296296296,0.30702927708625793
0.20833333333333334,0.9805555555555555,0.30637210607528687
0.20909090909090908,0.9805555555555555,0.3056948482990265
0.20909090909090908,0.9814814814814815,0.30549222230911255
0.2803030303030303,0.9814814814814815,0.2482861876487732
0.2803030303030303,0.9824074074074074,0.24699987471103668
0.2825757575757576,0.9824074074074074,0.2438163310289383
0.2825757575757576,0.9833333333333333,0.24310556054115295
0.2840909090909091,0.9833333333333333,0.2420799285173416
0.2840909090909091,0.9842592592592593,0.24197429418563843
0.29318181818181815,0.9842592592592593,0.2338384985923767
0.29318181818181815,0.9851851851851852,0.23382186889648438
0.29772727272727273,0.9851851851851852,0.2317126840353012
0.29772727272727273,0.987037037037037,0.2309885025024414
0.3,0.987037037037037,0.22901278734207153
0.3,0.9888888888888889,0.2283167690038681
0.30833333333333335,0.9888888888888889,0.22409315407276154
0.30833333333333335,0.9898148148148148,0.22357456386089325
0.31136363636363634,0.9898148148148148,0.22102947533130646
0.31136363636363634,0.9907407407407407,0.22064270079135895
0.31363636363636366,0.9907407407407407,0.21895603835582733
0.31363636363636366,0.9916666666666667,0.21714773774147034
0.32196969696969696,0.9916666666666667,0.2123197317123413
0.32196969696969696,0.9925925925925926,0.21119028329849243
0.3416666666666667,0.9925925925925926,0.1992664635181427
0.3416666666666667,0.9935185185185185,0.1989450752735138
0.34545454545454546,0.9935185185185185,0.19458524882793427
0.34545454545454546,0.9944444444444445,0.19433312118053436
0.35075757575757577,0.9944444444444445,0.19086313247680664
0.35075757575757577,0.9953703703703703,0.19026359915733337
0.4174242424242424,0.9953703703703703,0.16240032017230988
0.4174242424242424,0.9962962962962963,0.16150106489658356
0.42272727272727273,0.9962962962962963,0.16008903086185455
0.42272727272727273,0.9972222222222222,0.16005901992321014
0.42348484848484846,0.9972222222222222,0.15984272956848145
0.42348484848484846,0.9981481481481481,0.15952569246292114
0.42424242424242425,0.9981481481481481,0.15940536558628082
0.42424242424242425,0.9990740740740741,0.15927733480930328
0.4318181818181818,0.9990740740740741,0.15738938748836517
0.4318181818181818,1.0,0.1568821519613266
1.0,1.0,0.006702515296638012
