FPR,TPR,Threshold
0.0,0.0,1.989753246307373
0.0,0.0005263157894736842,0.989753246307373
0.0,0.21789473684210525,0.9124550819396973
0.002,0.21789473684210525,0.9120664596557617
0.002,0.26421052631578945,0.8842010498046875
0.004,0.26421052631578945,0.8841521143913269
0.004,0.2794736842105263,0.8791665434837341
0.006,0.2794736842105263,0.8791412115097046
0.006,0.2810526315789474,0.8790358901023865
0.008,0.2810526315789474,0.8790088295936584
0.008,0.28210526315789475,0.8788813352584839
0.01,0.28210526315789475,0.878663182258606
0.01,0.2836842105263158,0.8780402541160583
0.012,0.2836842105263158,0.8779566287994385
0.012,0.2868421052631579,0.8770460486412048
0.014,0.2868421052631579,0.8767409324645996
0.014,0.29157894736842105,0.8754966259002686
0.016,0.29157894736842105,0.8754960894584656
0.016,0.29210526315789476,0.8752952218055725
0.02,0.29210526315789476,0.8751257658004761
0.02,0.2942105263157895,0.8750075101852417
0.022,0.2942105263157895,0.8749324083328247
0.022,0.2984210526315789,0.8738718628883362
0.024,0.2984210526315789,0.8736940026283264
0.024,0.29947368421052634,0.8735179901123047
0.026,0.29947368421052634,0.8731808066368103
0.026,0.3,0.873097836971283
0.028,0.3,0.8730188012123108
0.028,0.3063157894736842,0.8709055185317993
0.03,0.3063157894736842,0.8708460927009583
0.03,0.3121052631578947,0.8695427179336548
0.032,0.3121052631578947,0.8694193959236145
0.032,0.32526315789473687,0.8656184673309326
0.034,0.32526315789473687,0.8655645251274109
0.034,0.34578947368421054,0.8520973920822144
0.036,0.34578947368421054,0.8513619303703308
0.036,0.36526315789473685,0.8397383689880371
0.038,0.36526315789473685,0.8395580053329468
0.038,0.3726315789473684,0.836214005947113
0.04,0.3726315789473684,0.8360025882720947
0.04,0.5494736842105263,0.7422270774841309
0.042,0.5494736842105263,0.7421716451644897
0.042,0.5821052631578948,0.7233802676200867
0.044,0.5821052631578948,0.7217540740966797
0.044,0.6078947368421053,0.6845115423202515
0.046,0.6078947368421053,0.6844706535339355
0.046,0.6263157894736842,0.6737244725227356
0.05,0.6263157894736842,0.6732784509658813
0.05,0.6268421052631579,0.672880232334137
0.052,0.6268421052631579,0.6723328232765198
0.052,0.628421052631579,0.6715829372406006
0.054,0.628421052631579,0.6710093021392822
0.054,0.6368421052631579,0.6661507487297058
0.056,0.6368421052631579,0.6657215356826782
0.056,0.6378947368421053,0.6646565794944763
0.058,0.6378947368421053,0.6646296977996826
0.058,0.638421052631579,0.6645520329475403
0.06,0.638421052631579,0.6643553376197815
0.06,0.6389473684210526,0.664350152015686
0.062,0.6389473684210526,0.6638359427452087
0.062,0.6447368421052632,0.6599171757698059
0.064,0.6447368421052632,0.6596037745475769
0.064,0.6452631578947369,0.6595069766044617
0.066,0.6452631578947369,0.6580478549003601
0.066,0.6531578947368422,0.6537761688232422
0.07,0.6531578947368422,0.6532906889915466
0.07,0.6536842105263158,0.6528539657592773
0.072,0.6536842105263158,0.652655839920044
0.072,0.6552631578947369,0.6511116623878479
0.074,0.6552631578947369,0.650260865688324
0.074,0.6557894736842105,0.6495792865753174
0.076,0.6557894736842105,0.6487064361572266
0.076,0.6563157894736842,0.6486637592315674
0.078,0.6563157894736842,0.6483345031738281
0.078,0.6568421052631579,0.6479172706604004
0.08,0.6568421052631579,0.6476330161094666
0.08,0.6578947368421053,0.6473330855369568
0.082,0.6578947368421053,0.647077202796936
0.082,0.6589473684210526,0.647024929523468
0.084,0.6589473684210526,0.6464361548423767
0.084,0.6594736842105263,0.6460151672363281
0.088,0.6594736842105263,0.6445448398590088
0.088,0.6605263157894737,0.6444048881530762
0.092,0.6605263157894737,0.6443241238594055
0.092,0.6621052631578948,0.6434230208396912
0.096,0.6621052631578948,0.6419937610626221
0.096,0.6647368421052632,0.6388877630233765
0.098,0.6647368421052632,0.6386773586273193
0.098,0.6652631578947369,0.6380946636199951
0.108,0.6652631578947369,0.636476457118988
0.108,0.6684210526315789,0.6330153346061707
0.11,0.6684210526315789,0.6319565773010254
0.11,0.6736842105263158,0.6212384700775146
0.112,0.6736842105263158,0.6202598810195923
0.112,0.6852631578947368,0.6054115891456604
0.114,0.6852631578947368,0.6053619384765625
0.114,0.6910526315789474,0.6027233600616455
0.116,0.6910526315789474,0.6020463705062866
0.116,0.7042105263157895,0.5954186916351318
0.118,0.7042105263157895,0.5953961610794067
0.118,0.7063157894736842,0.5947975516319275
0.12,0.7063157894736842,0.594386100769043
0.12,0.7131578947368421,0.5899258255958557
0.122,0.7131578947368421,0.589870274066925
0.122,0.7252631578947368,0.582125186920166
0.124,0.7252631578947368,0.5812587738037109
0.124,0.7315789473684211,0.5748661756515503
0.126,0.7315789473684211,0.5747299194335938
0.126,0.7410526315789474,0.5641303062438965
0.128,0.7410526315789474,0.5640714168548584
0.128,0.7505263157894737,0.5533417463302612
0.138,0.7505263157894737,0.5521272420883179
0.138,0.7521052631578947,0.5500940680503845
0.142,0.7521052631578947,0.5492569208145142
0.142,0.7526315789473684,0.5491173267364502
0.144,0.7526315789473684,0.5481641888618469
0.144,0.7542105263157894,0.5456659197807312
0.146,0.7542105263157894,0.5453925728797913
0.146,0.7552631578947369,0.5438991189002991
0.152,0.7552631578947369,0.5420326590538025
0.152,0.7557894736842106,0.5420001745223999
0.154,0.7557894736842106,0.5416941046714783
0.154,0.7568421052631579,0.5410141944885254
0.156,0.7568421052631579,0.5388878583908081
0.156,0.7605263157894737,0.5342929363250732
0.158,0.7605263157894737,0.5338029265403748
0.158,0.7731578947368422,0.5114598870277405
0.16,0.7731578947368422,0.511012077331543
0.16,0.7863157894736842,0.4973743259906769
0.162,0.7863157894736842,0.49726900458335876
0.162,0.7889473684210526,0.4943200349807739
0.164,0.7889473684210526,0.4943104088306427
0.164,0.7910526315789473,0.4914478659629822
0.166,0.7910526315789473,0.4912784993648529
0.166,0.791578947368421,0.49103832244873047
0.17,0.791578947368421,0.488955020904541
0.17,0.7936842105263158,0.48746803402900696
0.18,0.7936842105263158,0.4835720360279083
0.18,0.7942105263157895,0.4830015301704407
0.182,0.7942105263157895,0.4829770624637604
0.182,0.7957894736842105,0.48249906301498413
0.186,0.7957894736842105,0.4823792576789856
0.186,0.7968421052631579,0.4812304973602295
0.192,0.7968421052631579,0.48004084825515747
0.192,0.7973684210526316,0.4799787700176239
0.21,0.7973684210526316,0.4758943021297455
0.21,0.7989473684210526,0.4750954210758209
0.212,0.7989473684210526,0.47394946217536926
0.212,0.7994736842105263,0.47354942560195923
0.224,0.7994736842105263,0.46891966462135315
0.224,0.8,0.468649685382843
0.23,0.8,0.46438732743263245
0.23,0.8052631578947368,0.4580744206905365
0.232,0.8052631578947368,0.45708128809928894
0.232,0.8115789473684211,0.45210981369018555
0.234,0.8115789473684211,0.4514654874801636
0.234,0.8268421052631579,0.43501904606819153
0.238,0.8268421052631579,0.43368834257125854
0.238,0.8294736842105264,0.4293237030506134
0.24,0.8294736842105264,0.4288405478000641
0.24,0.83,0.4278842806816101
0.242,0.83,0.4273802638053894
0.242,0.8321052631578948,0.422453910112381
0.244,0.8321052631578948,0.41991767287254333
0.244,0.8331578947368421,0.4176754653453827
0.246,0.8331578947368421,0.410958856344223
0.246,0.8336842105263158,0.4106699824333191
0.248,0.8336842105263158,0.40915772318840027
0.248,0.84,0.4018937349319458
0.25,0.84,0.400837779045105
0.25,0.8410526315789474,0.4005114734172821
0.254,0.8410526315789474,0.3999670445919037
0.254,0.8431578947368421,0.39860671758651733
0.26,0.8431578947368421,0.3973066210746765
0.26,0.8436842105263158,0.3971709609031677
0.262,0.8436842105263158,0.3964965045452118
0.262,0.8457894736842105,0.3948439359664917
0.264,0.8457894736842105,0.3940407931804657
0.264,0.848421052631579,0.3917846381664276
0.266,0.848421052631579,0.39176878333091736
0.266,0.8494736842105263,0.39122021198272705
0.272,0.8494736842105263,0.3906499445438385
0.272,0.85,0.3893643915653229
0.274,0.85,0.3892004191875458
0.274,0.8526315789473684,0.3860824704170227
0.276,0.8526315789473684,0.385368287563324
0.276,0.8557894736842105,0.38045167922973633
0.278,0.8557894736842105,0.37823691964149475
0.278,0.8626315789473684,0.37149491906166077
0.28,0.8626315789473684,0.37147247791290283
0.28,0.8731578947368421,0.3605121970176697
0.282,0.8731578947368421,0.36049503087997437
0.282,0.8736842105263158,0.3595799207687378
0.284,0.8736842105263158,0.35955604910850525
0.284,0.8757894736842106,0.35733863711357117
0.286,0.8757894736842106,0.35733190178871155
0.286,0.8778947368421053,0.35397449135780334
0.288,0.8778947368421053,0.3538040518760681
0.288,0.8794736842105263,0.3534325361251831
0.29,0.8794736842105263,0.35220804810523987
0.29,0.88,0.35193273425102234
0.292,0.88,0.35185131430625916
0.292,0.8810526315789474,0.3509342074394226
0.294,0.8810526315789474,0.35016900300979614
0.294,0.8857894736842106,0.3480481803417206
0.296,0.8857894736842106,0.347435861825943
0.296,0.8868421052631579,0.3454038202762604
0.3,0.8868421052631579,0.3442465364933014
0.3,0.8878947368421053,0.34418636560440063
0.304,0.8878947368421053,0.3441527187824249
0.304,0.888421052631579,0.34357181191444397
0.31,0.888421052631579,0.34164202213287354
0.31,0.8921052631578947,0.33819037675857544
0.314,0.8921052631578947,0.337373822927475
0.314,0.8936842105263157,0.33631953597068787
0.318,0.8936842105263157,0.3356415927410126
0.318,0.8942105263157895,0.3352842628955841
0.32,0.8942105263157895,0.3351261615753174
0.32,0.8973684210526316,0.33157527446746826
0.322,0.8973684210526316,0.331111878156662
0.322,0.9036842105263158,0.32199645042419434
0.324,0.9036842105263158,0.3219246566295624
0.324,0.9105263157894737,0.31228718161582947
0.326,0.9105263157894737,0.31158778071403503
0.326,0.9142105263157895,0.3047238886356354
0.328,0.9142105263157895,0.30378594994544983
0.328,0.9147368421052632,0.30295276641845703
0.33,0.9147368421052632,0.301506370306015
0.33,0.9157894736842105,0.29943645000457764
0.336,0.9157894736842105,0.2972904145717621
0.336,0.9163157894736842,0.29726722836494446
0.35,0.9163157894736842,0.2906002998352051
0.35,0.9168421052631579,0.2901774048805237
0.36,0.9168421052631579,0.2885153591632843
0.36,0.9173684210526316,0.2882190942764282
0.396,0.9173684210526316,0.28210657835006714
0.396,0.9178947368421052,0.2818823754787445
0.4,0.9178947368421052,0.2815035581588745
0.4,0.9189473684210526,0.2810760736465454
0.402,0.9189473684210526,0.2810332477092743
0.402,0.9205263157894736,0.2801724970340729
0.412,0.9205263157894736,0.27868789434432983
0.412,0.9210526315789473,0.27852219343185425
0.414,0.9210526315789473,0.27844345569610596
0.414,0.921578947368421,0.2784314453601837
0.416,0.921578947368421,0.2782496213912964
0.416,0.9221052631578948,0.2782275080680847
0.424,0.9221052631578948,0.2759360074996948
0.424,0.9231578947368421,0.27525606751441956
0.432,0.9231578947368421,0.2740980088710785
0.432,0.9252631578947368,0.2730047404766083
0.442,0.9252631578947368,0.27183884382247925
0.442,0.9257894736842105,0.26977142691612244
0.446,0.9257894736842105,0.26814693212509155
0.446,0.9268421052631579,0.26728731393814087
0.458,0.9268421052631579,0.2645587623119354
0.458,0.9273684210526316,0.2634565830230713
0.46,0.9273684210526316,0.26272058486938477
0.46,0.9278947368421052,0.2624802589416504
0.468,0.9278947368421052,0.26067298650741577
0.468,0.9289473684210526,0.26010921597480774
0.47,0.9289473684210526,0.2599457800388336
0.47,0.9321052631578948,0.25641047954559326
0.474,0.9321052631578948,0.25516456365585327
0.474,0.9331578947368421,0.25337132811546326
0.478,0.9331578947368421,0.2510581612586975
0.478,0.9357894736842105,0.24758735299110413
0.48,0.9357894736842105,0.24740909039974213
0.48,0.9426315789473684,0.23964202404022217
0.484,0.9426315789473684,0.23789305984973907
0.484,0.9452631578947368,0.23441751301288605
0.494,0.9452631578947368,0.23048488795757294
0.494,0.9457894736842105,0.2304334044456482
0.514,0.9457894736842105,0.22400538623332977
0.514,0.9463157894736842,0.22385206818580627
0.518,0.9463157894736842,0.2201455682516098
0.518,0.9468421052631579,0.2195473611354828
0.52,0.9468421052631579,0.21811352670192719
0.52,0.9473684210526315,0.21793901920318604
0.53,0.9473684210526315,0.2147173434495926
0.53,0.9478947368421052,0.21435153484344482
0.598,0.9478947368421052,0.18309466540813446
0.598,0.9484210526315789,0.177992582321167
0.6,0.9484210526315789,0.17781443893909454
0.6,0.9531578947368421,0.16611267626285553
0.604,0.9531578947368421,0.1653127521276474
0.604,0.9557894736842105,0.16314223408699036
0.608,0.9557894736842105,0.161795973777771
0.608,0.9563157894736842,0.16119159758090973
0.61,0.9563157894736842,0.1577850580215454
0.61,0.9568421052631579,0.1577102094888687
0.636,0.9568421052631579,0.14982253313064575
0.636,0.9573684210526315,0.14614109694957733
0.638,0.9573684210526315,0.14598484337329865
0.638,0.9578947368421052,0.14348922669887543
0.64,0.9578947368421052,0.14288340508937836
0.64,0.958421052631579,0.1427660584449768
0.682,0.958421052631579,0.11221636831760406
0.682,0.9589473684210527,0.10960349440574646
0.684,0.9589473684210527,0.10700102150440216
0.684,0.96,0.10394647717475891
0.686,0.96,0.10346195846796036
0.686,0.9647368421052631,0.09938501566648483
0.688,0.9647368421052631,0.09823685884475708
0.688,0.9663157894736842,0.09790520370006561
0.69,0.9663157894736842,0.09780021011829376
0.69,0.9678947368421053,0.09733443707227707
0.72,0.9678947368421053,0.0906641036272049
0.72,0.9689473684210527,0.08760645240545273
0.728,0.9689473684210527,0.08269105851650238
0.728,0.9694736842105263,0.07978664338588715
0.736,0.9694736842105263,0.07735507935285568
0.736,0.97,0.07733312994241714
0.76,0.97,0.07447072118520737
0.76,0.9705263157894737,0.07397524267435074
0.764,0.9705263157894737,0.0724182277917862
0.764,0.9726315789473684,0.07092016935348511
0.772,0.9726315789473684,0.07045339792966843
0.772,0.9731578947368421,0.07042405009269714
0.776,0.9731578947368421,0.07031071186065674
0.776,0.9736842105263158,0.0700438991189003
0.782,0.9736842105263158,0.0694781243801117
0.782,0.9757894736842105,0.06893983483314514
0.79,0.9757894736842105,0.06872604787349701
0.79,0.9768421052631578,0.068392314016819
0.798,0.9768421052631578,0.06755464524030685
0.798,0.9794736842105263,0.06551926583051682
0.8,0.9794736842105263,0.06430516391992569
0.8,0.98,0.06396264582872391
0.802,0.98,0.06360825896263123
0.802,0.9805263157894737,0.06256032735109329
0.812,0.9805263157894737,0.05752682313323021
0.812,0.9810526315789474,0.05713709071278572
0.814,0.9810526315789474,0.05707302689552307
0.814,0.9821052631578947,0.05665616691112518
0.82,0.9821052631578947,0.05601652339100838
0.82,0.9826315789473684,0.05599898099899292
0.824,0.9826315789473684,0.05581387132406235
0.824,0.9831578947368421,0.05579248443245888
0.826,0.9831578947368421,0.05574309453368187
0.826,0.9842105263157894,0.05532260984182358
0.83,0.9842105263157894,0.055206459015607834
0.83,0.9873684210526316,0.05436309427022934
0.84,0.9873684210526316,0.05360102280974388
0.84,0.9905263157894737,0.05210862308740616
0.842,0.9905263157894737,0.0514906570315361
0.842,0.9921052631578947,0.05084235221147537
0.844,0.9921052631578947,0.05084160342812538
0.844,0.9952631578947368,0.05005143955349922
0.846,0.9952631578947368,0.050030022859573364
0.846,0.998421052631579,0.04889599233865738
0.848,0.998421052631579,0.0488152801990509
0.848,0.9989473684210526,0.04874804615974426
0.872,0.9989473684210526,0.045441675931215286
0.872,0.9994736842105263,0.04524129256606102
0.878,0.9994736842105263,0.04490751400589943
0.878,1.0,0.04402569681406021
1.0,1.0,0.01583000272512436
