FPR,TPR,Threshold
0.0,0.0,1.947796881198883
0.0,0.0009615384615384616,0.9477968811988831
0.0,0.046153846153846156,0.9162243008613586
0.0007352941176470588,0.046153846153846156,0.9150600433349609
0.0007352941176470588,0.05961538461538462,0.9092724323272705
0.0014705882352941176,0.05961538461538462,0.9090350270271301
0.0014705882352941176,0.06153846153846154,0.9085240960121155
0.0022058823529411764,0.06153846153846154,0.9084997773170471
0.0022058823529411764,0.0625,0.9084362387657166
0.0029411764705882353,0.0625,0.9083650708198547
0.0029411764705882353,0.07019230769230769,0.906981348991394
0.003676470588235294,0.07019230769230769,0.9068622589111328
0.003676470588235294,0.07211538461538461,0.9064855575561523
0.005147058823529412,0.07211538461538461,0.9061070084571838
0.005147058823529412,0.07307692307692308,0.9060013294219971
0.0058823529411764705,0.07307692307692308,0.9059396386146545
0.0058823529411764705,0.075,0.9058940410614014
0.006617647058823529,0.075,0.9056341052055359
0.006617647058823529,0.08076923076923077,0.9033055305480957
0.007352941176470588,0.08076923076923077,0.9030738472938538
0.007352941176470588,0.08557692307692308,0.9020683765411377
0.008088235294117648,0.08557692307692308,0.9017223119735718
0.008088235294117648,0.08653846153846154,0.9010768532752991
0.009558823529411765,0.08653846153846154,0.8997830748558044
0.009558823529411765,0.08942307692307692,0.8992801308631897
0.010294117647058823,0.08942307692307692,0.8982486724853516
0.010294117647058823,0.09423076923076923,0.8912956714630127
0.011029411764705883,0.09423076923076923,0.8912712931632996
0.011029411764705883,0.09711538461538462,0.8884395360946655
0.011764705882352941,0.09711538461538462,0.8883621096611023
0.011764705882352941,0.11442307692307692,0.8792624473571777
0.0125,0.11442307692307692,0.8786162734031677
0.0125,0.13653846153846153,0.8724749088287354
0.013235294117647059,0.13653846153846153,0.8724090456962585
0.013235294117647059,0.1798076923076923,0.8608166575431824
0.013970588235294118,0.1798076923076923,0.860796332359314
0.013970588235294118,0.1875,0.8517314791679382
0.014705882352941176,0.1875,0.8506946563720703
0.014705882352941176,0.24326923076923077,0.8210805058479309
0.015441176470588236,0.24326923076923077,0.821006715297699
0.015441176470588236,0.25961538461538464,0.8129152655601501
0.016176470588235296,0.25961538461538464,0.8126758933067322
0.016176470588235296,0.2605769230769231,0.8123624324798584
0.016911764705882352,0.2605769230769231,0.8123355507850647
0.016911764705882352,0.26153846153846155,0.8116974234580994
0.01764705882352941,0.26153846153846155,0.8115255236625671
0.01764705882352941,0.2625,0.8113530278205872
0.01838235294117647,0.2625,0.8111493587493896
0.01838235294117647,0.2721153846153846,0.8080407381057739
0.01911764705882353,0.2721153846153846,0.8080056309700012
0.01911764705882353,0.2778846153846154,0.806843638420105
0.020588235294117647,0.2778846153846154,0.8056089282035828
0.020588235294117647,0.28076923076923077,0.8047768473625183
0.021323529411764706,0.28076923076923077,0.8045476675033569
0.021323529411764706,0.2865384615384615,0.8023431301116943
0.022794117647058822,0.2865384615384615,0.8018771409988403
0.022794117647058822,0.28846153846153844,0.8016021251678467
0.023529411764705882,0.28846153846153844,0.8014043569564819
0.023529411764705882,0.29134615384615387,0.8005615472793579
0.025,0.29134615384615387,0.800218939781189
0.025,0.2923076923076923,0.7999252676963806
0.027205882352941177,0.2923076923076923,0.7992635369300842
0.027205882352941177,0.29903846153846153,0.7974214553833008
0.027941176470588237,0.29903846153846153,0.7973769307136536
0.027941176470588237,0.30096153846153845,0.7972738146781921
0.028676470588235293,0.30096153846153845,0.797260582447052
0.028676470588235293,0.3019230769230769,0.7972305417060852
0.030882352941176472,0.3019230769230769,0.7959729433059692
0.030882352941176472,0.30673076923076925,0.7940976619720459
0.03161764705882353,0.30673076923076925,0.7936967015266418
0.03161764705882353,0.3125,0.7910378575325012
0.03308823529411765,0.3125,0.7908515334129333
0.03308823529411765,0.31826923076923075,0.7886816263198853
0.033823529411764704,0.31826923076923075,0.7886148691177368
0.033823529411764704,0.3192307692307692,0.788266658782959
0.03455882352941177,0.3192307692307692,0.7879977822303772
0.03455882352941177,0.32211538461538464,0.786764919757843
0.03529411764705882,0.32211538461538464,0.7860331535339355
0.03529411764705882,0.33365384615384613,0.7828205227851868
0.03602941176470588,0.33365384615384613,0.7824430465698242
0.03602941176470588,0.3375,0.7819043397903442
0.03676470588235294,0.3375,0.7817977666854858
0.03676470588235294,0.34423076923076923,0.7784537672996521
0.0375,0.34423076923076923,0.7777749300003052
0.0375,0.34615384615384615,0.7763521075248718
0.03897058823529412,0.34615384615384615,0.7757192254066467
0.03897058823529412,0.35,0.7751249074935913
0.041176470588235294,0.35,0.7746938467025757
0.041176470588235294,0.35192307692307695,0.7735046148300171
0.04411764705882353,0.35192307692307695,0.7708815336227417
0.04411764705882353,0.3528846153846154,0.7708727717399597
0.045588235294117645,0.3528846153846154,0.7701765894889832
0.045588235294117645,0.35384615384615387,0.7695862054824829
0.04632352941176471,0.35384615384615387,0.7688361406326294
0.04632352941176471,0.3548076923076923,0.7686009407043457
0.05,0.3548076923076923,0.767387330532074
0.05,0.3557692307692308,0.7673624753952026
0.051470588235294115,0.3557692307692308,0.7671355605125427
0.051470588235294115,0.35673076923076924,0.7668243646621704
0.05220588235294118,0.35673076923076924,0.766460120677948
0.05220588235294118,0.3576923076923077,0.7664017677307129
0.052941176470588235,0.3576923076923077,0.7659534811973572
0.052941176470588235,0.35865384615384616,0.7659512758255005
0.05367647058823529,0.35865384615384616,0.7659497261047363
0.05367647058823529,0.3596153846153846,0.7658357620239258
0.054411764705882354,0.3596153846153846,0.7658132314682007
0.054411764705882354,0.3605769230769231,0.7657828330993652
0.05588235294117647,0.3605769230769231,0.7656822800636292
0.05588235294117647,0.3625,0.7652825713157654
0.057352941176470586,0.3625,0.764861524105072
0.057352941176470586,0.3701923076923077,0.7638376951217651
0.05955882352941176,0.3701923076923077,0.7635625004768372
0.05955882352941176,0.3817307692307692,0.7606112360954285
0.06102941176470588,0.3817307692307692,0.7603952884674072
0.06102941176470588,0.38269230769230766,0.760262668132782
0.061764705882352944,0.38269230769230766,0.7601154446601868
0.061764705882352944,0.3855769230769231,0.7596560120582581
0.0625,0.3855769230769231,0.7595614790916443
0.0625,0.38846153846153847,0.759109377861023
0.06397058823529411,0.38846153846153847,0.7586774230003357
0.06397058823529411,0.3903846153846154,0.758544921875
0.06544117647058824,0.3903846153846154,0.758067786693573
0.06544117647058824,0.39134615384615384,0.7580028772354126
0.06691176470588235,0.39134615384615384,0.7577117085456848
0.06691176470588235,0.3923076923076923,0.7575623989105225
0.0713235294117647,0.3923076923076923,0.7569003701210022
0.0713235294117647,0.39326923076923076,0.756587028503418
0.07205882352941176,0.39326923076923076,0.7565140128135681
0.07205882352941176,0.3942307692307692,0.7563897371292114
0.07352941176470588,0.3942307692307692,0.7559090852737427
0.07352941176470588,0.3951923076923077,0.7552410364151001
0.075,0.3951923076923077,0.7544400095939636
0.075,0.39615384615384613,0.7543823719024658
0.07573529411764705,0.39615384615384613,0.7542687058448792
0.07573529411764705,0.3971153846153846,0.7541036605834961
0.07647058823529412,0.3971153846153846,0.7539852261543274
0.07647058823529412,0.4048076923076923,0.7521661520004272
0.07720588235294118,0.4048076923076923,0.7516092658042908
0.07720588235294118,0.4125,0.7498802542686462
0.07794117647058824,0.4125,0.7498452663421631
0.07794117647058824,0.41634615384615387,0.7488540410995483
0.07941176470588235,0.41634615384615387,0.7486534714698792
0.07941176470588235,0.42788461538461536,0.7403036952018738
0.08014705882352942,0.42788461538461536,0.7394591569900513
0.08014705882352942,0.43173076923076925,0.7369508743286133
0.08088235294117647,0.43173076923076925,0.7363117933273315
0.08088235294117647,0.4326923076923077,0.7360689043998718
0.08235294117647059,0.4326923076923077,0.7340933680534363
0.08235294117647059,0.44326923076923075,0.7304508090019226
0.08308823529411764,0.44326923076923075,0.7300906777381897
0.08308823529411764,0.4442307692307692,0.7295501232147217
0.0838235294117647,0.4442307692307692,0.7294633388519287
0.0838235294117647,0.4519230769230769,0.7268231511116028
0.08455882352941177,0.4519230769230769,0.7258265018463135
0.08455882352941177,0.4528846153846154,0.7247539758682251
0.08529411764705883,0.4528846153846154,0.723454475402832
0.08529411764705883,0.4567307692307692,0.7212854027748108
0.08602941176470588,0.4567307692307692,0.7211467623710632
0.08602941176470588,0.46442307692307694,0.7189325094223022
0.08676470588235294,0.46442307692307694,0.7183820605278015
0.08676470588235294,0.46826923076923077,0.7178826332092285
0.0875,0.46826923076923077,0.7175260782241821
0.0875,0.475,0.7149324417114258
0.08823529411764706,0.475,0.7147815823554993
0.08823529411764706,0.47596153846153844,0.7142130732536316
0.08897058823529412,0.47596153846153844,0.7136425375938416
0.08897058823529412,0.47884615384615387,0.7134643197059631
0.09117647058823529,0.47884615384615387,0.7129817008972168
0.09117647058823529,0.4875,0.7103309631347656
0.09191176470588236,0.4875,0.7101422548294067
0.09191176470588236,0.4894230769230769,0.7094866633415222
0.09264705882352942,0.4894230769230769,0.7094740867614746
0.09264705882352942,0.4951923076923077,0.7083107829093933
0.09338235294117647,0.4951923076923077,0.7080352902412415
0.09338235294117647,0.4980769230769231,0.7077324390411377
0.09485294117647058,0.4980769230769231,0.7073879241943359
0.09485294117647058,0.5,0.7069193720817566
0.09558823529411764,0.5,0.7063033580780029
0.09558823529411764,0.5086538461538461,0.7043746113777161
0.09705882352941177,0.5086538461538461,0.7038987874984741
0.09705882352941177,0.5096153846153846,0.7037783861160278
0.09779411764705882,0.5096153846153846,0.7035490274429321
0.09779411764705882,0.5115384615384615,0.7031812071800232
0.09926470588235294,0.5115384615384615,0.7025332450866699
0.09926470588235294,0.5134615384615384,0.7024068832397461
0.10220588235294117,0.5134615384615384,0.7018188238143921
0.10220588235294117,0.5144230769230769,0.7016766667366028
0.10294117647058823,0.5144230769230769,0.7016744613647461
0.10294117647058823,0.5182692307692308,0.7007455229759216
0.1036764705882353,0.5182692307692308,0.7006932497024536
0.1036764705882353,0.5201923076923077,0.699984073638916
0.10441176470588236,0.5201923076923077,0.6996265053749084
0.10441176470588236,0.5211538461538462,0.6994011998176575
0.10661764705882353,0.5211538461538462,0.6988656520843506
0.10661764705882353,0.5230769230769231,0.6984242796897888
0.10735294117647058,0.5230769230769231,0.6981905102729797
0.10735294117647058,0.525,0.6978198885917664
0.10808823529411765,0.525,0.6975113749504089
0.10808823529411765,0.5269230769230769,0.6970992684364319
0.10882352941176471,0.5269230769230769,0.6970906257629395
0.10882352941176471,0.5278846153846154,0.6969509124755859
0.10955882352941176,0.5278846153846154,0.6967573761940002
0.10955882352941176,0.5288461538461539,0.6966801881790161
0.11029411764705882,0.5288461538461539,0.6963105201721191
0.11029411764705882,0.5298076923076923,0.6956794857978821
0.11102941176470588,0.5298076923076923,0.6955682039260864
0.11102941176470588,0.5307692307692308,0.695359468460083
0.11176470588235295,0.5307692307692308,0.6952149271965027
0.11176470588235295,0.5317307692307692,0.6951177716255188
0.1125,0.5317307692307692,0.694423496723175
0.1125,0.5326923076923077,0.6940100193023682
0.11323529411764706,0.5326923076923077,0.6937758922576904
0.11323529411764706,0.5365384615384615,0.6913489699363708
0.11397058823529412,0.5365384615384615,0.6899203658103943
0.11397058823529412,0.5384615384615384,0.6890342235565186
0.1161764705882353,0.5384615384615384,0.6870192289352417
0.1161764705882353,0.5403846153846154,0.6858030557632446
0.11985294117647059,0.5403846153846154,0.6832669973373413
0.11985294117647059,0.5413461538461538,0.6832289695739746
0.12058823529411765,0.5413461538461538,0.6832246780395508
0.12058823529411765,0.5423076923076923,0.6830337643623352
0.12205882352941176,0.5423076923076923,0.6812552809715271
0.12205882352941176,0.5432692307692307,0.6801154017448425
0.12426470588235294,0.5432692307692307,0.678166925907135
0.12426470588235294,0.5442307692307692,0.6777855157852173
0.12573529411764706,0.5442307692307692,0.6773529052734375
0.12573529411764706,0.5451923076923076,0.6772923469543457
0.13014705882352942,0.5451923076923076,0.6739925146102905
0.13014705882352942,0.5461538461538461,0.6737878918647766
0.13161764705882353,0.5461538461538461,0.6731885075569153
0.13161764705882353,0.5480769230769231,0.6727671027183533
0.13308823529411765,0.5480769230769231,0.6717670559883118
0.13308823529411765,0.5490384615384616,0.6716183423995972
0.13529411764705881,0.5490384615384616,0.6705448031425476
0.13529411764705881,0.5509615384615385,0.6703880429267883
0.13602941176470587,0.5509615384615385,0.6699082851409912
0.13602941176470587,0.5528846153846154,0.6694630980491638
0.13823529411764707,0.5528846153846154,0.6689406633377075
0.13823529411764707,0.5538461538461539,0.6687369346618652
0.13970588235294118,0.5538461538461539,0.6680650115013123
0.13970588235294118,0.5557692307692308,0.6660576462745667
0.14191176470588235,0.5557692307692308,0.6656139492988586
0.14191176470588235,0.5576923076923077,0.6642690300941467
0.14411764705882352,0.5576923076923077,0.6638719439506531
0.14411764705882352,0.5586538461538462,0.6633848547935486
0.1448529411764706,0.5586538461538462,0.6628668904304504
0.1448529411764706,0.5596153846153846,0.6624623537063599
0.14558823529411766,0.5596153846153846,0.662346363067627
0.14558823529411766,0.5605769230769231,0.6622315049171448
0.14705882352941177,0.5605769230769231,0.662061333656311
0.14705882352941177,0.5615384615384615,0.6618776321411133
0.14852941176470588,0.5615384615384615,0.6615904569625854
0.14852941176470588,0.5663461538461538,0.6607244610786438
0.14926470588235294,0.5663461538461538,0.6605947017669678
0.14926470588235294,0.5692307692307692,0.6602084040641785
0.1514705882352941,0.5692307692307692,0.6589779257774353
0.1514705882352941,0.5701923076923077,0.6586419343948364
0.1536764705882353,0.5701923076923077,0.6581183075904846
0.1536764705882353,0.5711538461538461,0.6579952836036682
0.15808823529411764,0.5711538461538461,0.6556715965270996
0.15808823529411764,0.5721153846153846,0.6554861068725586
0.15955882352941175,0.5721153846153846,0.6551494598388672
0.15955882352941175,0.5740384615384615,0.6546850800514221
0.1625,0.5740384615384615,0.6538649201393127
0.1625,0.5769230769230769,0.6535504460334778
0.16470588235294117,0.5769230769230769,0.6527361869812012
0.16470588235294117,0.5778846153846153,0.6526644229888916
0.1661764705882353,0.5778846153846153,0.651616096496582
0.1661764705882353,0.5798076923076924,0.6514168977737427
0.16691176470588234,0.5798076923076924,0.6514152884483337
0.16691176470588234,0.5807692307692308,0.6513993144035339
0.1676470588235294,0.5807692307692308,0.6513813138008118
0.1676470588235294,0.5836538461538462,0.6500763893127441
0.16911764705882354,0.5836538461538462,0.6497687697410583
0.16911764705882354,0.5846153846153846,0.6496232151985168
0.1698529411764706,0.5846153846153846,0.6489309668540955
0.1698529411764706,0.5865384615384616,0.6483383774757385
0.17205882352941176,0.5865384615384616,0.6477497816085815
0.17205882352941176,0.5875,0.6477087736129761
0.17352941176470588,0.5875,0.6472351551055908
0.17352941176470588,0.5884615384615385,0.6466741561889648
0.17573529411764705,0.5884615384615385,0.6465631127357483
0.17573529411764705,0.5894230769230769,0.6463415026664734
0.17647058823529413,0.5894230769230769,0.6461202502250671
0.17647058823529413,0.5903846153846154,0.6457875370979309
0.17720588235294119,0.5903846153846154,0.6454123854637146
0.17720588235294119,0.5913461538461539,0.6450387835502625
0.1801470588235294,0.5913461538461539,0.6443952918052673
0.1801470588235294,0.5923076923076923,0.6443542838096619
0.18088235294117647,0.5923076923076923,0.6438854932785034
0.18088235294117647,0.5932692307692308,0.6434338092803955
0.18161764705882352,0.5932692307692308,0.6432279348373413
0.18161764705882352,0.5942307692307692,0.6430744528770447
0.18235294117647058,0.5942307692307692,0.6417355537414551
0.18235294117647058,0.5951923076923077,0.6416966915130615
0.18308823529411763,0.5951923076923077,0.6413536667823792
0.18308823529411763,0.5961538461538461,0.6412050127983093
0.18382352941176472,0.5961538461538461,0.6411155462265015
0.18382352941176472,0.5971153846153846,0.640674352645874
0.18455882352941178,0.5971153846153846,0.6393490433692932
0.18455882352941178,0.6009615384615384,0.6378050446510315
0.18529411764705883,0.6009615384615384,0.637395441532135
0.18529411764705883,0.6028846153846154,0.6366084814071655
0.1860294117647059,0.6028846153846154,0.6365029215812683
0.1860294117647059,0.6038461538461538,0.6364476680755615
0.18676470588235294,0.6038461538461538,0.6361382603645325
0.18676470588235294,0.6076923076923076,0.6352125406265259
0.18823529411764706,0.6076923076923076,0.6342514753341675
0.18823529411764706,0.6086538461538461,0.6340610384941101
0.18970588235294117,0.6086538461538461,0.6339593529701233
0.18970588235294117,0.6105769230769231,0.6335014700889587
0.19117647058823528,0.6105769230769231,0.632726788520813
0.19117647058823528,0.6153846153846154,0.6315283179283142
0.19264705882352942,0.6153846153846154,0.6297204494476318
0.19264705882352942,0.6221153846153846,0.6286444664001465
0.19338235294117648,0.6221153846153846,0.6281570792198181
0.19338235294117648,0.6307692307692307,0.6250214576721191
0.1948529411764706,0.6307692307692307,0.6247459053993225
0.1948529411764706,0.6317307692307692,0.6247437000274658
0.19558823529411765,0.6317307692307692,0.6242263913154602
0.19558823529411765,0.6384615384615384,0.6219034790992737
0.1963235294117647,0.6384615384615384,0.6218242645263672
0.1963235294117647,0.6413461538461539,0.62125563621521
0.19705882352941176,0.6413461538461539,0.6207996010780334
0.19705882352941176,0.6423076923076924,0.6207420229911804
0.19779411764705881,0.6423076923076924,0.620553731918335
0.19779411764705881,0.6461538461538462,0.6198410391807556
0.19852941176470587,0.6461538461538462,0.6192876100540161
0.19852941176470587,0.6605769230769231,0.6145526766777039
0.2,0.6605769230769231,0.6139345169067383
0.2,0.6673076923076923,0.6092841029167175
0.20220588235294118,0.6673076923076923,0.6082524061203003
0.20220588235294118,0.6692307692307692,0.6061187982559204
0.20294117647058824,0.6692307692307692,0.6060202121734619
0.20294117647058824,0.6711538461538461,0.6049937009811401
0.2036764705882353,0.6711538461538461,0.6045657396316528
0.2036764705882353,0.6730769230769231,0.6029679179191589
0.20441176470588235,0.6730769230769231,0.6027111411094666
0.20441176470588235,0.6740384615384616,0.6025334596633911
0.2051470588235294,0.6740384615384616,0.6018039584159851
0.2051470588235294,0.676923076923077,0.6014567017555237
0.20588235294117646,0.676923076923077,0.6012216806411743
0.20588235294117646,0.6778846153846154,0.6007122993469238
0.20661764705882352,0.6778846153846154,0.6005982160568237
0.20661764705882352,0.6798076923076923,0.5995400547981262
0.20955882352941177,0.6798076923076923,0.5986791253089905
0.20955882352941177,0.6826923076923077,0.5974578857421875
0.21176470588235294,0.6826923076923077,0.5958374738693237
0.21176470588235294,0.6846153846153846,0.5957289934158325
0.2139705882352941,0.6846153846153846,0.5946385264396667
0.2139705882352941,0.6865384615384615,0.5943465232849121
0.21544117647058825,0.6865384615384615,0.5934644341468811
0.21544117647058825,0.6875,0.591715395450592
0.2161764705882353,0.6875,0.5916000604629517
0.2161764705882353,0.6894230769230769,0.5911630988121033
0.21764705882352942,0.6894230769230769,0.5909706950187683
0.21764705882352942,0.6913461538461538,0.5904950499534607
0.21838235294117647,0.6913461538461538,0.590204656124115
0.21838235294117647,0.6923076923076923,0.5900701284408569
0.2213235294117647,0.6923076923076923,0.5888133645057678
0.2213235294117647,0.6932692307692307,0.5883923768997192
0.2235294117647059,0.6932692307692307,0.5876725912094116
0.2235294117647059,0.6971153846153846,0.5866221189498901
0.22426470588235295,0.6971153846153846,0.5860922932624817
0.22426470588235295,0.698076923076923,0.5858972668647766
0.22647058823529412,0.698076923076923,0.5847549438476562
0.22647058823529412,0.6990384615384615,0.5841028094291687
0.2301470588235294,0.6990384615384615,0.5810650587081909
0.2301470588235294,0.7009615384615384,0.5795897841453552
0.23088235294117648,0.7009615384615384,0.5795802474021912
0.23088235294117648,0.7028846153846153,0.5785585641860962
0.23455882352941176,0.7028846153846153,0.5764714479446411
0.23455882352941176,0.7067307692307693,0.5750495791435242
0.23602941176470588,0.7067307692307693,0.5736356377601624
0.23602941176470588,0.7096153846153846,0.5721610188484192
0.23676470588235293,0.7096153846153846,0.5718405246734619
0.23676470588235293,0.7125,0.5714665055274963
0.23823529411764705,0.7125,0.5700092315673828
0.23823529411764705,0.7134615384615385,0.5695062279701233
0.23897058823529413,0.7134615384615385,0.5680870413780212
0.23897058823529413,0.7201923076923077,0.5635454058647156
0.23970588235294119,0.7201923076923077,0.5634615421295166
0.23970588235294119,0.7230769230769231,0.5622026324272156
0.24044117647058824,0.7230769230769231,0.5617147088050842
0.24044117647058824,0.7259615384615384,0.5613679885864258
0.2411764705882353,0.7259615384615384,0.5613080859184265
0.2411764705882353,0.7288461538461538,0.5606171488761902
0.2426470588235294,0.7288461538461538,0.5597975850105286
0.2426470588235294,0.7307692307692307,0.5587847828865051
0.24338235294117647,0.7307692307692307,0.5586819052696228
0.24338235294117647,0.7403846153846154,0.5562378168106079
0.24411764705882352,0.7403846153846154,0.5557258129119873
0.24411764705882352,0.7442307692307693,0.5547252297401428
0.24558823529411763,0.7442307692307693,0.5540826320648193
0.24558823529411763,0.7451923076923077,0.5540580153465271
0.24632352941176472,0.7451923076923077,0.5539185404777527
0.24632352941176472,0.7509615384615385,0.5533533692359924
0.24705882352941178,0.7509615384615385,0.5533449053764343
0.24705882352941178,0.7528846153846154,0.5532294511795044
0.24779411764705883,0.7528846153846154,0.5532035231590271
0.24779411764705883,0.7634615384615384,0.5493801236152649
0.24926470588235294,0.7634615384615384,0.546894907951355
0.24926470588235294,0.7653846153846153,0.546669065952301
0.25,0.7653846153846153,0.5462176203727722
0.25,0.7663461538461539,0.5461996793746948
0.2514705882352941,0.7663461538461539,0.5458804965019226
0.2514705882352941,0.7682692307692308,0.5445870757102966
0.25220588235294117,0.7682692307692308,0.54449462890625
0.25220588235294117,0.7701923076923077,0.5440096855163574
0.25588235294117645,0.7701923076923077,0.5425764918327332
0.25588235294117645,0.7711538461538462,0.5423858761787415
0.2566176470588235,0.7711538461538462,0.5423334836959839
0.2566176470588235,0.775,0.5414979457855225
0.25735294117647056,0.775,0.5413272380828857
0.25735294117647056,0.7759615384615385,0.5412738919258118
0.25882352941176473,0.7759615384615385,0.5406010150909424
0.25882352941176473,0.7769230769230769,0.5404609441757202
0.2595588235294118,0.7769230769230769,0.5399115681648254
0.2595588235294118,0.7807692307692308,0.5387374758720398
0.26029411764705884,0.7807692307692308,0.5382983684539795
0.26029411764705884,0.7826923076923077,0.5379217863082886
0.2610294117647059,0.7826923076923077,0.5376785397529602
0.2610294117647059,0.7913461538461538,0.535142183303833
0.26176470588235295,0.7913461538461538,0.5343795418739319
0.26176470588235295,0.7923076923076923,0.5338165760040283
0.2625,0.7923076923076923,0.5333811640739441
0.2625,0.7951923076923076,0.5322875380516052
0.26323529411764707,0.7951923076923076,0.5316908359527588
0.26323529411764707,0.7961538461538461,0.5310062170028687
0.26544117647058824,0.7961538461538461,0.5295112729072571
0.26544117647058824,0.7971153846153847,0.5291648507118225
0.26838235294117646,0.7971153846153847,0.5277116298675537
0.26838235294117646,0.7990384615384616,0.5269909501075745
0.2691176470588235,0.7990384615384616,0.5265258550643921
0.2691176470588235,0.8,0.5257388949394226
0.27058823529411763,0.8,0.5244449377059937
0.27058823529411763,0.8009615384615385,0.523754894733429
0.2713235294117647,0.8009615384615385,0.5232767462730408
0.2713235294117647,0.801923076923077,0.5232418179512024
0.2727941176470588,0.801923076923077,0.5226317644119263
0.2727941176470588,0.8048076923076923,0.5206701159477234
0.27426470588235297,0.8048076923076923,0.5201756358146667
0.27426470588235297,0.8057692307692308,0.5194249749183655
0.275,0.8057692307692308,0.5185300707817078
0.275,0.8067307692307693,0.5181900262832642
0.2757352941176471,0.8067307692307693,0.5176759362220764
0.2757352941176471,0.8086538461538462,0.5164827108383179
0.27941176470588236,0.8086538461538462,0.513770341873169
0.27941176470588236,0.8105769230769231,0.5125818252563477
0.28308823529411764,0.8105769230769231,0.5104522109031677
0.28308823529411764,0.8115384615384615,0.5082553029060364
0.2838235294117647,0.8115384615384615,0.5082201957702637
0.2838235294117647,0.8125,0.5081416964530945
0.2852941176470588,0.8125,0.5077109336853027
0.2852941176470588,0.8134615384615385,0.5073661208152771
0.2867647058823529,0.8134615384615385,0.5059609413146973
0.2867647058823529,0.8144230769230769,0.504984974861145
0.2875,0.8144230769230769,0.5040791034698486
0.2875,0.8153846153846154,0.5039533376693726
0.29044117647058826,0.8153846153846154,0.5023027658462524
0.29044117647058826,0.8163461538461538,0.5008223056793213
0.30514705882352944,0.8163461538461538,0.4921570420265198
0.30514705882352944,0.8173076923076923,0.491825133562088
0.3095588235294118,0.8173076923076923,0.4905206859111786
0.3095588235294118,0.8182692307692307,0.4902510941028595
0.31176470588235294,0.8182692307692307,0.4895176887512207
0.31176470588235294,0.8192307692307692,0.4894818663597107
0.31470588235294117,0.8192307692307692,0.4882661700248718
0.31470588235294117,0.8201923076923077,0.4881287217140198
0.3176470588235294,0.8201923076923077,0.48526448011398315
0.3176470588235294,0.8211538461538461,0.4850993752479553
0.32426470588235295,0.8211538461538461,0.48249489068984985
0.32426470588235295,0.8259615384615384,0.48111242055892944
0.325,0.8259615384615384,0.48097312450408936
0.325,0.8269230769230769,0.4808422327041626
0.3286764705882353,0.8269230769230769,0.47909945249557495
0.3286764705882353,0.8278846153846153,0.47904205322265625
0.32941176470588235,0.8278846153846153,0.4786117970943451
0.32941176470588235,0.8288461538461539,0.47830474376678467
0.3448529411764706,0.8288461538461539,0.46874096989631653
0.3448529411764706,0.8298076923076924,0.4686412513256073
0.3477941176470588,0.8298076923076924,0.4675118029117584
0.3477941176470588,0.8307692307692308,0.467347651720047
0.35,0.8307692307692308,0.4667823612689972
0.35,0.8317307692307693,0.4664611518383026
0.35073529411764703,0.8317307692307693,0.4664017856121063
0.35073529411764703,0.8355769230769231,0.46557140350341797
0.3514705882352941,0.8355769230769231,0.46490973234176636
0.3514705882352941,0.8365384615384616,0.4647862911224365
0.3551470588235294,0.8365384615384616,0.4638749957084656
0.3551470588235294,0.8375,0.46336880326271057
0.35661764705882354,0.8375,0.4632148742675781
0.35661764705882354,0.8384615384615385,0.4627029001712799
0.35955882352941176,0.8384615384615385,0.4613482356071472
0.35955882352941176,0.8394230769230769,0.46099770069122314
0.36176470588235293,0.8394230769230769,0.4606536030769348
0.36176470588235293,0.8423076923076923,0.4599611759185791
0.3639705882352941,0.8423076923076923,0.4595731198787689
0.3639705882352941,0.8432692307692308,0.4592605233192444
0.3669117647058823,0.8432692307692308,0.4577787220478058
0.3669117647058823,0.8442307692307692,0.45628058910369873
0.36911764705882355,0.8442307692307692,0.4557112157344818
0.36911764705882355,0.8480769230769231,0.45454519987106323
0.3779411764705882,0.8480769230769231,0.4518319070339203
0.3779411764705882,0.85,0.4513579308986664
0.3801470588235294,0.85,0.45104166865348816
0.3801470588235294,0.8509615384615384,0.45082980394363403
0.3816176470588235,0.8509615384615384,0.4505147337913513
0.3816176470588235,0.8519230769230769,0.45038044452667236
0.3830882352941177,0.8519230769230769,0.4501977264881134
0.3830882352941177,0.8528846153846154,0.44979941844940186
0.38382352941176473,0.8528846153846154,0.44951120018959045
0.38382352941176473,0.8538461538461538,0.4493241608142853
0.3845588235294118,0.8538461538461538,0.44895675778388977
0.3845588235294118,0.8548076923076923,0.4489313066005707
0.38529411764705884,0.8548076923076923,0.44868406653404236
0.38529411764705884,0.8557692307692307,0.4485110938549042
0.38676470588235295,0.8557692307692307,0.44793134927749634
0.38676470588235295,0.8567307692307692,0.44778719544410706
0.38823529411764707,0.8567307692307692,0.4475215971469879
0.38823529411764707,0.8596153846153847,0.4470753073692322
0.39044117647058824,0.8596153846153847,0.44687363505363464
0.39044117647058824,0.8615384615384616,0.446725994348526
0.3948529411764706,0.8615384615384616,0.4455685317516327
0.3948529411764706,0.8625,0.4454996585845947
0.3977941176470588,0.8625,0.44487860798835754
0.3977941176470588,0.8653846153846154,0.44460567831993103
0.40147058823529413,0.8653846153846154,0.44391000270843506
0.40147058823529413,0.8663461538461539,0.4437812268733978
0.40294117647058825,0.8663461538461539,0.4432196021080017
0.40294117647058825,0.8673076923076923,0.4430672526359558
0.4036764705882353,0.8673076923076923,0.44296497106552124
0.4036764705882353,0.8682692307692308,0.44282999634742737
0.4073529411764706,0.8682692307692308,0.4413759708404541
0.4073529411764706,0.8701923076923077,0.44122079014778137
0.4088235294117647,0.8701923076923077,0.4407999515533447
0.4088235294117647,0.8711538461538462,0.4403999447822571
0.4102941176470588,0.8711538461538462,0.4399690330028534
0.4102941176470588,0.8721153846153846,0.43992409110069275
0.41102941176470587,0.8721153846153846,0.43959736824035645
0.41102941176470587,0.8730769230769231,0.4393292963504791
0.4176470588235294,0.8730769230769231,0.437023788690567
0.4176470588235294,0.875,0.4365408718585968
0.4183823529411765,0.875,0.4365338087081909
0.4183823529411765,0.8778846153846154,0.43585580587387085
0.41911764705882354,0.8778846153846154,0.43574604392051697
0.41911764705882354,0.8788461538461538,0.43550625443458557
0.4235294117647059,0.8788461538461538,0.4335784316062927
0.4235294117647059,0.8798076923076923,0.43349987268447876
0.425,0.8798076923076923,0.43291226029396057
0.425,0.8807692307692307,0.43282589316368103
0.4264705882352941,0.8807692307692307,0.43225160241127014
0.4264705882352941,0.8817307692307692,0.4319619834423065
0.4294117647058823,0.8817307692307692,0.430122047662735
0.4294117647058823,0.8826923076923077,0.4301094710826874
0.43161764705882355,0.8826923076923077,0.4296751618385315
0.43161764705882355,0.8836538461538461,0.42901286482810974
0.43823529411764706,0.8836538461538461,0.42654767632484436
0.43823529411764706,0.8846153846153846,0.4264501631259918
0.4389705882352941,0.8846153846153846,0.42608994245529175
0.4389705882352941,0.885576923076923,0.4256911277770996
0.43970588235294117,0.885576923076923,0.4251916706562042
0.43970588235294117,0.8865384615384615,0.4248262941837311
0.4404411764705882,0.8865384615384615,0.4247637391090393
0.4404411764705882,0.8875,0.4245557188987732
0.44191176470588234,0.8875,0.423880398273468
0.44191176470588234,0.8884615384615384,0.4226105213165283
0.44632352941176473,0.8884615384615384,0.41913172602653503
0.44632352941176473,0.8894230769230769,0.4189409017562866
0.4536764705882353,0.8894230769230769,0.4153745174407959
0.4536764705882353,0.8903846153846153,0.4148772060871124
0.4602941176470588,0.8903846153846153,0.41169264912605286
0.4602941176470588,0.8913461538461539,0.41143760085105896
0.4647058823529412,0.8913461538461539,0.4096391201019287
0.4647058823529412,0.8923076923076924,0.409350723028183
0.46691176470588236,0.8923076923076924,0.4087003171443939
0.46691176470588236,0.8932692307692308,0.40866246819496155
0.47058823529411764,0.8932692307692308,0.4070526659488678
0.47058823529411764,0.8942307692307693,0.4067566394805908
0.4801470588235294,0.8942307692307693,0.40006592869758606
0.4801470588235294,0.8951923076923077,0.3981294333934784
0.4823529411764706,0.8951923076923077,0.3975098133087158
0.4823529411764706,0.8961538461538462,0.3974186182022095
0.49779411764705883,0.8961538461538462,0.38990116119384766
0.49779411764705883,0.8971153846153846,0.38968750834465027
0.5007352941176471,0.8971153846153846,0.38598859310150146
0.5007352941176471,0.8980769230769231,0.3857705295085907
0.5036764705882353,0.8980769230769231,0.3837659955024719
0.5036764705882353,0.8990384615384616,0.38303476572036743
0.5161764705882353,0.8990384615384616,0.3747924268245697
0.5161764705882353,0.9,0.37413761019706726
0.5227941176470589,0.9,0.3701481521129608
0.5227941176470589,0.9009615384615385,0.36928868293762207
0.5235294117647059,0.9009615384615385,0.3687830865383148
0.5235294117647059,0.9019230769230769,0.3684011995792389
0.5345588235294118,0.9019230769230769,0.3587065637111664
0.5345588235294118,0.9028846153846154,0.35817497968673706
0.5367647058823529,0.9028846153846154,0.35688653588294983
0.5367647058823529,0.9038461538461539,0.3564754128456116
0.5397058823529411,0.9038461538461539,0.3549879491329193
0.5397058823529411,0.9048076923076923,0.35245269536972046
0.5433823529411764,0.9048076923076923,0.34617647528648376
0.5433823529411764,0.9057692307692308,0.3459363579750061
0.5477941176470589,0.9057692307692308,0.34037134051322937
0.5477941176470589,0.9096153846153846,0.33964458107948303
0.5485294117647059,0.9096153846153846,0.33937886357307434
0.5485294117647059,0.9105769230769231,0.3384567201137543
0.549264705882353,0.9105769230769231,0.33786872029304504
0.549264705882353,0.9125,0.3371312916278839
0.55,0.9125,0.3355814814567566
0.55,0.9134615384615384,0.3355226218700409
0.5507352941176471,0.9134615384615384,0.3345102369785309
0.5507352941176471,0.9153846153846154,0.33374467492103577
0.5529411764705883,0.9153846153846154,0.32573986053466797
0.5529411764705883,0.9182692307692307,0.3201788067817688
0.5536764705882353,0.9182692307692307,0.3196178078651428
0.5536764705882353,0.9192307692307692,0.31655019521713257
0.5676470588235294,0.9192307692307692,0.3010930120944977
0.5676470588235294,0.9201923076923076,0.3010002076625824
0.5691176470588235,0.9201923076923076,0.30086714029312134
0.5691176470588235,0.9211538461538461,0.30030733346939087
0.5742647058823529,0.9211538461538461,0.29077988862991333
0.5742647058823529,0.9221153846153847,0.29004666209220886
0.5823529411764706,0.9221153846153847,0.28638413548469543
0.5823529411764706,0.9240384615384616,0.2852626442909241
0.5852941176470589,0.9240384615384616,0.28503477573394775
0.5852941176470589,0.925,0.2846120595932007
0.5860294117647059,0.925,0.2841818332672119
0.5860294117647059,0.9259615384615385,0.2840190529823303
0.5875,0.9259615384615385,0.28348591923713684
0.5875,0.926923076923077,0.28204211592674255
0.5882352941176471,0.926923076923077,0.28177452087402344
0.5882352941176471,0.9288461538461539,0.28125062584877014
0.5889705882352941,0.9288461538461539,0.2811405062675476
0.5889705882352941,0.9307692307692308,0.2792052924633026
0.5919117647058824,0.9307692307692308,0.2768077850341797
0.5919117647058824,0.9317307692307693,0.2765253186225891
0.5926470588235294,0.9317307692307693,0.27619799971580505
0.5926470588235294,0.9326923076923077,0.2759708762168884
0.5955882352941176,0.9326923076923077,0.2739523649215698
0.5955882352941176,0.9355769230769231,0.2725181579589844
0.5977941176470588,0.9355769230769231,0.2716243267059326
0.5977941176470588,0.9375,0.2701924741268158
0.5985294117647059,0.9375,0.26995691657066345
0.5985294117647059,0.9394230769230769,0.2698151767253876
0.5992647058823529,0.9394230769230769,0.2689906060695648
0.5992647058823529,0.9432692307692307,0.2679797410964966
0.600735294117647,0.9432692307692307,0.26742395758628845
0.600735294117647,0.9442307692307692,0.2669892907142639
0.6022058823529411,0.9442307692307692,0.2666737735271454
0.6022058823529411,0.9451923076923077,0.2651640474796295
0.6029411764705882,0.9451923076923077,0.26476407051086426
0.6029411764705882,0.9471153846153846,0.26427075266838074
0.6058823529411764,0.9471153846153846,0.2621750831604004
0.6058823529411764,0.948076923076923,0.2617788016796112
0.6073529411764705,0.948076923076923,0.2609391510486603
0.6073529411764705,0.9490384615384615,0.26086515188217163
0.6080882352941176,0.9490384615384615,0.260822057723999
0.6080882352941176,0.9509615384615384,0.25915664434432983
0.6095588235294118,0.9509615384615384,0.25817179679870605
0.6095588235294118,0.9519230769230769,0.25792765617370605
0.6102941176470589,0.9519230769230769,0.25585609674453735
0.6102941176470589,0.9528846153846153,0.2555100917816162
0.6110294117647059,0.9528846153846153,0.2553088665008545
0.6110294117647059,0.9538461538461539,0.2548065781593323
0.6132352941176471,0.9538461538461539,0.25279539823532104
0.6132352941176471,0.9548076923076924,0.25237560272216797
0.6147058823529412,0.9548076923076924,0.25183576345443726
0.6147058823529412,0.9557692307692308,0.25179389119148254
0.6154411764705883,0.9557692307692308,0.2515676021575928
0.6154411764705883,0.9576923076923077,0.24635940790176392
0.6161764705882353,0.9576923076923077,0.24628230929374695
0.6161764705882353,0.9596153846153846,0.24522386491298676
0.6176470588235294,0.9596153846153846,0.2431633472442627
0.6176470588235294,0.9615384615384616,0.24284802377223969
0.6183823529411765,0.9615384615384616,0.24222926795482635
0.6183823529411765,0.9625,0.24207068979740143
0.6191176470588236,0.9625,0.24152256548404694
0.6191176470588236,0.9634615384615385,0.24125832319259644
0.6205882352941177,0.9634615384615385,0.24109114706516266
0.6205882352941177,0.9673076923076923,0.2393210232257843
0.6227941176470588,0.9673076923076923,0.23769333958625793
0.6227941176470588,0.9682692307692308,0.2376389354467392
0.6257352941176471,0.9682692307692308,0.236546590924263
0.6257352941176471,0.9701923076923077,0.23637714982032776
0.6264705882352941,0.9701923076923077,0.2363363653421402
0.6264705882352941,0.9721153846153846,0.23574498295783997
0.6272058823529412,0.9721153846153846,0.23478524386882782
0.6272058823529412,0.9730769230769231,0.23454086482524872
0.6279411764705882,0.9730769230769231,0.23359787464141846
0.6279411764705882,0.9740384615384615,0.23284561932086945
0.6286764705882353,0.9740384615384615,0.2325352281332016
0.6286764705882353,0.9759615384615384,0.23156513273715973
0.6294117647058823,0.9759615384615384,0.23145268857479095
0.6294117647058823,0.9769230769230769,0.2312193214893341
0.6308823529411764,0.9769230769230769,0.22940905392169952
0.6308823529411764,0.9778846153846154,0.22919166088104248
0.6338235294117647,0.9778846153846154,0.22847239673137665
0.6338235294117647,0.9788461538461538,0.22846980392932892
0.6345588235294117,0.9788461538461538,0.22844603657722473
0.6345588235294117,0.9807692307692307,0.22798748314380646
0.6352941176470588,0.9807692307692307,0.22692638635635376
0.6352941176470588,0.9817307692307692,0.22654405236244202
0.6367647058823529,0.9817307692307692,0.22599346935749054
0.6367647058823529,0.9826923076923076,0.22570957243442535
0.6375,0.9826923076923076,0.22541506588459015
0.6375,0.9836538461538461,0.2252439260482788
0.6411764705882353,0.9836538461538461,0.223769873380661
0.6411764705882353,0.9846153846153847,0.2231956422328949
0.6448529411764706,0.9846153846153847,0.22266599535942078
0.6448529411764706,0.9855769230769231,0.22218625247478485
0.6477941176470589,0.9855769230769231,0.22100944817066193
0.6477941176470589,0.9865384615384616,0.2205704003572464
0.649264705882353,0.9865384615384616,0.22029171884059906
0.649264705882353,0.9875,0.22026129066944122
0.6595588235294118,0.9875,0.2166184037923813
0.6595588235294118,0.9884615384615385,0.21639983355998993
0.6610294117647059,0.9884615384615385,0.2151908129453659
0.6610294117647059,0.989423076923077,0.21431508660316467
0.6617647058823529,0.989423076923077,0.21431316435337067
0.6617647058823529,0.9903846153846154,0.21414677798748016
0.6801470588235294,0.9903846153846154,0.20621779561042786
0.6801470588235294,0.9913461538461539,0.2053140252828598
0.6838235294117647,0.9913461538461539,0.20354312658309937
0.6838235294117647,0.9923076923076923,0.20344458520412445
0.6882352941176471,0.9923076923076923,0.1990172564983368
0.6882352941176471,0.9932692307692308,0.19781260192394257
0.6919117647058823,0.9932692307692308,0.19485501945018768
0.6919117647058823,0.9942307692307693,0.19446761906147003
0.6948529411764706,0.9942307692307693,0.19282759726047516
0.6948529411764706,0.9951923076923077,0.19142021238803864
0.6985294117647058,0.9951923076923077,0.18846538662910461
0.6985294117647058,0.9961538461538462,0.1882207691669464
0.7058823529411765,0.9961538461538462,0.18532733619213104
0.7058823529411765,0.9971153846153846,0.18526922166347504
0.7272058823529411,0.9971153846153846,0.1772450953722
0.7272058823529411,0.9980769230769231,0.1771654337644577
0.75,0.9980769230769231,0.17064137756824493
0.75,0.9990384615384615,0.1703723818063736
0.7669117647058824,0.9990384615384615,0.16321741044521332
0.7669117647058824,1.0,0.16270476579666138
1.0,1.0,0.019997941330075264
