FPR,TPR,Threshold
0.0,0.0,1.9994645714759827
0.0,0.0005263157894736842,0.9994645714759827
0.0,0.07894736842105263,0.9963510036468506
0.0,0.08,0.9963035583496094
0.0,0.3131578947368421,0.9699109196662903
0.0,0.3142105263157895,0.9697582125663757
0.0,0.4868421052631579,0.9166035652160645
0.0,0.48789473684210527,0.9165273308753967
0.0,0.53,0.8973518013954163
0.002,0.53,0.8971258997917175
0.002,0.5463157894736842,0.8898857831954956
0.004,0.5463157894736842,0.8896312713623047
0.004,0.56,0.8836463689804077
0.006,0.56,0.8835828304290771
0.006,0.5615789473684211,0.8830322623252869
0.008,0.5615789473684211,0.8827508091926575
0.008,0.5789473684210527,0.8763505220413208
0.01,0.5789473684210527,0.876254677772522
0.01,0.5821052631578948,0.875024676322937
0.012,0.5821052631578948,0.8749020099639893
0.012,0.6031578947368421,0.8640718460083008
0.014,0.6031578947368421,0.8639804124832153
0.014,0.6094736842105263,0.8592382669448853
0.016,0.6094736842105263,0.8591844439506531
0.016,0.6126315789473684,0.8581842184066772
0.018,0.6126315789473684,0.8578824400901794
0.018,0.6236842105263158,0.8519497513771057
0.02,0.6236842105263158,0.8517602682113647
0.02,0.6273684210526316,0.8498828411102295
0.024,0.6273684210526316,0.8497320413589478
0.024,0.6321052631578947,0.847420871257782
0.026,0.6321052631578947,0.846120297908783
0.026,0.6363157894736842,0.844450056552887
0.028,0.6363157894736842,0.8444139957427979
0.028,0.6884210526315789,0.8195857405662537
0.03,0.6884210526315789,0.8195694088935852
0.03,0.6915789473684211,0.8160192966461182
0.032,0.6915789473684211,0.8159120678901672
0.032,0.6942105263157895,0.8147433400154114
0.034,0.6942105263157895,0.8145665526390076
0.034,0.6994736842105264,0.8133916258811951
0.036,0.6994736842105264,0.8130896091461182
0.036,0.71,0.8068976402282715
0.038,0.71,0.8066679835319519
0.038,0.7194736842105263,0.799167811870575
0.04,0.7194736842105263,0.798909604549408
0.04,0.7257894736842105,0.7954956293106079
0.044,0.7257894736842105,0.7951613068580627
0.044,0.7263157894736842,0.7950533628463745
0.046,0.7263157894736842,0.7949079871177673
0.046,0.7289473684210527,0.792029082775116
0.048,0.7289473684210527,0.7907476425170898
0.048,0.7342105263157894,0.783885657787323
0.05,0.7342105263157894,0.7838465571403503
0.05,0.7421052631578947,0.7774114608764648
0.052,0.7421052631578947,0.7772848606109619
0.052,0.7452631578947368,0.7757574319839478
0.054,0.7452631578947368,0.7754859924316406
0.054,0.7521052631578947,0.7706027626991272
0.056,0.7521052631578947,0.7701206207275391
0.056,0.7526315789473684,0.7699910998344421
0.058,0.7526315789473684,0.7696791887283325
0.058,0.7573684210526316,0.7647329568862915
0.06,0.7573684210526316,0.7640089988708496
0.06,0.7752631578947369,0.7484130859375
0.062,0.7752631578947369,0.7476482391357422
0.062,0.7763157894736842,0.7469048500061035
0.064,0.7763157894736842,0.7459737062454224
0.064,0.7773684210526316,0.745393693447113
0.066,0.7773684210526316,0.7440458536148071
0.066,0.7789473684210526,0.7436014413833618
0.068,0.7789473684210526,0.7435297966003418
0.068,0.7947368421052632,0.7288110852241516
0.07,0.7947368421052632,0.7286748886108398
0.07,0.7973684210526316,0.7263206243515015
0.072,0.7973684210526316,0.7262229919433594
0.072,0.8031578947368421,0.722170889377594
0.074,0.8031578947368421,0.719927966594696
0.074,0.8136842105263158,0.7116954922676086
0.076,0.8136842105263158,0.7115327715873718
0.076,0.8184210526315789,0.7087796926498413
0.078,0.8184210526315789,0.7085909843444824
0.078,0.848421052631579,0.6695650219917297
0.08,0.848421052631579,0.668720543384552
0.08,0.8594736842105263,0.6475257873535156
0.082,0.8594736842105263,0.646701455116272
0.082,0.8631578947368421,0.6424751877784729
0.084,0.8631578947368421,0.6421958208084106
0.084,0.8642105263157894,0.6400051116943359
0.086,0.8642105263157894,0.6399056911468506
0.086,0.8668421052631579,0.6370157599449158
0.088,0.8668421052631579,0.6356182098388672
0.088,0.87,0.6328054666519165
0.09,0.87,0.6326104402542114
0.09,0.8721052631578947,0.6294184923171997
0.092,0.8721052631578947,0.6293222308158875
0.092,0.8742105263157894,0.6273220777511597
0.094,0.8742105263157894,0.6270948052406311
0.094,0.8763157894736842,0.6232094764709473
0.096,0.8763157894736842,0.6224924325942993
0.096,0.8789473684210526,0.6178882718086243
0.098,0.8789473684210526,0.6170706748962402
0.098,0.8794736842105263,0.6167247295379639
0.1,0.8794736842105263,0.6166781783103943
0.1,0.8826315789473684,0.6125603318214417
0.102,0.8826315789473684,0.6116252541542053
0.102,0.8857894736842106,0.6031423807144165
0.104,0.8857894736842106,0.6031255722045898
0.104,0.888421052631579,0.5956140160560608
0.106,0.888421052631579,0.5953754782676697
0.106,0.8894736842105263,0.5947468280792236
0.108,0.8894736842105263,0.5942044854164124
0.108,0.8910526315789473,0.5938597321510315
0.11,0.8910526315789473,0.5934691429138184
0.11,0.8921052631578947,0.5911729335784912
0.112,0.8921052631578947,0.5909199118614197
0.112,0.8994736842105263,0.5734460949897766
0.116,0.8994736842105263,0.5726764798164368
0.116,0.9010526315789473,0.5643801093101501
0.118,0.9010526315789473,0.5632106065750122
0.118,0.901578947368421,0.5614340901374817
0.12,0.901578947368421,0.55971360206604
0.12,0.9036842105263158,0.5528373718261719
0.122,0.9036842105263158,0.552793562412262
0.122,0.9047368421052632,0.5486505031585693
0.126,0.9047368421052632,0.5436659455299377
0.126,0.9073684210526316,0.5340668559074402
0.13,0.9073684210526316,0.5314597487449646
0.13,0.9110526315789473,0.5237777829170227
0.132,0.9110526315789473,0.5222947597503662
0.132,0.911578947368421,0.5218976140022278
0.134,0.911578947368421,0.5204504132270813
0.134,0.9126315789473685,0.5194467902183533
0.136,0.9126315789473685,0.5188151597976685
0.136,0.9131578947368421,0.5164953470230103
0.138,0.9131578947368421,0.5154324769973755
0.138,0.9163157894736842,0.5013248920440674
0.14,0.9163157894736842,0.5003839135169983
0.14,0.9168421052631579,0.49886971712112427
0.142,0.9168421052631579,0.49816107749938965
0.142,0.9184210526315789,0.48870235681533813
0.146,0.9184210526315789,0.48109564185142517
0.146,0.9189473684210526,0.48022302985191345
0.148,0.9189473684210526,0.47963747382164
0.148,0.9194736842105263,0.4791426360607147
0.15,0.9194736842105263,0.47820985317230225
0.15,0.9205263157894736,0.47274038195610046
0.152,0.9205263157894736,0.47199007868766785
0.152,0.9210526315789473,0.47090962529182434
0.154,0.9210526315789473,0.47062402963638306
0.154,0.921578947368421,0.4702053368091583
0.158,0.921578947368421,0.46086785197257996
0.158,0.9221052631578948,0.4582045078277588
0.16,0.9221052631578948,0.45817655324935913
0.16,0.9231578947368421,0.4491336941719055
0.164,0.9231578947368421,0.4449666738510132
0.164,0.9236842105263158,0.43668240308761597
0.17,0.9236842105263158,0.42974960803985596
0.17,0.9247368421052632,0.42885956168174744
0.174,0.9247368421052632,0.42136818170547485
0.174,0.9263157894736842,0.41476404666900635
0.186,0.9263157894736842,0.4031219482421875
0.186,0.9268421052631579,0.4024801254272461
0.188,0.9268421052631579,0.4023146629333496
0.188,0.9273684210526316,0.4016686975955963
0.192,0.9273684210526316,0.39686036109924316
0.192,0.9284210526315789,0.39283543825149536
0.202,0.9284210526315789,0.38638070225715637
0.202,0.9289473684210526,0.3845595121383667
0.204,0.9289473684210526,0.38367462158203125
0.204,0.9310526315789474,0.37798401713371277
0.216,0.9310526315789474,0.3696502149105072
0.216,0.9315789473684211,0.36942774057388306
0.222,0.9315789473684211,0.3650357723236084
0.222,0.9321052631578948,0.36111047863960266
0.226,0.9321052631578948,0.35924360156059265
0.226,0.9331578947368421,0.3583448529243469
0.236,0.9331578947368421,0.35056811571121216
0.236,0.9336842105263158,0.34977439045906067
0.238,0.9336842105263158,0.3471570611000061
0.238,0.9342105263157895,0.3456982672214508
0.24,0.9342105263157895,0.33859163522720337
0.24,0.9352631578947368,0.3372504711151123
0.244,0.9352631578947368,0.3338505029678345
0.244,0.9357894736842105,0.33370259404182434
0.248,0.9357894736842105,0.32941821217536926
0.248,0.9373684210526316,0.3273833394050598
0.25,0.9373684210526316,0.32720500230789185
0.25,0.9378947368421052,0.3256618082523346
0.252,0.9378947368421052,0.32497966289520264
0.252,0.9389473684210526,0.3181198239326477
0.258,0.9389473684210526,0.31307291984558105
0.258,0.9394736842105263,0.312457412481308
0.264,0.9394736842105263,0.31085240840911865
0.264,0.9410526315789474,0.3044598400592804
0.266,0.9410526315789474,0.3032107651233673
0.266,0.9421052631578948,0.29946959018707275
0.272,0.9421052631578948,0.2931275963783264
0.272,0.9426315789473684,0.29285359382629395
0.276,0.9426315789473684,0.2860666513442993
0.276,0.9431578947368421,0.2859661281108856
0.278,0.9431578947368421,0.2858348488807678
0.278,0.9436842105263158,0.2844730019569397
0.29,0.9436842105263158,0.27206939458847046
0.29,0.9463157894736842,0.26848292350769043
0.298,0.9463157894736842,0.2661595940589905
0.298,0.9473684210526315,0.2618655264377594
0.3,0.9473684210526315,0.26178187131881714
0.3,0.9484210526315789,0.26056528091430664
0.302,0.9484210526315789,0.25955796241760254
0.302,0.95,0.25742200016975403
0.304,0.95,0.25692135095596313
0.304,0.9505263157894737,0.25343257188796997
0.306,0.9505263157894737,0.25322288274765015
0.306,0.9510526315789474,0.2531832456588745
0.308,0.9510526315789474,0.2529383599758148
0.308,0.9515789473684211,0.2519056797027588
0.31,0.9515789473684211,0.2500189542770386
0.31,0.9521052631578948,0.24930302798748016
0.314,0.9521052631578948,0.2476021945476532
0.314,0.9526315789473684,0.24619805812835693
0.32,0.9526315789473684,0.24528217315673828
0.32,0.9531578947368421,0.24338315427303314
0.322,0.9531578947368421,0.24253526329994202
0.322,0.9536842105263158,0.2420414388179779
0.324,0.9536842105263158,0.24131567776203156
0.324,0.9552631578947368,0.2393016368150711
0.326,0.9552631578947368,0.23902185261249542
0.326,0.9568421052631579,0.2371145784854889
0.332,0.9568421052631579,0.23429593443870544
0.332,0.9573684210526315,0.23366841673851013
0.338,0.9573684210526315,0.23226052522659302
0.338,0.9589473684210527,0.22961044311523438
0.34,0.9589473684210527,0.22929562628269196
0.34,0.96,0.22810135781764984
0.346,0.96,0.22260940074920654
0.346,0.9605263157894737,0.22257457673549652
0.348,0.9605263157894737,0.22119742631912231
0.348,0.9610526315789474,0.22051315009593964
0.352,0.9610526315789474,0.21987727284431458
0.352,0.9626315789473684,0.21514078974723816
0.362,0.9626315789473684,0.21220678091049194
0.362,0.9631578947368421,0.2106965184211731
0.364,0.9631578947368421,0.2104213833808899
0.364,0.9647368421052631,0.20707719027996063
0.372,0.9647368421052631,0.20479656755924225
0.372,0.9657894736842105,0.20369017124176025
0.376,0.9657894736842105,0.20306608080863953
0.376,0.9663157894736842,0.2023908644914627
0.382,0.9663157894736842,0.20041108131408691
0.382,0.966842105263158,0.1999277025461197
0.39,0.966842105263158,0.19799509644508362
0.39,0.9689473684210527,0.19602972269058228
0.402,0.9689473684210527,0.193960040807724
0.402,0.9694736842105263,0.19381128251552582
0.404,0.9694736842105263,0.1934581995010376
0.404,0.9710526315789474,0.1906299889087677
0.406,0.9710526315789474,0.19012297689914703
0.406,0.9715789473684211,0.1900695264339447
0.408,0.9715789473684211,0.18977214395999908
0.408,0.9721052631578947,0.18953637778759003
0.414,0.9721052631578947,0.18834447860717773
0.414,0.9726315789473684,0.18632860481739044
0.416,0.9726315789473684,0.18592001497745514
0.416,0.9731578947368421,0.1858803629875183
0.42,0.9731578947368421,0.18567007780075073
0.42,0.9742105263157895,0.1850338727235794
0.424,0.9742105263157895,0.18462198972702026
0.424,0.9747368421052631,0.1842818707227707
0.432,0.9747368421052631,0.18029014766216278
0.432,0.9752631578947368,0.1800272911787033
0.448,0.9752631578947368,0.1759578436613083
0.448,0.9757894736842105,0.17560595273971558
0.456,0.9757894736842105,0.1740785539150238
0.456,0.9773684210526316,0.1733555942773819
0.458,0.9773684210526316,0.1730402112007141
0.458,0.9778947368421053,0.17297576367855072
0.464,0.9778947368421053,0.17240716516971588
0.464,0.978421052631579,0.17205306887626648
0.472,0.978421052631579,0.16950243711471558
0.472,0.9789473684210527,0.1691996157169342
0.476,0.9789473684210527,0.16854998469352722
0.476,0.9794736842105263,0.16730263829231262
0.482,0.9794736842105263,0.16597124934196472
0.482,0.98,0.1656981259584427
0.484,0.98,0.16548597812652588
0.484,0.9805263157894737,0.1651032418012619
0.488,0.9805263157894737,0.16452912986278534
0.488,0.9810526315789474,0.16401876509189606
0.496,0.9810526315789474,0.16029411554336548
0.496,0.9815789473684211,0.15979859232902527
0.5,0.9815789473684211,0.1578245759010315
0.5,0.9821052631578947,0.15700344741344452
0.51,0.9821052631578947,0.15442822873592377
0.51,0.9826315789473684,0.1543852686882019
0.512,0.9826315789473684,0.15299171209335327
0.512,0.9847368421052631,0.15153619647026062
0.514,0.9847368421052631,0.15140165388584137
0.514,0.9852631578947368,0.1512744277715683
0.518,0.9852631578947368,0.1509852260351181
0.518,0.9857894736842105,0.1507723033428192
0.524,0.9857894736842105,0.15013958513736725
0.524,0.9863157894736843,0.1495809704065323
0.528,0.9863157894736843,0.14874011278152466
0.528,0.988421052631579,0.14642511308193207
0.54,0.988421052631579,0.14236673712730408
0.54,0.9889473684210527,0.14229227602481842
0.548,0.9889473684210527,0.14030686020851135
0.548,0.9894736842105263,0.13935720920562744
0.552,0.9894736842105263,0.13839273154735565
0.552,0.99,0.13807381689548492
0.556,0.99,0.1377866268157959
0.556,0.9910526315789474,0.1349688470363617
0.558,0.9910526315789474,0.1346757709980011
0.558,0.991578947368421,0.1341094970703125
0.576,0.991578947368421,0.128397598862648
0.576,0.9921052631578947,0.12821051478385925
0.594,0.9921052631578947,0.12445059418678284
0.594,0.9926315789473684,0.12390527129173279
0.596,0.9926315789473684,0.12369373440742493
0.596,0.9942105263157894,0.121164470911026
0.61,0.9942105263157894,0.11849759519100189
0.61,0.9947368421052631,0.11843209713697433
0.62,0.9947368421052631,0.11585652083158493
0.62,0.9957894736842106,0.11446520686149597
0.628,0.9957894736842106,0.11298199743032455
0.628,0.9963157894736843,0.11293873935937881
0.646,0.9963157894736843,0.11106304079294205
0.646,0.9968421052631579,0.1108841821551323
0.654,0.9968421052631579,0.10781853646039963
0.654,0.9973684210526316,0.10774871706962585
0.656,0.9973684210526316,0.10731171071529388
0.656,0.9978947368421053,0.10677151381969452
0.658,0.9978947368421053,0.10661011934280396
0.658,0.998421052631579,0.10630080103874207
0.664,0.998421052631579,0.10503397136926651
0.664,0.9989473684210526,0.10379402339458466
0.732,0.9989473684210526,0.08747903257608414
0.732,0.9994736842105263,0.08594916015863419
0.75,0.9994736842105263,0.08060389012098312
0.75,1.0,0.08016341924667358
1.0,1.0,0.003955858293920755
