FPR,TPR,Threshold
0.0,0.0,1.9877145290374756
0.0,0.000925925925925926,0.9877145290374756
0.0,0.021296296296296296,0.9819400906562805
0.0,0.023148148148148147,0.9815748929977417
0.0,0.25833333333333336,0.9050740599632263
0.0007575757575757576,0.25833333333333336,0.9050254821777344
0.0007575757575757576,0.25925925925925924,0.9048168659210205
0.0015151515151515152,0.25925925925925924,0.9039422869682312
0.0015151515151515152,0.26481481481481484,0.9025890827178955
0.0022727272727272726,0.26481481481481484,0.9025149345397949
0.0022727272727272726,0.3,0.8922179341316223
0.0030303030303030303,0.3,0.891463577747345
0.0030303030303030303,0.31574074074074077,0.8861644268035889
0.003787878787878788,0.31574074074074077,0.8860470652580261
0.003787878787878788,0.32592592592592595,0.8835400342941284
0.005303030303030303,0.32592592592592595,0.8825899362564087
0.005303030303030303,0.3425925925925926,0.8789907693862915
0.006818181818181818,0.3425925925925926,0.8787772059440613
0.006818181818181818,0.34814814814814815,0.8776821494102478
0.007575757575757576,0.34814814814814815,0.8776295781135559
0.007575757575757576,0.3490740740740741,0.877383828163147
0.008333333333333333,0.3490740740740741,0.8770257234573364
0.008333333333333333,0.3638888888888889,0.8697031140327454
0.00909090909090909,0.3638888888888889,0.8695359230041504
0.00909090909090909,0.36574074074074076,0.8685978055000305
0.009848484848484848,0.36574074074074076,0.8682484030723572
0.009848484848484848,0.37037037037037035,0.8672404885292053
0.010606060606060607,0.37037037037037035,0.8668439388275146
0.010606060606060607,0.3768518518518518,0.8652962446212769
0.012121212121212121,0.3768518518518518,0.8641709089279175
0.012121212121212121,0.37777777777777777,0.8641166090965271
0.013636363636363636,0.37777777777777777,0.8632135391235352
0.013636363636363636,0.38055555555555554,0.862960159778595
0.014393939393939395,0.38055555555555554,0.8628209829330444
0.014393939393939395,0.3824074074074074,0.8625804781913757
0.015151515151515152,0.3824074074074074,0.8625544905662537
0.015151515151515152,0.3861111111111111,0.8614993691444397
0.015909090909090907,0.3861111111111111,0.8612288236618042
0.015909090909090907,0.3962962962962963,0.8570061922073364
0.016666666666666666,0.3962962962962963,0.8568365573883057
0.016666666666666666,0.4009259259259259,0.8551427125930786
0.017424242424242425,0.4009259259259259,0.8551050424575806
0.017424242424242425,0.4027777777777778,0.8549914360046387
0.01818181818181818,0.4027777777777778,0.854800283908844
0.01818181818181818,0.4064814814814815,0.8533301949501038
0.01893939393939394,0.4064814814814815,0.8532643914222717
0.01893939393939394,0.4101851851851852,0.8524424433708191
0.021212121212121213,0.4101851851851852,0.8522319793701172
0.021212121212121213,0.4222222222222222,0.8478637933731079
0.02196969696969697,0.4222222222222222,0.8478510975837708
0.02196969696969697,0.425,0.8474198579788208
0.022727272727272728,0.425,0.847359299659729
0.022727272727272728,0.42685185185185187,0.8450024724006653
0.023484848484848483,0.42685185185185187,0.8448731899261475
0.023484848484848483,0.43796296296296294,0.8421686887741089
0.024242424242424242,0.43796296296296294,0.8415899872779846
0.024242424242424242,0.4398148148148148,0.8412229418754578
0.025,0.4398148148148148,0.8411324620246887
0.025,0.45185185185185184,0.8375715613365173
0.025757575757575757,0.45185185185185184,0.83748859167099
0.025757575757575757,0.4537037037037037,0.8374209403991699
0.026515151515151516,0.4537037037037037,0.8374173641204834
0.026515151515151516,0.4583333333333333,0.8362451195716858
0.02727272727272727,0.4583333333333333,0.8361150026321411
0.02727272727272727,0.46296296296296297,0.8339990377426147
0.02803030303030303,0.46296296296296297,0.8336347341537476
0.02803030303030303,0.4638888888888889,0.8334506154060364
0.029545454545454545,0.4638888888888889,0.8328236937522888
0.029545454545454545,0.4675925925925926,0.8319344520568848
0.03106060606060606,0.4675925925925926,0.8311951160430908
0.03106060606060606,0.47962962962962963,0.8281741142272949
0.03257575757575758,0.47962962962962963,0.8277167677879333
0.03257575757575758,0.4824074074074074,0.8264239430427551
0.03333333333333333,0.4824074074074074,0.8252081274986267
0.03333333333333333,0.5037037037037037,0.8186144232749939
0.035606060606060606,0.5037037037037037,0.8182682991027832
0.035606060606060606,0.5120370370370371,0.8157901763916016
0.03636363636363636,0.5120370370370371,0.8153186440467834
0.03636363636363636,0.512962962962963,0.815211296081543
0.03787878787878788,0.512962962962963,0.8147619962692261
0.03787878787878788,0.5185185185185185,0.8133857846260071
0.038636363636363635,0.5185185185185185,0.8131592273712158
0.038636363636363635,0.5194444444444445,0.81247878074646
0.04015151515151515,0.5194444444444445,0.8122180104255676
0.04015151515151515,0.5203703703703704,0.812204897403717
0.04090909090909091,0.5203703703703704,0.8121633529663086
0.04090909090909091,0.5212962962962963,0.8120331168174744
0.041666666666666664,0.5212962962962963,0.8119520545005798
0.041666666666666664,0.5231481481481481,0.8111154437065125
0.04242424242424243,0.5231481481481481,0.8103501200675964
0.04242424242424243,0.524074074074074,0.8097590208053589
0.04318181818181818,0.524074074074074,0.8097512125968933
0.04318181818181818,0.5259259259259259,0.8094344735145569
0.04393939393939394,0.5259259259259259,0.8093838691711426
0.04393939393939394,0.5268518518518519,0.8088793158531189
0.0446969696969697,0.5268518518518519,0.8082618713378906
0.0446969696969697,0.5277777777777778,0.8077524900436401
0.045454545454545456,0.5277777777777778,0.8074589967727661
0.045454545454545456,0.5296296296296297,0.8069477081298828
0.04696969696969697,0.5296296296296297,0.8055333495140076
0.04696969696969697,0.5351851851851852,0.8037860989570618
0.04772727272727273,0.5351851851851852,0.8032509088516235
0.04772727272727273,0.5388888888888889,0.8022142052650452
0.04924242424242424,0.5388888888888889,0.8012551665306091
0.04924242424242424,0.5435185185185185,0.7991447448730469
0.05,0.5435185185185185,0.7986119389533997
0.05,0.5444444444444444,0.7984665632247925
0.05075757575757576,0.5444444444444444,0.7974827289581299
0.05075757575757576,0.5472222222222223,0.7967195510864258
0.05303030303030303,0.5472222222222223,0.7948663234710693
0.05303030303030303,0.5481481481481482,0.7947494387626648
0.05378787878787879,0.5481481481481482,0.7946391701698303
0.05378787878787879,0.5527777777777778,0.7935634255409241
0.05454545454545454,0.5527777777777778,0.7930588126182556
0.05454545454545454,0.5546296296296296,0.792029082775116
0.055303030303030305,0.5546296296296296,0.7919939160346985
0.055303030303030305,0.5574074074074075,0.7916533350944519
0.056818181818181816,0.5574074074074075,0.7914975881576538
0.056818181818181816,0.5648148148148148,0.7884820103645325
0.05757575757575758,0.5648148148148148,0.7881828546524048
0.05757575757575758,0.5703703703703704,0.7841352224349976
0.058333333333333334,0.5703703703703704,0.7840052247047424
0.058333333333333334,0.575925925925926,0.7827074527740479
0.05909090909090909,0.575925925925926,0.7823781967163086
0.05909090909090909,0.5768518518518518,0.7811974287033081
0.059848484848484845,0.5768518518518518,0.7807337045669556
0.059848484848484845,0.5796296296296296,0.7790601849555969
0.06060606060606061,0.5796296296296296,0.7771857380867004
0.06060606060606061,0.6712962962962963,0.7074926495552063
0.06136363636363636,0.6712962962962963,0.7068982124328613
0.06136363636363636,0.6796296296296296,0.7004435062408447
0.06212121212121212,0.6796296296296296,0.7002872228622437
0.06212121212121212,0.687962962962963,0.6936597228050232
0.06287878787878788,0.687962962962963,0.6934487819671631
0.06287878787878788,0.6888888888888889,0.6932783722877502
0.06363636363636363,0.6888888888888889,0.6927949786186218
0.06363636363636363,0.6953703703703704,0.6885214447975159
0.06439393939393939,0.6953703703703704,0.6882840991020203
0.06439393939393939,0.7092592592592593,0.681456983089447
0.06515151515151515,0.7092592592592593,0.681124746799469
0.06515151515151515,0.7111111111111111,0.6797583699226379
0.0659090909090909,0.7111111111111111,0.6797026991844177
0.0659090909090909,0.7175925925925926,0.6744896769523621
0.06666666666666667,0.7175925925925926,0.6734762191772461
0.06666666666666667,0.7194444444444444,0.6701259016990662
0.06742424242424243,0.7194444444444444,0.6698983907699585
0.06742424242424243,0.7203703703703703,0.6695936918258667
0.06818181818181818,0.7203703703703703,0.6684043407440186
0.06818181818181818,0.725,0.6662483811378479
0.06893939393939394,0.725,0.6659331321716309
0.06893939393939394,0.7296296296296296,0.6628512740135193
0.0696969696969697,0.7296296296296296,0.6602922081947327
0.0696969696969697,0.7324074074074074,0.6578302383422852
0.07045454545454545,0.7324074074074074,0.656564474105835
0.07045454545454545,0.7342592592592593,0.6559582948684692
0.07196969696969698,0.7342592592592593,0.655288815498352
0.07196969696969698,0.737037037037037,0.654061496257782
0.07424242424242425,0.737037037037037,0.6527985334396362
0.07424242424242425,0.7407407407407407,0.6503464579582214
0.075,0.7407407407407407,0.6492611169815063
0.075,0.7416666666666667,0.6490830779075623
0.07727272727272727,0.7416666666666667,0.647929847240448
0.07727272727272727,0.7444444444444445,0.6475092768669128
0.07803030303030303,0.7444444444444445,0.6453099250793457
0.07803030303030303,0.75,0.6414520144462585
0.07878787878787878,0.75,0.6410844922065735
0.07878787878787878,0.7518518518518519,0.6406298279762268
0.08106060606060606,0.7518518518518519,0.6386122107505798
0.08106060606060606,0.7546296296296297,0.6336899399757385
0.08181818181818182,0.7546296296296297,0.6327847242355347
0.08181818181818182,0.7574074074074074,0.6321881413459778
0.08257575757575758,0.7574074074074074,0.6315913200378418
0.08257575757575758,0.7592592592592593,0.6309482455253601
0.08333333333333333,0.7592592592592593,0.6303450465202332
0.08333333333333333,0.7601851851851852,0.6302562952041626
0.08409090909090909,0.7601851851851852,0.6301549077033997
0.08409090909090909,0.762962962962963,0.629595935344696
0.0856060606060606,0.762962962962963,0.6285018920898438
0.0856060606060606,0.7638888888888888,0.6275140047073364
0.08636363636363636,0.7638888888888888,0.6262264251708984
0.08636363636363636,0.7666666666666667,0.6246017217636108
0.08712121212121213,0.7666666666666667,0.6243521571159363
0.08712121212121213,0.7675925925925926,0.6240626573562622
0.08787878787878788,0.7675925925925926,0.621722400188446
0.08787878787878788,0.7712962962962963,0.6198270320892334
0.09015151515151515,0.7712962962962963,0.6183902025222778
0.09015151515151515,0.774074074074074,0.6161405444145203
0.09090909090909091,0.774074074074074,0.616058349609375
0.09090909090909091,0.775,0.6158798933029175
0.09166666666666666,0.775,0.615854799747467
0.09166666666666666,0.7759259259259259,0.6158010959625244
0.09242424242424242,0.7759259259259259,0.6157925724983215
0.09242424242424242,0.7805555555555556,0.6123998761177063
0.09393939393939393,0.7805555555555556,0.6116812229156494
0.09393939393939393,0.7870370370370371,0.6074650883674622
0.0946969696969697,0.7870370370370371,0.6065683960914612
0.0946969696969697,0.7925925925925926,0.603653609752655
0.09772727272727273,0.7925925925925926,0.6024367213249207
0.09772727272727273,0.7972222222222223,0.5997949838638306
0.10075757575757575,0.7972222222222223,0.5989739894866943
0.10075757575757575,0.799074074074074,0.5969363451004028
0.10151515151515152,0.799074074074074,0.5968222618103027
0.10151515151515152,0.8009259259259259,0.5951447486877441
0.10303030303030303,0.8009259259259259,0.5937639474868774
0.10303030303030303,0.8018518518518518,0.5933248400688171
0.10378787878787879,0.8018518518518518,0.5932693481445312
0.10378787878787879,0.8027777777777778,0.5923815965652466
0.10454545454545454,0.8027777777777778,0.5922398567199707
0.10454545454545454,0.8037037037037037,0.592056155204773
0.1053030303030303,0.8037037037037037,0.5913442969322205
0.1053030303030303,0.8064814814814815,0.5893251299858093
0.10681818181818181,0.8064814814814815,0.5888084173202515
0.10681818181818181,0.8083333333333333,0.5878490209579468
0.10757575757575757,0.8083333333333333,0.5875486135482788
0.10757575757575757,0.8092592592592592,0.5874508619308472
0.10984848484848485,0.8092592592592592,0.5866042971611023
0.10984848484848485,0.8101851851851852,0.5861896872520447
0.11136363636363636,0.8101851851851852,0.5860092639923096
0.11136363636363636,0.8138888888888889,0.5849121809005737
0.11287878787878788,0.8138888888888889,0.5842505693435669
0.11287878787878788,0.8148148148148148,0.5808528661727905
0.11363636363636363,0.8148148148148148,0.5807958245277405
0.11363636363636363,0.8157407407407408,0.5784407258033752
0.11515151515151516,0.8157407407407408,0.5772417187690735
0.11515151515151516,0.8166666666666667,0.5768409967422485
0.11742424242424243,0.8166666666666667,0.5767256021499634
0.11742424242424243,0.8185185185185185,0.5760900974273682
0.11893939393939394,0.8185185185185185,0.5757500529289246
0.11893939393939394,0.8194444444444444,0.5752822756767273
0.12196969696969696,0.8194444444444444,0.5733898878097534
0.12196969696969696,0.8203703703703704,0.5727394223213196
0.12272727272727273,0.8203703703703704,0.5723485350608826
0.12272727272727273,0.8231481481481482,0.5721320509910583
0.12424242424242424,0.8231481481481482,0.5718448162078857
0.12424242424242424,0.8240740740740741,0.5718261003494263
0.12727272727272726,0.8240740740740741,0.5675364136695862
0.12727272727272726,0.825,0.5671734809875488
0.12803030303030302,0.825,0.5665053129196167
0.12803030303030302,0.825925925925926,0.5663750767707825
0.13106060606060607,0.825925925925926,0.5626027584075928
0.13106060606060607,0.8268518518518518,0.5616143941879272
0.13333333333333333,0.8268518518518518,0.5610120296478271
0.13333333333333333,0.8287037037037037,0.5607517957687378
0.13484848484848486,0.8287037037037037,0.5602259039878845
0.13484848484848486,0.8296296296296296,0.5592182278633118
0.1393939393939394,0.8296296296296296,0.555452287197113
0.1393939393939394,0.8305555555555556,0.5542085766792297
0.14015151515151514,0.8305555555555556,0.5531736016273499
0.14015151515151514,0.8324074074074074,0.5485638380050659
0.14242424242424243,0.8324074074074074,0.54698246717453
0.14242424242424243,0.8333333333333334,0.5468378067016602
0.14393939393939395,0.8333333333333334,0.5455157160758972
0.14393939393939395,0.8351851851851851,0.5436097383499146
0.14469696969696969,0.8351851851851851,0.5435575842857361
0.14469696969696969,0.8379629629629629,0.5407100319862366
0.14545454545454545,0.8379629629629629,0.5396034717559814
0.14545454545454545,0.8388888888888889,0.539469301700592
0.1484848484848485,0.8388888888888889,0.5365314483642578
0.1484848484848485,0.8407407407407408,0.535957396030426
0.15,0.8407407407407408,0.5356479287147522
0.15,0.8416666666666667,0.5355183482170105
0.15075757575757576,0.8416666666666667,0.5347516536712646
0.15075757575757576,0.8453703703703703,0.5340729355812073
0.15227272727272728,0.8453703703703703,0.5334102511405945
0.15227272727272728,0.8462962962962963,0.5327514410018921
0.15606060606060607,0.8462962962962963,0.5293536186218262
0.15606060606060607,0.8481481481481481,0.5282106399536133
0.15681818181818183,0.8481481481481481,0.5278633236885071
0.15681818181818183,0.8490740740740741,0.5272800326347351
0.15984848484848485,0.8490740740740741,0.5253315567970276
0.15984848484848485,0.8518518518518519,0.5249070525169373
0.16136363636363638,0.8518518518518519,0.5233038067817688
0.16136363636363638,0.8527777777777777,0.5230298042297363
0.1621212121212121,0.8527777777777777,0.5206711888313293
0.1621212121212121,0.8537037037037037,0.5200256705284119
0.16287878787878787,0.8537037037037037,0.519391655921936
0.16287878787878787,0.8555555555555555,0.5189216136932373
0.16515151515151516,0.8555555555555555,0.5152798891067505
0.16515151515151516,0.8564814814814815,0.5151875019073486
0.16666666666666666,0.8564814814814815,0.5145382285118103
0.16666666666666666,0.8583333333333333,0.5137945413589478
0.16818181818181818,0.8583333333333333,0.5133321285247803
0.16818181818181818,0.8592592592592593,0.5131706595420837
0.17045454545454544,0.8592592592592593,0.5125551819801331
0.17045454545454544,0.8601851851851852,0.5114766359329224
0.1712121212121212,0.8601851851851852,0.5112243294715881
0.1712121212121212,0.8611111111111112,0.5111352205276489
0.17196969696969697,0.8611111111111112,0.5105161070823669
0.17196969696969697,0.862037037037037,0.5093976259231567
0.1734848484848485,0.862037037037037,0.5077837109565735
0.1734848484848485,0.8629629629629629,0.5067859292030334
0.17424242424242425,0.8629629629629629,0.5061368346214294
0.17424242424242425,0.8685185185185185,0.5031175017356873
0.17575757575757575,0.8685185185185185,0.5019060373306274
0.17575757575757575,0.8694444444444445,0.5007159113883972
0.17727272727272728,0.8694444444444445,0.5002235770225525
0.17727272727272728,0.8722222222222222,0.49868425726890564
0.1787878787878788,0.8722222222222222,0.4965825378894806
0.1787878787878788,0.875,0.49370232224464417
0.18106060606060606,0.875,0.49182969331741333
0.18106060606060606,0.8759259259259259,0.490837424993515
0.18181818181818182,0.8759259259259259,0.49081239104270935
0.18181818181818182,0.8768518518518519,0.4906899034976959
0.18409090909090908,0.8768518518518519,0.4887431859970093
0.18409090909090908,0.8777777777777778,0.4882332682609558
0.1856060606060606,0.8777777777777778,0.4879900813102722
0.1856060606060606,0.8805555555555555,0.4871551990509033
0.18636363636363637,0.8805555555555555,0.4859384298324585
0.18636363636363637,0.8824074074074074,0.48345503211021423
0.18712121212121213,0.8824074074074074,0.48334404826164246
0.18712121212121213,0.8833333333333333,0.4828900396823883
0.19242424242424241,0.8833333333333333,0.4782894551753998
0.19242424242424241,0.8870370370370371,0.4744812846183777
0.19318181818181818,0.8870370370370371,0.4722403287887573
0.19318181818181818,0.887962962962963,0.4719671607017517
0.19393939393939394,0.887962962962963,0.47181424498558044
0.19393939393939394,0.8898148148148148,0.4684343636035919
0.19545454545454546,0.8898148148148148,0.46741724014282227
0.19545454545454546,0.8907407407407407,0.4666585922241211
0.19696969696969696,0.8907407407407407,0.46618691086769104
0.19696969696969696,0.8916666666666667,0.4660104811191559
0.19772727272727272,0.8916666666666667,0.4654026925563812
0.19772727272727272,0.8925925925925926,0.4647010266780853
0.2037878787878788,0.8925925925925926,0.4606112539768219
0.2037878787878788,0.8935185185185185,0.45889386534690857
0.20681818181818182,0.8935185185185185,0.457774817943573
0.20681818181818182,0.8953703703703704,0.45738330483436584
0.20909090909090908,0.8953703703703704,0.4567883312702179
0.20909090909090908,0.8962962962962963,0.4557105302810669
0.2106060606060606,0.8962962962962963,0.4541928768157959
0.2106060606060606,0.8972222222222223,0.45403632521629333
0.2128787878787879,0.8972222222222223,0.4526729881763458
0.2128787878787879,0.8981481481481481,0.4526541233062744
0.2159090909090909,0.8981481481481481,0.4509037137031555
0.2159090909090909,0.899074074074074,0.44959157705307007
0.21893939393939393,0.899074074074074,0.4470406174659729
0.21893939393939393,0.9,0.4464554190635681
0.2196969696969697,0.9,0.446014940738678
0.2196969696969697,0.9018518518518519,0.4447830021381378
0.22196969696969698,0.9018518518518519,0.4429473578929901
0.22196969696969698,0.9027777777777778,0.4420792758464813
0.22272727272727272,0.9027777777777778,0.4418364465236664
0.22272727272727272,0.9046296296296297,0.4414658546447754
0.22424242424242424,0.9046296296296297,0.44082772731781006
0.22424242424242424,0.9055555555555556,0.4401094615459442
0.225,0.9055555555555556,0.4401009678840637
0.225,0.9064814814814814,0.43970760703086853
0.22575757575757577,0.9064814814814814,0.4391865134239197
0.22575757575757577,0.9083333333333333,0.4388235807418823
0.23030303030303031,0.9083333333333333,0.4360756576061249
0.23030303030303031,0.9092592592592592,0.43588849902153015
0.2340909090909091,0.9092592592592592,0.4349955916404724
0.2340909090909091,0.9101851851851852,0.43411338329315186
0.23484848484848486,0.9101851851851852,0.4338279366493225
0.23484848484848486,0.9120370370370371,0.43158310651779175
0.23636363636363636,0.9120370370370371,0.4306740462779999
0.23636363636363636,0.9138888888888889,0.4301277697086334
0.23863636363636365,0.9138888888888889,0.42959409952163696
0.23863636363636365,0.9148148148148149,0.42944690585136414
0.23939393939393938,0.9148148148148149,0.42912477254867554
0.23939393939393938,0.9157407407407407,0.4287755787372589
0.2409090909090909,0.9157407407407407,0.4279158115386963
0.2409090909090909,0.9175925925925926,0.4277295172214508
0.24166666666666667,0.9175925925925926,0.4270736873149872
0.24166666666666667,0.9194444444444444,0.4260333776473999
0.2431818181818182,0.9194444444444444,0.42471981048583984
0.2431818181818182,0.9203703703703704,0.42373478412628174
0.24545454545454545,0.9203703703703704,0.42091992497444153
0.24545454545454545,0.9212962962962963,0.42040422558784485
0.24621212121212122,0.9212962962962963,0.4202544391155243
0.24621212121212122,0.9222222222222223,0.41984471678733826
0.24772727272727274,0.9222222222222223,0.41930487751960754
0.24772727272727274,0.9231481481481482,0.4189813733100891
0.24924242424242424,0.9231481481481482,0.4185589551925659
0.24924242424242424,0.924074074074074,0.41733402013778687
0.2515151515151515,0.924074074074074,0.4163637161254883
0.2515151515151515,0.925,0.416047602891922
0.2537878787878788,0.925,0.41265445947647095
0.2537878787878788,0.9259259259259259,0.41213786602020264
0.25757575757575757,0.9259259259259259,0.4074048697948456
0.25757575757575757,0.9268518518518518,0.40729689598083496
0.2643939393939394,0.9268518518518518,0.4012618958950043
0.2643939393939394,0.9277777777777778,0.4011598229408264
0.26590909090909093,0.9277777777777778,0.3996882140636444
0.26590909090909093,0.9287037037037037,0.3996145725250244
0.271969696969697,0.9287037037037037,0.39485910534858704
0.271969696969697,0.9296296296296296,0.3934699296951294
0.27954545454545454,0.9296296296296296,0.3871338367462158
0.27954545454545454,0.9305555555555556,0.3862249553203583
0.2878787878787879,0.9305555555555556,0.38167136907577515
0.2878787878787879,0.9324074074074075,0.38111811876296997
0.3,0.9324074074074075,0.37156468629837036
0.3,0.9333333333333333,0.3707394301891327
0.3007575757575758,0.9333333333333333,0.3699806332588196
0.3007575757575758,0.9342592592592592,0.3699094355106354
0.30303030303030304,0.9342592592592592,0.36835283041000366
0.30303030303030304,0.9361111111111111,0.3679824471473694
0.30757575757575756,0.9361111111111111,0.3646825850009918
0.30757575757575756,0.937037037037037,0.36421599984169006
0.3159090909090909,0.937037037037037,0.36061856150627136
0.3159090909090909,0.937962962962963,0.3605934679508209
0.3196969696969697,0.937962962962963,0.3576182425022125
0.3196969696969697,0.9398148148148148,0.35692286491394043
0.32045454545454544,0.9398148148148148,0.3563346266746521
0.32045454545454544,0.9407407407407408,0.35617586970329285
0.32196969696969696,0.9407407407407408,0.355437695980072
0.32196969696969696,0.9416666666666667,0.354827344417572
0.32272727272727275,0.9416666666666667,0.35443538427352905
0.32272727272727275,0.9425925925925925,0.3543216586112976
0.32954545454545453,0.9425925925925925,0.352154403924942
0.32954545454545453,0.9444444444444444,0.3510715365409851
0.3371212121212121,0.9444444444444444,0.3490167558193207
0.3371212121212121,0.9453703703703704,0.3489845097064972
0.3378787878787879,0.9453703703703704,0.34897977113723755
0.3378787878787879,0.9462962962962963,0.34890449047088623
0.3386363636363636,0.9462962962962963,0.34865015745162964
0.3386363636363636,0.9472222222222222,0.3485979437828064
0.3446969696969697,0.9472222222222222,0.34302765130996704
0.3446969696969697,0.9481481481481482,0.3426585793495178
0.346969696969697,0.9481481481481482,0.3402352035045624
0.346969696969697,0.9490740740740741,0.3398648500442505
0.3515151515151515,0.9490740740740741,0.3382872939109802
0.3515151515151515,0.95,0.337716668844223
0.36363636363636365,0.95,0.3289112150669098
0.36363636363636365,0.9527777777777777,0.3256186842918396
0.3643939393939394,0.9527777777777777,0.32458996772766113
0.3643939393939394,0.9537037037037037,0.3241724967956543
0.3659090909090909,0.9537037037037037,0.32195520401000977
0.3659090909090909,0.9546296296296296,0.32069772481918335
0.37196969696969695,0.9546296296296296,0.31826266646385193
0.37196969696969695,0.9555555555555556,0.31781479716300964
0.37803030303030305,0.9555555555555556,0.30997368693351746
0.37803030303030305,0.9564814814814815,0.3082698583602905
0.38333333333333336,0.9564814814814815,0.3056373596191406
0.38333333333333336,0.9574074074074074,0.30481719970703125
0.3856060606060606,0.9574074074074074,0.30378326773643494
0.3856060606060606,0.9583333333333334,0.30328208208084106
0.3886363636363636,0.9583333333333334,0.29922357201576233
0.3886363636363636,0.9592592592592593,0.2988532483577728
0.3946969696969697,0.9592592592592593,0.2932920753955841
0.3946969696969697,0.9601851851851851,0.2931113839149475
0.4022727272727273,0.9601851851851851,0.28597089648246765
0.4022727272727273,0.9611111111111111,0.2858549952507019
0.4174242424242424,0.9611111111111111,0.2765170931816101
0.4174242424242424,0.962037037037037,0.27636733651161194
0.42727272727272725,0.962037037037037,0.270579993724823
0.42727272727272725,0.9629629629629629,0.2704203426837921
0.4318181818181818,0.9629629629629629,0.26711511611938477
0.4318181818181818,0.9638888888888889,0.26601356267929077
0.44242424242424244,0.9638888888888889,0.25964778661727905
0.44242424242424244,0.9648148148148148,0.2593431770801544
0.4431818181818182,0.9648148148148148,0.2591129541397095
0.4431818181818182,0.9657407407407408,0.25816646218299866
0.453030303030303,0.9657407407407408,0.2534739077091217
0.453030303030303,0.9666666666666667,0.2534489035606384
0.4537878787878788,0.9666666666666667,0.25272324681282043
0.4537878787878788,0.9675925925925926,0.2520509660243988
0.47878787878787876,0.9675925925925926,0.23916687071323395
0.47878787878787876,0.9685185185185186,0.23890095949172974
0.48333333333333334,0.9685185185185186,0.23713810741901398
0.48333333333333334,0.9694444444444444,0.23705798387527466
0.49166666666666664,0.9694444444444444,0.23344720900058746
0.49166666666666664,0.9703703703703703,0.23343832790851593
0.49924242424242427,0.9703703703703703,0.2313307672739029
0.49924242424242427,0.9712962962962963,0.2311195582151413
0.5333333333333333,0.9712962962962963,0.2187320739030838
0.5333333333333333,0.9722222222222222,0.21844922006130219
0.5340909090909091,0.9722222222222222,0.21796640753746033
0.5340909090909091,0.9731481481481481,0.21793854236602783
0.5416666666666666,0.9731481481481481,0.21542313694953918
0.5416666666666666,0.9740740740740741,0.21487337350845337
0.546969696969697,0.9740740740740741,0.21284988522529602
0.546969696969697,0.975,0.21203550696372986
0.5537878787878788,0.975,0.21030566096305847
0.5537878787878788,0.975925925925926,0.21017144620418549
0.5621212121212121,0.975925925925926,0.2063041478395462
0.5621212121212121,0.9768518518518519,0.206071674823761
0.571969696969697,0.9768518518518519,0.20227542519569397
0.571969696969697,0.9777777777777777,0.20225727558135986
0.5765151515151515,0.9777777777777777,0.20153851807117462
0.5765151515151515,0.9787037037037037,0.1997644603252411
0.5787878787878787,0.9787037037037037,0.19912712275981903
0.5787878787878787,0.9796296296296296,0.19883529841899872
0.5840909090909091,0.9796296296296296,0.19789282977581024
0.5840909090909091,0.9805555555555555,0.19780734181404114
0.6037878787878788,0.9805555555555555,0.19180437922477722
0.6037878787878788,0.9814814814814815,0.19180309772491455
0.7287878787878788,0.9814814814814815,0.15010541677474976
0.7287878787878788,0.9824074074074074,0.14978589117527008
0.7303030303030303,0.9824074074074074,0.14956775307655334
0.7303030303030303,0.9833333333333333,0.1494949609041214
0.7977272727272727,0.9833333333333333,0.12838469445705414
0.7977272727272727,0.9842592592592593,0.12817780673503876
0.8007575757575758,0.9842592592592593,0.12624874711036682
0.8007575757575758,0.9851851851851852,0.12603910267353058
0.806060606060606,0.9851851851851852,0.12385988980531693
0.806060606060606,0.9861111111111112,0.12374775856733322
0.8128787878787879,0.9861111111111112,0.11994264274835587
0.8128787878787879,0.9879629629629629,0.11983221769332886
0.8143939393939394,0.9879629629629629,0.11877799779176712
0.8143939393939394,0.9888888888888889,0.11871173232793808
0.8204545454545454,0.9888888888888889,0.11600113660097122
0.8204545454545454,0.9898148148148148,0.11562825739383698
0.8272727272727273,0.9898148148148148,0.11289876699447632
0.8272727272727273,0.9907407407407407,0.11207950860261917
0.8295454545454546,0.9907407407407407,0.11110561341047287
0.8295454545454546,0.9916666666666667,0.11043407768011093
0.8477272727272728,0.9916666666666667,0.1039290800690651
0.8477272727272728,0.9925925925925926,0.10374271124601364
0.8772727272727273,0.9925925925925926,0.09188514947891235
0.8772727272727273,0.9935185185185185,0.09177463501691818
0.8833333333333333,0.9935185185185185,0.08833644539117813
0.8833333333333333,0.9962962962962963,0.08744776993989944
0.884090909090909,0.9962962962962963,0.0873696431517601
0.884090909090909,0.9972222222222222,0.08713767677545547
0.8893939393939394,0.9972222222222222,0.08414576202630997
0.8893939393939394,0.9981481481481481,0.08306895196437836
0.8946969696969697,0.9981481481481481,0.07955330610275269
0.8946969696969697,0.9990740740740741,0.07945308834314346
0.896969696969697,0.9990740740740741,0.07779432088136673
0.896969696969697,1.0,0.07683078199625015
1.0,1.0,0.01463107019662857
