FPR,TPR,Threshold
0.0,0.0,1.987335741519928
0.0,0.000925925925925926,0.987335741519928
0.0,0.1287037037037037,0.959479570388794
0.0007575757575757576,0.1287037037037037,0.9590747952461243
0.0007575757575757576,0.16296296296296298,0.9544466733932495
0.0015151515151515152,0.16296296296296298,0.9544374346733093
0.0015151515151515152,0.17037037037037037,0.9534454941749573
0.0022727272727272726,0.17037037037037037,0.9534230828285217
0.0022727272727272726,0.19074074074074074,0.9510822296142578
0.0030303030303030303,0.19074074074074074,0.9509602785110474
0.0030303030303030303,0.19444444444444445,0.9508642554283142
0.003787878787878788,0.19444444444444445,0.9507958889007568
0.003787878787878788,0.20277777777777778,0.9491153359413147
0.006060606060606061,0.20277777777777778,0.9488082528114319
0.006060606060606061,0.20555555555555555,0.9486767649650574
0.007575757575757576,0.20555555555555555,0.9485595226287842
0.007575757575757576,0.26944444444444443,0.9421731233596802
0.008333333333333333,0.26944444444444443,0.9418588280677795
0.008333333333333333,0.2953703703703704,0.9359899163246155
0.00909090909090909,0.2953703703703704,0.9359629154205322
0.00909090909090909,0.29907407407407405,0.9354305267333984
0.009848484848484848,0.29907407407407405,0.9352709650993347
0.009848484848484848,0.3037037037037037,0.9339441657066345
0.010606060606060607,0.3037037037037037,0.9338797926902771
0.010606060606060607,0.3287037037037037,0.9300804734230042
0.011363636363636364,0.3287037037037037,0.9299023151397705
0.011363636363636364,0.3388888888888889,0.9280483722686768
0.012121212121212121,0.3388888888888889,0.9279470443725586
0.012121212121212121,0.34629629629629627,0.9269234538078308
0.012878787878787878,0.34629629629629627,0.9269037842750549
0.012878787878787878,0.35185185185185186,0.9257318377494812
0.013636363636363636,0.35185185185185186,0.9255666732788086
0.013636363636363636,0.387037037037037,0.9146331548690796
0.014393939393939395,0.387037037037037,0.9143151044845581
0.014393939393939395,0.3888888888888889,0.9132501482963562
0.015151515151515152,0.3888888888888889,0.9129529595375061
0.015151515151515152,0.462037037037037,0.883169949054718
0.015909090909090907,0.462037037037037,0.8831184506416321
0.015909090909090907,0.47962962962962963,0.8782539963722229
0.016666666666666666,0.47962962962962963,0.8782102465629578
0.016666666666666666,0.49074074074074076,0.8739919662475586
0.017424242424242425,0.49074074074074076,0.8739718198776245
0.017424242424242425,0.5018518518518519,0.870129406452179
0.01818181818181818,0.5018518518518519,0.8697912693023682
0.01818181818181818,0.5046296296296297,0.8686872720718384
0.01893939393939394,0.5046296296296297,0.8685000538825989
0.01893939393939394,0.5333333333333333,0.8541280031204224
0.019696969696969695,0.5333333333333333,0.8541168570518494
0.019696969696969695,0.5370370370370371,0.853475034236908
0.020454545454545454,0.5370370370370371,0.8534134030342102
0.020454545454545454,0.5462962962962963,0.8510569334030151
0.021212121212121213,0.5462962962962963,0.8507957458496094
0.021212121212121213,0.5518518518518518,0.8489499092102051
0.02196969696969697,0.5518518518518518,0.8476715087890625
0.02196969696969697,0.5537037037037037,0.8476077914237976
0.022727272727272728,0.5537037037037037,0.8474944233894348
0.022727272727272728,0.5657407407407408,0.842180073261261
0.023484848484848483,0.5657407407407408,0.8421187400817871
0.023484848484848483,0.5694444444444444,0.8408754467964172
0.024242424242424242,0.5694444444444444,0.8407100439071655
0.024242424242424242,0.5703703703703704,0.8407065272331238
0.025757575757575757,0.5703703703703704,0.8405006527900696
0.025757575757575757,0.5814814814814815,0.8346654176712036
0.026515151515151516,0.5814814814814815,0.8341245055198669
0.026515151515151516,0.5851851851851851,0.8326579332351685
0.02803030303030303,0.5851851851851851,0.8320126533508301
0.02803030303030303,0.5879629629629629,0.8302905559539795
0.02878787878787879,0.5879629629629629,0.8302810788154602
0.02878787878787879,0.5935185185185186,0.8282747268676758
0.029545454545454545,0.5935185185185186,0.8280235528945923
0.029545454545454545,0.5944444444444444,0.8277626037597656
0.03106060606060606,0.5944444444444444,0.8263369202613831
0.03106060606060606,0.5962962962962963,0.8253108859062195
0.031818181818181815,0.5962962962962963,0.8245490193367004
0.031818181818181815,0.5981481481481481,0.8241419792175293
0.03257575757575758,0.5981481481481481,0.8240603804588318
0.03257575757575758,0.600925925925926,0.823603093624115
0.03333333333333333,0.600925925925926,0.8234058022499084
0.03333333333333333,0.6027777777777777,0.8230391144752502
0.03484848484848485,0.6027777777777777,0.8219369053840637
0.03484848484848485,0.6046296296296296,0.821783185005188
0.035606060606060606,0.6046296296296296,0.8213021755218506
0.035606060606060606,0.6055555555555555,0.8206677436828613
0.03636363636363636,0.6055555555555555,0.820516049861908
0.03636363636363636,0.6074074074074074,0.8200516700744629
0.037121212121212124,0.6074074074074074,0.8197438716888428
0.037121212121212124,0.6092592592592593,0.819494903087616
0.03787878787878788,0.6092592592592593,0.8189459443092346
0.03787878787878788,0.6101851851851852,0.8188024759292603
0.038636363636363635,0.6101851851851852,0.8184739947319031
0.038636363636363635,0.612037037037037,0.8177827000617981
0.03939393939393939,0.612037037037037,0.8175666928291321
0.03939393939393939,0.6138888888888889,0.8152295351028442
0.041666666666666664,0.6138888888888889,0.8147510290145874
0.041666666666666664,0.6314814814814815,0.8043448328971863
0.04242424242424243,0.6314814814814815,0.8042256832122803
0.04242424242424243,0.6333333333333333,0.8027666807174683
0.04318181818181818,0.6333333333333333,0.8021765351295471
0.04318181818181818,0.637962962962963,0.8002662062644958
0.04393939393939394,0.637962962962963,0.7994625568389893
0.04393939393939394,0.6416666666666667,0.7973185181617737
0.0446969696969697,0.6416666666666667,0.7973170280456543
0.0446969696969697,0.65,0.7930730581283569
0.045454545454545456,0.65,0.7922616004943848
0.045454545454545456,0.6546296296296297,0.7902398109436035
0.04696969696969697,0.6546296296296297,0.7885663509368896
0.04696969696969697,0.6777777777777778,0.7725911140441895
0.04772727272727273,0.6777777777777778,0.7719511985778809
0.04772727272727273,0.6787037037037037,0.7713366150856018
0.048484848484848485,0.6787037037037037,0.7709063291549683
0.048484848484848485,0.6962962962962963,0.7558778524398804
0.04924242424242424,0.6962962962962963,0.7553388476371765
0.04924242424242424,0.7018518518518518,0.7515175342559814
0.05,0.7018518518518518,0.7514271140098572
0.05,0.7074074074074074,0.7478464245796204
0.05075757575757576,0.7074074074074074,0.7473025918006897
0.05075757575757576,0.7092592592592593,0.7463151812553406
0.05303030303030303,0.7092592592592593,0.7443764805793762
0.05303030303030303,0.7175925925925926,0.7367496490478516
0.05378787878787879,0.7175925925925926,0.7365947365760803
0.05378787878787879,0.7185185185185186,0.7356675863265991
0.05454545454545454,0.7185185185185186,0.7353284955024719
0.05454545454545454,0.7212962962962963,0.7336283326148987
0.055303030303030305,0.7212962962962963,0.7322245240211487
0.055303030303030305,0.7287037037037037,0.7294997572898865
0.05606060606060606,0.7287037037037037,0.7292768955230713
0.05606060606060606,0.737037037037037,0.725560188293457
0.056818181818181816,0.737037037037037,0.7253445386886597
0.056818181818181816,0.7379629629629629,0.7253157496452332
0.05757575757575758,0.7379629629629629,0.7249120473861694
0.05757575757575758,0.7425925925925926,0.7229257822036743
0.058333333333333334,0.7425925925925926,0.7229135632514954
0.058333333333333334,0.7444444444444445,0.7208175659179688
0.06060606060606061,0.7444444444444445,0.7188960909843445
0.06060606060606061,0.7509259259259259,0.7159775495529175
0.06136363636363636,0.7509259259259259,0.7159773707389832
0.06136363636363636,0.7518518518518519,0.7156341075897217
0.06212121212121212,0.7518518518518519,0.7149527668952942
0.06212121212121212,0.7527777777777778,0.7144849896430969
0.06287878787878788,0.7527777777777778,0.7143515348434448
0.06287878787878788,0.7537037037037037,0.7126784920692444
0.06439393939393939,0.7537037037037037,0.7112081050872803
0.06439393939393939,0.7546296296296297,0.7111946940422058
0.06666666666666667,0.7546296296296297,0.7088151574134827
0.06666666666666667,0.7555555555555555,0.7080490589141846
0.06742424242424243,0.7555555555555555,0.7072781920433044
0.06742424242424243,0.7601851851851852,0.7041946053504944
0.06818181818181818,0.7601851851851852,0.7014555931091309
0.06818181818181818,0.7638888888888888,0.6936056613922119
0.06893939393939394,0.7638888888888888,0.6935130953788757
0.06893939393939394,0.7666666666666667,0.6925865411758423
0.07045454545454545,0.7666666666666667,0.6909722089767456
0.07045454545454545,0.7675925925925926,0.6909661293029785
0.07272727272727272,0.7675925925925926,0.6822793483734131
0.07272727272727272,0.7703703703703704,0.6798351407051086
0.07651515151515151,0.7703703703703704,0.6774058938026428
0.07651515151515151,0.7712962962962963,0.676162600517273
0.07803030303030303,0.7712962962962963,0.6756470799446106
0.07803030303030303,0.7731481481481481,0.6736907958984375
0.07878787878787878,0.7731481481481481,0.6720678210258484
0.07878787878787878,0.775,0.668632447719574
0.0803030303030303,0.775,0.6660389304161072
0.0803030303030303,0.7768518518518519,0.6651189923286438
0.08181818181818182,0.7768518518518519,0.662023663520813
0.08181818181818182,0.7787037037037037,0.6600671410560608
0.08409090909090909,0.7787037037037037,0.6558312773704529
0.08409090909090909,0.7796296296296297,0.654241681098938
0.0856060606060606,0.7796296296296297,0.6533535122871399
0.0856060606060606,0.7814814814814814,0.6489989757537842
0.0893939393939394,0.7814814814814814,0.6399031281471252
0.0893939393939394,0.7842592592592592,0.6373252868652344
0.09090909090909091,0.7842592592592592,0.6350587010383606
0.09090909090909091,0.7851851851851852,0.6336869597434998
0.09166666666666666,0.7851851851851852,0.632811963558197
0.09166666666666666,0.787962962962963,0.6242978572845459
0.09318181818181819,0.787962962962963,0.6222794651985168
0.09318181818181819,0.7888888888888889,0.6198762655258179
0.0946969696969697,0.7888888888888889,0.6165930032730103
0.0946969696969697,0.7935185185185185,0.6103338003158569
0.09545454545454546,0.7935185185185185,0.6086493134498596
0.09545454545454546,0.7953703703703704,0.6060512065887451
0.09696969696969697,0.7953703703703704,0.6043580770492554
0.09696969696969697,0.799074074074074,0.602178156375885
0.09772727272727273,0.799074074074074,0.6019229888916016
0.09772727272727273,0.8,0.6016309857368469
0.09924242424242424,0.8,0.6012205481529236
0.09924242424242424,0.8009259259259259,0.6007906794548035
0.1,0.8009259259259259,0.6000450253486633
0.1,0.8018518518518518,0.5998414754867554
0.10075757575757575,0.8018518518518518,0.5995140671730042
0.10075757575757575,0.8055555555555556,0.5961490273475647
0.10303030303030303,0.8055555555555556,0.5918242335319519
0.10303030303030303,0.8138888888888889,0.5867260694503784
0.10454545454545454,0.8138888888888889,0.5847027897834778
0.10454545454545454,0.8148148148148148,0.5842306613922119
0.1053030303030303,0.8148148148148148,0.5839075446128845
0.1053030303030303,0.8157407407407408,0.5827882289886475
0.10681818181818181,0.8157407407407408,0.5796804428100586
0.10681818181818181,0.8222222222222222,0.5751050710678101
0.10757575757575757,0.8222222222222222,0.5750664472579956
0.10757575757575757,0.8296296296296296,0.5694426894187927
0.10833333333333334,0.8296296296296296,0.5689825415611267
0.10833333333333334,0.8314814814814815,0.5688284635543823
0.11136363636363636,0.8314814814814815,0.5640891790390015
0.11136363636363636,0.8324074074074074,0.5635122060775757
0.11212121212121212,0.8324074074074074,0.5632151365280151
0.11212121212121212,0.8342592592592593,0.5627292394638062
0.11287878787878788,0.8342592592592593,0.5620166063308716
0.11287878787878788,0.8379629629629629,0.5589895248413086
0.1143939393939394,0.8379629629629629,0.556199848651886
0.1143939393939394,0.8407407407407408,0.5554165244102478
0.11742424242424243,0.8407407407407408,0.5525957942008972
0.11742424242424243,0.8425925925925926,0.5517517924308777
0.11893939393939394,0.8425925925925926,0.5510802865028381
0.11893939393939394,0.8435185185185186,0.5502321720123291
0.11969696969696969,0.8435185185185186,0.5500774383544922
0.11969696969696969,0.8444444444444444,0.5479844212532043
0.12045454545454545,0.8444444444444444,0.5473782420158386
0.12045454545454545,0.8472222222222222,0.5460936427116394
0.12121212121212122,0.8472222222222222,0.545600414276123
0.12121212121212122,0.8481481481481481,0.5453207492828369
0.12272727272727273,0.8481481481481481,0.5441759824752808
0.12272727272727273,0.85,0.5433599948883057
0.12651515151515152,0.85,0.538480818271637
0.12651515151515152,0.850925925925926,0.5384268760681152
0.12727272727272726,0.850925925925926,0.5363796949386597
0.12727272727272726,0.8546296296296296,0.5301576256752014
0.12803030303030302,0.8546296296296296,0.5281548500061035
0.12803030303030302,0.8601851851851852,0.5194748640060425
0.12878787878787878,0.8601851851851852,0.516941487789154
0.12878787878787878,0.8629629629629629,0.5105746984481812
0.12954545454545455,0.8629629629629629,0.5070295333862305
0.12954545454545455,0.8694444444444445,0.48966842889785767
0.1303030303030303,0.8694444444444445,0.488920122385025
0.1303030303030303,0.8796296296296297,0.47969210147857666
0.13106060606060607,0.8796296296296297,0.4775831699371338
0.13106060606060607,0.8814814814814815,0.4769575297832489
0.1318181818181818,0.8814814814814815,0.4768355190753937
0.1318181818181818,0.8851851851851852,0.472520649433136
0.13257575757575757,0.8851851851851852,0.4718281626701355
0.13257575757575757,0.8907407407407407,0.4648676812648773
0.13333333333333333,0.8907407407407407,0.4647482931613922
0.13333333333333333,0.8953703703703704,0.4602605700492859
0.1340909090909091,0.8953703703703704,0.45978742837905884
0.1340909090909091,0.8972222222222223,0.45804497599601746
0.13484848484848486,0.8972222222222223,0.45690593123435974
0.13484848484848486,0.9009259259259259,0.45181185007095337
0.13712121212121212,0.9009259259259259,0.45028162002563477
0.13712121212121212,0.9037037037037037,0.44603443145751953
0.13787878787878788,0.9037037037037037,0.44513773918151855
0.13787878787878788,0.9055555555555556,0.4438568353652954
0.13863636363636364,0.9055555555555556,0.44297367334365845
0.13863636363636364,0.9120370370370371,0.43556395173072815
0.1393939393939394,0.9120370370370371,0.435290664434433
0.1393939393939394,0.9351851851851852,0.42162322998046875
0.14015151515151514,0.9351851851851852,0.42142078280448914
0.14015151515151514,0.937962962962963,0.41941389441490173
0.1409090909090909,0.937962962962963,0.41916075348854065
0.1409090909090909,0.9407407407407408,0.41532179713249207
0.14166666666666666,0.9407407407407408,0.41520392894744873
0.14166666666666666,0.9425925925925925,0.40942710638046265
0.1431818181818182,0.9425925925925925,0.4081115126609802
0.1431818181818182,0.9462962962962963,0.4062364399433136
0.14393939393939395,0.9462962962962963,0.4061812162399292
0.14393939393939395,0.9472222222222222,0.4059527814388275
0.14469696969696969,0.9472222222222222,0.4057326316833496
0.14469696969696969,0.950925925925926,0.40315884351730347
0.14545454545454545,0.950925925925926,0.40107980370521545
0.14545454545454545,0.9583333333333334,0.39664384722709656
0.14772727272727273,0.9583333333333334,0.39260515570640564
0.14772727272727273,0.962037037037037,0.3906650245189667
0.1484848484848485,0.962037037037037,0.3902004063129425
0.1484848484848485,0.9666666666666667,0.38747939467430115
0.15,0.9666666666666667,0.3861261010169983
0.15,0.9685185185185186,0.3848457932472229
0.15151515151515152,0.9685185185185186,0.3841683566570282
0.15151515151515152,0.9740740740740741,0.37913843989372253
0.15606060606060607,0.9740740740740741,0.3688617944717407
0.15606060606060607,0.975925925925926,0.3671867847442627
0.15681818181818183,0.975925925925926,0.36639904975891113
0.15681818181818183,0.9768518518518519,0.36632856726646423
0.15984848484848485,0.9768518518518519,0.3622223734855652
0.15984848484848485,0.9777777777777777,0.36198899149894714
0.16893939393939394,0.9777777777777777,0.35349133610725403
0.16893939393939394,0.9787037037037037,0.35255247354507446
0.17045454545454544,0.9787037037037037,0.3511367738246918
0.17045454545454544,0.9796296296296296,0.35012611746788025
0.17424242424242425,0.9796296296296296,0.3455222547054291
0.17424242424242425,0.9805555555555555,0.34535545110702515
0.17575757575757575,0.9805555555555555,0.34494906663894653
0.17575757575757575,0.9814814814814815,0.3444320857524872
0.19924242424242425,0.9814814814814815,0.3267573416233063
0.19924242424242425,0.9824074074074074,0.3241967558860779
0.225,0.9824074074074074,0.2979113757610321
0.225,0.9833333333333333,0.2962588369846344
0.24393939393939393,0.9833333333333333,0.27883070707321167
0.24393939393939393,0.9842592592592593,0.27808165550231934
0.2628787878787879,0.9842592592592593,0.2614170014858246
0.2628787878787879,0.9851851851851852,0.2608840763568878
0.2765151515151515,0.9851851851851852,0.2537112236022949
0.2765151515151515,0.9861111111111112,0.2532307505607605
0.27954545454545454,0.9861111111111112,0.2508143484592438
0.27954545454545454,0.987037037037037,0.2503054141998291
0.2833333333333333,0.987037037037037,0.2494126707315445
0.2833333333333333,0.9879629629629629,0.24866189062595367
0.2946969696969697,0.9879629629629629,0.24308791756629944
0.2946969696969697,0.9888888888888889,0.24217262864112854
0.3,0.9888888888888889,0.24019867181777954
0.3,0.9907407407407407,0.2383912354707718
0.3181818181818182,0.9907407407407407,0.22795891761779785
0.3181818181818182,0.9916666666666667,0.2272762954235077
0.32196969696969696,0.9916666666666667,0.22450736165046692
0.32196969696969696,0.9925925925925926,0.22435519099235535
0.33636363636363636,0.9925925925925926,0.21619294583797455
0.33636363636363636,0.9935185185185185,0.21531732380390167
0.3393939393939394,0.9935185185185185,0.21109525859355927
0.3393939393939394,0.9944444444444445,0.21070542931556702
0.3416666666666667,0.9944444444444445,0.20986118912696838
0.3416666666666667,0.9953703703703703,0.20970793068408966
0.3477272727272727,0.9953703703703703,0.20809395611286163
0.3477272727272727,0.9962962962962963,0.20787781476974487
0.34924242424242424,0.9962962962962963,0.20633788406848907
0.34924242424242424,0.9972222222222222,0.20573563873767853
0.35454545454545455,0.9972222222222222,0.20246754586696625
0.35454545454545455,0.9981481481481481,0.20211666822433472
0.3575757575757576,0.9981481481481481,0.1999933421611786
0.3575757575757576,0.9990740740740741,0.19889430701732635
0.39166666666666666,0.9990740740740741,0.17040583491325378
0.39166666666666666,1.0,0.17005932331085205
1.0,1.0,0.008226101286709309
