FPR,TPR,Threshold
0.0,0.0,1.980199933052063
0.0,0.000925925925925926,0.980199933052063
0.0,0.42962962962962964,0.8288773894309998
0.0007575757575757576,0.42962962962962964,0.828555703163147
0.0007575757575757576,0.47314814814814815,0.8134285807609558
0.0015151515151515152,0.47314814814814815,0.8132763504981995
0.0015151515151515152,0.4777777777777778,0.8118724822998047
0.0022727272727272726,0.4777777777777778,0.8111722469329834
0.0022727272727272726,0.48333333333333334,0.8099045157432556
0.0030303030303030303,0.48333333333333334,0.8098893761634827
0.0030303030303030303,0.5157407407407407,0.7966960072517395
0.003787878787878788,0.5157407407407407,0.795930027961731
0.003787878787878788,0.5194444444444445,0.7933446764945984
0.004545454545454545,0.5194444444444445,0.7918804287910461
0.004545454545454545,0.5296296296296297,0.7887071371078491
0.005303030303030303,0.5296296296296297,0.788703441619873
0.005303030303030303,0.5351851851851852,0.7870681285858154
0.006060606060606061,0.5351851851851852,0.7862176299095154
0.006060606060606061,0.5361111111111111,0.7855216860771179
0.006818181818181818,0.5361111111111111,0.7847501039505005
0.006818181818181818,0.5416666666666666,0.781303346157074
0.007575757575757576,0.5416666666666666,0.7812999486923218
0.007575757575757576,0.5435185185185185,0.7809149026870728
0.008333333333333333,0.5435185185185185,0.7808874249458313
0.008333333333333333,0.5453703703703704,0.7807167768478394
0.00909090909090909,0.5453703703703704,0.780383825302124
0.00909090909090909,0.5462962962962963,0.7797656655311584
0.009848484848484848,0.5462962962962963,0.7792287468910217
0.009848484848484848,0.549074074074074,0.7788394093513489
0.010606060606060607,0.549074074074074,0.778571367263794
0.010606060606060607,0.5564814814814815,0.7748151421546936
0.012121212121212121,0.5564814814814815,0.7737460136413574
0.012121212121212121,0.5583333333333333,0.7735292315483093
0.012878787878787878,0.5583333333333333,0.7725265026092529
0.012878787878787878,0.5740740740740741,0.7671086192131042
0.013636363636363636,0.5740740740740741,0.7670873403549194
0.013636363636363636,0.5777777777777777,0.7661565542221069
0.015909090909090907,0.5777777777777777,0.7655458450317383
0.015909090909090907,0.5787037037037037,0.7654907703399658
0.016666666666666666,0.5787037037037037,0.7650432586669922
0.016666666666666666,0.5796296296296296,0.7649938464164734
0.017424242424242425,0.5796296296296296,0.7649480700492859
0.017424242424242425,0.587037037037037,0.762056291103363
0.01818181818181818,0.587037037037037,0.7619303464889526
0.01818181818181818,0.5916666666666667,0.7592002153396606
0.01893939393939394,0.5916666666666667,0.75914067029953
0.01893939393939394,0.5935185185185186,0.7586653828620911
0.019696969696969695,0.5935185185185186,0.7582051753997803
0.019696969696969695,0.6046296296296296,0.7528735399246216
0.02196969696969697,0.6046296296296296,0.7496623992919922
0.02196969696969697,0.6064814814814815,0.7496052384376526
0.022727272727272728,0.6064814814814815,0.7479428052902222
0.022727272727272728,0.6074074074074074,0.7475932836532593
0.023484848484848483,0.6074074074074074,0.7465132474899292
0.023484848484848483,0.6148148148148148,0.7405484318733215
0.024242424242424242,0.6148148148148148,0.7403210401535034
0.024242424242424242,0.6166666666666667,0.7394671440124512
0.025757575757575757,0.6166666666666667,0.7391621470451355
0.025757575757575757,0.6175925925925926,0.7389784455299377
0.02727272727272727,0.6175925925925926,0.7372413873672485
0.02727272727272727,0.6212962962962963,0.7333467602729797
0.02803030303030303,0.6212962962962963,0.731931209564209
0.02803030303030303,0.6296296296296297,0.7260527014732361
0.02878787878787879,0.6296296296296297,0.7251891493797302
0.02878787878787879,0.6305555555555555,0.7248139381408691
0.029545454545454545,0.6305555555555555,0.7238911390304565
0.029545454545454545,0.6314814814814815,0.7234041690826416
0.030303030303030304,0.6314814814814815,0.7231252193450928
0.030303030303030304,0.6342592592592593,0.7166814804077148
0.03106060606060606,0.6342592592592593,0.716526210308075
0.03106060606060606,0.6425925925925926,0.7114434838294983
0.031818181818181815,0.6425925925925926,0.7104969024658203
0.031818181818181815,0.6527777777777778,0.7049044370651245
0.03257575757575758,0.6527777777777778,0.7040535807609558
0.03257575757575758,0.6592592592592592,0.701968252658844
0.03333333333333333,0.6592592592592592,0.7017089128494263
0.03333333333333333,0.6638888888888889,0.6988967061042786
0.03409090909090909,0.6638888888888889,0.6977036595344543
0.03409090909090909,0.6648148148148149,0.6973868012428284
0.03484848484848485,0.6648148148148149,0.6957393288612366
0.03484848484848485,0.6685185185185185,0.690859317779541
0.037121212121212124,0.6685185185185185,0.6886324882507324
0.037121212121212124,0.6694444444444444,0.6873432993888855
0.03787878787878788,0.6694444444444444,0.6872243881225586
0.03787878787878788,0.6703703703703704,0.6870641112327576
0.038636363636363635,0.6703703703703704,0.6860758662223816
0.038636363636363635,0.6814814814814815,0.6796330213546753
0.03939393939393939,0.6814814814814815,0.6794469952583313
0.03939393939393939,0.6824074074074075,0.6793004870414734
0.04015151515151515,0.6824074074074075,0.6791106462478638
0.04015151515151515,0.6925925925925925,0.6740091443061829
0.04090909090909091,0.6925925925925925,0.6736364960670471
0.04090909090909091,0.6953703703703704,0.67270427942276
0.041666666666666664,0.6953703703703704,0.6724287271499634
0.041666666666666664,0.6962962962962963,0.6723447442054749
0.04318181818181818,0.6962962962962963,0.6716057658195496
0.04318181818181818,0.6972222222222222,0.6709369421005249
0.04393939393939394,0.6972222222222222,0.6709126234054565
0.04393939393939394,0.7037037037037037,0.6678804159164429
0.0446969696969697,0.7037037037037037,0.6668116450309753
0.0446969696969697,0.7083333333333334,0.662638783454895
0.045454545454545456,0.7083333333333334,0.6620462536811829
0.045454545454545456,0.7101851851851851,0.6613795161247253
0.04621212121212121,0.7101851851851851,0.6605568528175354
0.04621212121212121,0.7324074074074074,0.6495721340179443
0.04772727272727273,0.7324074074074074,0.6486752033233643
0.04772727272727273,0.7342592592592593,0.6485814452171326
0.05,0.7342592592592593,0.6465820670127869
0.05,0.737037037037037,0.6460027694702148
0.05075757575757576,0.737037037037037,0.6452921628952026
0.05075757575757576,0.7388888888888889,0.643083930015564
0.051515151515151514,0.7388888888888889,0.6430486440658569
0.051515151515151514,0.7472222222222222,0.6375582814216614
0.05227272727272727,0.7472222222222222,0.6374293565750122
0.05227272727272727,0.7481481481481481,0.6369102597236633
0.05303030303030303,0.7481481481481481,0.6368468999862671
0.05303030303030303,0.7490740740740741,0.6366611123085022
0.05378787878787879,0.7490740740740741,0.6365717649459839
0.05378787878787879,0.7546296296296297,0.6328564286231995
0.05454545454545454,0.7546296296296297,0.6326912641525269
0.05454545454545454,0.7564814814814815,0.630925714969635
0.055303030303030305,0.7564814814814815,0.6302107572555542
0.055303030303030305,0.7592592592592593,0.6285915374755859
0.05606060606060606,0.7592592592592593,0.6276134848594666
0.05606060606060606,0.7722222222222223,0.6228953003883362
0.056818181818181816,0.7722222222222223,0.6219969987869263
0.056818181818181816,0.774074074074074,0.6207340955734253
0.05757575757575758,0.774074074074074,0.6198477745056152
0.05757575757575758,0.7777777777777778,0.6185838580131531
0.05909090909090909,0.7777777777777778,0.6159464716911316
0.05909090909090909,0.7851851851851852,0.6112849116325378
0.059848484848484845,0.7851851851851852,0.6093905568122864
0.059848484848484845,0.7861111111111111,0.6079835891723633
0.06060606060606061,0.7861111111111111,0.607506513595581
0.06060606060606061,0.7870370370370371,0.6053932905197144
0.06212121212121212,0.7870370370370371,0.6019880175590515
0.06212121212121212,0.7916666666666666,0.597916841506958
0.06287878787878788,0.7916666666666666,0.5971931219100952
0.06287878787878788,0.7925925925925926,0.5969181060791016
0.06666666666666667,0.7925925925925926,0.5913056135177612
0.06666666666666667,0.7962962962962963,0.5879422426223755
0.06818181818181818,0.7962962962962963,0.5858653783798218
0.06818181818181818,0.7972222222222223,0.5855499505996704
0.0696969696969697,0.7972222222222223,0.582198441028595
0.0696969696969697,0.8,0.5807235240936279
0.07121212121212121,0.8,0.5777485370635986
0.07121212121212121,0.8018518518518518,0.5755137205123901
0.07424242424242425,0.8018518518518518,0.5725305080413818
0.07424242424242425,0.8027777777777778,0.572079598903656
0.075,0.8027777777777778,0.5709612369537354
0.075,0.8055555555555556,0.5678754448890686
0.07803030303030303,0.8055555555555556,0.5651929378509521
0.07803030303030303,0.8083333333333333,0.5626575350761414
0.0803030303030303,0.8083333333333333,0.5597878694534302
0.0803030303030303,0.8092592592592592,0.5593148469924927
0.08181818181818182,0.8092592592592592,0.5566721558570862
0.08181818181818182,0.8101851851851852,0.5547996163368225
0.0856060606060606,0.8101851851851852,0.550225019454956
0.0856060606060606,0.8111111111111111,0.5496110916137695
0.08636363636363636,0.8111111111111111,0.5458599328994751
0.08636363636363636,0.812037037037037,0.5453713536262512
0.08863636363636364,0.812037037037037,0.5367400050163269
0.08863636363636364,0.812962962962963,0.5362770557403564
0.0893939393939394,0.812962962962963,0.536227822303772
0.0893939393939394,0.8138888888888889,0.5348129868507385
0.10909090909090909,0.8138888888888889,0.4939707815647125
0.10909090909090909,0.8148148148148148,0.4937842786312103
0.11212121212121212,0.8148148148148148,0.48984822630882263
0.11212121212121212,0.8157407407407408,0.48817920684814453
0.12424242424242424,0.8157407407407408,0.47255706787109375
0.12424242424242424,0.8166666666666667,0.47214096784591675
0.12727272727272726,0.8166666666666667,0.46595072746276855
0.12727272727272726,0.8175925925925925,0.46394357085227966
0.1318181818181818,0.8175925925925925,0.45387837290763855
0.1318181818181818,0.8185185185185185,0.4534388780593872
0.13560606060606062,0.8185185185185185,0.45064476132392883
0.13560606060606062,0.8203703703703704,0.4500330090522766
0.13712121212121212,0.8203703703703704,0.4485466480255127
0.13712121212121212,0.8212962962962963,0.4478161334991455
0.13787878787878788,0.8212962962962963,0.44676557183265686
0.13787878787878788,0.8222222222222222,0.4461018443107605
0.14015151515151514,0.8222222222222222,0.44351714849472046
0.14015151515151514,0.8231481481481482,0.4430370032787323
0.1409090909090909,0.8231481481481482,0.4424480199813843
0.1409090909090909,0.8240740740740741,0.4422335624694824
0.1431818181818182,0.8240740740740741,0.43901145458221436
0.1431818181818182,0.8268518518518518,0.436355322599411
0.14545454545454545,0.8268518518518518,0.4342915117740631
0.14545454545454545,0.8287037037037037,0.43231725692749023
0.14772727272727273,0.8287037037037037,0.42698201537132263
0.14772727272727273,0.8296296296296296,0.4258749186992645
0.15454545454545454,0.8296296296296296,0.42219221591949463
0.15454545454545454,0.8314814814814815,0.42182260751724243
0.1553030303030303,0.8314814814814815,0.4218195080757141
0.1553030303030303,0.8333333333333334,0.42107605934143066
0.15606060606060607,0.8333333333333334,0.42053553462028503
0.15606060606060607,0.8361111111111111,0.4196244776248932
0.15833333333333333,0.8361111111111111,0.4181140959262848
0.15833333333333333,0.8379629629629629,0.41755473613739014
0.1590909090909091,0.8379629629629629,0.41709989309310913
0.1590909090909091,0.8388888888888889,0.4170082211494446
0.1606060606060606,0.8388888888888889,0.4150993824005127
0.1606060606060606,0.8425925925925926,0.4136737883090973
0.16287878787878787,0.8425925925925926,0.4106578528881073
0.16287878787878787,0.8435185185185186,0.41017425060272217
0.16666666666666666,0.8435185185185186,0.40698614716529846
0.16666666666666666,0.8444444444444444,0.4065086841583252
0.16742424242424242,0.8444444444444444,0.4055236279964447
0.16742424242424242,0.8453703703703703,0.4043060541152954
0.16818181818181818,0.8453703703703703,0.4040679335594177
0.16818181818181818,0.8472222222222222,0.40401381254196167
0.16893939393939394,0.8472222222222222,0.4033404588699341
0.16893939393939394,0.8481481481481481,0.4019691050052643
0.17045454545454544,0.8481481481481481,0.4014056921005249
0.17045454545454544,0.8490740740740741,0.4009210765361786
0.1712121212121212,0.8490740740740741,0.400452584028244
0.1712121212121212,0.8518518518518519,0.4002847969532013
0.17196969696969697,0.8518518518518519,0.4001774191856384
0.17196969696969697,0.8527777777777777,0.40013477206230164
0.17272727272727273,0.8527777777777777,0.4000783860683441
0.17272727272727273,0.8537037037037037,0.3999127447605133
0.17424242424242425,0.8537037037037037,0.3986353576183319
0.17424242424242425,0.8546296296296296,0.39777112007141113
0.17575757575757575,0.8546296296296296,0.3967440724372864
0.17575757575757575,0.8555555555555555,0.39623504877090454
0.1765151515151515,0.8555555555555555,0.39546069502830505
0.1765151515151515,0.8564814814814815,0.3947910964488983
0.17727272727272728,0.8564814814814815,0.3945962190628052
0.17727272727272728,0.8574074074074074,0.3936142325401306
0.17954545454545454,0.8574074074074074,0.3901163637638092
0.17954545454545454,0.8592592592592593,0.38922497630119324
0.18409090909090908,0.8592592592592593,0.387602299451828
0.18409090909090908,0.8601851851851852,0.3868708312511444
0.18484848484848485,0.8601851851851852,0.38603633642196655
0.18484848484848485,0.8611111111111112,0.3857378661632538
0.1856060606060606,0.8611111111111112,0.38562431931495667
0.1856060606060606,0.8629629629629629,0.3834800720214844
0.18636363636363637,0.8629629629629629,0.38310354948043823
0.18636363636363637,0.8675925925925926,0.3817119300365448
0.19166666666666668,0.8675925925925926,0.37716031074523926
0.19166666666666668,0.8694444444444445,0.3768487572669983
0.19545454545454546,0.8694444444444445,0.3720166087150574
0.19545454545454546,0.8703703703703703,0.37136349081993103
0.1962121212121212,0.8703703703703703,0.3706051707267761
0.1962121212121212,0.8722222222222222,0.36919865012168884
0.19772727272727272,0.8722222222222222,0.3683403432369232
0.19772727272727272,0.8731481481481481,0.3679981827735901
0.20075757575757575,0.8731481481481481,0.36659184098243713
0.20075757575757575,0.8740740740740741,0.3665521442890167
0.2015151515151515,0.8740740740740741,0.3661469519138336
0.2015151515151515,0.875,0.36564868688583374
0.20227272727272727,0.875,0.36539730429649353
0.20227272727272727,0.8777777777777778,0.36243635416030884
0.20303030303030303,0.8777777777777778,0.362106591463089
0.20303030303030303,0.8796296296296297,0.35915905237197876
0.20454545454545456,0.8796296296296297,0.35861846804618835
0.20454545454545456,0.8833333333333333,0.354899138212204
0.20606060606060606,0.8833333333333333,0.35445189476013184
0.20606060606060606,0.8851851851851852,0.35331034660339355
0.20757575757575758,0.8851851851851852,0.35301902890205383
0.20757575757575758,0.8861111111111111,0.35090962052345276
0.20833333333333334,0.8861111111111111,0.3503236174583435
0.20833333333333334,0.8898148148148148,0.34794411063194275
0.20909090909090908,0.8898148148148148,0.3462163507938385
0.20909090909090908,0.8907407407407407,0.34521737694740295
0.21212121212121213,0.8907407407407407,0.34129318594932556
0.21212121212121213,0.8916666666666667,0.34091320633888245
0.21363636363636362,0.8916666666666667,0.3395896852016449
0.21363636363636362,0.8925925925925926,0.33832308650016785
0.2143939393939394,0.8925925925925926,0.3381122350692749
0.2143939393939394,0.8935185185185185,0.33752039074897766
0.21515151515151515,0.8935185185185185,0.3372022211551666
0.21515151515151515,0.8953703703703704,0.3365304470062256
0.2159090909090909,0.8953703703703704,0.33647629618644714
0.2159090909090909,0.8962962962962963,0.33604976534843445
0.21742424242424244,0.8962962962962963,0.3349556028842926
0.21742424242424244,0.9,0.3335678279399872
0.21893939393939393,0.9,0.33267924189567566
0.21893939393939393,0.9018518518518519,0.3301667869091034
0.2196969696969697,0.9018518518518519,0.3290928900241852
0.2196969696969697,0.9037037037037037,0.3271743059158325
0.22121212121212122,0.9037037037037037,0.32665926218032837
0.22121212121212122,0.9046296296296297,0.3259396553039551
0.22272727272727272,0.9046296296296297,0.324567586183548
0.22272727272727272,0.9083333333333333,0.3234197199344635
0.22348484848484848,0.9083333333333333,0.32281285524368286
0.22348484848484848,0.9111111111111111,0.32191002368927
0.2265151515151515,0.9111111111111111,0.3201955556869507
0.2265151515151515,0.9120370370370371,0.3199498951435089
0.22727272727272727,0.9120370370370371,0.31981921195983887
0.22727272727272727,0.912962962962963,0.31965863704681396
0.2287878787878788,0.912962962962963,0.31570515036582947
0.2287878787878788,0.9148148148148149,0.3146306276321411
0.22954545454545455,0.9148148148148149,0.3145715296268463
0.22954545454545455,0.9203703703703704,0.31155145168304443
0.23106060606060605,0.9203703703703704,0.3106815814971924
0.23106060606060605,0.9212962962962963,0.30900686979293823
0.2340909090909091,0.9212962962962963,0.3073115944862366
0.2340909090909091,0.9222222222222223,0.30563783645629883
0.23787878787878788,0.9222222222222223,0.30416473746299744
0.23787878787878788,0.9231481481481482,0.3036021590232849
0.24015151515151514,0.9231481481481482,0.30312657356262207
0.24015151515151514,0.925,0.3030118942260742
0.2409090909090909,0.925,0.302762895822525
0.2409090909090909,0.9268518518518518,0.30242201685905457
0.24166666666666667,0.9268518518518518,0.3023267090320587
0.24166666666666667,0.9277777777777778,0.30197378993034363
0.2431818181818182,0.9277777777777778,0.2993083894252777
0.2431818181818182,0.9296296296296296,0.29811280965805054
0.24545454545454545,0.9296296296296296,0.29696476459503174
0.24545454545454545,0.9305555555555556,0.29691725969314575
0.24848484848484848,0.9305555555555556,0.2942836880683899
0.24848484848484848,0.9314814814814815,0.2929339110851288
0.24924242424242424,0.9314814814814815,0.2927688658237457
0.24924242424242424,0.9324074074074075,0.2926965653896332
0.25,0.9324074074074075,0.29252544045448303
0.25,0.9342592592592592,0.291568785905838
0.2515151515151515,0.9342592592592592,0.29095396399497986
0.2515151515151515,0.9351851851851852,0.2905896008014679
0.25303030303030305,0.9351851851851852,0.28985193371772766
0.25303030303030305,0.9361111111111111,0.28936609625816345
0.2545454545454545,0.9361111111111111,0.28791770339012146
0.2545454545454545,0.937037037037037,0.28781935572624207
0.25681818181818183,0.937037037037037,0.2857981026172638
0.25681818181818183,0.937962962962963,0.28503578901290894
0.25833333333333336,0.937962962962963,0.28399527072906494
0.25833333333333336,0.9398148148148148,0.2834290862083435
0.2590909090909091,0.9398148148148148,0.2828913927078247
0.2590909090909091,0.9407407407407408,0.28264132142066956
0.26136363636363635,0.9407407407407408,0.28082773089408875
0.26136363636363635,0.9416666666666667,0.280128538608551
0.2636363636363636,0.9416666666666667,0.27879759669303894
0.2636363636363636,0.9425925925925925,0.2785378694534302
0.26515151515151514,0.9425925925925925,0.2776135802268982
0.26515151515151514,0.9444444444444444,0.27618882060050964
0.26590909090909093,0.9444444444444444,0.2757001519203186
0.26590909090909093,0.9453703703703704,0.2754972577095032
0.26666666666666666,0.9453703703703704,0.2744283974170685
0.26666666666666666,0.9472222222222222,0.27276334166526794
0.27045454545454545,0.9472222222222222,0.2708317041397095
0.27045454545454545,0.9481481481481482,0.26925355195999146
0.271969696969697,0.9481481481481482,0.2687745988368988
0.271969696969697,0.9490740740740741,0.26822152733802795
0.2765151515151515,0.9490740740740741,0.2663085460662842
0.2765151515151515,0.950925925925926,0.26579442620277405
0.2772727272727273,0.950925925925926,0.2656654417514801
0.2772727272727273,0.9518518518518518,0.26494571566581726
0.2787878787878788,0.9518518518518518,0.2640969455242157
0.2787878787878788,0.9527777777777777,0.26341959834098816
0.2803030303030303,0.9527777777777777,0.26283180713653564
0.2803030303030303,0.9546296296296296,0.261788010597229
0.2818181818181818,0.9546296296296296,0.26106131076812744
0.2818181818181818,0.9555555555555556,0.2602308392524719
0.2825757575757576,0.9555555555555556,0.2598877549171448
0.2825757575757576,0.9564814814814815,0.25833991169929504
0.2863636363636364,0.9564814814814815,0.25459936261177063
0.2863636363636364,0.9574074074074074,0.25401046872138977
0.28863636363636364,0.9574074074074074,0.2530422508716583
0.28863636363636364,0.9583333333333334,0.25289663672447205
0.2962121212121212,0.9583333333333334,0.24802982807159424
0.2962121212121212,0.9592592592592593,0.2468351572751999
0.29848484848484846,0.9592592592592593,0.24423669278621674
0.29848484848484846,0.9601851851851851,0.2441108375787735
0.3,0.9601851851851851,0.242519810795784
0.3,0.9611111111111111,0.24195891618728638
0.30303030303030304,0.9611111111111111,0.24039608240127563
0.30303030303030304,0.962037037037037,0.24026545882225037
0.30454545454545456,0.962037037037037,0.24017852544784546
0.30454545454545456,0.9629629629629629,0.24009989202022552
0.3053030303030303,0.9629629629629629,0.23999463021755219
0.3053030303030303,0.9638888888888889,0.2396029531955719
0.30757575757575756,0.9638888888888889,0.23812852799892426
0.30757575757575756,0.9648148148148148,0.23807284235954285
0.3196969696969697,0.9648148148148148,0.2239944040775299
0.3196969696969697,0.9657407407407408,0.22394484281539917
0.32651515151515154,0.9657407407407408,0.21875567734241486
0.32651515151515154,0.9666666666666667,0.2170560359954834
0.34015151515151515,0.9666666666666667,0.20682920515537262
0.34015151515151515,0.9675925925925926,0.20615319907665253
0.3484848484848485,0.9675925925925926,0.2009003609418869
0.3484848484848485,0.9685185185185186,0.20026902854442596
0.3515151515151515,0.9685185185185186,0.19940787553787231
0.3515151515151515,0.9694444444444444,0.19871188700199127
0.353030303030303,0.9694444444444444,0.19814731180667877
0.353030303030303,0.9703703703703703,0.19793422520160675
0.3659090909090909,0.9703703703703703,0.19373904168605804
0.3659090909090909,0.9712962962962963,0.19341321289539337
0.3696969696969697,0.9712962962962963,0.19136208295822144
0.3696969696969697,0.9722222222222222,0.19118091464042664
0.3712121212121212,0.9722222222222222,0.1905418336391449
0.3712121212121212,0.9731481481481481,0.18996497988700867
0.38181818181818183,0.9731481481481481,0.1869017779827118
0.38181818181818183,0.9740740740740741,0.186789408326149
0.38712121212121214,0.9740740740740741,0.18589584529399872
0.38712121212121214,0.975,0.1857479214668274
0.39090909090909093,0.975,0.18500304222106934
0.39090909090909093,0.975925925925926,0.18468742072582245
0.39166666666666666,0.975925925925926,0.18454509973526
0.39166666666666666,0.9768518518518519,0.18449462950229645
0.3931818181818182,0.9768518518518519,0.18416623771190643
0.3931818181818182,0.9777777777777777,0.18392547965049744
0.41363636363636364,0.9777777777777777,0.17741958796977997
0.41363636363636364,0.9787037037037037,0.1774037778377533
0.41515151515151516,0.9787037037037037,0.17663522064685822
0.41515151515151516,0.9796296296296296,0.17655900120735168
0.4257575757575758,0.9796296296296296,0.17404805123806
0.4257575757575758,0.9805555555555555,0.17403903603553772
0.4287878787878788,0.9805555555555555,0.17341874539852142
0.4287878787878788,0.9814814814814815,0.17323799431324005
0.42954545454545456,0.9814814814814815,0.17317838966846466
0.42954545454545456,0.9824074074074074,0.17266906797885895
0.4318181818181818,0.9824074074074074,0.17178073525428772
0.4318181818181818,0.9833333333333333,0.17143045365810394
0.4409090909090909,0.9833333333333333,0.16925151646137238
0.4409090909090909,0.9842592592592593,0.16923895478248596
0.44166666666666665,0.9842592592592593,0.16914574801921844
0.44166666666666665,0.9851851851851852,0.16853314638137817
0.44393939393939397,0.9851851851851852,0.16763436794281006
0.44393939393939397,0.9861111111111112,0.1672792136669159
0.45681818181818185,0.9861111111111112,0.1635987013578415
0.45681818181818185,0.987037037037037,0.16352728009223938
0.4696969696969697,0.987037037037037,0.15966303646564484
0.4696969696969697,0.9879629629629629,0.15961666405200958
0.4727272727272727,0.9879629629629629,0.15912702679634094
0.4727272727272727,0.9888888888888889,0.15900364518165588
0.5068181818181818,0.9888888888888889,0.14938406646251678
0.5068181818181818,0.9898148148148148,0.14922025799751282
0.5234848484848484,0.9898148148148148,0.14517267048358917
0.5234848484848484,0.9907407407407407,0.14497794210910797
0.5257575757575758,0.9907407407407407,0.1444956362247467
0.5257575757575758,0.9916666666666667,0.14436951279640198
0.5280303030303031,0.9916666666666667,0.14381887018680573
0.5280303030303031,0.9925925925925926,0.1434805542230606
0.5393939393939394,0.9925925925925926,0.13957619667053223
0.5393939393939394,0.9944444444444445,0.1391688585281372
0.5462121212121213,0.9944444444444445,0.13679471611976624
0.5462121212121213,0.9962962962962963,0.13591372966766357
0.5477272727272727,0.9962962962962963,0.1354723423719406
0.5477272727272727,0.9972222222222222,0.13536806404590607
0.5515151515151515,0.9972222222222222,0.13309213519096375
0.5515151515151515,0.9981481481481481,0.13296198844909668
0.5628787878787879,0.9981481481481481,0.12864258885383606
0.5628787878787879,0.9990740740740741,0.12820598483085632
0.5704545454545454,0.9990740740740741,0.12523090839385986
0.5704545454545454,1.0,0.1249212697148323
1.0,1.0,0.013273476622998714
