FPR,TPR,Threshold
0.0,0.0,1.9672797918319702
0.0,0.0009615384615384616,0.9672797918319702
0.0,0.03076923076923077,0.9478434920310974
0.0007352941176470588,0.03076923076923077,0.9477407932281494
0.0007352941176470588,0.035576923076923075,0.9437904953956604
0.0014705882352941176,0.035576923076923075,0.9436715841293335
0.0014705882352941176,0.03653846153846154,0.9432090520858765
0.0029411764705882353,0.03653846153846154,0.94290691614151
0.0029411764705882353,0.0375,0.9421449899673462
0.0058823529411764705,0.0375,0.9406730532646179
0.0058823529411764705,0.03942307692307692,0.940577507019043
0.006617647058823529,0.03942307692307692,0.940002977848053
0.006617647058823529,0.04038461538461539,0.9399846196174622
0.007352941176470588,0.04038461538461539,0.9394632577896118
0.007352941176470588,0.04230769230769231,0.9390515089035034
0.008823529411764706,0.04230769230769231,0.9382253289222717
0.008823529411764706,0.04326923076923077,0.9378765821456909
0.009558823529411765,0.04326923076923077,0.9377031922340393
0.009558823529411765,0.04519230769230769,0.937345027923584
0.010294117647058823,0.04519230769230769,0.9371733665466309
0.010294117647058823,0.051923076923076926,0.9361103177070618
0.011029411764705883,0.051923076923076926,0.935677707195282
0.011029411764705883,0.06538461538461539,0.9291521906852722
0.011764705882352941,0.06538461538461539,0.9262818098068237
0.011764705882352941,0.10865384615384616,0.9012746810913086
0.0125,0.10865384615384616,0.9009119272232056
0.0125,0.1346153846153846,0.8898366093635559
0.013235294117647059,0.1346153846153846,0.8894792199134827
0.013235294117647059,0.14038461538461539,0.8847835659980774
0.013970588235294118,0.14038461538461539,0.8841091394424438
0.013970588235294118,0.14134615384615384,0.8840450644493103
0.014705882352941176,0.14134615384615384,0.8833420276641846
0.014705882352941176,0.1423076923076923,0.8818365931510925
0.015441176470588236,0.1423076923076923,0.8811475038528442
0.015441176470588236,0.14326923076923076,0.8809047341346741
0.016176470588235296,0.14326923076923076,0.8808479309082031
0.016176470588235296,0.14903846153846154,0.8765121698379517
0.016911764705882352,0.14903846153846154,0.8758279085159302
0.016911764705882352,0.1548076923076923,0.8735477924346924
0.01764705882352941,0.1548076923076923,0.8733023405075073
0.01764705882352941,0.1596153846153846,0.8720851540565491
0.01838235294117647,0.1596153846153846,0.8718298077583313
0.01838235294117647,0.17211538461538461,0.8671843409538269
0.019852941176470587,0.17211538461538461,0.8671225309371948
0.019852941176470587,0.17307692307692307,0.866905927658081
0.020588235294117647,0.17307692307692307,0.8668701648712158
0.020588235294117647,0.17403846153846153,0.8668034076690674
0.021323529411764706,0.17403846153846153,0.8664459586143494
0.021323529411764706,0.1778846153846154,0.8658077716827393
0.022058823529411766,0.1778846153846154,0.8657327890396118
0.022058823529411766,0.1798076923076923,0.8648015856742859
0.023529411764705882,0.1798076923076923,0.8645201325416565
0.023529411764705882,0.18461538461538463,0.8631660342216492
0.02426470588235294,0.18461538461538463,0.8626313805580139
0.02426470588235294,0.1875,0.8619009852409363
0.025,0.1875,0.8618562817573547
0.025,0.19134615384615383,0.8584660887718201
0.025735294117647058,0.19134615384615383,0.858252763748169
0.025735294117647058,0.1971153846153846,0.855915367603302
0.027205882352941177,0.1971153846153846,0.8551960587501526
0.027205882352941177,0.2519230769230769,0.8175723552703857
0.027941176470588237,0.2519230769230769,0.816403329372406
0.027941176470588237,0.25769230769230766,0.8118410110473633
0.028676470588235293,0.25769230769230766,0.8116820454597473
0.028676470588235293,0.25961538461538464,0.8101434707641602
0.029411764705882353,0.25961538461538464,0.8095139861106873
0.029411764705882353,0.2605769230769231,0.8091866970062256
0.030147058823529412,0.2605769230769231,0.8081446886062622
0.030147058823529412,0.2644230769230769,0.8045448064804077
0.030882352941176472,0.2644230769230769,0.804283857345581
0.030882352941176472,0.2721153846153846,0.8007025122642517
0.03161764705882353,0.2721153846153846,0.8006891012191772
0.03161764705882353,0.2778846153846154,0.7991650700569153
0.03235294117647059,0.2778846153846154,0.799055814743042
0.03235294117647059,0.27884615384615385,0.798767626285553
0.03308823529411765,0.27884615384615385,0.7984906435012817
0.03308823529411765,0.2798076923076923,0.7981436848640442
0.033823529411764704,0.2798076923076923,0.7977973222732544
0.033823529411764704,0.2846153846153846,0.7953691482543945
0.0375,0.2846153846153846,0.7936616539955139
0.0375,0.2903846153846154,0.7920448780059814
0.03823529411764706,0.2903846153846154,0.7919659614562988
0.03823529411764706,0.29423076923076924,0.7910177707672119
0.039705882352941174,0.29423076923076924,0.7907251119613647
0.039705882352941174,0.29903846153846153,0.7898324131965637
0.04044117647058824,0.29903846153846153,0.7894158959388733
0.04044117647058824,0.30673076923076925,0.788190484046936
0.041176470588235294,0.30673076923076925,0.7880406975746155
0.041176470588235294,0.31634615384615383,0.7857494950294495
0.04191176470588235,0.31634615384615383,0.7853581309318542
0.04191176470588235,0.3278846153846154,0.7796656489372253
0.04264705882352941,0.3278846153846154,0.7794719338417053
0.04264705882352941,0.3326923076923077,0.7787227034568787
0.04338235294117647,0.3326923076923077,0.778611958026886
0.04338235294117647,0.3384615384615385,0.777341902256012
0.04411764705882353,0.3384615384615385,0.7766891717910767
0.04411764705882353,0.3451923076923077,0.7745057344436646
0.04485294117647059,0.3451923076923077,0.7739077210426331
0.04485294117647059,0.3528846153846154,0.7713844776153564
0.04632352941176471,0.3528846153846154,0.7707220315933228
0.04632352941176471,0.3576923076923077,0.7685545086860657
0.047058823529411764,0.3576923076923077,0.7681936621665955
0.047058823529411764,0.3644230769230769,0.7664505243301392
0.04779411764705882,0.3644230769230769,0.7655543684959412
0.04779411764705882,0.3701923076923077,0.7642178535461426
0.04852941176470588,0.3701923076923077,0.763912558555603
0.04852941176470588,0.3769230769230769,0.7628285884857178
0.05,0.3769230769230769,0.7626665830612183
0.05,0.3778846153846154,0.7624124884605408
0.05073529411764706,0.3778846153846154,0.7620963454246521
0.05073529411764706,0.37884615384615383,0.7617073059082031
0.05367647058823529,0.37884615384615383,0.760991632938385
0.05367647058823529,0.3798076923076923,0.760783314704895
0.054411764705882354,0.3798076923076923,0.7606639266014099
0.054411764705882354,0.38269230769230766,0.7599815726280212
0.05514705882352941,0.38269230769230766,0.7598846554756165
0.05514705882352941,0.38461538461538464,0.7595258355140686
0.05588235294117647,0.38461538461538464,0.7594120502471924
0.05588235294117647,0.3855769230769231,0.759274423122406
0.05661764705882353,0.3855769230769231,0.7589648962020874
0.05661764705882353,0.3894230769230769,0.7556973099708557
0.05808823529411765,0.3894230769230769,0.7547731399536133
0.05808823529411765,0.39134615384615384,0.754681408405304
0.058823529411764705,0.39134615384615384,0.7543597221374512
0.058823529411764705,0.3923076923076923,0.7539623379707336
0.05955882352941176,0.3923076923076923,0.7536930441856384
0.05955882352941176,0.39903846153846156,0.7526959180831909
0.060294117647058824,0.39903846153846156,0.7518864274024963
0.060294117647058824,0.4009615384615385,0.7516393661499023
0.061764705882352944,0.4009615384615385,0.7510220408439636
0.061764705882352944,0.4048076923076923,0.7499966621398926
0.06397058823529411,0.4048076923076923,0.7480811476707458
0.06397058823529411,0.40576923076923077,0.747772216796875
0.06544117647058824,0.40576923076923077,0.7472581267356873
0.06544117647058824,0.4076923076923077,0.7464115023612976
0.0661764705882353,0.4076923076923077,0.7463075518608093
0.0661764705882353,0.40865384615384615,0.7459911108016968
0.06764705882352941,0.40865384615384615,0.7457967400550842
0.06764705882352941,0.4096153846153846,0.7456111907958984
0.06838235294117648,0.4096153846153846,0.7454236149787903
0.06838235294117648,0.4125,0.7447054386138916
0.06985294117647059,0.4125,0.7439829707145691
0.06985294117647059,0.41346153846153844,0.7434805631637573
0.0713235294117647,0.41346153846153844,0.7433150410652161
0.0713235294117647,0.41634615384615387,0.7429268956184387
0.07205882352941176,0.41634615384615387,0.7429206371307373
0.07205882352941176,0.4182692307692308,0.7425694465637207
0.07352941176470588,0.4182692307692308,0.7422173023223877
0.07352941176470588,0.4221153846153846,0.7412241101264954
0.07426470588235294,0.4221153846153846,0.7411618828773499
0.07426470588235294,0.42403846153846153,0.740744411945343
0.07573529411764705,0.42403846153846153,0.740594208240509
0.07573529411764705,0.4326923076923077,0.7393826246261597
0.07647058823529412,0.4326923076923077,0.7393560409545898
0.07647058823529412,0.4346153846153846,0.7387015223503113
0.07867647058823529,0.4346153846153846,0.7374197840690613
0.07867647058823529,0.43653846153846154,0.7364599704742432
0.08014705882352942,0.43653846153846154,0.7358249425888062
0.08014705882352942,0.43846153846153846,0.7357866168022156
0.08161764705882353,0.43846153846153846,0.73533034324646
0.08161764705882353,0.4403846153846154,0.735196590423584
0.08308823529411764,0.4403846153846154,0.734830379486084
0.08308823529411764,0.4423076923076923,0.7344560027122498
0.0838235294117647,0.4423076923076923,0.733985960483551
0.0838235294117647,0.44326923076923075,0.7332127690315247
0.08455882352941177,0.44326923076923075,0.7327139973640442
0.08455882352941177,0.4442307692307692,0.7326369285583496
0.08676470588235294,0.4442307692307692,0.7319048047065735
0.08676470588235294,0.44519230769230766,0.7318824529647827
0.09044117647058823,0.44519230769230766,0.7307682037353516
0.09044117647058823,0.44711538461538464,0.7304617166519165
0.09264705882352942,0.44711538461538464,0.7301561832427979
0.09264705882352942,0.4480769230769231,0.730008602142334
0.09485294117647058,0.4480769230769231,0.729017436504364
0.09485294117647058,0.45096153846153847,0.7280056476593018
0.09632352941176471,0.45096153846153847,0.7276691794395447
0.09632352941176471,0.45384615384615384,0.7264479994773865
0.09705882352941177,0.45384615384615384,0.7264206409454346
0.09705882352941177,0.45576923076923076,0.7258574962615967
0.09926470588235294,0.45576923076923076,0.7246388792991638
0.09926470588235294,0.4576923076923077,0.7238849997520447
0.1,0.4576923076923077,0.7237957715988159
0.1,0.46153846153846156,0.7229963541030884
0.10147058823529412,0.46153846153846156,0.7229230999946594
0.10147058823529412,0.4625,0.7224165201187134
0.10294117647058823,0.4625,0.722065806388855
0.10294117647058823,0.46442307692307694,0.7219635844230652
0.10441176470588236,0.46442307692307694,0.7211679816246033
0.10441176470588236,0.4673076923076923,0.7209203839302063
0.10661764705882353,0.4673076923076923,0.7194598317146301
0.10661764705882353,0.46826923076923077,0.7191900610923767
0.10882352941176471,0.46826923076923077,0.7182164192199707
0.10882352941176471,0.46923076923076923,0.7169653177261353
0.11029411764705882,0.46923076923076923,0.7165589332580566
0.11029411764705882,0.4701923076923077,0.7164278626441956
0.11544117647058824,0.4701923076923077,0.7148306965827942
0.11544117647058824,0.47115384615384615,0.7146355509757996
0.11691176470588235,0.47115384615384615,0.7137938141822815
0.11691176470588235,0.4721153846153846,0.712879478931427
0.11911764705882352,0.4721153846153846,0.7113521099090576
0.11911764705882352,0.4740384615384615,0.7105029821395874
0.1213235294117647,0.4740384615384615,0.7100731730461121
0.1213235294117647,0.47596153846153844,0.7099559307098389
0.12205882352941176,0.47596153846153844,0.7099292874336243
0.12205882352941176,0.47692307692307695,0.7097237706184387
0.12279411764705882,0.47692307692307695,0.7095872163772583
0.12279411764705882,0.47884615384615387,0.7093087434768677
0.1264705882352941,0.47884615384615387,0.7078606486320496
0.1264705882352941,0.4798076923076923,0.7077144980430603
0.12867647058823528,0.4798076923076923,0.7069980502128601
0.12867647058823528,0.4807692307692308,0.7068118453025818
0.1323529411764706,0.4807692307692308,0.7059116363525391
0.1323529411764706,0.48173076923076924,0.705353856086731
0.13455882352941176,0.48173076923076924,0.7044216990470886
0.13455882352941176,0.4826923076923077,0.7043594121932983
0.13529411764705881,0.4826923076923077,0.7034680843353271
0.13529411764705881,0.4846153846153846,0.70265793800354
0.13823529411764707,0.4846153846153846,0.7019262313842773
0.13823529411764707,0.4875,0.7015396356582642
0.14191176470588235,0.4875,0.6995384097099304
0.14191176470588235,0.4894230769230769,0.6986938118934631
0.1426470588235294,0.4894230769230769,0.6973949670791626
0.1426470588235294,0.4913461538461538,0.697234034538269
0.14411764705882352,0.4913461538461538,0.6960092186927795
0.14411764705882352,0.49230769230769234,0.6955111622810364
0.1448529411764706,0.49230769230769234,0.6951236128807068
0.1448529411764706,0.4932692307692308,0.6948221325874329
0.14558823529411766,0.4932692307692308,0.6936241388320923
0.14558823529411766,0.49423076923076925,0.6933772563934326
0.1463235294117647,0.49423076923076925,0.693126916885376
0.1463235294117647,0.4951923076923077,0.6926449537277222
0.14779411764705883,0.4951923076923077,0.6921901702880859
0.14779411764705883,0.5,0.6908200979232788
0.14926470588235294,0.5,0.6906251907348633
0.14926470588235294,0.5038461538461538,0.6900032758712769
0.15,0.5038461538461538,0.6897579431533813
0.15,0.5067307692307692,0.6887686252593994
0.15073529411764705,0.5067307692307692,0.688708484172821
0.15073529411764705,0.5076923076923077,0.6885479092597961
0.15220588235294116,0.5076923076923077,0.6878201365470886
0.15220588235294116,0.5086538461538461,0.6877789497375488
0.15294117647058825,0.5086538461538461,0.6871415972709656
0.15294117647058825,0.510576923076923,0.6866042613983154
0.1536764705882353,0.510576923076923,0.6859233379364014
0.1536764705882353,0.5125,0.6854307055473328
0.15441176470588236,0.5125,0.6852310299873352
0.15441176470588236,0.5153846153846153,0.6851370334625244
0.15514705882352942,0.5153846153846153,0.6848388314247131
0.15514705882352942,0.5182692307692308,0.6844226717948914
0.15808823529411764,0.5182692307692308,0.6821104884147644
0.15808823529411764,0.5211538461538462,0.681681752204895
0.1588235294117647,0.5211538461538462,0.6816116571426392
0.1588235294117647,0.525,0.6810546517372131
0.15955882352941175,0.525,0.6807018518447876
0.15955882352941175,0.5259615384615385,0.6798562407493591
0.16029411764705884,0.5259615384615385,0.6795219779014587
0.16029411764705884,0.5288461538461539,0.6790732741355896
0.1625,0.5288461538461539,0.6781365275382996
0.1625,0.5298076923076923,0.6781023740768433
0.16397058823529412,0.5298076923076923,0.6779029369354248
0.16397058823529412,0.5317307692307692,0.6774762272834778
0.1676470588235294,0.5317307692307692,0.6767557263374329
0.1676470588235294,0.5346153846153846,0.6749165654182434
0.16838235294117648,0.5346153846153846,0.6746107935905457
0.16838235294117648,0.5403846153846154,0.6739905476570129
0.16911764705882354,0.5403846153846154,0.6736169457435608
0.16911764705882354,0.5423076923076923,0.6734281778335571
0.17058823529411765,0.5423076923076923,0.6733922958374023
0.17058823529411765,0.5432692307692307,0.6729404926300049
0.1713235294117647,0.5432692307692307,0.6728295683860779
0.1713235294117647,0.5442307692307692,0.6727712154388428
0.17205882352941176,0.5442307692307692,0.6727171540260315
0.17205882352941176,0.551923076923077,0.6710953116416931
0.17352941176470588,0.551923076923077,0.6707482933998108
0.17352941176470588,0.5528846153846154,0.6704534292221069
0.175,0.5528846153846154,0.6702456474304199
0.175,0.5538461538461539,0.6696709990501404
0.17573529411764705,0.5538461538461539,0.669642448425293
0.17573529411764705,0.5548076923076923,0.6690940856933594
0.17647058823529413,0.5548076923076923,0.6690078377723694
0.17647058823529413,0.5557692307692308,0.6688863635063171
0.17720588235294119,0.5557692307692308,0.6679914593696594
0.17720588235294119,0.5567307692307693,0.6679575443267822
0.17794117647058824,0.5567307692307693,0.6674667000770569
0.17794117647058824,0.5596153846153846,0.6668969392776489
0.1801470588235294,0.5596153846153846,0.6663742065429688
0.1801470588235294,0.5615384615384615,0.665964663028717
0.18088235294117647,0.5615384615384615,0.6657588481903076
0.18088235294117647,0.5644230769230769,0.6646521687507629
0.18161764705882352,0.5644230769230769,0.6645494699478149
0.18161764705882352,0.5663461538461538,0.6642160415649414
0.18235294117647058,0.5663461538461538,0.6641619801521301
0.18235294117647058,0.5682692307692307,0.6638879776000977
0.18455882352941178,0.5682692307692307,0.6635154485702515
0.18455882352941178,0.5701923076923077,0.6632508039474487
0.18529411764705883,0.5701923076923077,0.663053572177887
0.18529411764705883,0.5711538461538461,0.6628703474998474
0.1860294117647059,0.5711538461538461,0.6628580689430237
0.1860294117647059,0.573076923076923,0.6623504757881165
0.18676470588235294,0.573076923076923,0.6622543931007385
0.18676470588235294,0.5740384615384615,0.6621677875518799
0.1875,0.5740384615384615,0.6618220210075378
0.1875,0.575,0.6618217825889587
0.18823529411764706,0.575,0.6617045402526855
0.18823529411764706,0.5788461538461539,0.6613333225250244
0.1889705882352941,0.5788461538461539,0.6613168716430664
0.1889705882352941,0.5807692307692308,0.6609812378883362
0.18970588235294117,0.5807692307692308,0.6604724526405334
0.18970588235294117,0.5875,0.6573866009712219
0.19044117647058822,0.5875,0.6573574542999268
0.19044117647058822,0.5894230769230769,0.6566959023475647
0.19191176470588237,0.5894230769230769,0.6553623080253601
0.19191176470588237,0.5903846153846154,0.6553610563278198
0.19264705882352942,0.5903846153846154,0.6552197337150574
0.19264705882352942,0.5923076923076923,0.654544472694397
0.19338235294117648,0.5923076923076923,0.6541327238082886
0.19338235294117648,0.5961538461538461,0.6532430052757263
0.1948529411764706,0.5961538461538461,0.652987539768219
0.1948529411764706,0.6038461538461538,0.6520453691482544
0.19558823529411765,0.6038461538461538,0.6519052982330322
0.19558823529411765,0.6076923076923076,0.650823175907135
0.1963235294117647,0.6076923076923076,0.6506551504135132
0.1963235294117647,0.6096153846153847,0.6500308513641357
0.19705882352941176,0.6096153846153847,0.6498178243637085
0.19705882352941176,0.6115384615384616,0.6497027277946472
0.19779411764705881,0.6115384615384616,0.6491157412528992
0.19779411764705881,0.6173076923076923,0.6483574509620667
0.19926470588235295,0.6173076923076923,0.6479307413101196
0.19926470588235295,0.6182692307692308,0.6468368172645569
0.2,0.6182692307692308,0.6467532515525818
0.2,0.6230769230769231,0.6440958976745605
0.20073529411764707,0.6230769230769231,0.6439928412437439
0.20073529411764707,0.6269230769230769,0.6424684524536133
0.20147058823529412,0.6269230769230769,0.6421905159950256
0.20147058823529412,0.6317307692307692,0.6405739784240723
0.20220588235294118,0.6317307692307692,0.6402495503425598
0.20220588235294118,0.6336538461538461,0.6398080587387085
0.20294117647058824,0.6336538461538461,0.6395304203033447
0.20294117647058824,0.6346153846153846,0.6392920017242432
0.2036764705882353,0.6346153846153846,0.6388601660728455
0.2036764705882353,0.6413461538461539,0.6342416405677795
0.20588235294117646,0.6413461538461539,0.6331411004066467
0.20588235294117646,0.6432692307692308,0.631838321685791
0.2073529411764706,0.6432692307692308,0.6314839720726013
0.2073529411764706,0.6480769230769231,0.628246009349823
0.20808823529411766,0.6480769230769231,0.6281442642211914
0.20808823529411766,0.65,0.6262269616127014
0.2088235294117647,0.65,0.6256622672080994
0.2088235294117647,0.6509615384615385,0.6250839233398438
0.20955882352941177,0.6509615384615385,0.6246645450592041
0.20955882352941177,0.6519230769230769,0.6239904761314392
0.21102941176470588,0.6519230769230769,0.623650312423706
0.21102941176470588,0.6538461538461539,0.6217920780181885
0.21176470588235294,0.6538461538461539,0.6216903328895569
0.21176470588235294,0.6548076923076923,0.6211419105529785
0.2125,0.6548076923076923,0.621097207069397
0.2125,0.6557692307692308,0.6209365725517273
0.21323529411764705,0.6557692307692308,0.6202443242073059
0.21323529411764705,0.6567307692307692,0.6196027398109436
0.21470588235294116,0.6567307692307692,0.618908166885376
0.21470588235294116,0.6576923076923077,0.61887127161026
0.21544117647058825,0.6576923076923077,0.6188079714775085
0.21544117647058825,0.6615384615384615,0.617689847946167
0.21764705882352942,0.6615384615384615,0.6172906160354614
0.21764705882352942,0.6644230769230769,0.6156305074691772
0.21985294117647058,0.6644230769230769,0.6151053309440613
0.21985294117647058,0.6653846153846154,0.6150238513946533
0.2235294117647059,0.6653846153846154,0.6132435202598572
0.2235294117647059,0.6673076923076923,0.6126549243927002
0.22426470588235295,0.6673076923076923,0.6124553084373474
0.22426470588235295,0.6721153846153847,0.6101799011230469
0.22573529411764706,0.6721153846153847,0.6095678210258484
0.22573529411764706,0.6730769230769231,0.6090556383132935
0.22794117647058823,0.6730769230769231,0.6080809831619263
0.22794117647058823,0.6740384615384616,0.6074974536895752
0.2286764705882353,0.6740384615384616,0.6058286428451538
0.2286764705882353,0.6798076923076923,0.6040163040161133
0.2301470588235294,0.6798076923076923,0.6025283336639404
0.2301470588235294,0.6807692307692308,0.6022244095802307
0.23161764705882354,0.6807692307692308,0.6013078689575195
0.23161764705882354,0.6875,0.598879337310791
0.2323529411764706,0.6875,0.5984935760498047
0.2323529411764706,0.6884615384615385,0.598487377166748
0.2338235294117647,0.6884615384615385,0.597875714302063
0.2338235294117647,0.6923076923076923,0.5955756902694702
0.23455882352941176,0.6923076923076923,0.5951318144798279
0.23455882352941176,0.7,0.5905967950820923
0.23529411764705882,0.7,0.5903978943824768
0.23529411764705882,0.7009615384615384,0.5903621315956116
0.23602941176470588,0.7009615384615384,0.5895810127258301
0.23602941176470588,0.7096153846153846,0.5876581072807312
0.23676470588235293,0.7096153846153846,0.5866000652313232
0.23676470588235293,0.7105769230769231,0.5861095190048218
0.2375,0.7105769230769231,0.5852681994438171
0.2375,0.7115384615384616,0.5850902795791626
0.23823529411764705,0.7115384615384616,0.5846624374389648
0.23823529411764705,0.7173076923076923,0.5810747742652893
0.23897058823529413,0.7173076923076923,0.5794092416763306
0.23897058823529413,0.7221153846153846,0.5781326293945312
0.23970588235294119,0.7221153846153846,0.5780501961708069
0.23970588235294119,0.7240384615384615,0.5770065784454346
0.24044117647058824,0.7240384615384615,0.5764914155006409
0.24044117647058824,0.7326923076923076,0.5716993808746338
0.2411764705882353,0.7326923076923076,0.5715054869651794
0.2411764705882353,0.7346153846153847,0.5708565711975098
0.24191176470588235,0.7346153846153847,0.5705307722091675
0.24191176470588235,0.7355769230769231,0.5704197287559509
0.2426470588235294,0.7355769230769231,0.57033771276474
0.2426470588235294,0.7365384615384616,0.5702835917472839
0.24485294117647058,0.7365384615384616,0.5688384175300598
0.24485294117647058,0.7375,0.568738579750061
0.24926470588235294,0.7375,0.5661463141441345
0.24926470588235294,0.7432692307692308,0.5643551349639893
0.25,0.7432692307692308,0.5636484026908875
0.25,0.7451923076923077,0.5630554556846619
0.25073529411764706,0.7451923076923077,0.5628647208213806
0.25073529411764706,0.7471153846153846,0.562678873538971
0.25220588235294117,0.7471153846153846,0.5622860789299011
0.25220588235294117,0.75,0.5614309310913086
0.2529411764705882,0.75,0.5608750581741333
0.2529411764705882,0.7557692307692307,0.5592045187950134
0.25588235294117645,0.7557692307692307,0.5576853156089783
0.25588235294117645,0.7615384615384615,0.5548521876335144
0.25735294117647056,0.7615384615384615,0.5540688037872314
0.25735294117647056,0.7634615384615384,0.5534228682518005
0.2580882352941177,0.7634615384615384,0.5533542633056641
0.2580882352941177,0.7673076923076924,0.5516119599342346
0.25882352941176473,0.7673076923076924,0.5513512492179871
0.25882352941176473,0.7682692307692308,0.5511553883552551
0.2595588235294118,0.7682692307692308,0.5505358576774597
0.2595588235294118,0.7721153846153846,0.5488519072532654
0.26029411764705884,0.7721153846153846,0.5487897396087646
0.26029411764705884,0.7730769230769231,0.548629879951477
0.2610294117647059,0.7730769230769231,0.548582911491394
0.2610294117647059,0.775,0.5457611680030823
0.2625,0.775,0.5454272031784058
0.2625,0.7759615384615385,0.5453518629074097
0.26323529411764707,0.7759615384615385,0.545230507850647
0.26323529411764707,0.7778846153846154,0.5445456504821777
0.2639705882352941,0.7778846153846154,0.5444518327713013
0.2639705882352941,0.7817307692307692,0.5420365333557129
0.2647058823529412,0.7817307692307692,0.5417059063911438
0.2647058823529412,0.7826923076923077,0.5409228205680847
0.26544117647058824,0.7826923076923077,0.5407728552818298
0.26544117647058824,0.7836538461538461,0.5402168035507202
0.2661764705882353,0.7836538461538461,0.5398832559585571
0.2661764705882353,0.7846153846153846,0.5398531556129456
0.26691176470588235,0.7846153846153846,0.5391162633895874
0.26691176470588235,0.7894230769230769,0.5379799008369446
0.2676470588235294,0.7894230769230769,0.5375546216964722
0.2676470588235294,0.7913461538461538,0.536300539970398
0.26838235294117646,0.7913461538461538,0.5353783369064331
0.26838235294117646,0.7932692307692307,0.533511221408844
0.2691176470588235,0.7932692307692307,0.5323716998100281
0.2691176470588235,0.7971153846153847,0.5302027463912964
0.2698529411764706,0.7971153846153847,0.5301645398139954
0.2698529411764706,0.7990384615384616,0.529594898223877
0.27058823529411763,0.7990384615384616,0.5292211771011353
0.27058823529411763,0.8009615384615385,0.5290109515190125
0.2713235294117647,0.8009615384615385,0.5289259552955627
0.2713235294117647,0.801923076923077,0.5288263559341431
0.27205882352941174,0.801923076923077,0.5286532044410706
0.27205882352941174,0.8028846153846154,0.5285648107528687
0.2727941176470588,0.8028846153846154,0.5279509425163269
0.2727941176470588,0.8038461538461539,0.5278889536857605
0.275,0.8038461538461539,0.526988685131073
0.275,0.8048076923076923,0.5257540345191956
0.2772058823529412,0.8048076923076923,0.5250213742256165
0.2772058823529412,0.8057692307692308,0.5247686505317688
0.2786764705882353,0.8057692307692308,0.5238818526268005
0.2786764705882353,0.8067307692307693,0.5238325595855713
0.2801470588235294,0.8067307692307693,0.523266613483429
0.2801470588235294,0.8076923076923077,0.5230575799942017
0.28308823529411764,0.8076923076923077,0.5209882259368896
0.28308823529411764,0.8096153846153846,0.5198893547058105
0.2875,0.8096153846153846,0.5182189345359802
0.2875,0.8105769230769231,0.5176419615745544
0.29044117647058826,0.8105769230769231,0.5169873237609863
0.29044117647058826,0.8115384615384615,0.5169606804847717
0.29705882352941176,0.8115384615384615,0.5137746334075928
0.29705882352941176,0.8134615384615385,0.5126919150352478
0.2977941176470588,0.8134615384615385,0.5123180747032166
0.2977941176470588,0.8144230769230769,0.512052059173584
0.29926470588235293,0.8144230769230769,0.5108403563499451
0.29926470588235293,0.8153846153846154,0.510674774646759
0.30073529411764705,0.8153846153846154,0.5100406408309937
0.30073529411764705,0.8163461538461538,0.5100296139717102
0.3014705882352941,0.8163461538461538,0.5079482793807983
0.3014705882352941,0.8173076923076923,0.5076370239257812
0.3029411764705882,0.8173076923076923,0.5068656206130981
0.3029411764705882,0.8182692307692307,0.5068299770355225
0.3095588235294118,0.8182692307692307,0.5043379068374634
0.3095588235294118,0.8192307692307692,0.5030224323272705
0.3110294117647059,0.8192307692307692,0.5020571351051331
0.3110294117647059,0.8211538461538461,0.5014427304267883
0.31176470588235294,0.8211538461538461,0.501427412033081
0.31176470588235294,0.8221153846153846,0.4999171793460846
0.3125,0.8221153846153846,0.4991096556186676
0.3125,0.823076923076923,0.498564749956131
0.31323529411764706,0.823076923076923,0.49765074253082275
0.31323529411764706,0.8259615384615384,0.4967186450958252
0.31470588235294117,0.8259615384615384,0.4962446093559265
0.31470588235294117,0.8326923076923077,0.4951015114784241
0.3176470588235294,0.8326923076923077,0.4943595826625824
0.3176470588235294,0.8346153846153846,0.4937257468700409
0.3191176470588235,0.8346153846153846,0.4931102991104126
0.3191176470588235,0.8384615384615385,0.49123242497444153
0.32573529411764707,0.8384615384615385,0.48820170760154724
0.32573529411764707,0.8403846153846154,0.4874230921268463
0.3286764705882353,0.8403846153846154,0.4864935278892517
0.3286764705882353,0.8413461538461539,0.4863503575325012
0.32941176470588235,0.8413461538461539,0.48625418543815613
0.32941176470588235,0.8423076923076923,0.4862433671951294
0.3323529411764706,0.8423076923076923,0.4854426383972168
0.3323529411764706,0.8432692307692308,0.48539477586746216
0.3397058823529412,0.8432692307692308,0.48295024037361145
0.3397058823529412,0.8442307692307692,0.48281219601631165
0.3411764705882353,0.8442307692307692,0.48205527663230896
0.3411764705882353,0.8451923076923077,0.482015997171402
0.34191176470588236,0.8451923076923077,0.48162001371383667
0.34191176470588236,0.8461538461538461,0.48155781626701355
0.34411764705882353,0.8461538461538461,0.4809660017490387
0.34411764705882353,0.8471153846153846,0.4808654189109802
0.3492647058823529,0.8471153846153846,0.47916460037231445
0.3492647058823529,0.85,0.4782247841358185
0.35073529411764703,0.85,0.47697678208351135
0.35073529411764703,0.8519230769230769,0.4766107201576233
0.35441176470588237,0.8519230769230769,0.4751623272895813
0.35441176470588237,0.8528846153846154,0.47509661316871643
0.3558823529411765,0.8528846153846154,0.47365522384643555
0.3558823529411765,0.8538461538461538,0.4733559191226959
0.35661764705882354,0.8538461538461538,0.47313758730888367
0.35661764705882354,0.8548076923076923,0.473049521446228
0.35808823529411765,0.8548076923076923,0.4721068739891052
0.35808823529411765,0.8557692307692307,0.47207826375961304
0.3625,0.8557692307692307,0.46988797187805176
0.3625,0.8586538461538461,0.46924856305122375
0.36323529411764705,0.8586538461538461,0.468534916639328
0.36323529411764705,0.8596153846153847,0.46848249435424805
0.36470588235294116,0.8596153846153847,0.4682655334472656
0.36470588235294116,0.8605769230769231,0.46814051270484924
0.3654411764705882,0.8605769230769231,0.46723562479019165
0.3654411764705882,0.8625,0.46659669280052185
0.36617647058823527,0.8625,0.4660029113292694
0.36617647058823527,0.8634615384615385,0.4649987518787384
0.3683823529411765,0.8634615384615385,0.4644848704338074
0.3683823529411765,0.864423076923077,0.46431756019592285
0.3720588235294118,0.864423076923077,0.46318161487579346
0.3720588235294118,0.8653846153846154,0.4628238379955292
0.37426470588235294,0.8653846153846154,0.4615893065929413
0.37426470588235294,0.8682692307692308,0.46008220314979553
0.37573529411764706,0.8682692307692308,0.4596189260482788
0.37573529411764706,0.8692307692307693,0.4594305455684662
0.3786764705882353,0.8692307692307693,0.45812252163887024
0.3786764705882353,0.8701923076923077,0.45805567502975464
0.38088235294117645,0.8701923076923077,0.4576445519924164
0.38088235294117645,0.8740384615384615,0.45675158500671387
0.38235294117647056,0.8740384615384615,0.456662654876709
0.38235294117647056,0.875,0.45645537972450256
0.3860294117647059,0.875,0.4556122124195099
0.3860294117647059,0.8769230769230769,0.45485392212867737
0.3889705882352941,0.8769230769230769,0.4534892141819
0.3889705882352941,0.8778846153846154,0.45324933528900146
0.39044117647058824,0.8778846153846154,0.4529692530632019
0.39044117647058824,0.8788461538461538,0.4521915018558502
0.39191176470588235,0.8788461538461538,0.4519711434841156
0.39191176470588235,0.8798076923076923,0.4517004191875458
0.3963235294117647,0.8798076923076923,0.45069459080696106
0.3963235294117647,0.8807692307692307,0.4500637650489807
0.4,0.8807692307692307,0.4488580822944641
0.4,0.8817307692307692,0.44878867268562317
0.40147058823529413,0.8817307692307692,0.4478357434272766
0.40147058823529413,0.8826923076923077,0.4478257894515991
0.4022058823529412,0.8826923076923077,0.44776326417922974
0.4022058823529412,0.8836538461538461,0.4474552571773529
0.4036764705882353,0.8836538461538461,0.4468509554862976
0.4036764705882353,0.8865384615384615,0.44639936089515686
0.40588235294117647,0.8865384615384615,0.44578343629837036
0.40588235294117647,0.8875,0.44554799795150757
0.4073529411764706,0.8875,0.4448957145214081
0.4073529411764706,0.8894230769230769,0.44429370760917664
0.40808823529411764,0.8894230769230769,0.44424957036972046
0.40808823529411764,0.8913461538461539,0.44399309158325195
0.40955882352941175,0.8913461538461539,0.4439118206501007
0.40955882352941175,0.8932692307692308,0.4438437521457672
0.4117647058823529,0.8932692307692308,0.4435081481933594
0.4117647058823529,0.8942307692307693,0.44330480694770813
0.4176470588235294,0.8942307692307693,0.44215095043182373
0.4176470588235294,0.8951923076923077,0.44196271896362305
0.41911764705882354,0.8951923076923077,0.4417474865913391
0.41911764705882354,0.8971153846153846,0.44115757942199707
0.4213235294117647,0.8971153846153846,0.44055256247520447
0.4213235294117647,0.8990384615384616,0.44011926651000977
0.42426470588235293,0.8990384615384616,0.4396871030330658
0.42426470588235293,0.9,0.4396272301673889
0.425,0.9,0.4391375780105591
0.425,0.9009615384615385,0.43901756405830383
0.43014705882352944,0.9009615384615385,0.43698054552078247
0.43014705882352944,0.9019230769230769,0.43673503398895264
0.43161764705882355,0.9019230769230769,0.4363498091697693
0.43161764705882355,0.9038461538461539,0.43610695004463196
0.4323529411764706,0.9038461538461539,0.43593862652778625
0.4323529411764706,0.9057692307692308,0.4351716935634613
0.43529411764705883,0.9057692307692308,0.43392425775527954
0.43529411764705883,0.9067307692307692,0.4333312511444092
0.43970588235294117,0.9067307692307692,0.43230438232421875
0.43970588235294117,0.9076923076923077,0.43178191781044006
0.4411764705882353,0.9076923076923077,0.43099963665008545
0.4411764705882353,0.9086538461538461,0.43098878860473633
0.44338235294117645,0.9086538461538461,0.4296683669090271
0.44338235294117645,0.9105769230769231,0.4286957085132599
0.4441176470588235,0.9105769230769231,0.42836451530456543
0.4441176470588235,0.9115384615384615,0.4283027648925781
0.44926470588235295,0.9115384615384615,0.42597803473472595
0.44926470588235295,0.9134615384615384,0.4252772033214569
0.45,0.9134615384615384,0.42523282766342163
0.45,0.9144230769230769,0.4251634180545807
0.4551470588235294,0.9144230769230769,0.4220658838748932
0.4551470588235294,0.9153846153846154,0.42182743549346924
0.4588235294117647,0.9153846153846154,0.41998377442359924
0.4588235294117647,0.9163461538461538,0.41991665959358215
0.4625,0.9163461538461538,0.4177667796611786
0.4625,0.9173076923076923,0.41762614250183105
0.4661764705882353,0.9173076923076923,0.41591188311576843
0.4661764705882353,0.9182692307692307,0.4156922996044159
0.46691176470588236,0.9182692307692307,0.41568467020988464
0.46691176470588236,0.9192307692307692,0.4153512418270111
0.47058823529411764,0.9192307692307692,0.41368603706359863
0.47058823529411764,0.9201923076923076,0.4134146571159363
0.4713235294117647,0.9201923076923076,0.41218751668930054
0.4713235294117647,0.9211538461538461,0.4119725525379181
0.4727941176470588,0.9211538461538461,0.41084691882133484
0.4727941176470588,0.9221153846153847,0.4106006920337677
0.4764705882352941,0.9221153846153847,0.40704789757728577
0.4764705882352941,0.9240384615384616,0.4068145155906677
0.4823529411764706,0.9240384615384616,0.40289509296417236
0.4823529411764706,0.925,0.4008287191390991
0.48308823529411765,0.925,0.4007362127304077
0.48308823529411765,0.9259615384615385,0.4004548490047455
0.48455882352941176,0.9259615384615385,0.39937034249305725
0.48455882352941176,0.926923076923077,0.39841771125793457
0.48676470588235293,0.926923076923077,0.39713597297668457
0.48676470588235293,0.9288461538461539,0.39619049429893494
0.4875,0.9288461538461539,0.3961852788925171
0.4875,0.9298076923076923,0.3958645761013031
0.5029411764705882,0.9298076923076923,0.3828524947166443
0.5029411764705882,0.9307692307692308,0.3818199932575226
0.5176470588235295,0.9307692307692308,0.37521326541900635
0.5176470588235295,0.9317307692307693,0.37498340010643005
0.5213235294117647,0.9317307692307693,0.3731904625892639
0.5213235294117647,0.9326923076923077,0.37294700741767883
0.5308823529411765,0.9326923076923077,0.3670339584350586
0.5308823529411765,0.9336538461538462,0.3668932318687439
0.5323529411764706,0.9336538461538462,0.3657113015651703
0.5323529411764706,0.9346153846153846,0.3657052218914032
0.5411764705882353,0.9346153846153846,0.35897353291511536
0.5411764705882353,0.9355769230769231,0.3589530289173126
0.5470588235294118,0.9355769230769231,0.3564378023147583
0.5470588235294118,0.9365384615384615,0.35642409324645996
0.5485294117647059,0.9365384615384615,0.3546651303768158
0.5485294117647059,0.9375,0.3542216718196869
0.5551470588235294,0.9375,0.35205745697021484
0.5551470588235294,0.9384615384615385,0.3513778746128082
0.5588235294117647,0.9384615384615385,0.35017257928848267
0.5588235294117647,0.9394230769230769,0.3496714234352112
0.5617647058823529,0.9394230769230769,0.3482571542263031
0.5617647058823529,0.9403846153846154,0.34811535477638245
0.5625,0.9403846153846154,0.3479704260826111
0.5625,0.9413461538461538,0.34743601083755493
0.5654411764705882,0.9413461538461538,0.34558936953544617
0.5654411764705882,0.9432692307692307,0.34456998109817505
0.5720588235294117,0.9432692307692307,0.3421112596988678
0.5720588235294117,0.9442307692307692,0.34152451157569885
0.5845588235294118,0.9442307692307692,0.3336692154407501
0.5845588235294118,0.9451923076923077,0.333308607339859
0.5882352941176471,0.9451923076923077,0.3305095136165619
0.5882352941176471,0.9461538461538461,0.3304843604564667
0.5941176470588235,0.9461538461538461,0.32870468497276306
0.5941176470588235,0.948076923076923,0.3281875550746918
0.6022058823529411,0.948076923076923,0.32371798157691956
0.6022058823529411,0.9490384615384615,0.3231887221336365
0.6036764705882353,0.9490384615384615,0.3228820860385895
0.6036764705882353,0.95,0.322616845369339
0.6044117647058823,0.95,0.322590708732605
0.6044117647058823,0.9509615384615384,0.32189273834228516
0.6051470588235294,0.9509615384615384,0.3216499090194702
0.6051470588235294,0.9519230769230769,0.32162484526634216
0.6058823529411764,0.9519230769230769,0.32161638140678406
0.6058823529411764,0.9528846153846153,0.32119518518447876
0.6080882352941176,0.9528846153846153,0.3201487958431244
0.6080882352941176,0.9548076923076924,0.31987443566322327
0.6088235294117647,0.9548076923076924,0.3182820677757263
0.6088235294117647,0.9557692307692308,0.31822237372398376
0.6139705882352942,0.9557692307692308,0.31409236788749695
0.6139705882352942,0.9576923076923077,0.31264007091522217
0.6169117647058824,0.9576923076923077,0.3099241256713867
0.6169117647058824,0.9586538461538462,0.30943563580513
0.6213235294117647,0.9586538461538462,0.30700042843818665
0.6213235294117647,0.9596153846153846,0.3069530427455902
0.6286764705882353,0.9596153846153846,0.30333277583122253
0.6286764705882353,0.9605769230769231,0.3028883934020996
0.6389705882352941,0.9605769230769231,0.2969200909137726
0.6389705882352941,0.9615384615384616,0.2962649464607239
0.6397058823529411,0.9615384615384616,0.2960355281829834
0.6397058823529411,0.9634615384615385,0.2951972186565399
0.6463235294117647,0.9634615384615385,0.2904679477214813
0.6463235294117647,0.9644230769230769,0.2901422679424286
0.6610294117647059,0.9644230769230769,0.2796911895275116
0.6610294117647059,0.9653846153846154,0.2796081006526947
0.6661764705882353,0.9653846153846154,0.2758651673793793
0.6661764705882353,0.9663461538461539,0.2758147716522217
0.674264705882353,0.9663461538461539,0.2708016633987427
0.674264705882353,0.9673076923076923,0.2707841098308563
0.6764705882352942,0.9673076923076923,0.27053916454315186
0.6764705882352942,0.9682692307692308,0.26997464895248413
0.6794117647058824,0.9682692307692308,0.2689940631389618
0.6794117647058824,0.9692307692307692,0.26894983649253845
0.6801470588235294,0.9692307692307692,0.26891574263572693
0.6801470588235294,0.9701923076923077,0.26789361238479614
0.6823529411764706,0.9701923076923077,0.2662794589996338
0.6823529411764706,0.9721153846153846,0.26515254378318787
0.6889705882352941,0.9721153846153846,0.2613798677921295
0.6889705882352941,0.9730769230769231,0.26131749153137207
0.6897058823529412,0.9730769230769231,0.26099714636802673
0.6897058823529412,0.9740384615384615,0.26098576188087463
0.7,0.9740384615384615,0.25602084398269653
0.7,0.975,0.25593698024749756
0.7066176470588236,0.975,0.2538599669933319
0.7066176470588236,0.9759615384615384,0.2534090578556061
0.7073529411764706,0.9759615384615384,0.25322604179382324
0.7073529411764706,0.9769230769230769,0.2527405619621277
0.7338235294117647,0.9769230769230769,0.23939883708953857
0.7338235294117647,0.9778846153846154,0.23935705423355103
0.7595588235294117,0.9778846153846154,0.22984696924686432
0.7595588235294117,0.9788461538461538,0.2291618287563324
0.7889705882352941,0.9788461538461538,0.21752338111400604
0.7889705882352941,0.9798076923076923,0.21747756004333496
0.8088235294117647,0.9798076923076923,0.21026639640331268
0.8088235294117647,0.9807692307692307,0.2102636992931366
0.925,0.9807692307692307,0.09526233375072479
0.925,0.9817307692307692,0.09519625455141068
0.9264705882352942,0.9817307692307692,0.08384296298027039
0.9264705882352942,0.9826923076923076,0.0836186632514
0.9279411764705883,0.9826923076923076,0.08306635171175003
0.9279411764705883,0.9865384615384616,0.07946303486824036
0.9286764705882353,0.9865384615384616,0.07859602570533752
0.9286764705882353,0.9884615384615385,0.07288476824760437
0.9308823529411765,0.9884615384615385,0.07248837500810623
0.9308823529411765,0.9932692307692308,0.0708240270614624
0.9330882352941177,0.9932692307692308,0.07008025050163269
0.9330882352941177,0.9961538461538462,0.06891800463199615
0.9345588235294118,0.9961538461538462,0.06820620596408844
0.9345588235294118,0.9980769230769231,0.06655164808034897
0.9485294117647058,0.9980769230769231,0.058113619685173035
0.9485294117647058,0.9990384615384615,0.057528167963027954
0.9522058823529411,0.9990384615384615,0.05630781129002571
0.9522058823529411,1.0,0.056234028190374374
1.0,1.0,0.040231507271528244
