FPR,TPR,Threshold
0.0,0.0,1.9867189526557922
0.0,0.000925925925925926,0.9867189526557922
0.0,0.2601851851851852,0.9545155167579651
0.0007575757575757576,0.2601851851851852,0.9542958736419678
0.0007575757575757576,0.2675925925925926,0.9532370567321777
0.0015151515151515152,0.2675925925925926,0.9531590342521667
0.0015151515151515152,0.27314814814814814,0.9523194432258606
0.0022727272727272726,0.27314814814814814,0.9522162079811096
0.0022727272727272726,0.275,0.9521522521972656
0.0030303030303030303,0.275,0.9519909024238586
0.0030303030303030303,0.2759259259259259,0.9519896507263184
0.003787878787878788,0.2759259259259259,0.9519149661064148
0.003787878787878788,0.2777777777777778,0.9516947865486145
0.004545454545454545,0.2777777777777778,0.9516394138336182
0.004545454545454545,0.2796296296296296,0.9516041874885559
0.005303030303030303,0.2796296296296296,0.9513106346130371
0.005303030303030303,0.28055555555555556,0.9511131644248962
0.006060606060606061,0.28055555555555556,0.9509990811347961
0.006060606060606061,0.2814814814814815,0.9509661197662354
0.006818181818181818,0.2814814814814815,0.9509429335594177
0.006818181818181818,0.2833333333333333,0.9507879614830017
0.007575757575757576,0.2833333333333333,0.9506497979164124
0.007575757575757576,0.2851851851851852,0.9503288865089417
0.008333333333333333,0.2851851851851852,0.9501949548721313
0.008333333333333333,0.2861111111111111,0.9500892758369446
0.00909090909090909,0.2861111111111111,0.9500733613967896
0.00909090909090909,0.29907407407407405,0.9489415287971497
0.009848484848484848,0.29907407407407405,0.9483981132507324
0.009848484848484848,0.31574074074074077,0.9447284936904907
0.010606060606060607,0.31574074074074077,0.9446773529052734
0.010606060606060607,0.3287037037037037,0.9431431889533997
0.011363636363636364,0.3287037037037037,0.9430882930755615
0.011363636363636364,0.3425925925925926,0.9396874904632568
0.012121212121212121,0.3425925925925926,0.9389503598213196
0.012121212121212121,0.36574074074074076,0.9321328997612
0.012878787878787878,0.36574074074074076,0.932014524936676
0.012878787878787878,0.4046296296296296,0.9221166968345642
0.013636363636363636,0.4046296296296296,0.9220736026763916
0.013636363636363636,0.4462962962962963,0.9117031693458557
0.014393939393939395,0.4462962962962963,0.9114600419998169
0.014393939393939395,0.4666666666666667,0.9070623517036438
0.015151515151515152,0.4666666666666667,0.9069833159446716
0.015151515151515152,0.5370370370370371,0.8893292546272278
0.015909090909090907,0.5370370370370371,0.889236569404602
0.015909090909090907,0.5444444444444444,0.8882966637611389
0.016666666666666666,0.5444444444444444,0.8878931999206543
0.016666666666666666,0.5462962962962963,0.8866474032402039
0.017424242424242425,0.5462962962962963,0.8857831358909607
0.017424242424242425,0.549074074074074,0.8852545022964478
0.01818181818181818,0.549074074074074,0.8848520517349243
0.01818181818181818,0.5518518518518518,0.8842543363571167
0.01893939393939394,0.5518518518518518,0.8835954666137695
0.01893939393939394,0.5537037037037037,0.88345867395401
0.020454545454545454,0.5537037037037037,0.8830432295799255
0.020454545454545454,0.5546296296296296,0.8828263282775879
0.022727272727272728,0.5546296296296296,0.8823977112770081
0.022727272727272728,0.5555555555555556,0.882173478603363
0.025757575757575757,0.5555555555555556,0.8811556696891785
0.025757575757575757,0.5574074074074075,0.88087397813797
0.026515151515151516,0.5574074074074075,0.8806604743003845
0.026515151515151516,0.5638888888888889,0.8791638016700745
0.02727272727272727,0.5638888888888889,0.8791435956954956
0.02727272727272727,0.5657407407407408,0.8785748481750488
0.02803030303030303,0.5657407407407408,0.8783783316612244
0.02803030303030303,0.5666666666666667,0.8780141472816467
0.029545454545454545,0.5666666666666667,0.876986563205719
0.029545454545454545,0.5685185185185185,0.8766607642173767
0.03106060606060606,0.5685185185185185,0.8755277395248413
0.03106060606060606,0.5694444444444444,0.875421941280365
0.03636363636363636,0.5694444444444444,0.8736863732337952
0.03636363636363636,0.5740740740740741,0.870184600353241
0.037121212121212124,0.5740740740740741,0.8701254725456238
0.037121212121212124,0.5833333333333334,0.8643587827682495
0.03787878787878788,0.5833333333333334,0.8631697297096252
0.03787878787878788,0.5944444444444444,0.8566871881484985
0.038636363636363635,0.5944444444444444,0.8534594178199768
0.038636363636363635,0.5990740740740741,0.8520452380180359
0.03939393939393939,0.5990740740740741,0.851494312286377
0.03939393939393939,0.6037037037037037,0.8488921523094177
0.04090909090909091,0.6037037037037037,0.8471101522445679
0.04090909090909091,0.6083333333333333,0.8449566960334778
0.041666666666666664,0.6083333333333333,0.8444610238075256
0.041666666666666664,0.6222222222222222,0.8371729254722595
0.04242424242424243,0.6222222222222222,0.8367933630943298
0.04242424242424243,0.6240740740740741,0.8362417221069336
0.04318181818181818,0.6240740740740741,0.8356243371963501
0.04318181818181818,0.6324074074074074,0.8334312438964844
0.04393939393939394,0.6324074074074074,0.8331140875816345
0.04393939393939394,0.6666666666666666,0.8199099898338318
0.0446969696969697,0.6666666666666666,0.8196447491645813
0.0446969696969697,0.6694444444444444,0.8189321160316467
0.045454545454545456,0.6694444444444444,0.8189199566841125
0.045454545454545456,0.725,0.7934558391571045
0.04621212121212121,0.725,0.7927119731903076
0.04621212121212121,0.7268518518518519,0.790867805480957
0.04696969696969697,0.7268518518518519,0.790803074836731
0.04696969696969697,0.7324074074074074,0.783941388130188
0.04924242424242424,0.7324074074074074,0.7805331349372864
0.04924242424242424,0.7351851851851852,0.777742326259613
0.05,0.7351851851851852,0.7775797843933105
0.05,0.7379629629629629,0.775234043598175
0.051515151515151514,0.7379629629629629,0.7739205956459045
0.051515151515151514,0.7388888888888889,0.7736026644706726
0.055303030303030305,0.7388888888888889,0.7719727754592896
0.055303030303030305,0.7407407407407407,0.7709057927131653
0.05606060606060606,0.7407407407407407,0.7693576812744141
0.05606060606060606,0.7425925925925926,0.7675793766975403
0.05757575757575758,0.7425925925925926,0.764860212802887
0.05757575757575758,0.7462962962962963,0.7620781064033508
0.058333333333333334,0.7462962962962963,0.760748028755188
0.058333333333333334,0.7481481481481481,0.7590433955192566
0.059848484848484845,0.7481481481481481,0.7576294541358948
0.059848484848484845,0.75,0.7560122609138489
0.06060606060606061,0.75,0.7553693652153015
0.06060606060606061,0.7518518518518519,0.7534820437431335
0.06136363636363636,0.7518518518518519,0.7531277537345886
0.06136363636363636,0.7537037037037037,0.7518272995948792
0.06212121212121212,0.7537037037037037,0.7518028020858765
0.06212121212121212,0.7546296296296297,0.7515544891357422
0.06287878787878788,0.7546296296296297,0.751552164554596
0.06287878787878788,0.7583333333333333,0.7509523034095764
0.06363636363636363,0.7583333333333333,0.750569760799408
0.06363636363636363,0.7601851851851852,0.7501035928726196
0.06666666666666667,0.7601851851851852,0.7494291663169861
0.06666666666666667,0.7638888888888888,0.7477620244026184
0.06742424242424243,0.7638888888888888,0.747564971446991
0.06742424242424243,0.7666666666666667,0.7463023066520691
0.06893939393939394,0.7666666666666667,0.7441863417625427
0.06893939393939394,0.7685185185185185,0.7416836619377136
0.0696969696969697,0.7685185185185185,0.7379173636436462
0.0696969696969697,0.7694444444444445,0.735717236995697
0.07045454545454545,0.7694444444444445,0.7350385785102844
0.07045454545454545,0.7712962962962963,0.7273676991462708
0.07121212121212121,0.7712962962962963,0.7257577776908875
0.07121212121212121,0.7731481481481481,0.7215009331703186
0.07348484848484849,0.7731481481481481,0.7170794010162354
0.07348484848484849,0.775,0.7049641609191895
0.075,0.775,0.7003634572029114
0.075,0.7768518518518519,0.6984881162643433
0.07575757575757576,0.7768518518518519,0.69802325963974
0.07575757575757576,0.7861111111111111,0.6900352239608765
0.07954545454545454,0.7861111111111111,0.6839205026626587
0.07954545454545454,0.7870370370370371,0.6833688020706177
0.08333333333333333,0.7870370370370371,0.6798063516616821
0.08333333333333333,0.787962962962963,0.679164469242096
0.08636363636363636,0.787962962962963,0.6763567328453064
0.08636363636363636,0.7888888888888889,0.6746344566345215
0.08712121212121213,0.7888888888888889,0.6723836064338684
0.08712121212121213,0.7907407407407407,0.6703935265541077
0.0893939393939394,0.7907407407407407,0.6679731011390686
0.0893939393939394,0.7925925925925926,0.6672042608261108
0.09015151515151515,0.7925925925925926,0.6663981676101685
0.09015151515151515,0.7935185185185185,0.6655951738357544
0.09090909090909091,0.7935185185185185,0.6653550267219543
0.09090909090909091,0.7962962962962963,0.6649059057235718
0.09166666666666666,0.7962962962962963,0.6643292903900146
0.09166666666666666,0.7981481481481482,0.6638128161430359
0.09242424242424242,0.7981481481481482,0.6637773513793945
0.09242424242424242,0.8,0.6629734039306641
0.09318181818181819,0.8,0.662739098072052
0.09318181818181819,0.8018518518518518,0.662095308303833
0.09545454545454546,0.8018518518518518,0.6614063382148743
0.09545454545454546,0.8055555555555556,0.6607261300086975
0.09848484848484848,0.8055555555555556,0.6597304344177246
0.09848484848484848,0.8064814814814815,0.6596838235855103
0.1,0.8064814814814815,0.656912624835968
0.1,0.8074074074074075,0.6567780375480652
0.10075757575757575,0.8074074074074075,0.6559543609619141
0.10075757575757575,0.8083333333333333,0.6555508375167847
0.10227272727272728,0.8083333333333333,0.6542913913726807
0.10227272727272728,0.8111111111111111,0.6536652445793152
0.10303030303030303,0.8111111111111111,0.653393566608429
0.10303030303030303,0.812037037037037,0.6530617475509644
0.10454545454545454,0.812037037037037,0.6524683237075806
0.10454545454545454,0.8138888888888889,0.6521389484405518
0.1053030303030303,0.8138888888888889,0.6521195769309998
0.1053030303030303,0.8157407407407408,0.6512560844421387
0.10606060606060606,0.8157407407407408,0.6505871415138245
0.10606060606060606,0.8175925925925925,0.6503769755363464
0.10681818181818181,0.8175925925925925,0.6493635773658752
0.10681818181818181,0.8185185185185185,0.649323046207428
0.10757575757575757,0.8185185185185185,0.6487857699394226
0.10757575757575757,0.8212962962962963,0.6479074358940125
0.10833333333333334,0.8212962962962963,0.6472963094711304
0.10833333333333334,0.8277777777777777,0.6434608101844788
0.10909090909090909,0.8277777777777777,0.6420968770980835
0.10909090909090909,0.8305555555555556,0.639829695224762
0.10984848484848485,0.8305555555555556,0.6396709680557251
0.10984848484848485,0.8324074074074074,0.636237621307373
0.11060606060606061,0.8324074074074074,0.631391704082489
0.11060606060606061,0.8333333333333334,0.6302988529205322
0.11136363636363636,0.8333333333333334,0.6302031874656677
0.11136363636363636,0.8342592592592593,0.6279635429382324
0.11212121212121212,0.8342592592592593,0.6265374422073364
0.11212121212121212,0.8398148148148148,0.617795467376709
0.11363636363636363,0.8398148148148148,0.6150688529014587
0.11363636363636363,0.8407407407407408,0.607238233089447
0.1143939393939394,0.8407407407407408,0.6069828867912292
0.1143939393939394,0.8416666666666667,0.6041642427444458
0.11515151515151516,0.8416666666666667,0.6041187644004822
0.11515151515151516,0.8425925925925926,0.5997382998466492
0.11666666666666667,0.8425925925925926,0.5952831506729126
0.11666666666666667,0.8453703703703703,0.590656042098999
0.11742424242424243,0.8453703703703703,0.5865796208381653
0.11742424242424243,0.8462962962962963,0.5860411524772644
0.11893939393939394,0.8462962962962963,0.5832734107971191
0.11893939393939394,0.8490740740740741,0.579812228679657
0.11969696969696969,0.8490740740740741,0.5783678293228149
0.11969696969696969,0.8527777777777777,0.57676100730896
0.12121212121212122,0.8527777777777777,0.5758746266365051
0.12121212121212122,0.8546296296296296,0.5737282037734985
0.12348484848484849,0.8546296296296296,0.5725311040878296
0.12348484848484849,0.8574074074074074,0.5706825852394104
0.12575757575757576,0.8574074074074074,0.569553554058075
0.12575757575757576,0.8583333333333333,0.5685092210769653
0.12803030303030302,0.8583333333333333,0.566983699798584
0.12803030303030302,0.8675925925925926,0.5634561777114868
0.12878787878787878,0.8675925925925926,0.5627309679985046
0.12878787878787878,0.8731481481481481,0.5616350173950195
0.12954545454545455,0.8731481481481481,0.5609830617904663
0.12954545454545455,0.8759259259259259,0.5564531683921814
0.13106060606060607,0.8759259259259259,0.5552291870117188
0.13106060606060607,0.8824074074074074,0.5485492944717407
0.1318181818181818,0.8824074074074074,0.5475917458534241
0.1318181818181818,0.9,0.5376811623573303
0.13257575757575757,0.9,0.5367618203163147
0.13257575757575757,0.925,0.5143922567367554
0.13484848484848486,0.925,0.5115387439727783
0.13484848484848486,0.9268518518518518,0.5078516602516174
0.13636363636363635,0.9268518518518518,0.5064101815223694
0.13636363636363635,0.9305555555555556,0.5045456290245056
0.13787878787878788,0.9305555555555556,0.5014623403549194
0.13787878787878788,0.9314814814814815,0.5004628300666809
0.1409090909090909,0.9314814814814815,0.4990085959434509
0.1409090909090909,0.9333333333333333,0.49823787808418274
0.14393939393939395,0.9333333333333333,0.4974302649497986
0.14393939393939395,0.9462962962962963,0.49153435230255127
0.14469696969696969,0.9462962962962963,0.49031540751457214
0.14469696969696969,0.9472222222222222,0.48929116129875183
0.14545454545454545,0.9472222222222222,0.488704115152359
0.14545454545454545,0.9611111111111111,0.4759778082370758
0.1462121212121212,0.9611111111111111,0.47479990124702454
0.1462121212121212,0.9629629629629629,0.47339603304862976
0.14696969696969697,0.9629629629629629,0.47247079014778137
0.14696969696969697,0.9638888888888889,0.4687592685222626
0.14772727272727273,0.9638888888888889,0.4662320911884308
0.14772727272727273,0.975,0.4513426721096039
0.15075757575757576,0.975,0.4475540220737457
0.15075757575757576,0.975925925925926,0.4471774995326996
0.15227272727272728,0.975925925925926,0.44535523653030396
0.15227272727272728,0.9777777777777777,0.4376366138458252
0.15378787878787878,0.9777777777777777,0.4372420310974121
0.15378787878787878,0.9787037037037037,0.43682366609573364
0.16590909090909092,0.9787037037037037,0.4253145456314087
0.16590909090909092,0.9796296296296296,0.42420169711112976
0.18181818181818182,0.9796296296296296,0.41542941331863403
0.18181818181818182,0.9805555555555555,0.4133751094341278
0.19090909090909092,0.9805555555555555,0.4076283872127533
0.19090909090909092,0.9814814814814815,0.4075249433517456
0.2840909090909091,0.9814814814814815,0.311560720205307
0.2840909090909091,0.9833333333333333,0.30849337577819824
0.2878787878787879,0.9833333333333333,0.3021658658981323
0.2878787878787879,0.9842592592592593,0.2989899218082428
0.28863636363636364,0.9842592592592593,0.2988843619823456
0.28863636363636364,0.9851851851851852,0.29762792587280273
0.29318181818181815,0.9851851851851852,0.29616138339042664
0.29318181818181815,0.9861111111111112,0.29610058665275574
0.2962121212121212,0.9861111111111112,0.2928301990032196
0.2962121212121212,0.987037037037037,0.2927955687046051
0.29848484848484846,0.987037037037037,0.29043614864349365
0.29848484848484846,0.9907407407407407,0.2889558672904968
0.3,0.9907407407407407,0.28803449869155884
0.3,0.9925925925925926,0.28756576776504517
0.3007575757575758,0.9925925925925926,0.28726160526275635
0.3007575757575758,0.9935185185185185,0.28725093603134155
0.30227272727272725,0.9935185185185185,0.2860977053642273
0.30227272727272725,0.9944444444444445,0.28605425357818604
0.3212121212121212,0.9944444444444445,0.2746000289916992
0.3212121212121212,0.9953703703703703,0.2744297683238983
0.35,0.9953703703703703,0.2556225061416626
0.35,0.9962962962962963,0.2552826404571533
0.3515151515151515,0.9962962962962963,0.2521703243255615
0.3515151515151515,0.9972222222222222,0.2506521940231323
0.3560606060606061,0.9972222222222222,0.2462596893310547
0.3560606060606061,0.9981481481481481,0.24529600143432617
0.3606060606060606,0.9981481481481481,0.24331769347190857
0.3606060606060606,0.9990740740740741,0.24246421456336975
0.37727272727272726,0.9990740740740741,0.23047012090682983
0.37727272727272726,1.0,0.2300337702035904
1.0,1.0,0.015171640552580357
