FPR,TPR,Threshold
0.0,0.0,1.9844740629196167
0.0,0.000925925925925926,0.9844740629196167
0.0,0.25092592592592594,0.8863826394081116
0.0007575757575757576,0.25092592592592594,0.8854595422744751
0.0007575757575757576,0.2518518518518518,0.8854061961174011
0.0015151515151515152,0.2518518518518518,0.8840475082397461
0.0015151515151515152,0.27314814814814814,0.8750649690628052
0.0022727272727272726,0.27314814814814814,0.8726245760917664
0.0022727272727272726,0.2759259259259259,0.8710436224937439
0.0030303030303030303,0.2759259259259259,0.8710212707519531
0.0030303030303030303,0.27685185185185185,0.870628297328949
0.003787878787878788,0.27685185185185185,0.8703663945198059
0.003787878787878788,0.27870370370370373,0.8692523241043091
0.004545454545454545,0.27870370370370373,0.8688827753067017
0.004545454545454545,0.28055555555555556,0.8685609698295593
0.005303030303030303,0.28055555555555556,0.8685088157653809
0.005303030303030303,0.287962962962963,0.8653283715248108
0.006060606060606061,0.287962962962963,0.8653256893157959
0.006060606060606061,0.30648148148148147,0.8591642379760742
0.006818181818181818,0.30648148148148147,0.8587759733200073
0.006818181818181818,0.3074074074074074,0.8585196137428284
0.008333333333333333,0.3074074074074074,0.8573015332221985
0.008333333333333333,0.30925925925925923,0.8568390607833862
0.009848484848484848,0.30925925925925923,0.8558040261268616
0.009848484848484848,0.31203703703703706,0.8542136549949646
0.010606060606060607,0.31203703703703706,0.8541795611381531
0.010606060606060607,0.31666666666666665,0.8527817726135254
0.011363636363636364,0.31666666666666665,0.852274477481842
0.011363636363636364,0.32314814814814813,0.8498683571815491
0.012121212121212121,0.32314814814814813,0.849365770816803
0.012121212121212121,0.325,0.8490308523178101
0.012878787878787878,0.325,0.848966121673584
0.012878787878787878,0.3296296296296296,0.8474024534225464
0.013636363636363636,0.3296296296296296,0.8470472097396851
0.013636363636363636,0.33055555555555555,0.8466265201568604
0.014393939393939395,0.33055555555555555,0.8466163277626038
0.014393939393939395,0.3472222222222222,0.838436484336853
0.015151515151515152,0.3472222222222222,0.837657630443573
0.015151515151515152,0.35,0.8369024395942688
0.015909090909090907,0.35,0.836735725402832
0.015909090909090907,0.3537037037037037,0.8358206152915955
0.016666666666666666,0.3537037037037037,0.8356866836547852
0.016666666666666666,0.35648148148148145,0.8327196836471558
0.01818181818181818,0.35648148148148145,0.8319629430770874
0.01818181818181818,0.3611111111111111,0.8306674361228943
0.01893939393939394,0.3611111111111111,0.82985520362854
0.01893939393939394,0.362962962962963,0.8288230895996094
0.019696969696969695,0.362962962962963,0.8284826278686523
0.019696969696969695,0.3685185185185185,0.8267748355865479
0.020454545454545454,0.3685185185185185,0.826766848564148
0.020454545454545454,0.37222222222222223,0.8254578709602356
0.021212121212121213,0.37222222222222223,0.8251874446868896
0.021212121212121213,0.3731481481481482,0.8245183229446411
0.02196969696969697,0.3731481481481482,0.8236709833145142
0.02196969696969697,0.3787037037037037,0.8219878077507019
0.022727272727272728,0.3787037037037037,0.8217752575874329
0.022727272727272728,0.3814814814814815,0.8209249973297119
0.023484848484848483,0.3814814814814815,0.8204308152198792
0.023484848484848483,0.3824074074074074,0.8200989365577698
0.024242424242424242,0.3824074074074074,0.8198577165603638
0.024242424242424242,0.3888888888888889,0.8170819878578186
0.025,0.3888888888888889,0.8170732259750366
0.025,0.39351851851851855,0.8164147138595581
0.025757575757575757,0.39351851851851855,0.8158658146858215
0.025757575757575757,0.40925925925925927,0.8088430166244507
0.026515151515151516,0.40925925925925927,0.8079097867012024
0.026515151515151516,0.4185185185185185,0.8041006922721863
0.02727272727272727,0.4185185185185185,0.8040847778320312
0.02727272727272727,0.4212962962962963,0.8030507564544678
0.02803030303030303,0.4212962962962963,0.8026142120361328
0.02803030303030303,0.43796296296296294,0.7933031320571899
0.02878787878787879,0.43796296296296294,0.7926179766654968
0.02878787878787879,0.4546296296296296,0.7845308184623718
0.029545454545454545,0.4546296296296296,0.784269392490387
0.029545454545454545,0.462037037037037,0.7813163995742798
0.030303030303030304,0.462037037037037,0.7812593579292297
0.030303030303030304,0.4685185185185185,0.7793702483177185
0.03106060606060606,0.4685185185185185,0.7790886759757996
0.03106060606060606,0.46944444444444444,0.7789078950881958
0.031818181818181815,0.46944444444444444,0.7783575057983398
0.031818181818181815,0.47129629629629627,0.7780530452728271
0.03257575757575758,0.47129629629629627,0.7773928046226501
0.03257575757575758,0.48055555555555557,0.7705327272415161
0.03333333333333333,0.48055555555555557,0.7704471349716187
0.03333333333333333,0.49907407407407406,0.7636219263076782
0.03484848484848485,0.49907407407407406,0.763404905796051
0.03484848484848485,0.5055555555555555,0.7618291974067688
0.035606060606060606,0.5055555555555555,0.7612817883491516
0.035606060606060606,0.5092592592592593,0.7594480514526367
0.03636363636363636,0.5092592592592593,0.7589257955551147
0.03636363636363636,0.5138888888888888,0.757938027381897
0.037121212121212124,0.5138888888888888,0.7576665282249451
0.037121212121212124,0.5157407407407407,0.7571704983711243
0.03787878787878788,0.5157407407407407,0.7567722201347351
0.03787878787878788,0.5203703703703704,0.7521108388900757
0.03939393939393939,0.5203703703703704,0.7500945329666138
0.03939393939393939,0.525,0.748381495475769
0.04015151515151515,0.525,0.7481763362884521
0.04015151515151515,0.5287037037037037,0.7473222613334656
0.04090909090909091,0.5287037037037037,0.7468103766441345
0.04090909090909091,0.5305555555555556,0.7461579442024231
0.041666666666666664,0.5305555555555556,0.7461280822753906
0.041666666666666664,0.5370370370370371,0.7437165379524231
0.04242424242424243,0.5370370370370371,0.7434762120246887
0.04242424242424243,0.5388888888888889,0.7425650954246521
0.04318181818181818,0.5388888888888889,0.7423803210258484
0.04318181818181818,0.5453703703703704,0.7364827990531921
0.04393939393939394,0.5453703703703704,0.7364728450775146
0.04393939393939394,0.5462962962962963,0.7358121871948242
0.0446969696969697,0.5462962962962963,0.7348638772964478
0.0446969696969697,0.5481481481481482,0.7342826724052429
0.045454545454545456,0.5481481481481482,0.7339958548545837
0.045454545454545456,0.549074074074074,0.7338968515396118
0.04696969696969697,0.549074074074074,0.7327489256858826
0.04696969696969697,0.5518518518518518,0.7320207357406616
0.04772727272727273,0.5518518518518518,0.7318064570426941
0.04772727272727273,0.5537037037037037,0.7311134338378906
0.048484848484848485,0.5537037037037037,0.7309553623199463
0.048484848484848485,0.5564814814814815,0.7308082580566406
0.04924242424242424,0.5564814814814815,0.7301623225212097
0.04924242424242424,0.5583333333333333,0.7290576100349426
0.05,0.5583333333333333,0.7287698984146118
0.05,0.562962962962963,0.7266485691070557
0.05075757575757576,0.562962962962963,0.7264180183410645
0.05075757575757576,0.5666666666666667,0.7255570888519287
0.05227272727272727,0.5666666666666667,0.7249301075935364
0.05227272727272727,0.5685185185185185,0.72437983751297
0.05303030303030303,0.5685185185185185,0.7236891388893127
0.05303030303030303,0.5703703703703704,0.7234423756599426
0.05378787878787879,0.5703703703703704,0.7234252691268921
0.05378787878787879,0.5731481481481482,0.7220067977905273
0.05454545454545454,0.5731481481481482,0.7217752933502197
0.05454545454545454,0.5787037037037037,0.7166761755943298
0.055303030303030305,0.5787037037037037,0.7157886624336243
0.055303030303030305,0.5796296296296296,0.7151931524276733
0.05606060606060606,0.5796296296296296,0.714592695236206
0.05606060606060606,0.5805555555555556,0.7144520282745361
0.056818181818181816,0.5805555555555556,0.7144140005111694
0.056818181818181816,0.5888888888888889,0.7117860317230225
0.05757575757575758,0.5888888888888889,0.711465060710907
0.05757575757575758,0.5907407407407408,0.7114265561103821
0.058333333333333334,0.5907407407407408,0.7104519009590149
0.058333333333333334,0.5925925925925926,0.7086033821105957
0.05909090909090909,0.5925925925925926,0.7063701152801514
0.05909090909090909,0.5972222222222222,0.7037524580955505
0.059848484848484845,0.5972222222222222,0.7035138010978699
0.059848484848484845,0.5990740740740741,0.7033055424690247
0.06060606060606061,0.5990740740740741,0.7000675201416016
0.06060606060606061,0.6509259259259259,0.673356294631958
0.06136363636363636,0.6509259259259259,0.6733332872390747
0.06136363636363636,0.6657407407407407,0.6602348685264587
0.06212121212121212,0.6657407407407407,0.659521222114563
0.06212121212121212,0.6768518518518518,0.6521862745285034
0.06287878787878788,0.6768518518518518,0.6506445407867432
0.06287878787878788,0.6787037037037037,0.6499302387237549
0.06363636363636363,0.6787037037037037,0.6494567394256592
0.06363636363636363,0.6861111111111111,0.6465954780578613
0.06439393939393939,0.6861111111111111,0.6463883519172668
0.06439393939393939,0.687962962962963,0.646135687828064
0.06515151515151515,0.687962962962963,0.6455639004707336
0.06515151515151515,0.7129629629629629,0.6260027289390564
0.0659090909090909,0.7129629629629629,0.6259791851043701
0.0659090909090909,0.7157407407407408,0.6235586404800415
0.06666666666666667,0.7157407407407408,0.6224730014801025
0.06666666666666667,0.7212962962962963,0.6160115003585815
0.06742424242424243,0.7212962962962963,0.6158108115196228
0.06742424242424243,0.7222222222222222,0.6157686710357666
0.06818181818181818,0.7222222222222222,0.6139686107635498
0.06818181818181818,0.725,0.6126202344894409
0.06893939393939394,0.725,0.6113407611846924
0.06893939393939394,0.7314814814814815,0.6084631681442261
0.07045454545454545,0.7314814814814815,0.6070239543914795
0.07045454545454545,0.7324074074074074,0.6067479252815247
0.07121212121212121,0.7324074074074074,0.6060609221458435
0.07121212121212121,0.7342592592592593,0.6033750176429749
0.07348484848484849,0.7342592592592593,0.5997974872589111
0.07348484848484849,0.737037037037037,0.5972476601600647
0.07424242424242425,0.737037037037037,0.5972378253936768
0.07424242424242425,0.7379629629629629,0.5953840017318726
0.075,0.7379629629629629,0.5951358079910278
0.075,0.7388888888888889,0.5946552157402039
0.07575757575757576,0.7388888888888889,0.594534158706665
0.07575757575757576,0.7407407407407407,0.5940907597541809
0.07651515151515151,0.7407407407407407,0.5937350392341614
0.07651515151515151,0.7453703703703703,0.5914311408996582
0.07727272727272727,0.7453703703703703,0.5899893045425415
0.07727272727272727,0.7462962962962963,0.5897063612937927
0.07803030303030303,0.7462962962962963,0.5896331667900085
0.07803030303030303,0.7537037037037037,0.586304783821106
0.07878787878787878,0.7537037037037037,0.5862120985984802
0.07878787878787878,0.7546296296296297,0.5859545469284058
0.0803030303030303,0.7546296296296297,0.5851775407791138
0.0803030303030303,0.7564814814814815,0.5833885073661804
0.08106060606060606,0.7564814814814815,0.5833535194396973
0.08106060606060606,0.7583333333333333,0.582141637802124
0.08257575757575758,0.7583333333333333,0.5798804759979248
0.08257575757575758,0.7592592592592593,0.5788016319274902
0.08333333333333333,0.7592592592592593,0.5786651968955994
0.08333333333333333,0.7638888888888888,0.5727582573890686
0.08409090909090909,0.7638888888888888,0.5717755556106567
0.08409090909090909,0.7657407407407407,0.571514904499054
0.08484848484848485,0.7657407407407407,0.5702915787696838
0.08484848484848485,0.7675925925925926,0.5695911049842834
0.0856060606060606,0.7675925925925926,0.5687974095344543
0.0856060606060606,0.7685185185185185,0.5687763690948486
0.08636363636363636,0.7685185185185185,0.567241370677948
0.08636363636363636,0.7694444444444445,0.5653098821640015
0.08787878787878788,0.7694444444444445,0.5642170906066895
0.08787878787878788,0.7703703703703704,0.5633652806282043
0.09015151515151515,0.7703703703703704,0.5601662993431091
0.09015151515151515,0.775,0.5562861561775208
0.09166666666666666,0.775,0.5526495575904846
0.09166666666666666,0.7759259259259259,0.552258312702179
0.09242424242424242,0.7759259259259259,0.5512629747390747
0.09242424242424242,0.7768518518518519,0.5511840581893921
0.09318181818181819,0.7768518518518519,0.5511304140090942
0.09318181818181819,0.7824074074074074,0.5455520153045654
0.09545454545454546,0.7824074074074074,0.5430242419242859
0.09545454545454546,0.7861111111111111,0.5417188405990601
0.09621212121212121,0.7861111111111111,0.541528582572937
0.09621212121212121,0.787962962962963,0.5412117838859558
0.09848484848484848,0.787962962962963,0.5384059548377991
0.09848484848484848,0.7907407407407407,0.5374619364738464
0.1,0.7907407407407407,0.5361003279685974
0.1,0.7935185185185185,0.5350742340087891
0.10075757575757575,0.7935185185185185,0.5349223613739014
0.10075757575757575,0.7953703703703704,0.5315732359886169
0.10227272727272728,0.7953703703703704,0.5304257869720459
0.10227272727272728,0.7981481481481482,0.529293954372406
0.10454545454545454,0.7981481481481482,0.5280958414077759
0.10454545454545454,0.799074074074074,0.527972936630249
0.10681818181818181,0.799074074074074,0.5276627540588379
0.10681818181818181,0.8,0.5256837606430054
0.10757575757575757,0.8,0.5251379013061523
0.10757575757575757,0.8009259259259259,0.5250698924064636
0.10909090909090909,0.8009259259259259,0.5238650441169739
0.10909090909090909,0.8027777777777778,0.5225290656089783
0.11136363636363636,0.8027777777777778,0.5219100713729858
0.11136363636363636,0.8037037037037037,0.5211952924728394
0.11363636363636363,0.8037037037037037,0.5204119086265564
0.11363636363636363,0.8046296296296296,0.5200669169425964
0.1159090909090909,0.8046296296296296,0.5186754465103149
0.1159090909090909,0.8074074074074075,0.5170125961303711
0.11666666666666667,0.8074074074074075,0.5167508721351624
0.11666666666666667,0.8092592592592592,0.5157926678657532
0.11742424242424243,0.8092592592592592,0.5156838893890381
0.11742424242424243,0.8111111111111111,0.5137982964515686
0.11818181818181818,0.8111111111111111,0.5132492780685425
0.11818181818181818,0.8138888888888889,0.5120738744735718
0.11893939393939394,0.8138888888888889,0.5113769769668579
0.11893939393939394,0.8194444444444444,0.5061897039413452
0.12121212121212122,0.8194444444444444,0.5046316981315613
0.12121212121212122,0.8231481481481482,0.5020240545272827
0.12272727272727273,0.8231481481481482,0.5017204880714417
0.12272727272727273,0.825925925925926,0.5013540983200073
0.12348484848484849,0.825925925925926,0.5010456442832947
0.12348484848484849,0.8314814814814815,0.49807602167129517
0.12424242424242424,0.8314814814814815,0.49770018458366394
0.12424242424242424,0.8324074074074074,0.49709782004356384
0.125,0.8324074074074074,0.49617743492126465
0.125,0.8342592592592593,0.4960111379623413
0.12651515151515152,0.8342592592592593,0.49387261271476746
0.12651515151515152,0.8361111111111111,0.4935654103755951
0.12803030303030302,0.8361111111111111,0.49255257844924927
0.12803030303030302,0.8398148148148148,0.48890429735183716
0.12878787878787878,0.8398148148148148,0.4881567656993866
0.12878787878787878,0.8407407407407408,0.4875052571296692
0.12954545454545455,0.8407407407407408,0.4873746335506439
0.12954545454545455,0.8425925925925926,0.48556578159332275
0.13106060606060607,0.8425925925925926,0.4840409755706787
0.13106060606060607,0.8444444444444444,0.48360803723335266
0.13333333333333333,0.8444444444444444,0.47712594270706177
0.13333333333333333,0.8472222222222222,0.4760545790195465
0.13636363636363635,0.8472222222222222,0.4751202464103699
0.13636363636363635,0.8518518518518519,0.4722665548324585
0.13863636363636364,0.8518518518518519,0.4653257727622986
0.13863636363636364,0.8537037037037037,0.4649967849254608
0.14015151515151514,0.8537037037037037,0.46278828382492065
0.14015151515151514,0.8546296296296296,0.46165788173675537
0.1409090909090909,0.8546296296296296,0.4613364636898041
0.1409090909090909,0.8555555555555555,0.4612414836883545
0.14166666666666666,0.8555555555555555,0.46101343631744385
0.14166666666666666,0.8574074074074074,0.4601430892944336
0.1431818181818182,0.8574074074074074,0.45909109711647034
0.1431818181818182,0.8583333333333333,0.45811572670936584
0.14469696969696969,0.8583333333333333,0.45613405108451843
0.14469696969696969,0.8592592592592593,0.4559200704097748
0.14545454545454545,0.8592592592592593,0.45531734824180603
0.14545454545454545,0.8611111111111112,0.4524419605731964
0.1484848484848485,0.8611111111111112,0.4490779936313629
0.1484848484848485,0.862037037037037,0.44834306836128235
0.14924242424242423,0.862037037037037,0.4475390911102295
0.14924242424242423,0.8629629629629629,0.4453295171260834
0.15303030303030302,0.8629629629629629,0.4430040121078491
0.15303030303030302,0.8638888888888889,0.44286873936653137
0.15454545454545454,0.8638888888888889,0.44148942828178406
0.15454545454545454,0.8657407407407407,0.4409197270870209
0.1553030303030303,0.8657407407407407,0.44084250926971436
0.1553030303030303,0.8703703703703703,0.43919748067855835
0.16136363636363638,0.8703703703703703,0.43236044049263
0.16136363636363638,0.8712962962962963,0.4307815134525299
0.16287878787878787,0.8712962962962963,0.4297199547290802
0.16287878787878787,0.8722222222222222,0.4292227029800415
0.16515151515151516,0.8722222222222222,0.4254801273345947
0.16515151515151516,0.8740740740740741,0.4249187409877777
0.16893939393939394,0.8740740740740741,0.420823335647583
0.16893939393939394,0.875,0.420475035905838
0.1696969696969697,0.875,0.41921910643577576
0.1696969696969697,0.8759259259259259,0.41882243752479553
0.17424242424242425,0.8759259259259259,0.4155403673648834
0.17424242424242425,0.8768518518518519,0.415490061044693
0.17727272727272728,0.8768518518518519,0.4127989411354065
0.17727272727272728,0.8787037037037037,0.41062986850738525
0.18106060606060606,0.8787037037037037,0.4073107838630676
0.18106060606060606,0.8796296296296297,0.40624648332595825
0.18333333333333332,0.8796296296296297,0.4046022295951843
0.18333333333333332,0.8805555555555555,0.40421828627586365
0.18712121212121213,0.8805555555555555,0.40228328108787537
0.18712121212121213,0.8814814814814815,0.40160220861434937
0.19015151515151515,0.8814814814814815,0.3986215889453888
0.19015151515151515,0.8824074074074074,0.3983054459095001
0.19242424242424241,0.8824074074074074,0.3980952799320221
0.19242424242424241,0.8842592592592593,0.397261381149292
0.19393939393939394,0.8842592592592593,0.39511844515800476
0.19393939393939394,0.8851851851851852,0.3945207893848419
0.20075757575757575,0.8851851851851852,0.39044567942619324
0.20075757575757575,0.8861111111111111,0.3892148733139038
0.2015151515151515,0.8861111111111111,0.38915497064590454
0.2015151515151515,0.8870370370370371,0.38824620842933655
0.20757575757575758,0.8870370370370371,0.38396698236465454
0.20757575757575758,0.8907407407407407,0.3808158040046692
0.20833333333333334,0.8907407407407407,0.38000965118408203
0.20833333333333334,0.8916666666666667,0.37996599078178406
0.21515151515151515,0.8916666666666667,0.3748217225074768
0.21515151515151515,0.8925925925925926,0.37471041083335876
0.2159090909090909,0.8925925925925926,0.37426868081092834
0.2159090909090909,0.8935185185185185,0.3733999729156494
0.22045454545454546,0.8935185185185185,0.3705923557281494
0.22045454545454546,0.8953703703703704,0.36894676089286804
0.22121212121212122,0.8953703703703704,0.36890488862991333
0.22121212121212122,0.8962962962962963,0.36849433183670044
0.22196969696969698,0.8962962962962963,0.3683285713195801
0.22196969696969698,0.8972222222222223,0.36746343970298767
0.22272727272727272,0.8972222222222223,0.367186576128006
0.22272727272727272,0.8981481481481481,0.36521247029304504
0.22348484848484848,0.8981481481481481,0.36497610807418823
0.22348484848484848,0.899074074074074,0.3648955821990967
0.22424242424242424,0.899074074074074,0.3646870255470276
0.22424242424242424,0.9,0.3644386827945709
0.225,0.9,0.3632652461528778
0.225,0.9009259259259259,0.3627535104751587
0.22575757575757577,0.9009259259259259,0.36256879568099976
0.22575757575757577,0.9018518518518519,0.36181706190109253
0.22727272727272727,0.9018518518518519,0.3613870143890381
0.22727272727272727,0.9046296296296297,0.3603886663913727
0.22803030303030303,0.9046296296296297,0.35941967368125916
0.22803030303030303,0.9055555555555556,0.3587456941604614
0.22954545454545455,0.9055555555555556,0.3580979108810425
0.22954545454545455,0.9064814814814814,0.35790514945983887
0.2318181818181818,0.9064814814814814,0.35656049847602844
0.2318181818181818,0.9074074074074074,0.35555851459503174
0.23257575757575757,0.9074074074074074,0.3555552065372467
0.23257575757575757,0.9092592592592592,0.35313865542411804
0.23787878787878788,0.9092592592592592,0.35024458169937134
0.23787878787878788,0.9111111111111111,0.3493834137916565
0.2409090909090909,0.9111111111111111,0.34743067622184753
0.2409090909090909,0.9120370370370371,0.3471517264842987
0.24393939393939393,0.9120370370370371,0.3448672592639923
0.24393939393939393,0.912962962962963,0.3440318703651428
0.24621212121212122,0.912962962962963,0.3430449068546295
0.24621212121212122,0.9138888888888889,0.34293970465660095
0.25,0.9138888888888889,0.3405286967754364
0.25,0.9148148148148149,0.3398991823196411
0.25227272727272726,0.9148148148148149,0.3397669196128845
0.25227272727272726,0.9185185185185185,0.33723461627960205
0.26212121212121214,0.9185185185185185,0.3309462070465088
0.26212121212121214,0.9194444444444444,0.3308696448802948
0.26590909090909093,0.9194444444444444,0.3282995820045471
0.26590909090909093,0.9203703703703704,0.32798105478286743
0.2674242424242424,0.9203703703703704,0.3273323178291321
0.2674242424242424,0.9212962962962963,0.3271145224571228
0.27045454545454545,0.9212962962962963,0.3262842297554016
0.27045454545454545,0.924074074074074,0.3251810073852539
0.27121212121212124,0.924074074074074,0.3249059319496155
0.27121212121212124,0.925,0.32434308528900146
0.2727272727272727,0.925,0.32335585355758667
0.2727272727272727,0.9268518518518518,0.3230116367340088
0.275,0.9268518518518518,0.32189851999282837
0.275,0.9277777777777778,0.3218255341053009
0.2772727272727273,0.9277777777777778,0.3197563588619232
0.2772727272727273,0.9287037037037037,0.3196011483669281
0.27954545454545454,0.9287037037037037,0.31891053915023804
0.27954545454545454,0.9305555555555556,0.31876352429389954
0.28106060606060607,0.9305555555555556,0.31825190782546997
0.28106060606060607,0.9314814814814815,0.3181108236312866
0.2818181818181818,0.9314814814814815,0.3171250820159912
0.2818181818181818,0.9324074074074075,0.3169909417629242
0.2825757575757576,0.9324074074074075,0.3168993890285492
0.2825757575757576,0.9333333333333333,0.31634795665740967
0.2871212121212121,0.9333333333333333,0.3148018419742584
0.2871212121212121,0.9342592592592592,0.314473420381546
0.28939393939393937,0.9342592592592592,0.3131238520145416
0.28939393939393937,0.9351851851851852,0.31256407499313354
0.29015151515151516,0.9351851851851852,0.31220924854278564
0.29015151515151516,0.9361111111111111,0.3121296465396881
0.2924242424242424,0.9361111111111111,0.3112243413925171
0.2924242424242424,0.937037037037037,0.31082889437675476
0.30227272727272725,0.937037037037037,0.3061828315258026
0.30227272727272725,0.9398148148148148,0.30513590574264526
0.30303030303030304,0.9398148148148148,0.3051290512084961
0.30303030303030304,0.9407407407407408,0.30502083897590637
0.3068181818181818,0.9407407407407408,0.30396947264671326
0.3068181818181818,0.9416666666666667,0.30352213978767395
0.30757575757575756,0.9416666666666667,0.3030282258987427
0.30757575757575756,0.9425925925925925,0.30286332964897156
0.3090909090909091,0.9425925925925925,0.30267664790153503
0.3090909090909091,0.9435185185185185,0.30242210626602173
0.31893939393939397,0.9435185185185185,0.296038419008255
0.31893939393939397,0.9453703703703704,0.2957316040992737
0.3333333333333333,0.9453703703703704,0.28856775164604187
0.3333333333333333,0.9462962962962963,0.2885238230228424
0.3340909090909091,0.9462962962962963,0.2879820168018341
0.3340909090909091,0.9472222222222222,0.28774192929267883
0.33636363636363636,0.9472222222222222,0.28479284048080444
0.33636363636363636,0.9481481481481482,0.2844647765159607
0.3431818181818182,0.9481481481481482,0.2820180356502533
0.3431818181818182,0.9490740740740741,0.2820121943950653
0.346969696969697,0.9490740740740741,0.2810811698436737
0.346969696969697,0.95,0.2809906601905823
0.3477272727272727,0.95,0.2808283269405365
0.3477272727272727,0.950925925925926,0.27984586358070374
0.3484848484848485,0.950925925925926,0.27953609824180603
0.3484848484848485,0.9527777777777777,0.27826210856437683
0.35075757575757577,0.9527777777777777,0.2766930162906647
0.35075757575757577,0.9537037037037037,0.2764657735824585
0.35454545454545455,0.9537037037037037,0.2752685248851776
0.35454545454545455,0.9546296296296296,0.2752535939216614
0.3553030303030303,0.9546296296296296,0.2743211090564728
0.3553030303030303,0.9555555555555556,0.2739065885543823
0.3568181818181818,0.9555555555555556,0.2732201814651489
0.3568181818181818,0.9564814814814815,0.2728666663169861
0.3606060606060606,0.9564814814814815,0.270717591047287
0.3606060606060606,0.9574074074074074,0.26962658762931824
0.36666666666666664,0.9574074074074074,0.2678690254688263
0.36666666666666664,0.9583333333333334,0.26744598150253296
0.3734848484848485,0.9583333333333334,0.2625442147254944
0.3734848484848485,0.9592592592592593,0.2625306248664856
0.3856060606060606,0.9592592592592593,0.2519593834877014
0.3856060606060606,0.9601851851851851,0.25168514251708984
0.403030303030303,0.9601851851851851,0.23814190924167633
0.403030303030303,0.9611111111111111,0.23737777769565582
0.4053030303030303,0.9611111111111111,0.23614799976348877
0.4053030303030303,0.962037037037037,0.23569528758525848
0.4075757575757576,0.962037037037037,0.2341710925102234
0.4075757575757576,0.9629629629629629,0.2330414056777954
0.4212121212121212,0.9629629629629629,0.2245522141456604
0.4212121212121212,0.9638888888888889,0.22264745831489563
0.4446969696969697,0.9638888888888889,0.20838798582553864
0.4446969696969697,0.9657407407407408,0.2078789621591568
0.47954545454545455,0.9657407407407408,0.19458946585655212
0.47954545454545455,0.9666666666666667,0.19448906183242798
0.4893939393939394,0.9666666666666667,0.19048245251178741
0.4893939393939394,0.9675925925925926,0.19044287502765656
0.49015151515151517,0.9675925925925926,0.19042451679706573
0.49015151515151517,0.9685185185185186,0.18969814479351044
0.5083333333333333,0.9685185185185186,0.18316131830215454
0.5083333333333333,0.9694444444444444,0.182896226644516
0.5113636363636364,0.9694444444444444,0.1819261759519577
0.5113636363636364,0.9703703703703703,0.18169687688350677
0.5212121212121212,0.9703703703703703,0.1794462502002716
0.5212121212121212,0.9712962962962963,0.17940448224544525
0.5265151515151515,0.9712962962962963,0.17691779136657715
0.5265151515151515,0.9722222222222222,0.17677238583564758
0.546969696969697,0.9722222222222222,0.16984954476356506
0.546969696969697,0.9731481481481481,0.16984151303768158
0.5492424242424242,0.9731481481481481,0.16956625878810883
0.5492424242424242,0.9740740740740741,0.16954970359802246
0.5674242424242424,0.9740740740740741,0.16637781262397766
0.5674242424242424,0.975,0.1661931872367859
0.5712121212121212,0.975,0.16572022438049316
0.5712121212121212,0.975925925925926,0.16550792753696442
0.6053030303030303,0.975925925925926,0.15517638623714447
0.6053030303030303,0.9768518518518519,0.1551273614168167
0.6181818181818182,0.9768518518518519,0.15265727043151855
0.6181818181818182,0.9777777777777777,0.15253609418869019
0.6227272727272727,0.9777777777777777,0.15104922652244568
0.6227272727272727,0.9787037037037037,0.15094774961471558
0.6265151515151515,0.9787037037037037,0.15037213265895844
0.6265151515151515,0.9796296296296296,0.15030939877033234
0.6356060606060606,0.9796296296296296,0.14818988740444183
0.6356060606060606,0.9814814814814815,0.14802826941013336
0.6787878787878788,0.9814814814814815,0.1354033499956131
0.6787878787878788,0.9824074074074074,0.13535751402378082
0.7446969696969697,0.9824074074074074,0.11736524105072021
0.7446969696969697,0.9833333333333333,0.11734477430582047
0.7666666666666667,0.9833333333333333,0.11266359686851501
0.7666666666666667,0.9842592592592593,0.11266288161277771
0.775,0.9842592592592593,0.10932202637195587
0.775,0.9851851851851852,0.10915999859571457
0.7833333333333333,0.9851851851851852,0.10741716623306274
0.7833333333333333,0.9861111111111112,0.1072997897863388
0.818939393939394,0.9861111111111112,0.09783029556274414
0.818939393939394,0.987037037037037,0.09772265702486038
0.8257575757575758,0.987037037037037,0.09405642002820969
0.8257575757575758,0.9879629629629629,0.09404683858156204
0.8287878787878787,0.9879629629629629,0.09305685013532639
0.8287878787878787,0.9888888888888889,0.09300351142883301
0.8303030303030303,0.9888888888888889,0.0924866795539856
0.8303030303030303,0.9898148148148148,0.09248381853103638
0.8318181818181818,0.9898148148148148,0.09233200550079346
0.8318181818181818,0.9907407407407407,0.09228193759918213
0.8386363636363636,0.9907407407407407,0.08964409679174423
0.8386363636363636,0.9916666666666667,0.08897893875837326
0.8393939393939394,0.9916666666666667,0.08880111575126648
0.8393939393939394,0.9935185185185185,0.08831646293401718
0.8401515151515152,0.9935185185185185,0.08810117095708847
0.8401515151515152,0.9944444444444445,0.08790194988250732
0.8484848484848485,0.9944444444444445,0.08432386815547943
0.8484848484848485,0.9953703703703703,0.0842042788863182
0.85,0.9953703703703703,0.08299090713262558
0.85,0.9962962962962963,0.08238314092159271
0.8674242424242424,0.9962962962962963,0.07841258496046066
0.8674242424242424,0.9972222222222222,0.07817986607551575
0.8681818181818182,0.9972222222222222,0.07773984968662262
0.8681818181818182,0.9981481481481481,0.07747824490070343
0.8689393939393939,0.9981481481481481,0.07700197398662567
0.8689393939393939,0.9990740740740741,0.07642120867967606
0.8734848484848485,0.9990740740740741,0.07449948787689209
0.8734848484848485,1.0,0.07411126047372818
1.0,1.0,0.013022445142269135
