FPR,TPR,Threshold
0.0,0.0,1.9825694561004639
0.0,0.0004807692307692308,0.9825694561004639
0.0,0.04807692307692308,0.969975471496582
0.0011029411764705882,0.04807692307692308,0.9696156978607178
0.0011029411764705882,0.04951923076923077,0.9695658683776855
0.001838235294117647,0.04951923076923077,0.9693283438682556
0.001838235294117647,0.05,0.9690882563591003
0.002573529411764706,0.05,0.9690513014793396
0.002573529411764706,0.05048076923076923,0.9688771367073059
0.003676470588235294,0.05048076923076923,0.9683367013931274
0.003676470588235294,0.05384615384615385,0.9677793979644775
0.004044117647058824,0.05384615384615385,0.9677350521087646
0.004044117647058824,0.05480769230769231,0.9676564931869507
0.004779411764705883,0.05480769230769231,0.967595636844635
0.004779411764705883,0.058653846153846154,0.967506468296051
0.0058823529411764705,0.058653846153846154,0.9674549102783203
0.0058823529411764705,0.06009615384615385,0.9674289226531982
0.00625,0.06057692307692308,0.9674260020256042
0.00625,0.06153846153846154,0.9673938751220703
0.007352941176470588,0.06153846153846154,0.9673556089401245
0.007352941176470588,0.0625,0.9673506021499634
0.007720588235294118,0.0625,0.9673463702201843
0.007720588235294118,0.06298076923076923,0.9673453569412231
0.008455882352941176,0.06298076923076923,0.9672999382019043
0.008455882352941176,0.06490384615384616,0.9672730565071106
0.009926470588235294,0.06490384615384616,0.9671944379806519
0.009926470588235294,0.06538461538461539,0.9671871066093445
0.0125,0.06538461538461539,0.9670571088790894
0.0125,0.06586538461538462,0.9669445157051086
0.012867647058823529,0.06586538461538462,0.9669413566589355
0.012867647058823529,0.06634615384615385,0.9668822288513184
0.013970588235294118,0.06634615384615385,0.9664908647537231
0.013970588235294118,0.06826923076923076,0.9664072394371033
0.015441176470588236,0.06826923076923076,0.9661816358566284
0.015441176470588236,0.06875,0.9661693572998047
0.022058823529411766,0.06875,0.9656423330307007
0.022058823529411766,0.06971153846153846,0.9655090570449829
0.022426470588235294,0.06971153846153846,0.965254545211792
0.022426470588235294,0.07451923076923077,0.9646477103233337
0.022794117647058822,0.07451923076923077,0.964641273021698
0.022794117647058822,0.0798076923076923,0.9644404053688049
0.023161764705882354,0.0798076923076923,0.9644356369972229
0.023161764705882354,0.09326923076923077,0.9639757871627808
0.023529411764705882,0.09326923076923077,0.9639089107513428
0.023529411764705882,0.09471153846153846,0.9636813402175903
0.02426470588235294,0.09471153846153846,0.9633826613426208
0.02426470588235294,0.1,0.9596235752105713
0.025,0.1,0.9588621854782104
0.025,0.10144230769230769,0.957697868347168
0.026470588235294117,0.10144230769230769,0.9562638998031616
0.026470588235294117,0.10240384615384615,0.9560676217079163
0.027205882352941177,0.10240384615384615,0.9551950693130493
0.027205882352941177,0.10480769230769231,0.9540770649909973
0.027941176470588237,0.10480769230769231,0.9536402821540833
0.027941176470588237,0.10528846153846154,0.9536021947860718
0.028308823529411765,0.10528846153846154,0.953546404838562
0.028308823529411765,0.10576923076923077,0.9535269737243652
0.029044117647058824,0.10576923076923077,0.9533131718635559
0.029044117647058824,0.10673076923076923,0.9532201290130615
0.033455882352941176,0.10673076923076923,0.9526944160461426
0.033455882352941176,0.10721153846153846,0.9526339769363403
0.036397058823529414,0.10721153846153846,0.952392041683197
0.036397058823529414,0.10817307692307693,0.9520473480224609
0.03676470588235294,0.10817307692307693,0.9520273208618164
0.03676470588235294,0.10865384615384616,0.9517444372177124
0.03713235294117647,0.10865384615384616,0.9516682028770447
0.03713235294117647,0.10961538461538461,0.9514153003692627
0.0375,0.10961538461538461,0.951366126537323
0.0375,0.11153846153846154,0.9510408043861389
0.03786764705882353,0.11153846153846154,0.9510079026222229
0.03786764705882353,0.12067307692307692,0.9502646923065186
0.03823529411764706,0.12067307692307692,0.9501793384552002
0.03823529411764706,0.12740384615384615,0.9494099020957947
0.03860294117647059,0.12740384615384615,0.9494072198867798
0.03860294117647059,0.14134615384615384,0.9438994526863098
0.03897058823529412,0.14134615384615384,0.9433170557022095
0.03897058823529412,0.1605769230769231,0.9371159076690674
0.039338235294117646,0.1605769230769231,0.9368525743484497
0.039338235294117646,0.16442307692307692,0.9358940124511719
0.039705882352941174,0.16442307692307692,0.9357514977455139
0.039705882352941174,0.17548076923076922,0.9337624311447144
0.04044117647058824,0.17548076923076922,0.9336251616477966
0.04044117647058824,0.1778846153846154,0.9328576922416687
0.040808823529411765,0.1778846153846154,0.9325613975524902
0.040808823529411765,0.19326923076923078,0.9310252070426941
0.041176470588235294,0.19326923076923078,0.9309964776039124
0.041176470588235294,0.19471153846153846,0.9305602312088013
0.04154411764705882,0.19471153846153846,0.9302127361297607
0.04154411764705882,0.21923076923076923,0.9264121055603027
0.04191176470588235,0.21923076923076923,0.9263409972190857
0.04191176470588235,0.22596153846153846,0.9259023070335388
0.042279411764705885,0.22596153846153846,0.9257989525794983
0.042279411764705885,0.22692307692307692,0.9251471757888794
0.04264705882352941,0.22692307692307692,0.9250649213790894
0.04264705882352941,0.2283653846153846,0.9240201711654663
0.04301470588235294,0.2283653846153846,0.9239838123321533
0.04301470588235294,0.22932692307692307,0.9232541918754578
0.04375,0.22932692307692307,0.9229593873023987
0.04375,0.2389423076923077,0.9215010404586792
0.04411764705882353,0.2389423076923077,0.9214857220649719
0.04411764705882353,0.24326923076923077,0.9209789633750916
0.04485294117647059,0.24326923076923077,0.9196121096611023
0.04485294117647059,0.24423076923076922,0.9193846583366394
0.04522058823529412,0.24423076923076922,0.9192134737968445
0.04522058823529412,0.24471153846153845,0.9189494848251343
0.04852941176470588,0.24471153846153845,0.9181604981422424
0.04852941176470588,0.24519230769230768,0.9181421995162964
0.04889705882352941,0.24519230769230768,0.9181172847747803
0.04889705882352941,0.2456730769230769,0.917949914932251
0.05036764705882353,0.2456730769230769,0.9177798628807068
0.05036764705882353,0.24615384615384617,0.9176692366600037
0.052941176470588235,0.24615384615384617,0.917368471622467
0.052941176470588235,0.24951923076923077,0.9162489175796509
0.05330882352941176,0.24951923076923077,0.9158936142921448
0.05330882352941176,0.25048076923076923,0.9154430031776428
0.054044117647058826,0.25048076923076923,0.9149143695831299
0.054044117647058826,0.2514423076923077,0.9146684408187866
0.054411764705882354,0.2514423076923077,0.914233386516571
0.054411764705882354,0.25432692307692306,0.9123448133468628
0.05477941176470588,0.25432692307692306,0.9123268723487854
0.05477941176470588,0.2668269230769231,0.9101772308349609
0.05514705882352941,0.2668269230769231,0.9100794196128845
0.05514705882352941,0.2826923076923077,0.9074780344963074
0.05551470588235294,0.2826923076923077,0.9065566658973694
0.05551470588235294,0.28365384615384615,0.9063767194747925
0.05588235294117647,0.28365384615384615,0.9063667058944702
0.05588235294117647,0.2846153846153846,0.9057192802429199
0.05625,0.2846153846153846,0.905656099319458
0.05625,0.3004807692307692,0.9016474485397339
0.05661764705882353,0.3004807692307692,0.9009670615196228
0.05661764705882353,0.30096153846153845,0.9009284973144531
0.057352941176470586,0.30096153846153845,0.8997945189476013
0.057352941176470586,0.30240384615384613,0.8984614014625549
0.05845588235294118,0.30240384615384613,0.8976420760154724
0.05845588235294118,0.3033653846153846,0.8969820141792297
0.058823529411764705,0.3033653846153846,0.8957289457321167
0.058823529411764705,0.3038461538461538,0.8954122066497803
0.05919117647058823,0.3038461538461538,0.8953924775123596
0.05919117647058823,0.30432692307692305,0.8951712250709534
0.06801470588235294,0.30432692307692305,0.8922329545021057
0.06801470588235294,0.30480769230769234,0.8921329975128174
0.06948529411764706,0.30480769230769234,0.8920133709907532
0.06948529411764706,0.30528846153846156,0.8917874097824097
0.06985294117647059,0.30528846153846156,0.8917302489280701
0.06985294117647059,0.30673076923076925,0.8910936117172241
0.07058823529411765,0.30673076923076925,0.8899224400520325
0.07058823529411765,0.3076923076923077,0.8885101079940796
0.0713235294117647,0.3076923076923077,0.8883630633354187
0.0713235294117647,0.3091346153846154,0.8876810669898987
0.07683823529411765,0.3091346153846154,0.88588947057724
0.07683823529411765,0.3096153846153846,0.8858767747879028
0.07794117647058824,0.3096153846153846,0.8855292797088623
0.07794117647058824,0.31009615384615385,0.885492742061615
0.08125,0.31009615384615385,0.8847690224647522
0.08125,0.31153846153846154,0.8845715522766113
0.08161764705882353,0.31153846153846154,0.8844841718673706
0.08161764705882353,0.31298076923076923,0.88382488489151
0.08198529411764706,0.31298076923076923,0.8838204741477966
0.08198529411764706,0.31490384615384615,0.8829314708709717
0.08235294117647059,0.31490384615384615,0.8829019069671631
0.08235294117647059,0.3177884615384615,0.8822439312934875
0.08272058823529412,0.3177884615384615,0.8822229504585266
0.08272058823529412,0.31971153846153844,0.8819649815559387
0.08308823529411764,0.31971153846153844,0.8817223906517029
0.08308823529411764,0.3216346153846154,0.8816109299659729
0.08345588235294117,0.3216346153846154,0.8815827369689941
0.08345588235294117,0.32259615384615387,0.881541907787323
0.08419117647058824,0.32259615384615387,0.8814455270767212
0.08419117647058824,0.3264423076923077,0.8809976577758789
0.0849264705882353,0.3264423076923077,0.8809189796447754
0.0849264705882353,0.3283653846153846,0.8806899785995483
0.08529411764705883,0.3283653846153846,0.8806679844856262
0.08529411764705883,0.3298076923076923,0.8805687427520752
0.08566176470588235,0.3298076923076923,0.880542516708374
0.08566176470588235,0.33076923076923076,0.8804776072502136
0.09117647058823529,0.33076923076923076,0.8794516921043396
0.09117647058823529,0.3317307692307692,0.8793178796768188
0.09338235294117647,0.3317307692307692,0.8792134523391724
0.09338235294117647,0.33365384615384613,0.8789735436439514
0.09375,0.33365384615384613,0.8789404034614563
0.09375,0.3350961538461538,0.8784587383270264
0.09411764705882353,0.3350961538461538,0.8783729076385498
0.09411764705882353,0.33605769230769234,0.8781331181526184
0.09448529411764706,0.33605769230769234,0.878117561340332
0.09448529411764706,0.3456730769230769,0.8769794702529907
0.09485294117647058,0.3456730769230769,0.8769514560699463
0.09485294117647058,0.3466346153846154,0.8768892884254456
0.09522058823529411,0.3466346153846154,0.8768352270126343
0.09522058823529411,0.3471153846153846,0.8768059015274048
0.09558823529411764,0.3471153846153846,0.8766570091247559
0.09558823529411764,0.34807692307692306,0.8764472603797913
0.09595588235294118,0.34807692307692306,0.8761042356491089
0.09595588235294118,0.35096153846153844,0.8757811784744263
0.09632352941176471,0.35096153846153844,0.8755972385406494
0.09632352941176471,0.35192307692307695,0.8755398988723755
0.09669117647058824,0.35192307692307695,0.8755066394805908
0.09669117647058824,0.35336538461538464,0.8753817081451416
0.0974264705882353,0.35336538461538464,0.8752130270004272
0.0974264705882353,0.35528846153846155,0.874984622001648
0.09779411764705882,0.35528846153846155,0.8749801516532898
0.09779411764705882,0.3610576923076923,0.874091386795044
0.09816176470588235,0.3610576923076923,0.8740659952163696
0.09816176470588235,0.3625,0.8735577464103699
0.09852941176470588,0.3625,0.8734560608863831
0.09852941176470588,0.36346153846153845,0.8732320666313171
0.09889705882352941,0.36346153846153845,0.8732144236564636
0.09889705882352941,0.3663461538461538,0.8727864623069763
0.09926470588235294,0.3663461538461538,0.8727068305015564
0.09926470588235294,0.37259615384615385,0.8717605471611023
0.09963235294117648,0.37259615384615385,0.8716713190078735
0.09963235294117648,0.38076923076923075,0.870707094669342
0.1,0.38076923076923075,0.870661199092865
0.1,0.38125,0.8706285357475281
0.10036764705882353,0.38125,0.8704718351364136
0.10036764705882353,0.38221153846153844,0.8702756762504578
0.10073529411764706,0.38221153846153844,0.8702433705329895
0.10073529411764706,0.3836538461538462,0.8700331449508667
0.10110294117647059,0.3836538461538462,0.8699982166290283
0.10110294117647059,0.38461538461538464,0.8698738813400269
0.10147058823529412,0.38461538461538464,0.86973637342453
0.10147058823529412,0.38509615384615387,0.8696935176849365
0.10183823529411765,0.3855769230769231,0.8696616291999817
0.10183823529411765,0.3875,0.8694709539413452
0.10294117647058823,0.3875,0.8692963719367981
0.10294117647058823,0.38846153846153847,0.8691840171813965
0.10625,0.38846153846153847,0.8685833215713501
0.10625,0.3889423076923077,0.8685466051101685
0.10992647058823529,0.3889423076923077,0.8682668209075928
0.10992647058823529,0.38990384615384616,0.8681347370147705
0.11213235294117647,0.38990384615384616,0.8679810762405396
0.11213235294117647,0.3903846153846154,0.8679779767990112
0.11323529411764706,0.3903846153846154,0.8678983449935913
0.11323529411764706,0.3908653846153846,0.8678694367408752
0.11764705882352941,0.3908653846153846,0.8674608469009399
0.11764705882352941,0.39134615384615384,0.8674253821372986
0.12242647058823529,0.39134615384615384,0.8668434619903564
0.12242647058823529,0.3918269230769231,0.866809070110321
0.12316176470588236,0.3918269230769231,0.8667555451393127
0.12316176470588236,0.3923076923076923,0.8665592670440674
0.12352941176470589,0.3923076923076923,0.8664678931236267
0.12352941176470589,0.39278846153846153,0.8664576411247253
0.12536764705882353,0.39278846153846153,0.866141140460968
0.12536764705882353,0.39326923076923076,0.8660739064216614
0.12867647058823528,0.39326923076923076,0.8651514053344727
0.12867647058823528,0.39471153846153845,0.8639513254165649
0.13014705882352942,0.39471153846153845,0.8634361028671265
0.13014705882352942,0.3951923076923077,0.862684428691864
0.13088235294117648,0.3951923076923077,0.8619644641876221
0.13088235294117648,0.39615384615384613,0.8616445660591125
0.13125,0.39615384615384613,0.8613570332527161
0.13125,0.3975961538461538,0.8608514070510864
0.13198529411764706,0.3975961538461538,0.8602467179298401
0.13198529411764706,0.39807692307692305,0.8601444959640503
0.1323529411764706,0.39807692307692305,0.859953761100769
0.1323529411764706,0.39855769230769234,0.8593299388885498
0.13345588235294117,0.39855769230769234,0.8582796454429626
0.13345588235294117,0.39903846153846156,0.8579617142677307
0.1338235294117647,0.39903846153846156,0.8579573035240173
0.1338235294117647,0.3995192307692308,0.8577010631561279
0.13566176470588234,0.3995192307692308,0.8561514616012573
0.13566176470588234,0.4,0.8557069301605225
0.13823529411764707,0.4,0.8548211455345154
0.13823529411764707,0.40048076923076925,0.8547478318214417
0.1386029411764706,0.40048076923076925,0.8547419309616089
0.1386029411764706,0.4009615384615385,0.8544833064079285
0.13970588235294118,0.4009615384615385,0.8542677760124207
0.13970588235294118,0.4014423076923077,0.8542194962501526
0.14080882352941176,0.4014423076923077,0.8539229035377502
0.14080882352941176,0.40192307692307694,0.8538632392883301
0.14301470588235293,0.40192307692307694,0.8533918261528015
0.14301470588235293,0.4028846153846154,0.852872371673584
0.14338235294117646,0.4028846153846154,0.8525210618972778
0.14338235294117646,0.41201923076923075,0.8507460355758667
0.14375,0.41201923076923075,0.850669801235199
0.14375,0.41634615384615387,0.8500314950942993
0.14411764705882352,0.41634615384615387,0.8498099446296692
0.14411764705882352,0.4168269230769231,0.8497264385223389
0.1448529411764706,0.4168269230769231,0.8491824269294739
0.1448529411764706,0.41923076923076924,0.8481031060218811
0.14558823529411766,0.41923076923076924,0.8476096391677856
0.14558823529411766,0.41971153846153847,0.8471601009368896
0.14595588235294119,0.41971153846153847,0.8468462228775024
0.14595588235294119,0.42115384615384616,0.8460582494735718
0.1463235294117647,0.42115384615384616,0.84553062915802
0.1463235294117647,0.4216346153846154,0.8453386425971985
0.14669117647058824,0.4216346153846154,0.8447861671447754
0.14669117647058824,0.4221153846153846,0.844300389289856
0.1474264705882353,0.4221153846153846,0.843541145324707
0.1474264705882353,0.4230769230769231,0.842163622379303
0.14779411764705883,0.4230769230769231,0.8419898748397827
0.14779411764705883,0.42403846153846153,0.8415956497192383
0.14816176470588235,0.42403846153846153,0.8413202166557312
0.14816176470588235,0.4254807692307692,0.8408509492874146
0.14852941176470588,0.4254807692307692,0.8404609560966492
0.14852941176470588,0.4283653846153846,0.8398771286010742
0.1488970588235294,0.4283653846153846,0.8398183584213257
0.1488970588235294,0.43317307692307694,0.8387696146965027
0.14926470588235294,0.43317307692307694,0.8387099504470825
0.14926470588235294,0.4423076923076923,0.8366557359695435
0.14963235294117647,0.4423076923076923,0.8366506099700928
0.14963235294117647,0.4442307692307692,0.8364626169204712
0.15,0.4442307692307692,0.836445152759552
0.15,0.44903846153846155,0.8356233239173889
0.15110294117647058,0.44903846153846155,0.834755539894104
0.15110294117647058,0.45096153846153847,0.8342941403388977
0.1514705882352941,0.45096153846153847,0.8342553973197937
0.1514705882352941,0.4519230769230769,0.8338868618011475
0.1536764705882353,0.4519230769230769,0.8329169154167175
0.1536764705882353,0.45240384615384616,0.832822859287262
0.15588235294117647,0.45240384615384616,0.8326563239097595
0.15588235294117647,0.4528846153846154,0.8326419591903687
0.15661764705882353,0.4528846153846154,0.8324615955352783
0.15661764705882353,0.4533653846153846,0.83245450258255
0.15698529411764706,0.4533653846153846,0.8324186205863953
0.15698529411764706,0.4543269230769231,0.8322287797927856
0.16176470588235295,0.4543269230769231,0.8309227228164673
0.16176470588235295,0.4548076923076923,0.8307075500488281
0.16213235294117648,0.4548076923076923,0.8304753303527832
0.16213235294117648,0.45576923076923076,0.8286576271057129
0.1625,0.45576923076923076,0.8282963037490845
0.1625,0.45625,0.8282455801963806
0.16323529411764706,0.45625,0.8272029757499695
0.16323529411764706,0.45721153846153845,0.8271231651306152
0.1650735294117647,0.45721153846153845,0.8260137438774109
0.1650735294117647,0.4581730769230769,0.8258348107337952
0.16580882352941176,0.4581730769230769,0.8255877494812012
0.16580882352941176,0.45865384615384613,0.8255056738853455
0.16691176470588234,0.45865384615384613,0.8252129554748535
0.16691176470588234,0.45913461538461536,0.82508784532547
0.16727941176470587,0.45913461538461536,0.8250337243080139
0.16727941176470587,0.4596153846153846,0.8249653577804565
0.16875,0.4596153846153846,0.8245940804481506
0.16875,0.4600961538461538,0.8245678544044495
0.16948529411764707,0.4600961538461538,0.8244878649711609
0.16948529411764707,0.46105769230769234,0.8241882920265198
0.17058823529411765,0.46105769230769234,0.8240161538124084
0.17058823529411765,0.46153846153846156,0.8239342570304871
0.1713235294117647,0.46153846153846156,0.8238873481750488
0.1713235294117647,0.4625,0.8237084746360779
0.17205882352941176,0.4625,0.8236480355262756
0.17205882352941176,0.46298076923076925,0.8235417008399963
0.1738970588235294,0.46298076923076925,0.8233010172843933
0.1738970588235294,0.4639423076923077,0.8232312202453613
0.17426470588235293,0.4639423076923077,0.8231924772262573
0.17426470588235293,0.47115384615384615,0.8217228055000305
0.17463235294117646,0.47115384615384615,0.8216971755027771
0.17463235294117646,0.4740384615384615,0.8206073045730591
0.175,0.4740384615384615,0.8199834227561951
0.175,0.47451923076923075,0.8192099332809448
0.17536764705882352,0.47451923076923075,0.8183766603469849
0.17536764705882352,0.47644230769230766,0.8178192377090454
0.1761029411764706,0.47644230769230766,0.8175294995307922
0.1761029411764706,0.4774038461538462,0.8168914318084717
0.17647058823529413,0.4774038461538462,0.8167173266410828
0.17647058823529413,0.47836538461538464,0.8160008788108826
0.18088235294117647,0.47836538461538464,0.8143967986106873
0.18088235294117647,0.47884615384615387,0.8143794536590576
0.18125,0.47884615384615387,0.8142232894897461
0.18125,0.4793269230769231,0.8140029311180115
0.18161764705882352,0.4793269230769231,0.8139774203300476
0.18161764705882352,0.4798076923076923,0.8139475584030151
0.1827205882352941,0.4798076923076923,0.8137571215629578
0.1827205882352941,0.48028846153846155,0.8136218786239624
0.18676470588235294,0.48028846153846155,0.8125234842300415
0.18676470588235294,0.48125,0.811970591545105
0.18713235294117647,0.48125,0.8119164705276489
0.18713235294117647,0.48173076923076924,0.8114328980445862
0.18786764705882353,0.48173076923076924,0.8108787536621094
0.18786764705882353,0.4831730769230769,0.8097407221794128
0.18823529411764706,0.4831730769230769,0.8093512654304504
0.18823529411764706,0.48365384615384616,0.8093321323394775
0.18860294117647058,0.48365384615384616,0.8092440366744995
0.18860294117647058,0.4841346153846154,0.809066891670227
0.1889705882352941,0.4841346153846154,0.8088402152061462
0.1889705882352941,0.48509615384615384,0.8085764050483704
0.18933823529411764,0.48509615384615384,0.8085586428642273
0.18933823529411764,0.4894230769230769,0.8076673150062561
0.18970588235294117,0.4894230769230769,0.8076438903808594
0.18970588235294117,0.48990384615384613,0.8074963688850403
0.1900735294117647,0.48990384615384613,0.8074741363525391
0.1900735294117647,0.49230769230769234,0.8071296215057373
0.19044117647058822,0.49230769230769234,0.8070993423461914
0.19044117647058822,0.5076923076923077,0.8048456311225891
0.19080882352941175,0.5076923076923077,0.8046720027923584
0.19080882352941175,0.5081730769230769,0.8044931292533875
0.19191176470588237,0.5081730769230769,0.8024203181266785
0.19191176470588237,0.5086538461538461,0.8023718595504761
0.19264705882352942,0.5086538461538461,0.802352786064148
0.19264705882352942,0.5100961538461538,0.8016459941864014
0.19411764705882353,0.5100961538461538,0.8012094497680664
0.19411764705882353,0.5110576923076923,0.8009764552116394
0.19816176470588234,0.5110576923076923,0.7997408509254456
0.19816176470588234,0.5120192307692307,0.7997018098831177
0.1988970588235294,0.5120192307692307,0.799560010433197
0.1988970588235294,0.5125,0.7995595932006836
0.20294117647058824,0.5125,0.7989292144775391
0.20294117647058824,0.5129807692307692,0.7988871932029724
0.20698529411764705,0.5129807692307692,0.7981370091438293
0.20698529411764705,0.5134615384615384,0.7980930805206299
0.21176470588235294,0.5134615384615384,0.7973431348800659
0.21176470588235294,0.5153846153846153,0.7960702180862427
0.21213235294117647,0.5153846153846153,0.7960640788078308
0.21213235294117647,0.5168269230769231,0.7955483198165894
0.2125,0.5168269230769231,0.7954912185668945
0.2125,0.5211538461538462,0.7935296893119812
0.21286764705882352,0.5211538461538462,0.7935206294059753
0.21286764705882352,0.5216346153846154,0.7934470772743225
0.21360294117647058,0.5216346153846154,0.7933598756790161
0.21360294117647058,0.5221153846153846,0.79328852891922
0.2139705882352941,0.5221153846153846,0.7932367920875549
0.2139705882352941,0.5240384615384616,0.7931128740310669
0.21433823529411763,0.5240384615384616,0.7930797338485718
0.21433823529411763,0.5274038461538462,0.7922960519790649
0.21470588235294116,0.5274038461538462,0.792108952999115
0.21470588235294116,0.53125,0.791460394859314
0.21507352941176472,0.53125,0.791250467300415
0.21507352941176472,0.5322115384615385,0.7910337448120117
0.2161764705882353,0.5322115384615385,0.7902906537055969
0.2161764705882353,0.5336538461538461,0.7891527414321899
0.21911764705882353,0.5336538461538461,0.7883742451667786
0.21911764705882353,0.5360576923076923,0.7874355316162109
0.21985294117647058,0.5360576923076923,0.7868450880050659
0.21985294117647058,0.5365384615384615,0.7868095636367798
0.2202205882352941,0.5365384615384615,0.7867984175682068
0.2202205882352941,0.5379807692307692,0.7860217094421387
0.22058823529411764,0.5379807692307692,0.7860134243965149
0.22058823529411764,0.5389423076923077,0.7858225107192993
0.22095588235294117,0.5389423076923077,0.7857006192207336
0.22095588235294117,0.5403846153846154,0.785621166229248
0.22205882352941175,0.5403846153846154,0.7854170203208923
0.22205882352941175,0.5451923076923076,0.784629225730896
0.22242647058823528,0.5451923076923076,0.7846132516860962
0.22242647058823528,0.5461538461538461,0.7845293283462524
0.22279411764705884,0.5461538461538461,0.7845118045806885
0.22279411764705884,0.5466346153846153,0.784470796585083
0.2235294117647059,0.5466346153846153,0.7842519283294678
0.2235294117647059,0.5490384615384616,0.7840836644172668
0.22389705882352942,0.5490384615384616,0.7840278744697571
0.22389705882352942,0.5533653846153846,0.7836083769798279
0.22426470588235295,0.5533653846153846,0.7833982706069946
0.22426470588235295,0.5538461538461539,0.783327579498291
0.22463235294117648,0.5538461538461539,0.783286988735199
0.22463235294117648,0.5543269230769231,0.7832775712013245
0.225,0.5543269230769231,0.7832674384117126
0.225,0.5557692307692308,0.7831184267997742
0.22536764705882353,0.5557692307692308,0.7828914523124695
0.22536764705882353,0.5567307692307693,0.7826991677284241
0.22573529411764706,0.5567307692307693,0.7826681137084961
0.22573529411764706,0.5586538461538462,0.7823326587677002
0.2261029411764706,0.5586538461538462,0.7823118567466736
0.2261029411764706,0.5591346153846154,0.7822956442832947
0.2275735294117647,0.5591346153846154,0.7820700407028198
0.2275735294117647,0.5596153846153846,0.7819953560829163
0.23419117647058824,0.5596153846153846,0.7799685001373291
0.23419117647058824,0.5600961538461539,0.7795487642288208
0.23455882352941176,0.5600961538461539,0.77939772605896
0.23455882352941176,0.5610576923076923,0.7783526182174683
0.2349264705882353,0.5610576923076923,0.7783342003822327
0.2349264705882353,0.5615384615384615,0.7779608964920044
0.2363970588235294,0.5615384615384615,0.7775231599807739
0.2363970588235294,0.5620192307692308,0.7771286964416504
0.23823529411764705,0.5620192307692308,0.776357889175415
0.23823529411764705,0.5625,0.7762194871902466
0.23970588235294119,0.5625,0.7756230235099792
0.23970588235294119,0.5629807692307692,0.7756092548370361
0.2411764705882353,0.5629807692307692,0.7754997611045837
0.2411764705882353,0.5634615384615385,0.7754566073417664
0.24779411764705883,0.5634615384615385,0.7744752764701843
0.24779411764705883,0.5639423076923077,0.7744002342224121
0.25036764705882353,0.5639423076923077,0.7740088701248169
0.25036764705882353,0.5644230769230769,0.7739562392234802
0.25220588235294117,0.5644230769230769,0.7737552523612976
0.25220588235294117,0.5649038461538461,0.7736939787864685
0.2566176470588235,0.5649038461538461,0.772847592830658
0.2566176470588235,0.5658653846153846,0.7727876901626587
0.25698529411764703,0.5658653846153846,0.772747814655304
0.25698529411764703,0.5663461538461538,0.7723145484924316
0.25882352941176473,0.5663461538461538,0.7716651558876038
0.25882352941176473,0.5668269230769231,0.7715503573417664
0.25919117647058826,0.5668269230769231,0.7714501023292542
0.25919117647058826,0.5673076923076923,0.7709733843803406
0.26323529411764707,0.5673076923076923,0.7702603936195374
0.26323529411764707,0.5677884615384615,0.7702377438545227
0.26433823529411765,0.5677884615384615,0.7701196074485779
0.26433823529411765,0.5682692307692307,0.7699794769287109
0.26691176470588235,0.5682692307692307,0.7694283127784729
0.26691176470588235,0.56875,0.7693103551864624
0.2672794117647059,0.56875,0.7690991163253784
0.2672794117647059,0.5692307692307692,0.7690937519073486
0.2698529411764706,0.5692307692307692,0.7683776617050171
0.2698529411764706,0.5697115384615384,0.768000602722168
0.27058823529411763,0.5697115384615384,0.7679048776626587
0.27058823529411763,0.5711538461538461,0.7671244144439697
0.2713235294117647,0.5711538461538461,0.7665119171142578
0.2713235294117647,0.5716346153846154,0.7663144469261169
0.2727941176470588,0.5716346153846154,0.7645033597946167
0.2727941176470588,0.5721153846153846,0.7640902996063232
0.2735294117647059,0.5721153846153846,0.7638826966285706
0.2735294117647059,0.5725961538461538,0.7636756300926208
0.28198529411764706,0.5725961538461538,0.7612728476524353
0.28198529411764706,0.573076923076923,0.7612484097480774
0.28308823529411764,0.573076923076923,0.7610770463943481
0.28308823529411764,0.5735576923076923,0.7610223293304443
0.2849264705882353,0.5735576923076923,0.7606204748153687
0.2849264705882353,0.5740384615384615,0.7605891823768616
0.28566176470588234,0.5740384615384615,0.7605377435684204
0.28566176470588234,0.5745192307692307,0.7604140639305115
0.2889705882352941,0.5745192307692307,0.7594309449195862
0.2889705882352941,0.5754807692307692,0.7591652870178223
0.2911764705882353,0.5754807692307692,0.7584843039512634
0.2911764705882353,0.5759615384615384,0.7583398818969727
0.29154411764705884,0.5759615384615384,0.7582859396934509
0.29154411764705884,0.5783653846153847,0.7571737170219421
0.29191176470588237,0.5783653846153847,0.7567059993743896
0.29191176470588237,0.5802884615384616,0.7556235790252686
0.2922794117647059,0.5802884615384616,0.7553672790527344
0.2922794117647059,0.5846153846153846,0.75462406873703
0.2926470588235294,0.5846153846153846,0.7545905709266663
0.2926470588235294,0.5850961538461539,0.7545403242111206
0.29301470588235295,0.5850961538461539,0.7544772028923035
0.29301470588235295,0.5879807692307693,0.7533200979232788
0.2933823529411765,0.5879807692307693,0.7532548308372498
0.2933823529411765,0.5918269230769231,0.7522823214530945
0.29375,0.5918269230769231,0.7515252232551575
0.29375,0.5942307692307692,0.7500423192977905
0.29448529411764707,0.5942307692307692,0.7497391104698181
0.29448529411764707,0.5951923076923077,0.7492827773094177
0.2948529411764706,0.5951923076923077,0.749282717704773
0.2948529411764706,0.5956730769230769,0.7491570115089417
0.2952205882352941,0.5956730769230769,0.7489492297172546
0.2952205882352941,0.5961538461538461,0.7488680481910706
0.29558823529411765,0.5961538461538461,0.7486658692359924
0.29558823529411765,0.5985576923076923,0.7478061318397522
0.2959558823529412,0.5985576923076923,0.7477237582206726
0.2959558823529412,0.6048076923076923,0.7460846900939941
0.2963235294117647,0.6048076923076923,0.7459869384765625
0.2963235294117647,0.6072115384615384,0.7457292675971985
0.29705882352941176,0.6072115384615384,0.7456936836242676
0.29705882352941176,0.6091346153846153,0.7448961734771729
0.2974264705882353,0.6091346153846153,0.7439773678779602
0.2974264705882353,0.6105769230769231,0.7439014315605164
0.2977941176470588,0.6105769230769231,0.7438837885856628
0.2977941176470588,0.6110576923076924,0.7437657713890076
0.29816176470588235,0.6110576923076924,0.7436100244522095
0.29816176470588235,0.6120192307692308,0.7434929609298706
0.2985294117647059,0.6120192307692308,0.7432480454444885
0.2985294117647059,0.61875,0.7417289018630981
0.2988970588235294,0.61875,0.7416379451751709
0.2988970588235294,0.6197115384615385,0.7414626479148865
0.29926470588235293,0.6197115384615385,0.741133987903595
0.29926470588235293,0.6216346153846154,0.7408773303031921
0.29963235294117646,0.6216346153846154,0.7406750917434692
0.29963235294117646,0.6230769230769231,0.740022599697113
0.3,0.6230769230769231,0.7398226261138916
0.3,0.6240384615384615,0.7380682826042175
0.3003676470588235,0.6240384615384615,0.7380515336990356
0.3003676470588235,0.6245192307692308,0.7369531393051147
0.30073529411764705,0.6245192307692308,0.7351737022399902
0.30073529411764705,0.6269230769230769,0.733848512172699
0.3011029411764706,0.6269230769230769,0.733642041683197
0.3011029411764706,0.6274038461538461,0.733341634273529
0.3025735294117647,0.6274038461538461,0.7322986721992493
0.3025735294117647,0.6278846153846154,0.7321979999542236
0.30330882352941174,0.6278846153846154,0.7316039204597473
0.30330882352941174,0.6288461538461538,0.731325089931488
0.30367647058823527,0.6288461538461538,0.731216549873352
0.30367647058823527,0.6307692307692307,0.7309338450431824
0.3040441176470588,0.6307692307692307,0.7309214472770691
0.3040441176470588,0.6341346153846154,0.7301790118217468
0.30551470588235297,0.6341346153846154,0.7296962141990662
0.30551470588235297,0.6360576923076923,0.7294294834136963
0.3069852941176471,0.6360576923076923,0.729196310043335
0.3069852941176471,0.6365384615384615,0.7290801405906677
0.3073529411764706,0.6365384615384615,0.7290703058242798
0.3073529411764706,0.6375,0.7288543581962585
0.30808823529411766,0.6375,0.7285844683647156
0.30808823529411766,0.6379807692307692,0.7285676002502441
0.3084558823529412,0.6379807692307692,0.7284972667694092
0.3084558823529412,0.6384615384615384,0.7283897399902344
0.3088235294117647,0.6384615384615384,0.7283568382263184
0.3088235294117647,0.6389423076923076,0.728331446647644
0.30919117647058825,0.6389423076923076,0.7283004522323608
0.30919117647058825,0.6394230769230769,0.7282875776290894
0.3095588235294118,0.6394230769230769,0.7280271649360657
0.3095588235294118,0.6399038461538461,0.7279583215713501
0.3110294117647059,0.6399038461538461,0.7276269793510437
0.3110294117647059,0.6403846153846153,0.7275145053863525
0.31323529411764706,0.6403846153846153,0.7266111373901367
0.31323529411764706,0.6408653846153847,0.7265441417694092
0.3139705882352941,0.6408653846153847,0.725710391998291
0.3139705882352941,0.6427884615384616,0.7249670624732971
0.31433823529411764,0.6427884615384616,0.724947452545166
0.31433823529411764,0.64375,0.7243421673774719
0.3154411764705882,0.64375,0.7236596941947937
0.3154411764705882,0.6447115384615385,0.7232608795166016
0.31580882352941175,0.6447115384615385,0.7231141924858093
0.31580882352941175,0.645673076923077,0.7227532267570496
0.3161764705882353,0.645673076923077,0.7226965427398682
0.3161764705882353,0.6461538461538462,0.7225945591926575
0.31727941176470587,0.6461538461538462,0.7218833565711975
0.31727941176470587,0.6480769230769231,0.721154510974884
0.3180147058823529,0.6480769230769231,0.7207523584365845
0.3180147058823529,0.6485576923076923,0.7207425236701965
0.31875,0.6485576923076923,0.7205697298049927
0.31875,0.6490384615384616,0.7202563285827637
0.3191176470588235,0.6490384615384616,0.7199761271476746
0.3191176470588235,0.6495192307692308,0.719543993473053
0.31948529411764703,0.6495192307692308,0.7195326685905457
0.31948529411764703,0.6509615384615385,0.7184638977050781
0.31985294117647056,0.6509615384615385,0.7183968424797058
0.31985294117647056,0.6514423076923077,0.7181375026702881
0.3205882352941177,0.6514423076923077,0.7177263498306274
0.3205882352941177,0.6519230769230769,0.717594563961029
0.3209558823529412,0.6519230769230769,0.7175940275192261
0.3209558823529412,0.6524038461538462,0.7175790071487427
0.32132352941176473,0.6524038461538462,0.7175742983818054
0.32132352941176473,0.6528846153846154,0.7175158262252808
0.3220588235294118,0.6528846153846154,0.7166439294815063
0.3220588235294118,0.6552884615384615,0.7156369090080261
0.3224264705882353,0.6552884615384615,0.7153078317642212
0.3224264705882353,0.6567307692307692,0.7148776650428772
0.32279411764705884,0.6567307692307692,0.7148467898368835
0.32279411764705884,0.6576923076923077,0.7143033742904663
0.32316176470588237,0.6576923076923077,0.7141785621643066
0.32316176470588237,0.6591346153846154,0.7126354575157166
0.3238970588235294,0.6591346153846154,0.7120646834373474
0.3238970588235294,0.6610576923076923,0.7114344239234924
0.325,0.6610576923076923,0.7106812596321106
0.325,0.6629807692307692,0.7094751596450806
0.32536764705882354,0.6629807692307692,0.7094588279724121
0.32536764705882354,0.6663461538461538,0.7086660861968994
0.32573529411764707,0.6663461538461538,0.7086342573165894
0.32573529411764707,0.6677884615384615,0.7084835171699524
0.3272058823529412,0.6677884615384615,0.708008348941803
0.3272058823529412,0.6682692307692307,0.7079984545707703
0.32794117647058824,0.6682692307692307,0.7079588174819946
0.32794117647058824,0.66875,0.7078841924667358
0.32830882352941176,0.66875,0.707882821559906
0.32830882352941176,0.6692307692307692,0.707791805267334
0.3286764705882353,0.6692307692307692,0.7076166868209839
0.3286764705882353,0.6716346153846153,0.7071425318717957
0.32941176470588235,0.6716346153846153,0.707065224647522
0.32941176470588235,0.6721153846153847,0.7070555686950684
0.3297794117647059,0.6721153846153847,0.7069613933563232
0.3297794117647059,0.6730769230769231,0.7068573236465454
0.33051470588235293,0.6730769230769231,0.7068068385124207
0.33051470588235293,0.6745192307692308,0.7066747546195984
0.33125,0.6745192307692308,0.7066159248352051
0.33125,0.675,0.7066094875335693
0.3316176470588235,0.675,0.7065895795822144
0.3316176470588235,0.676923076923077,0.7063014507293701
0.3327205882352941,0.676923076923077,0.7059846520423889
0.3327205882352941,0.6774038461538462,0.7059521079063416
0.33308823529411763,0.6774038461538462,0.7058976292610168
0.33308823529411763,0.6788461538461539,0.705837607383728
0.3341911764705882,0.6788461538461539,0.7057392001152039
0.3341911764705882,0.6798076923076923,0.7056874632835388
0.33492647058823527,0.6798076923076923,0.7055169939994812
0.33492647058823527,0.6807692307692308,0.7052831649780273
0.3352941176470588,0.6807692307692308,0.7052624225616455
0.3352941176470588,0.68125,0.7052481174468994
0.3356617647058823,0.68125,0.7051867246627808
0.3356617647058823,0.6817307692307693,0.7050958275794983
0.3360294117647059,0.6817307692307693,0.7050925493240356
0.3360294117647059,0.6822115384615385,0.7050615549087524
0.33676470588235297,0.6822115384615385,0.7049249410629272
0.33676470588235297,0.6826923076923077,0.7048749327659607
0.3371323529411765,0.6826923076923077,0.7048738598823547
0.3371323529411765,0.6836538461538462,0.7048294544219971
0.33786764705882355,0.6836538461538462,0.7047784924507141
0.33786764705882355,0.6846153846153846,0.7046704292297363
0.33933823529411766,0.6846153846153846,0.7045425772666931
0.33933823529411766,0.6855769230769231,0.7045071721076965
0.3397058823529412,0.6855769230769231,0.704486608505249
0.3397058823529412,0.6860576923076923,0.7043932676315308
0.3411764705882353,0.6860576923076923,0.7042171359062195
0.3411764705882353,0.6865384615384615,0.7041287422180176
0.3422794117647059,0.6865384615384615,0.7040521502494812
0.3422794117647059,0.6870192307692308,0.7040380835533142
0.3426470588235294,0.6870192307692308,0.703909695148468
0.3426470588235294,0.6889423076923077,0.7036831378936768
0.34301470588235294,0.6889423076923077,0.7036682963371277
0.34301470588235294,0.6903846153846154,0.7035588026046753
0.34375,0.6903846153846154,0.703525960445404
0.34375,0.6908653846153846,0.70350182056427
0.3448529411764706,0.6908653846153846,0.7032486200332642
0.3448529411764706,0.6913461538461538,0.7032245397567749
0.34595588235294117,0.6913461538461538,0.7031627297401428
0.34595588235294117,0.6927884615384615,0.7030572295188904
0.3463235294117647,0.6927884615384615,0.7030240297317505
0.3463235294117647,0.6942307692307692,0.702901303768158
0.3466911764705882,0.6942307692307692,0.7028687596321106
0.3466911764705882,0.6975961538461538,0.7026160955429077
0.34816176470588234,0.6975961538461538,0.7023970484733582
0.34816176470588234,0.698076923076923,0.7023217678070068
0.34852941176470587,0.698076923076923,0.7023085951805115
0.34852941176470587,0.7,0.7021947503089905
0.3488970588235294,0.7,0.7021842002868652
0.3488970588235294,0.7004807692307692,0.702124834060669
0.3492647058823529,0.7004807692307692,0.7021071910858154
0.3492647058823529,0.7019230769230769,0.7020648121833801
0.34963235294117645,0.7019230769230769,0.7020353674888611
0.34963235294117645,0.7024038461538461,0.7020314931869507
0.35,0.7024038461538461,0.7020262479782104
0.35,0.7028846153846153,0.7019844055175781
0.3503676470588235,0.7028846153846153,0.701952338218689
0.3503676470588235,0.7038461538461539,0.7018898725509644
0.3514705882352941,0.7038461538461539,0.7015580534934998
0.3514705882352941,0.70625,0.7013086080551147
0.35294117647058826,0.70625,0.7011300325393677
0.35294117647058826,0.7067307692307693,0.7011126279830933
0.3533088235294118,0.7067307692307693,0.7011008262634277
0.3533088235294118,0.7076923076923077,0.7009720206260681
0.3536764705882353,0.7076923076923077,0.7009606957435608
0.3536764705882353,0.7168269230769231,0.6979188323020935
0.35441176470588237,0.7168269230769231,0.6977538466453552
0.35441176470588237,0.7177884615384615,0.6970240473747253
0.3551470588235294,0.7177884615384615,0.6965638399124146
0.3551470588235294,0.7201923076923077,0.6957303285598755
0.35551470588235295,0.7201923076923077,0.6955892443656921
0.35551470588235295,0.7274038461538461,0.6939651370048523
0.35625,0.7274038461538461,0.693747341632843
0.35625,0.7307692307692307,0.6930802464485168
0.35661764705882354,0.7307692307692307,0.6928977370262146
0.35661764705882354,0.7336538461538461,0.6925535202026367
0.35698529411764707,0.7336538461538461,0.6925521492958069
0.35698529411764707,0.7341346153846153,0.6924082040786743
0.3573529411764706,0.7341346153846153,0.6923766136169434
0.3573529411764706,0.7365384615384616,0.6921176314353943
0.3577205882352941,0.7365384615384616,0.6921076774597168
0.3577205882352941,0.7413461538461539,0.6910597085952759
0.35808823529411765,0.7413461538461539,0.6909579634666443
0.35808823529411765,0.7427884615384616,0.6905068755149841
0.3584558823529412,0.7427884615384616,0.6903666257858276
0.3584558823529412,0.7447115384615385,0.6898921132087708
0.3588235294117647,0.7447115384615385,0.6898338198661804
0.3588235294117647,0.7451923076923077,0.6897981762886047
0.35919117647058824,0.7451923076923077,0.6896724700927734
0.35919117647058824,0.7456730769230769,0.6895096898078918
0.35955882352941176,0.7456730769230769,0.6886464953422546
0.35955882352941176,0.7461538461538462,0.6884298920631409
0.3599264705882353,0.7461538461538462,0.6879553198814392
0.3599264705882353,0.7466346153846154,0.6875863075256348
0.3602941176470588,0.7466346153846154,0.687079131603241
0.3602941176470588,0.7485576923076923,0.6854742765426636
0.3610294117647059,0.7485576923076923,0.6850010752677917
0.3610294117647059,0.7490384615384615,0.684940755367279
0.3613970588235294,0.7490384615384615,0.6847087740898132
0.3613970588235294,0.7514423076923077,0.6839126944541931
0.36176470588235293,0.7514423076923077,0.6829890608787537
0.36176470588235293,0.7538461538461538,0.6824806332588196
0.36213235294117646,0.7538461538461538,0.6821337342262268
0.36213235294117646,0.7572115384615384,0.6812777519226074
0.3625,0.7572115384615384,0.6812437176704407
0.3625,0.7591346153846154,0.6805616021156311
0.3628676470588235,0.7591346153846154,0.6805532574653625
0.3628676470588235,0.760576923076923,0.6800071597099304
0.36323529411764705,0.760576923076923,0.6799290180206299
0.36323529411764705,0.7629807692307692,0.6794946789741516
0.3636029411764706,0.7629807692307692,0.6792739629745483
0.3636029411764706,0.7634615384615384,0.6791049838066101
0.3639705882352941,0.7634615384615384,0.6789288520812988
0.3639705882352941,0.7644230769230769,0.6783227324485779
0.36433823529411763,0.7644230769230769,0.6780946850776672
0.36433823529411763,0.7653846153846153,0.6774014234542847
0.36470588235294116,0.7653846153846153,0.6773992776870728
0.36470588235294116,0.7663461538461539,0.6771355271339417
0.3650735294117647,0.7663461538461539,0.6766197085380554
0.3650735294117647,0.7668269230769231,0.6765468716621399
0.3654411764705882,0.7668269230769231,0.6763560175895691
0.3654411764705882,0.7697115384615385,0.6745086312294006
0.36580882352941174,0.7697115384615385,0.6744836568832397
0.36580882352941174,0.7701923076923077,0.6742492318153381
0.36617647058823527,0.7701923076923077,0.6741752624511719
0.36617647058823527,0.7725961538461539,0.6736074090003967
0.3665441176470588,0.7725961538461539,0.6731142997741699
0.3665441176470588,0.7783653846153846,0.6715942621231079
0.3669117647058823,0.7783653846153846,0.6715173721313477
0.3669117647058823,0.7793269230769231,0.6711615920066833
0.36801470588235297,0.7793269230769231,0.670621931552887
0.36801470588235297,0.7798076923076923,0.6701750159263611
0.3683823529411765,0.7798076923076923,0.6699842214584351
0.3683823529411765,0.7807692307692308,0.669884979724884
0.37022058823529413,0.7807692307692308,0.6685293912887573
0.37022058823529413,0.78125,0.6685182452201843
0.37169117647058825,0.78125,0.6681455969810486
0.37169117647058825,0.7822115384615385,0.6680229306221008
0.3720588235294118,0.7822115384615385,0.6679891347885132
0.3720588235294118,0.7826923076923077,0.6679742932319641
0.3790441176470588,0.7826923076923077,0.6659145355224609
0.3790441176470588,0.7831730769230769,0.6658285856246948
0.37941176470588234,0.7831730769230769,0.6657931208610535
0.37941176470588234,0.7836538461538461,0.665671169757843
0.3816176470588235,0.7836538461538461,0.6652011275291443
0.3816176470588235,0.7841346153846154,0.6651172041893005
0.38676470588235295,0.7841346153846154,0.6638132333755493
0.38676470588235295,0.7846153846153846,0.6637963056564331
0.3871323529411765,0.7846153846153846,0.6637955904006958
0.3871323529411765,0.7855769230769231,0.6637647151947021
0.3889705882352941,0.7855769230769231,0.6628236174583435
0.3889705882352941,0.7860576923076923,0.6625573635101318
0.38933823529411765,0.7860576923076923,0.6619606614112854
0.38933823529411765,0.7865384615384615,0.6613672971725464
0.3900735294117647,0.7865384615384615,0.6610093116760254
0.3900735294117647,0.7875,0.6605917811393738
0.39080882352941176,0.7875,0.6603373885154724
0.39080882352941176,0.7879807692307692,0.6602778434753418
0.3911764705882353,0.7879807692307692,0.6601864099502563
0.3911764705882353,0.7889423076923077,0.6595948338508606
0.39301470588235293,0.7889423076923077,0.6576912999153137
0.39301470588235293,0.7894230769230769,0.6569172143936157
0.39338235294117646,0.7894230769230769,0.6569148898124695
0.39338235294117646,0.7908653846153846,0.6568765640258789
0.39595588235294116,0.7908653846153846,0.6547730565071106
0.39595588235294116,0.7913461538461538,0.6547574400901794
0.3977941176470588,0.7913461538461538,0.6540035605430603
0.3977941176470588,0.791826923076923,0.6539909243583679
0.3996323529411765,0.791826923076923,0.653750479221344
0.3996323529411765,0.7923076923076923,0.6535932421684265
0.4011029411764706,0.7923076923076923,0.6527560353279114
0.4011029411764706,0.7927884615384615,0.652751088142395
0.40294117647058825,0.7927884615384615,0.6517682671546936
0.40294117647058825,0.7932692307692307,0.651425838470459
0.4047794117647059,0.7932692307692307,0.6511361598968506
0.4047794117647059,0.79375,0.6510272026062012
0.4051470588235294,0.79375,0.6508263945579529
0.4051470588235294,0.7947115384615384,0.6503668427467346
0.40551470588235294,0.7947115384615384,0.6502972841262817
0.40551470588235294,0.7966346153846153,0.6490499973297119
0.40588235294117647,0.7966346153846153,0.6490159034729004
0.40588235294117647,0.7975961538461539,0.6489303112030029
0.40625,0.7975961538461539,0.648841381072998
0.40625,0.7980769230769231,0.6486914753913879
0.40661764705882353,0.7980769230769231,0.6485187411308289
0.40661764705882353,0.801923076923077,0.6476894021034241
0.4077205882352941,0.801923076923077,0.6474929451942444
0.4077205882352941,0.8028846153846154,0.6473556160926819
0.40808823529411764,0.8028846153846154,0.6472761034965515
0.40808823529411764,0.8038461538461539,0.6470407843589783
0.40845588235294117,0.8038461538461539,0.6468998789787292
0.40845588235294117,0.8043269230769231,0.6468732357025146
0.4088235294117647,0.8043269230769231,0.6468311548233032
0.4088235294117647,0.8048076923076923,0.6468187570571899
0.4091911764705882,0.8048076923076923,0.646713137626648
0.4091911764705882,0.8052884615384616,0.6467114090919495
0.4102941176470588,0.8052884615384616,0.6464664340019226
0.4102941176470588,0.8072115384615385,0.6462954878807068
0.41102941176470587,0.8072115384615385,0.6458431482315063
0.41102941176470587,0.8081730769230769,0.6457844376564026
0.41360294117647056,0.8081730769230769,0.644984245300293
0.41360294117647056,0.8096153846153846,0.6446355581283569
0.4147058823529412,0.8096153846153846,0.644505500793457
0.4147058823529412,0.8100961538461539,0.6444690823554993
0.41507352941176473,0.8100961538461539,0.6444650292396545
0.41507352941176473,0.8120192307692308,0.643829345703125
0.4158088235294118,0.8120192307692308,0.6436681747436523
0.4158088235294118,0.8168269230769231,0.6420241594314575
0.4161764705882353,0.8168269230769231,0.6420042514801025
0.4161764705882353,0.8211538461538461,0.6413009166717529
0.41691176470588237,0.8211538461538461,0.6410154700279236
0.41691176470588237,0.8221153846153846,0.6408036351203918
0.4176470588235294,0.8221153846153846,0.6400781273841858
0.4176470588235294,0.8225961538461538,0.6398932337760925
0.4198529411764706,0.8225961538461538,0.6380907297134399
0.4198529411764706,0.8235576923076923,0.6377345323562622
0.4213235294117647,0.8235576923076923,0.6374912261962891
0.4213235294117647,0.8240384615384615,0.6374775767326355
0.42169117647058824,0.8240384615384615,0.6374045014381409
0.42169117647058824,0.825,0.6372988820075989
0.42463235294117646,0.825,0.6354584097862244
0.42463235294117646,0.8254807692307692,0.6353963613510132
0.42830882352941174,0.8254807692307692,0.6342523694038391
0.42830882352941174,0.8259615384615384,0.6340954303741455
0.42867647058823527,0.8259615384615384,0.6335711479187012
0.42867647058823527,0.8264423076923076,0.6335594058036804
0.4290441176470588,0.8264423076923076,0.6334252953529358
0.4290441176470588,0.8274038461538461,0.6330853700637817
0.4297794117647059,0.8274038461538461,0.6320006251335144
0.4297794117647059,0.8283653846153847,0.6313369274139404
0.43014705882352944,0.8283653846153847,0.6309942007064819
0.43014705882352944,0.8288461538461539,0.6308596134185791
0.4308823529411765,0.8288461538461539,0.6303914189338684
0.4308823529411765,0.8298076923076924,0.6294856667518616
0.4323529411764706,0.8298076923076924,0.6288977265357971
0.4323529411764706,0.8307692307692308,0.6280936598777771
0.4345588235294118,0.8307692307692308,0.6256424784660339
0.4345588235294118,0.8326923076923077,0.6240479946136475
0.4349264705882353,0.8326923076923077,0.6231107115745544
0.4349264705882353,0.8336538461538462,0.6199730038642883
0.4360294117647059,0.8336538461538462,0.6190674304962158
0.4360294117647059,0.8341346153846154,0.6185278296470642
0.4363970588235294,0.8341346153846154,0.6181443333625793
0.4363970588235294,0.8350961538461539,0.6175577044487
0.4375,0.8350961538461539,0.616948127746582
0.4375,0.8365384615384616,0.616560697555542
0.43786764705882353,0.8365384615384616,0.6162230968475342
0.43786764705882353,0.8370192307692308,0.6161296963691711
0.4386029411764706,0.8370192307692308,0.6160880327224731
0.4386029411764706,0.8375,0.615877628326416
0.43933823529411764,0.8375,0.6157785058021545
0.43933823529411764,0.8389423076923077,0.6153714656829834
0.43970588235294117,0.8389423076923077,0.6152786612510681
0.43970588235294117,0.8394230769230769,0.6152577996253967
0.4400735294117647,0.8394230769230769,0.6152562499046326
0.4400735294117647,0.8399038461538462,0.6151935458183289
0.4404411764705882,0.8399038461538462,0.6151731014251709
0.4404411764705882,0.8403846153846154,0.6151352524757385
0.4411764705882353,0.8403846153846154,0.6148427128791809
0.4411764705882353,0.8408653846153846,0.6145305633544922
0.4415441176470588,0.8408653846153846,0.6145194172859192
0.4415441176470588,0.8423076923076923,0.6143007874488831
0.4426470588235294,0.8423076923076923,0.613959014415741
0.4426470588235294,0.8427884615384615,0.6139072179794312
0.44338235294117645,0.8427884615384615,0.6137899160385132
0.44338235294117645,0.84375,0.6136751770973206
0.44375,0.84375,0.6134653091430664
0.44375,0.8451923076923077,0.6133486032485962
0.4441176470588235,0.8451923076923077,0.6132967472076416
0.4441176470588235,0.8461538461538461,0.613078773021698
0.44632352941176473,0.8461538461538461,0.6122261881828308
0.44632352941176473,0.8471153846153846,0.6119012832641602
0.44669117647058826,0.8471153846153846,0.6114211678504944
0.44669117647058826,0.8475961538461538,0.6107483506202698
0.4470588235294118,0.8475961538461538,0.6099478006362915
0.4470588235294118,0.8480769230769231,0.6094823479652405
0.4474264705882353,0.8480769230769231,0.6093732714653015
0.4474264705882353,0.8485576923076923,0.6088552474975586
0.44816176470588237,0.8485576923076923,0.6071506142616272
0.44816176470588237,0.8495192307692307,0.6067211031913757
0.4485294117647059,0.8495192307692307,0.6062614321708679
0.4485294117647059,0.85,0.6060069799423218
0.4496323529411765,0.85,0.6029553413391113
0.4496323529411765,0.8504807692307692,0.6024457216262817
0.45,0.8504807692307692,0.6023721694946289
0.45,0.8509615384615384,0.6015597581863403
0.4511029411764706,0.8509615384615384,0.5991024374961853
0.4511029411764706,0.8524038461538461,0.5953173041343689
0.4514705882352941,0.8524038461538461,0.5951477289199829
0.4514705882352941,0.8528846153846154,0.5949831008911133
0.4525735294117647,0.8528846153846154,0.5920653343200684
0.4525735294117647,0.8533653846153846,0.5915778875350952
0.45294117647058824,0.8533653846153846,0.591406524181366
0.45294117647058824,0.8538461538461538,0.590763509273529
0.4566176470588235,0.8538461538461538,0.5886083245277405
0.4566176470588235,0.854326923076923,0.5885717272758484
0.4588235294117647,0.854326923076923,0.5876282453536987
0.4588235294117647,0.85625,0.5872250199317932
0.4606617647058823,0.85625,0.5864564180374146
0.4606617647058823,0.8572115384615384,0.5857384204864502
0.4610294117647059,0.8572115384615384,0.5856149792671204
0.4610294117647059,0.8576923076923076,0.5856147408485413
0.46139705882352944,0.8576923076923076,0.5850343108177185
0.46139705882352944,0.8600961538461539,0.583512544631958
0.46176470588235297,0.8600961538461539,0.5829681158065796
0.46176470588235297,0.8610576923076924,0.5813261866569519
0.4621323529411765,0.8610576923076924,0.5804978609085083
0.4621323529411765,0.8615384615384616,0.580471932888031
0.4625,0.8615384615384616,0.5803183913230896
0.4625,0.8629807692307693,0.5783944129943848
0.4650735294117647,0.8629807692307693,0.573267936706543
0.4650735294117647,0.8634615384615385,0.5727605819702148
0.46544117647058825,0.8634615384615385,0.5723567008972168
0.46544117647058825,0.8639423076923077,0.5722076296806335
0.4658088235294118,0.8639423076923077,0.5720202922821045
0.4658088235294118,0.864423076923077,0.5714576244354248
0.4661764705882353,0.864423076923077,0.5713695883750916
0.4661764705882353,0.8658653846153846,0.5704671144485474
0.4672794117647059,0.8658653846153846,0.569831132888794
0.4672794117647059,0.8711538461538462,0.5681871175765991
0.4676470588235294,0.8711538461538462,0.568107008934021
0.4676470588235294,0.8716346153846154,0.568016529083252
0.46801470588235294,0.8716346153846154,0.5679831504821777
0.46801470588235294,0.8745192307692308,0.5667510032653809
0.46838235294117647,0.8745192307692308,0.5666627287864685
0.46838235294117647,0.8754807692307692,0.56630939245224
0.46875,0.8754807692307692,0.5663002133369446
0.46875,0.8783653846153846,0.565767765045166
0.46911764705882353,0.8783653846153846,0.5654714107513428
0.46911764705882353,0.8788461538461538,0.5650839805603027
0.4698529411764706,0.8788461538461538,0.5639203786849976
0.4698529411764706,0.8793269230769231,0.5639184713363647
0.4713235294117647,0.8793269230769231,0.5634334683418274
0.4713235294117647,0.8807692307692307,0.5623278617858887
0.47205882352941175,0.8807692307692307,0.5621846914291382
0.47205882352941175,0.88125,0.5621475577354431
0.47316176470588234,0.88125,0.5616124868392944
0.47316176470588234,0.8817307692307692,0.5615584254264832
0.47352941176470587,0.8817307692307692,0.5615395307540894
0.47352941176470587,0.8822115384615384,0.5615251064300537
0.4742647058823529,0.8822115384615384,0.5613500475883484
0.4742647058823529,0.8831730769230769,0.5612170100212097
0.47463235294117645,0.8831730769230769,0.5610980987548828
0.47463235294117645,0.8836538461538461,0.5610038042068481
0.475,0.8836538461538461,0.5608583688735962
0.475,0.8841346153846154,0.5607797503471375
0.47610294117647056,0.8841346153846154,0.5606095790863037
0.47610294117647056,0.8850961538461538,0.5605317950248718
0.4768382352941177,0.8850961538461538,0.5602630376815796
0.4768382352941177,0.885576923076923,0.560191810131073
0.47794117647058826,0.885576923076923,0.5599924325942993
0.47794117647058826,0.8865384615384615,0.5599644780158997
0.47904411764705884,0.8865384615384615,0.5595495104789734
0.47904411764705884,0.8870192307692307,0.5595409870147705
0.47941176470588237,0.8870192307692307,0.5594050884246826
0.47941176470588237,0.8875,0.5593647956848145
0.4808823529411765,0.8875,0.5591765642166138
0.4808823529411765,0.8884615384615384,0.5587499141693115
0.48125,0.8884615384615384,0.5586081147193909
0.48125,0.8899038461538461,0.558335542678833
0.48161764705882354,0.8899038461538461,0.5583272576332092
0.48161764705882354,0.8908653846153847,0.5579338073730469
0.4823529411764706,0.8908653846153847,0.5578538179397583
0.4823529411764706,0.8913461538461539,0.5577700138092041
0.4827205882352941,0.8913461538461539,0.5575821995735168
0.4827205882352941,0.8918269230769231,0.5568946003913879
0.48308823529411765,0.8918269230769231,0.5566188097000122
0.48308823529411765,0.8927884615384616,0.5563919544219971
0.4838235294117647,0.8927884615384616,0.555257260799408
0.4838235294117647,0.8932692307692308,0.5548402070999146
0.48455882352941176,0.8932692307692308,0.5546186566352844
0.48455882352941176,0.89375,0.5542706251144409
0.4852941176470588,0.89375,0.5535576939582825
0.4852941176470588,0.8947115384615385,0.5528833270072937
0.4863970588235294,0.8947115384615385,0.5516024231910706
0.4863970588235294,0.895673076923077,0.5509674549102783
0.4878676470588235,0.895673076923077,0.5506466627120972
0.4878676470588235,0.8961538461538462,0.5502000451087952
0.48933823529411763,0.8961538461538462,0.5483150482177734
0.48933823529411763,0.8966346153846154,0.5483102202415466
0.48970588235294116,0.8966346153846154,0.5480976700782776
0.48970588235294116,0.8971153846153846,0.5478682518005371
0.49080882352941174,0.8971153846153846,0.547392725944519
0.49080882352941174,0.8975961538461539,0.5473518967628479
0.49375,0.8975961538461539,0.5457611680030823
0.49375,0.8980769230769231,0.545684814453125
0.4948529411764706,0.8980769230769231,0.5449233055114746
0.4948529411764706,0.8985576923076923,0.5448870062828064
0.4959558823529412,0.8985576923076923,0.5446974635124207
0.4959558823529412,0.8990384615384616,0.5445364117622375
0.49669117647058825,0.8990384615384616,0.5444527864456177
0.49669117647058825,0.8995192307692308,0.5441520810127258
0.4985294117647059,0.8995192307692308,0.5433579087257385
0.4985294117647059,0.9,0.5433362722396851
0.4988970588235294,0.9,0.5432893633842468
0.4988970588235294,0.9004807692307693,0.5432431697845459
0.5,0.9004807692307693,0.5427316427230835
0.5,0.9019230769230769,0.5415952801704407
0.5003676470588235,0.9019230769230769,0.5413273572921753
0.5003676470588235,0.9024038461538462,0.5409008264541626
0.5025735294117647,0.9024038461538462,0.5389722585678101
0.5025735294117647,0.9028846153846154,0.5389531254768372
0.5029411764705882,0.9028846153846154,0.5387901663780212
0.5029411764705882,0.9033653846153846,0.5383025407791138
0.5044117647058823,0.9033653846153846,0.5378074645996094
0.5044117647058823,0.9043269230769231,0.5374335646629333
0.5055147058823529,0.9043269230769231,0.5373121500015259
0.5055147058823529,0.9048076923076923,0.53692227602005
0.5257352941176471,0.9048076923076923,0.5309332609176636
0.5257352941176471,0.9052884615384615,0.5306673645973206
0.5272058823529412,0.9052884615384615,0.5301990509033203
0.5272058823529412,0.9057692307692308,0.5300758481025696
0.5308823529411765,0.9057692307692308,0.5290526747703552
0.5308823529411765,0.90625,0.5289630889892578
0.5334558823529412,0.90625,0.5280085802078247
0.5334558823529412,0.9076923076923077,0.5278842449188232
0.5338235294117647,0.9076923076923077,0.5277677774429321
0.5338235294117647,0.9091346153846154,0.5271021723747253
0.5341911764705882,0.9091346153846154,0.5270876288414001
0.5341911764705882,0.9096153846153846,0.5270677804946899
0.5345588235294118,0.9096153846153846,0.5269371271133423
0.5345588235294118,0.9100961538461538,0.5269222855567932
0.5352941176470588,0.9100961538461538,0.526734471321106
0.5352941176470588,0.9134615384615384,0.5262417793273926
0.5363970588235294,0.9134615384615384,0.5259475111961365
0.5363970588235294,0.9149038461538461,0.5256877541542053
0.5367647058823529,0.9149038461538461,0.5255445837974548
0.5367647058823529,0.9153846153846154,0.5255407094955444
0.5371323529411764,0.9153846153846154,0.5255274176597595
0.5371323529411764,0.9163461538461538,0.5254456400871277
0.538235294117647,0.9163461538461538,0.5252736806869507
0.538235294117647,0.916826923076923,0.5251531600952148
0.5386029411764706,0.916826923076923,0.5250877737998962
0.5386029411764706,0.9177884615384615,0.5250555872917175
0.5389705882352941,0.9177884615384615,0.5248469114303589
0.5389705882352941,0.9206730769230769,0.524530291557312
0.5397058823529411,0.9206730769230769,0.5244414806365967
0.5397058823529411,0.9235576923076924,0.5234465003013611
0.5400735294117647,0.9235576923076924,0.5233817100524902
0.5400735294117647,0.925,0.5231074690818787
0.5404411764705882,0.925,0.523002564907074
0.5404411764705882,0.9254807692307693,0.5228393077850342
0.5419117647058823,0.9254807692307693,0.5224270820617676
0.5419117647058823,0.9264423076923077,0.5222862362861633
0.5430147058823529,0.9264423076923077,0.5221121907234192
0.5430147058823529,0.926923076923077,0.5220732092857361
0.54375,0.926923076923077,0.5219716429710388
0.54375,0.9274038461538462,0.5219702124595642
0.544485294117647,0.9274038461538462,0.5218498706817627
0.544485294117647,0.9278846153846154,0.5216308236122131
0.5448529411764705,0.9278846153846154,0.5215538740158081
0.5448529411764705,0.9283653846153846,0.5214752554893494
0.5466911764705882,0.9283653846153846,0.5211023688316345
0.5466911764705882,0.9302884615384616,0.5209659934043884
0.5496323529411765,0.9302884615384616,0.5205566883087158
0.5496323529411765,0.93125,0.5204477310180664
0.5514705882352942,0.93125,0.5199596285820007
0.5514705882352942,0.9317307692307693,0.5199586153030396
0.5544117647058824,0.9317307692307693,0.5197005271911621
0.5544117647058824,0.9322115384615385,0.5196457505226135
0.5599264705882353,0.9322115384615385,0.5186952948570251
0.5599264705882353,0.9326923076923077,0.5186809301376343
0.5625,0.9326923076923077,0.5179862380027771
0.5625,0.9331730769230769,0.51793372631073
0.5643382352941176,0.9331730769230769,0.5176175832748413
0.5643382352941176,0.9336538461538462,0.5175858736038208
0.569485294117647,0.9336538461538462,0.515832245349884
0.569485294117647,0.9346153846153846,0.5149943828582764
0.5709558823529411,0.9346153846153846,0.5118246078491211
0.5709558823529411,0.9355769230769231,0.5109749436378479
0.5720588235294117,0.9355769230769231,0.5105333924293518
0.5720588235294117,0.9365384615384615,0.5099415183067322
0.575,0.9365384615384615,0.5074632167816162
0.575,0.9370192307692308,0.5070183873176575
0.5753676470588235,0.9370192307692308,0.5069323182106018
0.5753676470588235,0.9375,0.5068541169166565
0.5801470588235295,0.9375,0.5049596428871155
0.5801470588235295,0.9379807692307692,0.5049320459365845
0.5819852941176471,0.9379807692307692,0.5043042898178101
0.5819852941176471,0.9384615384615385,0.5042275786399841
0.5834558823529412,0.9384615384615385,0.503617525100708
0.5834558823529412,0.9394230769230769,0.5030732750892639
0.5849264705882353,0.9394230769230769,0.4996521472930908
0.5849264705882353,0.9403846153846154,0.4988028109073639
0.5889705882352941,0.9403846153846154,0.49306246638298035
0.5889705882352941,0.9408653846153846,0.49303656816482544
0.5897058823529412,0.9408653846153846,0.49076247215270996
0.5897058823529412,0.9413461538461538,0.48981621861457825
0.5911764705882353,0.9413461538461538,0.4882316589355469
0.5911764705882353,0.9418269230769231,0.48813843727111816
0.5915441176470588,0.9418269230769231,0.4877729117870331
0.5915441176470588,0.9423076923076923,0.48768436908721924
0.5930147058823529,0.9423076923076923,0.4861562252044678
0.5930147058823529,0.9427884615384615,0.4860633313655853
0.5988970588235294,0.9427884615384615,0.48284783959388733
0.5988970588235294,0.9432692307692307,0.48281005024909973
0.6014705882352941,0.9432692307692307,0.4819057285785675
0.6014705882352941,0.94375,0.48188307881355286
0.6025735294117647,0.94375,0.4817768633365631
0.6025735294117647,0.9447115384615384,0.4814515709877014
0.60625,0.9447115384615384,0.4782780706882477
0.60625,0.9456730769230769,0.47787219285964966
0.6172794117647059,0.9456730769230769,0.4737868309020996
0.6172794117647059,0.9461538461538461,0.47331559658050537
0.6224264705882353,0.9461538461538461,0.46775293350219727
0.6224264705882353,0.9466346153846154,0.46757742762565613
0.6246323529411765,0.9466346153846154,0.4667522609233856
0.6246323529411765,0.9471153846153846,0.46653226017951965
0.6264705882352941,0.9471153846153846,0.4649336338043213
0.6264705882352941,0.9475961538461538,0.46439477801322937
0.6349264705882353,0.9475961538461538,0.45991382002830505
0.6349264705882353,0.948076923076923,0.4598376154899597
0.6397058823529411,0.948076923076923,0.4588313698768616
0.6397058823529411,0.9485576923076923,0.4585994780063629
0.6463235294117647,0.9485576923076923,0.45712795853614807
0.6463235294117647,0.9490384615384615,0.4571062922477722
0.6470588235294118,0.9490384615384615,0.45689406991004944
0.6470588235294118,0.9495192307692307,0.45688512921333313
0.6481617647058824,0.9495192307692307,0.45639950037002563
0.6481617647058824,0.95,0.4563964009284973
0.6496323529411765,0.95,0.455744206905365
0.6496323529411765,0.9504807692307692,0.4555419385433197
0.6525735294117647,0.9504807692307692,0.4536544680595398
0.6525735294117647,0.9509615384615384,0.45351123809814453
0.6551470588235294,0.9509615384615384,0.45238780975341797
0.6551470588235294,0.9514423076923076,0.45234808325767517
0.65625,0.9514423076923076,0.4519444704055786
0.65625,0.9519230769230769,0.45189300179481506
0.6566176470588235,0.9519230769230769,0.45186617970466614
0.6566176470588235,0.9524038461538461,0.4518006443977356
0.6654411764705882,0.9524038461538461,0.45001065731048584
0.6654411764705882,0.9528846153846153,0.44998008012771606
0.6665441176470588,0.9528846153846153,0.44985008239746094
0.6665441176470588,0.9533653846153847,0.44947633147239685
0.6709558823529411,0.9533653846153847,0.4487278461456299
0.6709558823529411,0.9538461538461539,0.44855406880378723
0.6797794117647059,0.9538461538461539,0.44520577788352966
0.6797794117647059,0.9543269230769231,0.4451714754104614
0.6816176470588236,0.9543269230769231,0.4426105320453644
0.6816176470588236,0.9548076923076924,0.44198480248451233
0.6819852941176471,0.9548076923076924,0.44196295738220215
0.6819852941176471,0.9552884615384616,0.44129735231399536
0.6823529411764706,0.9552884615384616,0.440388947725296
0.6823529411764706,0.9557692307692308,0.43991175293922424
0.6834558823529412,0.9557692307692308,0.43919244408607483
0.6834558823529412,0.9567307692307693,0.43883058428764343
0.6841911764705882,0.9567307692307693,0.4381619095802307
0.6841911764705882,0.9576923076923077,0.4375779926776886
0.6845588235294118,0.9576923076923077,0.43718117475509644
0.6845588235294118,0.958173076923077,0.4370099604129791
0.6849264705882353,0.958173076923077,0.4368041157722473
0.6849264705882353,0.9625,0.4349183142185211
0.6852941176470588,0.9625,0.4349146783351898
0.6852941176470588,0.9634615384615385,0.43474066257476807
0.6860294117647059,0.9634615384615385,0.4345623552799225
0.6860294117647059,0.9668269230769231,0.43350186944007874
0.6867647058823529,0.9668269230769231,0.43346479535102844
0.6867647058823529,0.9677884615384615,0.4300379455089569
0.6882352941176471,0.9677884615384615,0.4258679151535034
0.6882352941176471,0.96875,0.42434629797935486
0.6893382352941176,0.96875,0.4233245551586151
0.6893382352941176,0.9692307692307692,0.423183798789978
0.6963235294117647,0.9692307692307692,0.4149077534675598
0.6963235294117647,0.9697115384615385,0.4143431782722473
0.7066176470588236,0.9697115384615385,0.4063835144042969
0.7066176470588236,0.9701923076923077,0.40606722235679626
0.7158088235294118,0.9701923076923077,0.3983994722366333
0.7158088235294118,0.9706730769230769,0.3981441855430603
0.7191176470588235,0.9706730769230769,0.39691707491874695
0.7191176470588235,0.9711538461538461,0.3967564105987549
0.7224264705882353,0.9711538461538461,0.3927595317363739
0.7224264705882353,0.9716346153846154,0.3917326331138611
0.7253676470588235,0.9716346153846154,0.3895997703075409
0.7253676470588235,0.9721153846153846,0.3892989456653595
0.7290441176470588,0.9721153846153846,0.3882114589214325
0.7290441176470588,0.9725961538461538,0.38814643025398254
0.7404411764705883,0.9725961538461538,0.38463839888572693
0.7404411764705883,0.9730769230769231,0.38439157605171204
0.7433823529411765,0.9730769230769231,0.3831616938114166
0.7433823529411765,0.9735576923076923,0.38300344347953796
0.7459558823529412,0.9735576923076923,0.3821767270565033
0.7459558823529412,0.9740384615384615,0.38193514943122864
0.7522058823529412,0.9740384615384615,0.37280553579330444
0.7522058823529412,0.9745192307692307,0.37187790870666504
0.7547794117647059,0.9745192307692307,0.369315505027771
0.7547794117647059,0.975,0.3690751791000366
0.7577205882352941,0.975,0.36726826429367065
0.7577205882352941,0.9754807692307692,0.3671054542064667
0.7580882352941176,0.9754807692307692,0.3670785129070282
0.7580882352941176,0.9759615384615384,0.3669596016407013
0.7625,0.9759615384615384,0.3646606504917145
0.7625,0.9764423076923077,0.36296314001083374
0.7654411764705882,0.9764423076923077,0.3512021601200104
0.7654411764705882,0.9769230769230769,0.34992116689682007
0.7713235294117647,0.9769230769230769,0.3357775807380676
0.7713235294117647,0.9778846153846154,0.33539456129074097
0.7779411764705882,0.9778846153846154,0.32144787907600403
0.7779411764705882,0.9783653846153846,0.3209264874458313
0.7849264705882353,0.9783653846153846,0.3061172664165497
0.7849264705882353,0.9788461538461538,0.3057916462421417
0.8058823529411765,0.9788461538461538,0.295624315738678
0.8058823529411765,0.979326923076923,0.29501572251319885
0.8110294117647059,0.979326923076923,0.2878313958644867
0.8110294117647059,0.9798076923076923,0.28782007098197937
0.8327205882352942,0.9798076923076923,0.27293190360069275
0.8327205882352942,0.9802884615384615,0.2724701166152954
0.8522058823529411,0.9802884615384615,0.23126120865345
0.8522058823529411,0.9807692307692307,0.23112578690052032
0.8893382352941176,0.9807692307692307,0.18276186287403107
0.8893382352941176,0.98125,0.18224690854549408
0.8900735294117647,0.98125,0.1804860234260559
0.8900735294117647,0.9817307692307692,0.1802513748407364
0.8908088235294118,0.9817307692307692,0.1784238964319229
0.8908088235294118,0.9822115384615384,0.17831823229789734
0.8926470588235295,0.9822115384615384,0.17680999636650085
0.8926470588235295,0.9826923076923076,0.17641454935073853
0.8933823529411765,0.9826923076923076,0.1758757382631302
0.8933823529411765,0.9831730769230769,0.17542704939842224
0.9047794117647059,0.9831730769230769,0.16980251669883728
0.9047794117647059,0.9836538461538461,0.16921213269233704
0.9055147058823529,0.9836538461538461,0.16876523196697235
0.9055147058823529,0.9841346153846153,0.16827461123466492
0.9066176470588235,0.9841346153846153,0.16791772842407227
0.9066176470588235,0.9850961538461539,0.16771644353866577
0.9073529411764706,0.9850961538461539,0.16713008284568787
0.9073529411764706,0.9870192307692308,0.16669151186943054
0.9080882352941176,0.9870192307692308,0.1663561314344406
0.9080882352941176,0.989423076923077,0.1660599410533905
0.9088235294117647,0.989423076923077,0.16595594584941864
0.9088235294117647,0.9899038461538462,0.1659516841173172
0.9102941176470588,0.9899038461538462,0.16568483412265778
0.9102941176470588,0.9918269230769231,0.165421724319458
0.9110294117647059,0.9918269230769231,0.16515548527240753
0.9110294117647059,0.9923076923076923,0.16513177752494812
0.9113970588235294,0.9923076923076923,0.16508691012859344
0.9113970588235294,0.9927884615384616,0.16502687335014343
0.9117647058823529,0.9927884615384616,0.1649426519870758
0.9117647058823529,0.9947115384615385,0.16468891501426697
0.9121323529411764,0.9947115384615385,0.1646021455526352
0.9121323529411764,0.9951923076923077,0.1645505428314209
0.9165441176470588,0.9951923076923077,0.1620313823223114
0.9165441176470588,0.9956730769230769,0.16160717606544495
0.9261029411764706,0.9956730769230769,0.15851938724517822
0.9261029411764706,0.9961538461538462,0.1582919806241989
0.9272058823529412,0.9961538461538462,0.15564100444316864
0.9272058823529412,0.9966346153846154,0.15473672747612
0.9297794117647059,0.9966346153846154,0.1402214765548706
0.9297794117647059,0.9971153846153846,0.13968707621097565
0.9481617647058823,0.9971153846153846,0.1227995753288269
0.9481617647058823,0.9975961538461539,0.12259381264448166
0.9511029411764705,0.9975961538461539,0.12151911109685898
0.9511029411764705,0.9980769230769231,0.12143179029226303
0.9654411764705882,0.9980769230769231,0.09290420264005661
0.9654411764705882,0.9985576923076923,0.09279333800077438
0.9694852941176471,0.9985576923076923,0.09190627932548523
0.9694852941176471,0.9990384615384615,0.09172157198190689
0.9775735294117647,0.9990384615384615,0.08674848824739456
0.9775735294117647,0.9995192307692308,0.08652300387620926
0.9808823529411764,0.9995192307692308,0.06952904909849167
0.9808823529411764,1.0,0.0694967582821846
1.0,1.0,0.012173851951956749
