FPR,TPR,Threshold
0.0,0.0,1.9966543316841125
0.0,0.0005263157894736842,0.9966543316841125
0.0,0.0968421052631579,0.9858512282371521
0.0,0.09789473684210526,0.985761284828186
0.0,0.6089473684210527,0.79885333776474
0.002,0.6089473684210527,0.7983191609382629
0.002,0.6426315789473684,0.7819279432296753
0.004,0.6426315789473684,0.7818540930747986
0.004,0.6447368421052632,0.7813331484794617
0.006,0.6447368421052632,0.7812568545341492
0.006,0.6468421052631579,0.7795538902282715
0.008,0.6468421052631579,0.7794158458709717
0.008,0.6478947368421053,0.7779905200004578
0.01,0.6478947368421053,0.7779160737991333
0.01,0.6589473684210526,0.7743610143661499
0.012,0.6589473684210526,0.7743292450904846
0.012,0.661578947368421,0.7730242013931274
0.014,0.661578947368421,0.7726297974586487
0.014,0.6742105263157895,0.7633066773414612
0.016,0.6742105263157895,0.7629389762878418
0.016,0.6752631578947368,0.7626221776008606
0.018,0.6752631578947368,0.761329710483551
0.018,0.7152631578947368,0.7310759425163269
0.02,0.7152631578947368,0.7309797406196594
0.02,0.7178947368421053,0.7292727828025818
0.022,0.7178947368421053,0.7292605638504028
0.022,0.7215789473684211,0.7261943221092224
0.024,0.7215789473684211,0.7261311411857605
0.024,0.7431578947368421,0.708030641078949
0.026,0.7431578947368421,0.7079194784164429
0.026,0.7505263157894737,0.7022871971130371
0.028,0.7505263157894737,0.7021275162696838
0.028,0.7573684210526316,0.6945614814758301
0.03,0.7573684210526316,0.6941016316413879
0.03,0.76,0.6905410885810852
0.032,0.76,0.6904837489128113
0.032,0.7657894736842106,0.6852017641067505
0.034,0.7657894736842106,0.6851665377616882
0.034,0.7668421052631579,0.6840840578079224
0.036,0.7668421052631579,0.6832252740859985
0.036,0.7778947368421053,0.6726722121238708
0.038,0.7778947368421053,0.6724923849105835
0.038,0.7852631578947369,0.6665959358215332
0.04,0.7852631578947369,0.6664407253265381
0.04,0.7857894736842105,0.6660805940628052
0.042,0.7857894736842105,0.6654670238494873
0.042,0.7878947368421053,0.663874626159668
0.044,0.7878947368421053,0.662503719329834
0.044,0.791578947368421,0.6596852540969849
0.046,0.791578947368421,0.6594433188438416
0.046,0.7947368421052632,0.6560344696044922
0.048,0.7947368421052632,0.655955970287323
0.048,0.7989473684210526,0.6493905782699585
0.05,0.7989473684210526,0.648725152015686
0.05,0.8,0.6481701731681824
0.052,0.8,0.6460999846458435
0.052,0.8010526315789473,0.6444741487503052
0.058,0.8010526315789473,0.6437934637069702
0.058,0.8021052631578948,0.6432956457138062
0.06,0.8021052631578948,0.6426085233688354
0.06,0.8042105263157895,0.6412285566329956
0.062,0.8042105263157895,0.6402037739753723
0.062,0.8089473684210526,0.6371682286262512
0.066,0.8089473684210526,0.6355240941047668
0.066,0.8142105263157895,0.6284025311470032
0.07,0.8142105263157895,0.6277065277099609
0.07,0.8184210526315789,0.6230801939964294
0.072,0.8184210526315789,0.6221680045127869
0.072,0.8215789473684211,0.6182596683502197
0.076,0.8215789473684211,0.6171952486038208
0.076,0.8226315789473684,0.6139973998069763
0.078,0.8226315789473684,0.6134458184242249
0.078,0.8247368421052632,0.6096090078353882
0.08,0.8247368421052632,0.6083008050918579
0.08,0.8252631578947368,0.6081481575965881
0.084,0.8252631578947368,0.6076094508171082
0.084,0.8263157894736842,0.6072229743003845
0.086,0.8263157894736842,0.606810986995697
0.086,0.8268421052631579,0.6064161658287048
0.09,0.8268421052631579,0.6061996221542358
0.09,0.8321052631578948,0.5988858938217163
0.092,0.8321052631578948,0.5982599258422852
0.092,0.8357894736842105,0.586935818195343
0.094,0.8357894736842105,0.5869309902191162
0.094,0.8410526315789474,0.5768975615501404
0.096,0.8410526315789474,0.5765626430511475
0.096,0.8426315789473684,0.5748088955879211
0.098,0.8426315789473684,0.5747758150100708
0.098,0.8457894736842105,0.5664427280426025
0.1,0.8457894736842105,0.5641894936561584
0.1,0.8536842105263158,0.5434481501579285
0.102,0.8536842105263158,0.541146993637085
0.102,0.8573684210526316,0.5319929718971252
0.104,0.8573684210526316,0.531966507434845
0.104,0.8605263157894737,0.5299510955810547
0.106,0.8605263157894737,0.5297549962997437
0.106,0.8631578947368421,0.5205628871917725
0.108,0.8631578947368421,0.5185714960098267
0.108,0.8636842105263158,0.5134822130203247
0.11,0.8636842105263158,0.5133349895477295
0.11,0.8647368421052631,0.5109705328941345
0.112,0.8647368421052631,0.5106428265571594
0.112,0.8663157894736843,0.5078848004341125
0.114,0.8663157894736843,0.5070724487304688
0.114,0.8673684210526316,0.5069215297698975
0.116,0.8673684210526316,0.5064398646354675
0.116,0.8757894736842106,0.49239760637283325
0.118,0.8757894736842106,0.49129968881607056
0.118,0.8773684210526316,0.48452767729759216
0.12,0.8773684210526316,0.4841095805168152
0.12,0.8852631578947369,0.4743008315563202
0.122,0.8852631578947369,0.47347715497016907
0.122,0.8894736842105263,0.46646225452423096
0.124,0.8894736842105263,0.46408236026763916
0.124,0.8989473684210526,0.427724152803421
0.126,0.8989473684210526,0.4269452393054962
0.126,0.901578947368421,0.4181637763977051
0.128,0.901578947368421,0.415299654006958
0.128,0.9021052631578947,0.4137161672115326
0.134,0.9021052631578947,0.4101361334323883
0.134,0.9026315789473685,0.4101305305957794
0.154,0.9026315789473685,0.39305412769317627
0.154,0.9031578947368422,0.3924177587032318
0.16,0.9031578947368422,0.389286071062088
0.16,0.9042105263157895,0.38540196418762207
0.17,0.9042105263157895,0.38353633880615234
0.17,0.9063157894736842,0.38017138838768005
0.176,0.9063157894736842,0.3744764029979706
0.176,0.9068421052631579,0.37269794940948486
0.18,0.9068421052631579,0.3700171411037445
0.18,0.9073684210526316,0.3686319589614868
0.184,0.9073684210526316,0.3674776554107666
0.184,0.9078947368421053,0.3674485981464386
0.186,0.9078947368421053,0.3632420003414154
0.186,0.9089473684210526,0.36183953285217285
0.192,0.9089473684210526,0.3589693307876587
0.192,0.9094736842105263,0.35887375473976135
0.2,0.9094736842105263,0.35537588596343994
0.2,0.91,0.3553237318992615
0.202,0.91,0.3547365963459015
0.202,0.9105263157894737,0.3540410101413727
0.204,0.9105263157894737,0.35104772448539734
0.204,0.9110526315789473,0.35083916783332825
0.214,0.9110526315789473,0.34772348403930664
0.214,0.911578947368421,0.34714341163635254
0.216,0.911578947368421,0.3465040624141693
0.216,0.9121052631578948,0.3455479145050049
0.218,0.9121052631578948,0.34540101885795593
0.218,0.9142105263157895,0.34020718932151794
0.222,0.9142105263157895,0.3366181552410126
0.222,0.9147368421052632,0.3355783224105835
0.228,0.9147368421052632,0.3344404399394989
0.228,0.9168421052631579,0.33091437816619873
0.234,0.9168421052631579,0.3287796080112457
0.234,0.9178947368421052,0.3268357813358307
0.236,0.9178947368421052,0.32606399059295654
0.236,0.9205263157894736,0.3224974274635315
0.238,0.9205263157894736,0.32086825370788574
0.238,0.9210526315789473,0.3200911283493042
0.24,0.9210526315789473,0.32005664706230164
0.24,0.9231578947368421,0.3172076344490051
0.244,0.9231578947368421,0.3155992031097412
0.244,0.9242105263157895,0.314812034368515
0.246,0.9242105263157895,0.31475892663002014
0.246,0.9252631578947368,0.31373459100723267
0.248,0.9252631578947368,0.31338319182395935
0.248,0.9263157894736842,0.31219738721847534
0.252,0.9263157894736842,0.3114219009876251
0.252,0.9278947368421052,0.30971401929855347
0.258,0.9278947368421052,0.30814462900161743
0.258,0.9284210526315789,0.3080286979675293
0.26,0.9284210526315789,0.30733710527420044
0.26,0.9289473684210526,0.3063582479953766
0.264,0.9289473684210526,0.30214235186576843
0.264,0.9294736842105263,0.30173227190971375
0.266,0.9294736842105263,0.30158519744873047
0.266,0.93,0.29907336831092834
0.268,0.93,0.2978479862213135
0.268,0.9315789473684211,0.29260575771331787
0.27,0.9315789473684211,0.29244017601013184
0.27,0.9321052631578948,0.2912069857120514
0.272,0.9321052631578948,0.2907322943210602
0.272,0.9326315789473684,0.2901275157928467
0.274,0.9326315789473684,0.2864929735660553
0.274,0.9336842105263158,0.28490620851516724
0.276,0.9336842105263158,0.28379976749420166
0.276,0.9342105263157895,0.2827220857143402
0.278,0.9342105263157895,0.2821836471557617
0.278,0.9347368421052632,0.2808489203453064
0.28,0.9347368421052632,0.2795288860797882
0.28,0.9357894736842105,0.2777637839317322
0.286,0.9357894736842105,0.27533456683158875
0.286,0.9363157894736842,0.27435049414634705
0.298,0.9363157894736842,0.27037322521209717
0.298,0.9373684210526316,0.2689442038536072
0.304,0.9373684210526316,0.2676583230495453
0.304,0.9384210526315789,0.2657611072063446
0.306,0.9384210526315789,0.2655309736728668
0.306,0.9389473684210526,0.2640283405780792
0.316,0.9389473684210526,0.25946491956710815
0.316,0.9394736842105263,0.25835272669792175
0.318,0.9394736842105263,0.258118212223053
0.318,0.9405263157894737,0.2559826374053955
0.324,0.9405263157894737,0.24703465402126312
0.324,0.9410526315789474,0.2449030727148056
0.328,0.9410526315789474,0.24293844401836395
0.328,0.9415789473684211,0.24286332726478577
0.33,0.9415789473684211,0.24266678094863892
0.33,0.9426315789473684,0.24064518511295319
0.332,0.9426315789473684,0.23729956150054932
0.332,0.9431578947368421,0.23720978200435638
0.34,0.9431578947368421,0.2340097427368164
0.34,0.9436842105263158,0.2336544543504715
0.342,0.9436842105263158,0.23361921310424805
0.342,0.9442105263157895,0.23330403864383698
0.354,0.9442105263157895,0.22418805956840515
0.354,0.9447368421052632,0.22414477169513702
0.356,0.9447368421052632,0.2238098531961441
0.356,0.9452631578947368,0.22322623431682587
0.358,0.9452631578947368,0.2231243997812271
0.358,0.9463157894736842,0.22298893332481384
0.362,0.9463157894736842,0.2201717346906662
0.362,0.9468421052631579,0.21925713121891022
0.366,0.9468421052631579,0.21850404143333435
0.366,0.9473684210526315,0.21809415519237518
0.37,0.9473684210526315,0.2155042439699173
0.37,0.9484210526315789,0.2140536606311798
0.374,0.9484210526315789,0.21318946778774261
0.374,0.9489473684210527,0.21251986920833588
0.38,0.9489473684210527,0.21124282479286194
0.38,0.9494736842105264,0.2104666531085968
0.382,0.9494736842105264,0.20952937006950378
0.382,0.9505263157894737,0.20812739431858063
0.386,0.9505263157894737,0.2075611799955368
0.386,0.9515789473684211,0.20734186470508575
0.388,0.9515789473684211,0.20695222914218903
0.388,0.9542105263157895,0.20229806005954742
0.394,0.9542105263157895,0.19819234311580658
0.394,0.9563157894736842,0.19628432393074036
0.402,0.9563157894736842,0.1930222511291504
0.402,0.9573684210526315,0.19286425411701202
0.404,0.9573684210526315,0.19238610565662384
0.404,0.9578947368421052,0.19237886369228363
0.406,0.9578947368421052,0.19187596440315247
0.406,0.9589473684210527,0.18885329365730286
0.408,0.9589473684210527,0.18758119642734528
0.408,0.9594736842105264,0.18739131093025208
0.416,0.9594736842105264,0.18390542268753052
0.416,0.96,0.18306957185268402
0.42,0.96,0.18266592919826508
0.42,0.9605263157894737,0.1796860247850418
0.422,0.9605263157894737,0.17951573431491852
0.422,0.9610526315789474,0.17945663630962372
0.426,0.9610526315789474,0.17864224314689636
0.426,0.9615789473684211,0.178321972489357
0.432,0.9615789473684211,0.17705315351486206
0.432,0.9626315789473684,0.17545059323310852
0.434,0.9626315789473684,0.1749243289232254
0.434,0.9631578947368421,0.17244942486286163
0.44,0.9631578947368421,0.17039571702480316
0.44,0.9636842105263158,0.1697143018245697
0.442,0.9636842105263158,0.16936703026294708
0.442,0.9642105263157895,0.16896922886371613
0.446,0.9642105263157895,0.16743458807468414
0.446,0.9647368421052631,0.16623592376708984
0.452,0.9647368421052631,0.16454164683818817
0.452,0.9652631578947368,0.16375021636486053
0.454,0.9652631578947368,0.16173817217350006
0.454,0.9657894736842105,0.16142801940441132
0.456,0.9657894736842105,0.16111955046653748
0.456,0.9663157894736842,0.16070805490016937
0.468,0.9663157894736842,0.1559671312570572
0.468,0.968421052631579,0.15173691511154175
0.472,0.968421052631579,0.15125347673892975
0.472,0.9689473684210527,0.15120302140712738
0.474,0.9689473684210527,0.15097226202487946
0.474,0.9694736842105263,0.15091125667095184
0.48,0.9694736842105263,0.14784958958625793
0.48,0.9705263157894737,0.14740905165672302
0.49,0.9705263157894737,0.1425316035747528
0.49,0.9710526315789474,0.14213687181472778
0.512,0.9710526315789474,0.1348419338464737
0.512,0.9715789473684211,0.13391488790512085
0.52,0.9715789473684211,0.13115057349205017
0.52,0.9726315789473684,0.12886539101600647
0.528,0.9726315789473684,0.12644259631633759
0.528,0.9731578947368421,0.12517812848091125
0.556,0.9731578947368421,0.11824691295623779
0.556,0.9742105263157895,0.11698616296052933
0.572,0.9742105263157895,0.10990872234106064
0.572,0.9747368421052631,0.10989110916852951
0.576,0.9747368421052631,0.10857289284467697
0.576,0.9752631578947368,0.10816498100757599
0.586,0.9752631578947368,0.10639426112174988
0.586,0.9757894736842105,0.1061333641409874
0.602,0.9757894736842105,0.09933345019817352
0.602,0.9768421052631578,0.09763628244400024
0.636,0.9768421052631578,0.08675248175859451
0.636,0.9778947368421053,0.08616923540830612
0.642,0.9778947368421053,0.08389973640441895
0.642,0.9789473684210527,0.08274851739406586
0.646,0.9789473684210527,0.08218655735254288
0.646,0.9794736842105263,0.08150368183851242
0.656,0.9794736842105263,0.07917409390211105
0.656,0.98,0.07828184962272644
0.658,0.98,0.07806083559989929
0.658,0.9810526315789474,0.07666261494159698
0.662,0.9810526315789474,0.07509368658065796
0.662,0.9821052631578947,0.07471933215856552
0.67,0.9821052631578947,0.07264091819524765
0.67,0.9826315789473684,0.07215616106987
0.674,0.9826315789473684,0.07198522984981537
0.674,0.9831578947368421,0.07156521081924438
0.678,0.9831578947368421,0.07109155505895615
0.678,0.9836842105263158,0.07081998884677887
0.686,0.9836842105263158,0.06508288532495499
0.686,0.9842105263157894,0.06477853655815125
0.688,0.9842105263157894,0.06279084831476212
0.688,0.9847368421052631,0.06173147261142731
0.692,0.9847368421052631,0.06110876053571701
0.692,0.9857894736842105,0.0595591776072979
0.7,0.9857894736842105,0.05648380517959595
0.7,0.9863157894736843,0.056422557681798935
0.704,0.9863157894736843,0.05606214329600334
0.704,0.9873684210526316,0.05487179756164551
0.708,0.9873684210526316,0.053953927010297775
0.708,0.988421052631579,0.05367957800626755
0.71,0.988421052631579,0.05274239555001259
0.71,0.9894736842105263,0.051064979285001755
0.734,0.9894736842105263,0.045872971415519714
0.734,0.99,0.04561812803149223
0.738,0.99,0.04475566744804382
0.738,0.9910526315789474,0.04387658089399338
0.788,0.9910526315789474,0.03410009294748306
0.788,0.991578947368421,0.03367145359516144
0.804,0.991578947368421,0.03106151893734932
0.804,0.9921052631578947,0.030824413523077965
0.814,0.9921052631578947,0.029246734455227852
0.814,0.9926315789473684,0.02846822328865528
0.83,0.9926315789473684,0.025086363777518272
0.83,0.9931578947368421,0.024576211348176003
0.84,0.9931578947368421,0.021813111379742622
0.84,0.9936842105263158,0.021803833544254303
0.852,0.9936842105263158,0.020644688978791237
0.852,0.9942105263157894,0.020250840112566948
0.86,0.9942105263157894,0.019085004925727844
0.86,0.9947368421052631,0.018795864656567574
0.886,0.9947368421052631,0.015788162127137184
0.886,0.9952631578947368,0.015625903382897377
0.898,0.9952631578947368,0.015356344170868397
0.898,0.9957894736842106,0.0152576994150877
0.904,0.9957894736842106,0.014922905713319778
0.904,0.9973684210526316,0.014363659545779228
0.906,0.9973684210526316,0.014156147837638855
0.906,0.9978947368421053,0.014125892892479897
0.912,0.9978947368421053,0.013768216595053673
0.912,0.998421052631579,0.013713403604924679
0.914,0.998421052631579,0.013710824772715569
0.914,0.9989473684210526,0.01370728574693203
0.93,0.9989473684210526,0.012991232797503471
0.93,0.9994736842105263,0.012857082299888134
0.954,0.9994736842105263,0.011683841235935688
0.954,1.0,0.011491796933114529
1.0,1.0,0.004753368906676769
