FPR,TPR,Threshold
0.0,0.0,1.9963107705116272
0.0,0.0005263157894736842,0.9963107705116272
0.0,0.20789473684210527,0.9703285694122314
0.002,0.20789473684210527,0.9702463150024414
0.002,0.21947368421052632,0.9683778882026672
0.004,0.21947368421052632,0.9682750105857849
0.004,0.22,0.9682568311691284
0.008,0.22,0.9681233763694763
0.008,0.2236842105263158,0.9678665995597839
0.01,0.2236842105263158,0.9678305387496948
0.01,0.22421052631578947,0.9678245782852173
0.012,0.22421052631578947,0.9677888751029968
0.012,0.22578947368421054,0.9676956534385681
0.014,0.22578947368421054,0.967684268951416
0.014,0.22631578947368422,0.9676492214202881
0.016,0.22631578947368422,0.9676325917243958
0.016,0.2326315789473684,0.9670673608779907
0.018,0.2326315789473684,0.9669943451881409
0.018,0.2336842105263158,0.9667772650718689
0.02,0.2336842105263158,0.9667536020278931
0.02,0.23421052631578948,0.9667304158210754
0.022,0.23421052631578948,0.9667083621025085
0.022,0.2394736842105263,0.9655286073684692
0.024,0.2394736842105263,0.9655131697654724
0.024,0.24526315789473685,0.9644887447357178
0.026,0.24526315789473685,0.9644050002098083
0.026,0.24578947368421053,0.9642499685287476
0.028,0.24578947368421053,0.9642406105995178
0.028,0.2536842105263158,0.9625343680381775
0.03,0.2536842105263158,0.9624358415603638
0.03,0.3489473684210526,0.9456784129142761
0.032,0.3489473684210526,0.9456591010093689
0.032,0.38894736842105265,0.9385461211204529
0.034,0.38894736842105265,0.9383429884910583
0.034,0.4068421052631579,0.9356947541236877
0.036,0.4068421052631579,0.9356926679611206
0.036,0.4110526315789474,0.935064435005188
0.038,0.4110526315789474,0.9350571632385254
0.038,0.45263157894736844,0.9295985698699951
0.04,0.45263157894736844,0.9293644428253174
0.04,0.541578947368421,0.8998292088508606
0.042,0.541578947368421,0.899675726890564
0.042,0.5621052631578948,0.8918777704238892
0.044,0.5621052631578948,0.8917862772941589
0.044,0.5705263157894737,0.8891862630844116
0.05,0.5705263157894737,0.8886322975158691
0.05,0.5710526315789474,0.8885354399681091
0.054,0.5710526315789474,0.8879559636116028
0.054,0.5721052631578948,0.8875983953475952
0.056,0.5721052631578948,0.8874924778938293
0.056,0.5726315789473684,0.8874167203903198
0.058,0.5726315789473684,0.887100100517273
0.058,0.5736842105263158,0.887039303779602
0.06,0.5736842105263158,0.8870110511779785
0.06,0.5747368421052632,0.8869081735610962
0.062,0.5747368421052632,0.8863121271133423
0.062,0.5794736842105264,0.885169506072998
0.064,0.5794736842105264,0.8848896026611328
0.064,0.5952631578947368,0.882002055644989
0.066,0.5952631578947368,0.8819519281387329
0.066,0.6010526315789474,0.8807083368301392
0.068,0.6010526315789474,0.880682110786438
0.068,0.6247368421052631,0.8709039688110352
0.07,0.6247368421052631,0.8708087801933289
0.07,0.6468421052631579,0.8541759252548218
0.072,0.6468421052631579,0.8540734052658081
0.072,0.6505263157894737,0.8510246872901917
0.074,0.6505263157894737,0.850779116153717
0.074,0.6557894736842105,0.8484150767326355
0.078,0.6557894736842105,0.8482534885406494
0.078,0.6573684210526316,0.8479357361793518
0.08,0.6573684210526316,0.8476495742797852
0.08,0.6578947368421053,0.8475637435913086
0.082,0.6578947368421053,0.8475424647331238
0.082,0.6605263157894737,0.8470252752304077
0.084,0.6605263157894737,0.846729576587677
0.084,0.6631578947368421,0.8458820581436157
0.092,0.6631578947368421,0.8455497622489929
0.092,0.6673684210526316,0.8450952768325806
0.094,0.6673684210526316,0.844937264919281
0.094,0.6721052631578948,0.8433642387390137
0.096,0.6721052631578948,0.8432069420814514
0.096,0.6747368421052632,0.8428041338920593
0.098,0.6747368421052632,0.8427016139030457
0.098,0.6794736842105263,0.8416720032691956
0.1,0.6794736842105263,0.8412461876869202
0.1,0.68,0.8412184715270996
0.102,0.68,0.8410414457321167
0.102,0.6826315789473684,0.8396689891815186
0.104,0.6826315789473684,0.8396478295326233
0.104,0.6831578947368421,0.8394355177879333
0.106,0.6831578947368421,0.8394212126731873
0.106,0.6857894736842105,0.838720440864563
0.11,0.6857894736842105,0.8385324478149414
0.11,0.6884210526315789,0.8372099995613098
0.112,0.6884210526315789,0.8371816873550415
0.112,0.6889473684210526,0.8369432091712952
0.114,0.6889473684210526,0.8365382552146912
0.114,0.6894736842105263,0.8365230560302734
0.12,0.6894736842105263,0.8361181020736694
0.12,0.6926315789473684,0.8337749242782593
0.122,0.6926315789473684,0.8335896134376526
0.122,0.6931578947368421,0.8335437774658203
0.124,0.6931578947368421,0.8334025144577026
0.124,0.6936842105263158,0.8332383036613464
0.126,0.6936842105263158,0.8329567313194275
0.126,0.7036842105263158,0.827721357345581
0.128,0.7036842105263158,0.8276496529579163
0.128,0.7163157894736842,0.8223338723182678
0.13,0.7163157894736842,0.8219918012619019
0.13,0.7189473684210527,0.8208626508712769
0.132,0.7189473684210527,0.8207167387008667
0.132,0.7305263157894737,0.8034948110580444
0.136,0.7305263157894737,0.8021017909049988
0.136,0.7331578947368421,0.8007504343986511
0.138,0.7331578947368421,0.8006276488304138
0.138,0.7373684210526316,0.7968063950538635
0.14,0.7373684210526316,0.7961843609809875
0.14,0.7378947368421053,0.795595109462738
0.144,0.7378947368421053,0.7954728007316589
0.144,0.7394736842105263,0.7933511137962341
0.148,0.7394736842105263,0.7920143008232117
0.148,0.7410526315789474,0.7914724349975586
0.15,0.7410526315789474,0.7912219762802124
0.15,0.741578947368421,0.7912183403968811
0.152,0.741578947368421,0.7908303141593933
0.152,0.7421052631578947,0.7907146215438843
0.154,0.7421052631578947,0.7905970811843872
0.154,0.7452631578947368,0.7883806228637695
0.158,0.7452631578947368,0.78788822889328
0.158,0.7457894736842106,0.7878287434577942
0.162,0.7457894736842106,0.7876831293106079
0.162,0.7473684210526316,0.7873249650001526
0.164,0.7473684210526316,0.7854028344154358
0.164,0.748421052631579,0.7844588160514832
0.168,0.748421052631579,0.7840788960456848
0.168,0.7489473684210526,0.7839239239692688
0.174,0.7489473684210526,0.7833210825920105
0.174,0.7494736842105263,0.7833185195922852
0.176,0.7494736842105263,0.7824663519859314
0.176,0.7505263157894737,0.7821816802024841
0.182,0.7505263157894737,0.7807691097259521
0.182,0.7510526315789474,0.7798891663551331
0.184,0.7510526315789474,0.7796143293380737
0.184,0.751578947368421,0.7789986729621887
0.186,0.751578947368421,0.7788044810295105
0.186,0.7526315789473684,0.7778692245483398
0.188,0.7526315789473684,0.7771208882331848
0.188,0.7531578947368421,0.7770559787750244
0.198,0.7531578947368421,0.7758153676986694
0.198,0.7542105263157894,0.774972140789032
0.2,0.7542105263157894,0.7746224403381348
0.2,0.7557894736842106,0.77338707447052
0.204,0.7557894736842106,0.772884726524353
0.204,0.7573684210526316,0.7710541486740112
0.206,0.7573684210526316,0.7700730562210083
0.206,0.7605263157894737,0.7691075205802917
0.208,0.7605263157894737,0.7675340175628662
0.208,0.7657894736842106,0.7594863176345825
0.21,0.7657894736842106,0.7590564489364624
0.21,0.7694736842105263,0.7561830878257751
0.212,0.7694736842105263,0.7556968331336975
0.212,0.7910526315789473,0.7384374141693115
0.214,0.7910526315789473,0.7380634546279907
0.214,0.8026315789473685,0.7285486459732056
0.216,0.8026315789473685,0.7263198494911194
0.216,0.8036842105263158,0.7238616347312927
0.218,0.8036842105263158,0.7233821749687195
0.218,0.8152631578947368,0.7074930667877197
0.22,0.8152631578947368,0.7072324156761169
0.22,0.8157894736842105,0.7061464190483093
0.222,0.8157894736842105,0.7048577070236206
0.222,0.8210526315789474,0.6962175369262695
0.224,0.8210526315789474,0.6958203315734863
0.224,0.8331578947368421,0.6867575645446777
0.226,0.8331578947368421,0.6856179237365723
0.226,0.8415789473684211,0.6766567230224609
0.228,0.8415789473684211,0.6762986779212952
0.228,0.8442105263157895,0.6722167134284973
0.23,0.8442105263157895,0.6719145774841309
0.23,0.8478947368421053,0.6697772145271301
0.232,0.8478947368421053,0.6693662405014038
0.232,0.8494736842105263,0.66791832447052
0.234,0.8494736842105263,0.6676628589630127
0.234,0.8578947368421053,0.6624681949615479
0.236,0.8578947368421053,0.6624072194099426
0.236,0.8689473684210526,0.6509009599685669
0.238,0.8689473684210526,0.6508652567863464
0.238,0.8694736842105263,0.649881899356842
0.24,0.8694736842105263,0.6493138670921326
0.24,0.87,0.6487312316894531
0.242,0.87,0.6482654213905334
0.242,0.8726315789473684,0.6431524753570557
0.244,0.8726315789473684,0.6425091028213501
0.244,0.8736842105263158,0.6417773962020874
0.248,0.8736842105263158,0.6392751336097717
0.248,0.8742105263157894,0.638279139995575
0.25,0.8742105263157894,0.6374852061271667
0.25,0.8763157894736842,0.6350062489509583
0.252,0.8763157894736842,0.6348977088928223
0.252,0.8768421052631579,0.6345518231391907
0.256,0.8768421052631579,0.63294917345047
0.256,0.8773684210526316,0.6321973204612732
0.258,0.8773684210526316,0.6321530938148499
0.258,0.8778947368421053,0.6320411562919617
0.26,0.8778947368421053,0.6316197514533997
0.26,0.8805263157894737,0.6301128268241882
0.266,0.8805263157894737,0.6286903023719788
0.266,0.8810526315789474,0.6261893510818481
0.268,0.8810526315789474,0.6258729100227356
0.268,0.881578947368421,0.6256049275398254
0.27,0.881578947368421,0.6254569292068481
0.27,0.8857894736842106,0.6110242605209351
0.276,0.8857894736842106,0.605800211429596
0.276,0.8868421052631579,0.6018127799034119
0.278,0.8868421052631579,0.5996442437171936
0.278,0.8873684210526316,0.5985162258148193
0.28,0.8873684210526316,0.597348153591156
0.28,0.8878947368421053,0.5957134366035461
0.284,0.8878947368421053,0.595504105091095
0.284,0.888421052631579,0.5929137468338013
0.288,0.888421052631579,0.592067539691925
0.288,0.8889473684210526,0.5918044447898865
0.29,0.8889473684210526,0.5916544795036316
0.29,0.8894736842105263,0.5915985703468323
0.292,0.8894736842105263,0.5915518999099731
0.292,0.89,0.5915071368217468
0.298,0.89,0.5904431343078613
0.298,0.8921052631578947,0.5892180800437927
0.306,0.8921052631578947,0.5879004001617432
0.306,0.8926315789473684,0.5875272154808044
0.316,0.8926315789473684,0.5865213871002197
0.316,0.8931578947368422,0.5865212678909302
0.32,0.8931578947368422,0.5862506031990051
0.32,0.8942105263157895,0.5859878659248352
0.34,0.8942105263157895,0.5818741917610168
0.34,0.8947368421052632,0.5818736553192139
0.344,0.8947368421052632,0.5812021493911743
0.344,0.8963157894736842,0.5787057280540466
0.352,0.8963157894736842,0.576573371887207
0.352,0.8973684210526316,0.573916494846344
0.356,0.8973684210526316,0.5731163024902344
0.356,0.8984210526315789,0.5726135969161987
0.358,0.8984210526315789,0.5716424584388733
0.358,0.9005263157894737,0.5693376064300537
0.36,0.9005263157894737,0.5684396624565125
0.36,0.9047368421052632,0.5651978254318237
0.362,0.9047368421052632,0.5650718808174133
0.362,0.9073684210526316,0.5591589212417603
0.372,0.9073684210526316,0.5562412738800049
0.372,0.9084210526315789,0.5541286468505859
0.382,0.9084210526315789,0.5521888136863708
0.382,0.91,0.5502001047134399
0.384,0.91,0.5493468046188354
0.384,0.9105263157894737,0.5474416017532349
0.386,0.9105263157894737,0.5467110872268677
0.386,0.9126315789473685,0.544793426990509
0.388,0.9126315789473685,0.5447708964347839
0.388,0.9131578947368421,0.54449862241745
0.39,0.9131578947368421,0.5444716215133667
0.39,0.9147368421052632,0.5436705946922302
0.392,0.9147368421052632,0.5434755682945251
0.392,0.9194736842105263,0.5366818904876709
0.396,0.9194736842105263,0.5359015464782715
0.396,0.9226315789473685,0.5306640863418579
0.4,0.9226315789473685,0.5281811952590942
0.4,0.9242105263157895,0.5277508497238159
0.402,0.9242105263157895,0.5272139310836792
0.402,0.9263157894736842,0.5257606506347656
0.406,0.9263157894736842,0.5198683738708496
0.406,0.9278947368421052,0.516810417175293
0.408,0.9278947368421052,0.5156652331352234
0.408,0.9284210526315789,0.5155275464057922
0.41,0.9284210526315789,0.5154686570167542
0.41,0.9289473684210526,0.5153506994247437
0.414,0.9289473684210526,0.5149871706962585
0.414,0.9294736842105263,0.5148494243621826
0.418,0.9294736842105263,0.5139663219451904
0.418,0.93,0.5137988328933716
0.422,0.93,0.5132941007614136
0.422,0.9315789473684211,0.5120649933815002
0.424,0.9315789473684211,0.5117941498756409
0.424,0.9321052631578948,0.5115522146224976
0.436,0.9321052631578948,0.5094708204269409
0.436,0.9336842105263158,0.5084891319274902
0.448,0.9336842105263158,0.5062684416770935
0.448,0.9352631578947368,0.5044465661048889
0.456,0.9352631578947368,0.5033671259880066
0.456,0.9363157894736842,0.5023313164710999
0.464,0.9363157894736842,0.49879857897758484
0.464,0.9368421052631579,0.49810630083084106
0.466,0.9368421052631579,0.49542322754859924
0.466,0.9373684210526316,0.4949205219745636
0.47,0.9373684210526316,0.49322158098220825
0.47,0.9378947368421052,0.49172914028167725
0.472,0.9378947368421052,0.4856916666030884
0.472,0.9384210526315789,0.48543450236320496
0.486,0.9384210526315789,0.4793884754180908
0.486,0.9389473684210526,0.4774784445762634
0.498,0.9389473684210526,0.47165608406066895
0.498,0.9394736842105263,0.47060197591781616
0.5,0.9394736842105263,0.4692164361476898
0.5,0.94,0.46629780530929565
0.506,0.94,0.46369224786758423
0.506,0.9405263157894737,0.4557380974292755
0.508,0.9405263157894737,0.4517839550971985
0.508,0.9410526315789474,0.44681963324546814
0.516,0.9410526315789474,0.4434053897857666
0.516,0.9415789473684211,0.4380808472633362
0.522,0.9415789473684211,0.4339115619659424
0.522,0.9421052631578948,0.4326167404651642
0.534,0.9421052631578948,0.42937007546424866
0.534,0.9426315789473684,0.42884254455566406
0.544,0.9426315789473684,0.42508819699287415
0.544,0.9431578947368421,0.4248167872428894
0.548,0.9431578947368421,0.424383282661438
0.548,0.9436842105263158,0.42432525753974915
0.55,0.9436842105263158,0.4242105782032013
0.55,0.9442105263157895,0.42413172125816345
0.558,0.9442105263157895,0.4195743203163147
0.558,0.9447368421052632,0.4156892001628876
0.566,0.9447368421052632,0.40965646505355835
0.566,0.9452631578947368,0.40934401750564575
0.57,0.9452631578947368,0.4091804027557373
0.57,0.9463157894736842,0.4057774245738983
0.572,0.9463157894736842,0.4021179676055908
0.572,0.9473684210526315,0.4003719091415405
0.574,0.9473684210526315,0.39962515234947205
0.574,0.9494736842105264,0.3975851237773895
0.578,0.9494736842105264,0.39733198285102844
0.578,0.9531578947368421,0.39060142636299133
0.582,0.9531578947368421,0.38913053274154663
0.582,0.9536842105263158,0.3878440856933594
0.584,0.9536842105263158,0.38531258702278137
0.584,0.9542105263157895,0.3838038146495819
0.586,0.9542105263157895,0.38132116198539734
0.586,0.9552631578947368,0.379273921251297
0.658,0.9552631578947368,0.31843140721321106
0.658,0.9557894736842105,0.3092261254787445
0.66,0.9557894736842105,0.30227184295654297
0.66,0.9568421052631579,0.2860352098941803
0.662,0.9568421052631579,0.2852717936038971
0.662,0.9573684210526315,0.2819948196411133
0.664,0.9573684210526315,0.2740327715873718
0.664,0.958421052631579,0.271854430437088
0.668,0.958421052631579,0.2637779712677002
0.668,0.9589473684210527,0.2634851038455963
0.67,0.9589473684210527,0.2629849314689636
0.67,0.9594736842105264,0.2618981599807739
0.672,0.9594736842105264,0.26126083731651306
0.672,0.9636842105263158,0.25543686747550964
0.674,0.9636842105263158,0.25501519441604614
0.674,0.9647368421052631,0.253261536359787
0.68,0.9647368421052631,0.2522485554218292
0.68,0.9652631578947368,0.2521093189716339
0.688,0.9652631578947368,0.24911019206047058
0.688,0.9657894736842105,0.24905195832252502
0.718,0.9657894736842105,0.20039860904216766
0.718,0.9663157894736842,0.20016856491565704
0.762,0.9663157894736842,0.18979868292808533
0.762,0.966842105263158,0.18960972130298615
0.772,0.966842105263158,0.186624214053154
0.772,0.9678947368421053,0.1789454221725464
0.774,0.9678947368421053,0.17835810780525208
0.774,0.9689473684210527,0.1723361611366272
0.776,0.9689473684210527,0.1722688376903534
0.776,0.9710526315789474,0.1694878488779068
0.778,0.9710526315789474,0.16946624219417572
0.778,0.9757894736842105,0.1635376662015915
0.78,0.9757894736842105,0.16284805536270142
0.78,0.9763157894736842,0.16208769381046295
0.784,0.9763157894736842,0.15704378485679626
0.784,0.9768421052631578,0.15697039663791656
0.806,0.9768421052631578,0.1497211754322052
0.806,0.9773684210526316,0.14956159889698029
0.808,0.9773684210526316,0.1494208723306656
0.808,0.9789473684210527,0.14779753983020782
0.81,0.9789473684210527,0.14767591655254364
0.81,0.98,0.14753562211990356
0.812,0.98,0.14715228974819183
0.812,0.9836842105263158,0.14414767920970917
0.814,0.9836842105263158,0.14327217638492584
0.814,0.9852631578947368,0.14247553050518036
0.816,0.9852631578947368,0.14170627295970917
0.816,0.9878947368421053,0.1387251615524292
0.818,0.9878947368421053,0.13868632912635803
0.818,0.9926315789473684,0.13434959948062897
0.826,0.9926315789473684,0.12961363792419434
0.826,0.9931578947368421,0.12913088500499725
0.83,0.9931578947368421,0.1257341057062149
0.83,0.9936842105263158,0.12512944638729095
0.848,0.9936842105263158,0.1204058900475502
0.848,0.9942105263157894,0.12019816786050797
0.862,0.9942105263157894,0.11737539619207382
0.862,0.9947368421052631,0.11679767817258835
0.884,0.9947368421052631,0.10892854630947113
0.884,0.9952631578947368,0.1087881401181221
0.892,0.9952631578947368,0.10689498484134674
0.892,0.9957894736842106,0.1067824512720108
0.896,0.9957894736842106,0.10515096038579941
0.896,0.9968421052631579,0.10244323313236237
0.9,0.9968421052631579,0.10040108859539032
0.9,0.9994736842105263,0.09451653063297272
0.902,0.9994736842105263,0.0938931331038475
0.902,1.0,0.091117262840271
1.0,1.0,0.03509095683693886
