FPR,TPR,Threshold
0.0,0.0,1.957026720046997
0.0,0.0009615384615384616,0.9570267200469971
0.0,0.0375,0.9341985583305359
0.0007352941176470588,0.0375,0.9335134625434875
0.0007352941176470588,0.04807692307692308,0.9272099137306213
0.004411764705882353,0.04807692307692308,0.92462557554245
0.004411764705882353,0.04903846153846154,0.9245989322662354
0.0058823529411764705,0.04903846153846154,0.9235597252845764
0.0058823529411764705,0.051923076923076926,0.9229159355163574
0.006617647058823529,0.051923076923076926,0.9223991632461548
0.006617647058823529,0.05576923076923077,0.9217644929885864
0.007352941176470588,0.05576923076923077,0.9215893745422363
0.007352941176470588,0.06826923076923076,0.9189698100090027
0.009558823529411765,0.06826923076923076,0.9184696078300476
0.009558823529411765,0.075,0.9162286520004272
0.010294117647058823,0.075,0.915755033493042
0.010294117647058823,0.09423076923076923,0.9111537337303162
0.011029411764705883,0.09423076923076923,0.9110029339790344
0.011029411764705883,0.11442307692307692,0.9036391973495483
0.011764705882352941,0.11442307692307692,0.9034827947616577
0.011764705882352941,0.11730769230769231,0.9027542471885681
0.0125,0.11730769230769231,0.9025495052337646
0.0125,0.14134615384615384,0.8927939534187317
0.013235294117647059,0.14134615384615384,0.8927276134490967
0.013235294117647059,0.14423076923076922,0.8924434781074524
0.013970588235294118,0.14423076923076922,0.8924075961112976
0.013970588235294118,0.20673076923076922,0.868591845035553
0.014705882352941176,0.20673076923076922,0.8676169514656067
0.014705882352941176,0.2298076923076923,0.8562337160110474
0.015441176470588236,0.2298076923076923,0.856065034866333
0.015441176470588236,0.23076923076923078,0.8559266328811646
0.016176470588235296,0.23076923076923078,0.8556294441223145
0.016176470588235296,0.24423076923076922,0.8495017290115356
0.016911764705882352,0.24423076923076922,0.8494258522987366
0.016911764705882352,0.24711538461538463,0.8484644293785095
0.01838235294117647,0.24711538461538463,0.8477860689163208
0.01838235294117647,0.24807692307692308,0.8476756811141968
0.01911764705882353,0.24807692307692308,0.8472453355789185
0.01911764705882353,0.2519230769230769,0.8466705679893494
0.019852941176470587,0.2519230769230769,0.8464329242706299
0.019852941176470587,0.2528846153846154,0.8463037014007568
0.020588235294117647,0.2528846153846154,0.846228301525116
0.020588235294117647,0.25384615384615383,0.8460769057273865
0.022058823529411766,0.25384615384615383,0.8456999063491821
0.022058823529411766,0.2586538461538462,0.8448126912117004
0.025,0.2586538461538462,0.8435490131378174
0.025,0.25961538461538464,0.8433620929718018
0.026470588235294117,0.25961538461538464,0.8429210186004639
0.026470588235294117,0.26153846153846155,0.8425811529159546
0.027941176470588237,0.26153846153846155,0.8420731425285339
0.027941176470588237,0.2653846153846154,0.8411048650741577
0.028676470588235293,0.2653846153846154,0.8409838080406189
0.028676470588235293,0.2692307692307692,0.8396831154823303
0.029411764705882353,0.2692307692307692,0.8396005630493164
0.029411764705882353,0.2778846153846154,0.8357042670249939
0.030882352941176472,0.2778846153846154,0.8348731994628906
0.030882352941176472,0.28076923076923077,0.8341984748840332
0.03235294117647059,0.28076923076923077,0.8338024616241455
0.03235294117647059,0.2826923076923077,0.8329232931137085
0.03308823529411765,0.2826923076923077,0.8328828811645508
0.03308823529411765,0.28365384615384615,0.8324512839317322
0.033823529411764704,0.28365384615384615,0.8322611451148987
0.033823529411764704,0.3144230769230769,0.8251737356185913
0.03455882352941177,0.3144230769230769,0.8250153064727783
0.03455882352941177,0.325,0.8229204416275024
0.03529411764705882,0.325,0.822808563709259
0.03529411764705882,0.33557692307692305,0.8194572925567627
0.03602941176470588,0.33557692307692305,0.8183648586273193
0.03602941176470588,0.34326923076923077,0.8170537352561951
0.03676470588235294,0.34326923076923077,0.816872775554657
0.03676470588235294,0.3528846153846154,0.8129883408546448
0.0375,0.3528846153846154,0.8127999305725098
0.0375,0.37403846153846154,0.8070990443229675
0.041176470588235294,0.37403846153846154,0.8043363094329834
0.041176470588235294,0.375,0.8041236400604248
0.04191176470588235,0.375,0.8030989170074463
0.04191176470588235,0.37596153846153846,0.8025798201560974
0.04264705882352941,0.37596153846153846,0.8024905920028687
0.04264705882352941,0.3778846153846154,0.802187442779541
0.04338235294117647,0.3778846153846154,0.801406741142273
0.04338235294117647,0.3836538461538462,0.8006606698036194
0.04411764705882353,0.3836538461538462,0.800626814365387
0.04411764705882353,0.3855769230769231,0.8005210757255554
0.04485294117647059,0.3855769230769231,0.8003236055374146
0.04485294117647059,0.3894230769230769,0.7996219396591187
0.045588235294117645,0.3894230769230769,0.7994605898857117
0.045588235294117645,0.3903846153846154,0.7992715239524841
0.047058823529411764,0.3903846153846154,0.7990889549255371
0.047058823529411764,0.39134615384615384,0.7989591360092163
0.04779411764705882,0.39134615384615384,0.7987127900123596
0.04779411764705882,0.3923076923076923,0.798642635345459
0.04852941176470588,0.3923076923076923,0.7986305952072144
0.04852941176470588,0.39326923076923076,0.7983231544494629
0.04926470588235294,0.39326923076923076,0.7982098460197449
0.04926470588235294,0.39615384615384613,0.7980486154556274
0.05,0.39615384615384613,0.7979085445404053
0.05,0.39807692307692305,0.7976571321487427
0.05073529411764706,0.39807692307692305,0.7974181175231934
0.05073529411764706,0.4,0.7971822023391724
0.05220588235294118,0.4,0.79703688621521
0.05220588235294118,0.40192307692307694,0.7967970371246338
0.05367647058823529,0.40192307692307694,0.7961677312850952
0.05367647058823529,0.4028846153846154,0.796065092086792
0.054411764705882354,0.4028846153846154,0.7956944108009338
0.054411764705882354,0.40673076923076923,0.7950760722160339
0.05661764705882353,0.40673076923076923,0.7948977947235107
0.05661764705882353,0.40865384615384615,0.7940233945846558
0.057352941176470586,0.40865384615384615,0.7938560247421265
0.057352941176470586,0.4096153846153846,0.7937377095222473
0.05808823529411765,0.4096153846153846,0.793520987033844
0.05808823529411765,0.4125,0.7929795980453491
0.058823529411764705,0.4125,0.792585551738739
0.058823529411764705,0.4153846153846154,0.7923544645309448
0.06102941176470588,0.4153846153846154,0.7917231917381287
0.06102941176470588,0.41634615384615387,0.7907165288925171
0.061764705882352944,0.41634615384615387,0.7904942035675049
0.061764705882352944,0.4173076923076923,0.7904202342033386
0.06397058823529411,0.4173076923076923,0.7884473204612732
0.06397058823529411,0.41923076923076924,0.7867535948753357
0.06470588235294118,0.41923076923076924,0.7867196798324585
0.06470588235294118,0.4201923076923077,0.7866707444190979
0.06544117647058824,0.4201923076923077,0.7864535450935364
0.06544117647058824,0.42403846153846153,0.7852362394332886
0.06691176470588235,0.42403846153846153,0.7847992777824402
0.06691176470588235,0.42788461538461536,0.7831183671951294
0.06838235294117648,0.42788461538461536,0.7823375463485718
0.06838235294117648,0.4288461538461538,0.7820636034011841
0.06985294117647059,0.4288461538461538,0.7819772958755493
0.06985294117647059,0.43173076923076925,0.7809923887252808
0.07279411764705883,0.43173076923076925,0.7790366411209106
0.07279411764705883,0.4326923076923077,0.7786672115325928
0.07573529411764705,0.4326923076923077,0.7768030762672424
0.07573529411764705,0.43365384615384617,0.7754991054534912
0.07867647058823529,0.43365384615384617,0.774218738079071
0.07867647058823529,0.4403846153846154,0.772793173789978
0.08014705882352942,0.4403846153846154,0.7723537683486938
0.08014705882352942,0.44134615384615383,0.7717511057853699
0.08161764705882353,0.44134615384615383,0.7705696821212769
0.08161764705882353,0.44711538461538464,0.7671436071395874
0.08308823529411764,0.44711538461538464,0.766585648059845
0.08308823529411764,0.44903846153846155,0.7653087377548218
0.0838235294117647,0.44903846153846155,0.7651956081390381
0.0838235294117647,0.45,0.7650908827781677
0.08455882352941177,0.45,0.7649602293968201
0.08455882352941177,0.45096153846153847,0.7648754119873047
0.08529411764705883,0.45096153846153847,0.7648078799247742
0.08529411764705883,0.4528846153846154,0.7643190622329712
0.08602941176470588,0.4528846153846154,0.7641182541847229
0.08602941176470588,0.4625,0.7574737668037415
0.08676470588235294,0.4625,0.7574467062950134
0.08676470588235294,0.4740384615384615,0.7537974715232849
0.0875,0.4740384615384615,0.7537495493888855
0.0875,0.475,0.7537319660186768
0.08823529411764706,0.475,0.7536869049072266
0.08823529411764706,0.47596153846153844,0.7535170316696167
0.09117647058823529,0.47596153846153844,0.7529105544090271
0.09117647058823529,0.47884615384615387,0.75156569480896
0.09338235294117647,0.47884615384615387,0.7506784200668335
0.09338235294117647,0.4807692307692308,0.7500750422477722
0.09632352941176471,0.4807692307692308,0.749546229839325
0.09632352941176471,0.4826923076923077,0.7493409514427185
0.09705882352941177,0.4826923076923077,0.7492849826812744
0.09705882352941177,0.4846153846153846,0.7488875985145569
0.09852941176470588,0.4846153846153846,0.7487282156944275
0.09852941176470588,0.4875,0.7473680377006531
0.1,0.4875,0.7472196221351624
0.1,0.4894230769230769,0.7469467520713806
0.10147058823529412,0.4894230769230769,0.7461860179901123
0.10147058823529412,0.4932692307692308,0.7444560527801514
0.10220588235294117,0.4932692307692308,0.7443703413009644
0.10220588235294117,0.49423076923076925,0.7441953420639038
0.10294117647058823,0.49423076923076925,0.7439025640487671
0.10294117647058823,0.4951923076923077,0.7436915040016174
0.1036764705882353,0.4951923076923077,0.7436089515686035
0.1036764705882353,0.4980769230769231,0.7424817085266113
0.10514705882352941,0.4980769230769231,0.7421810626983643
0.10514705882352941,0.5,0.7420603632926941
0.10588235294117647,0.5,0.7418538331985474
0.10588235294117647,0.5009615384615385,0.7416470646858215
0.10661764705882353,0.5009615384615385,0.7411255240440369
0.10661764705882353,0.5019230769230769,0.7403161525726318
0.10882352941176471,0.5019230769230769,0.7375460267066956
0.10882352941176471,0.5038461538461538,0.7369803786277771
0.11176470588235295,0.5038461538461538,0.7361056208610535
0.11176470588235295,0.5057692307692307,0.7355461716651917
0.1125,0.5057692307692307,0.735312819480896
0.1125,0.5076923076923077,0.7346099615097046
0.11323529411764706,0.5076923076923077,0.7345492243766785
0.11323529411764706,0.5086538461538461,0.7337952852249146
0.11470588235294117,0.5086538461538461,0.7335298657417297
0.11470588235294117,0.5115384615384615,0.7331293225288391
0.11544117647058824,0.5115384615384615,0.7330888509750366
0.11544117647058824,0.5211538461538462,0.7282482981681824
0.1161764705882353,0.5211538461538462,0.7280948758125305
0.1161764705882353,0.5230769230769231,0.7280167937278748
0.11764705882352941,0.5230769230769231,0.7270217537879944
0.11764705882352941,0.5240384615384616,0.7269506454467773
0.11838235294117647,0.5240384615384616,0.7263558506965637
0.11838235294117647,0.525,0.7258623838424683
0.11911764705882352,0.525,0.7258512377738953
0.11911764705882352,0.5278846153846154,0.7251184582710266
0.11985294117647059,0.5278846153846154,0.7251154780387878
0.11985294117647059,0.5288461538461539,0.7236133217811584
0.1213235294117647,0.5288461538461539,0.7209411263465881
0.1213235294117647,0.5298076923076923,0.7207735776901245
0.12426470588235294,0.5298076923076923,0.7187188863754272
0.12426470588235294,0.5317307692307692,0.7183077931404114
0.12573529411764706,0.5317307692307692,0.7179630398750305
0.12573529411764706,0.5346153846153846,0.717393159866333
0.12720588235294117,0.5346153846153846,0.7169691920280457
0.12720588235294117,0.5365384615384615,0.715965986251831
0.12794117647058822,0.5365384615384615,0.715698778629303
0.12794117647058822,0.5413461538461538,0.7149578928947449
0.13014705882352942,0.5413461538461538,0.714465320110321
0.13014705882352942,0.5451923076923076,0.7139339447021484
0.13088235294117648,0.5451923076923076,0.7138437032699585
0.13088235294117648,0.5490384615384616,0.7131320238113403
0.13161764705882353,0.5490384615384616,0.7125092148780823
0.13161764705882353,0.55,0.7120437026023865
0.1323529411764706,0.55,0.7119322419166565
0.1323529411764706,0.5509615384615385,0.7118712663650513
0.13308823529411765,0.5509615384615385,0.7117593884468079
0.13308823529411765,0.5528846153846154,0.7113651037216187
0.1338235294117647,0.5528846153846154,0.7111376523971558
0.1338235294117647,0.5538461538461539,0.7108339667320251
0.13602941176470587,0.5538461538461539,0.7096760869026184
0.13602941176470587,0.5548076923076923,0.7093495726585388
0.13676470588235295,0.5548076923076923,0.7089318633079529
0.13676470588235295,0.5586538461538462,0.7073987126350403
0.1375,0.5586538461538462,0.7064194679260254
0.1375,0.5615384615384615,0.7053325772285461
0.14411764705882352,0.5615384615384615,0.7038979530334473
0.14411764705882352,0.5625,0.7037301063537598
0.1463235294117647,0.5625,0.7034412622451782
0.1463235294117647,0.5663461538461538,0.703050971031189
0.14779411764705883,0.5663461538461538,0.702693521976471
0.14779411764705883,0.5692307692307692,0.7021164894104004
0.14926470588235294,0.5692307692307692,0.7015928626060486
0.14926470588235294,0.5701923076923077,0.701589822769165
0.15073529411764705,0.5701923076923077,0.7015277743339539
0.15073529411764705,0.5711538461538461,0.7013424038887024
0.1514705882352941,0.5711538461538461,0.7013089656829834
0.1514705882352941,0.573076923076923,0.7010124325752258
0.15294117647058825,0.573076923076923,0.7006980180740356
0.15294117647058825,0.5740384615384615,0.7001909017562866
0.15441176470588236,0.5740384615384615,0.6993412375450134
0.15441176470588236,0.575,0.6992835402488708
0.15588235294117647,0.575,0.6988145709037781
0.15588235294117647,0.5759615384615384,0.6984529495239258
0.15661764705882353,0.5759615384615384,0.6980572938919067
0.15661764705882353,0.5807692307692308,0.6972346305847168
0.15735294117647058,0.5807692307692308,0.6965841054916382
0.15735294117647058,0.5817307692307693,0.6965241432189941
0.15808823529411764,0.5817307692307693,0.6962010860443115
0.15808823529411764,0.5826923076923077,0.6960709095001221
0.15955882352941175,0.5826923076923077,0.6958121061325073
0.15955882352941175,0.5846153846153846,0.6955605745315552
0.16029411764705884,0.5846153846153846,0.695510745048523
0.16029411764705884,0.5865384615384616,0.6949557065963745
0.1625,0.5865384615384616,0.694568932056427
0.1625,0.5875,0.6942961812019348
0.16323529411764706,0.5875,0.6940399408340454
0.16323529411764706,0.5884615384615385,0.6934666037559509
0.16397058823529412,0.5884615384615385,0.693334698677063
0.16397058823529412,0.5894230769230769,0.6924296617507935
0.16470588235294117,0.5894230769230769,0.6915410757064819
0.16470588235294117,0.5903846153846154,0.6914551258087158
0.1661764705882353,0.5903846153846154,0.6906145215034485
0.1661764705882353,0.5913461538461539,0.6904064416885376
0.16691176470588234,0.5913461538461539,0.6898020505905151
0.16691176470588234,0.5923076923076923,0.6892418265342712
0.1698529411764706,0.5923076923076923,0.6879859566688538
0.1698529411764706,0.5942307692307692,0.687912106513977
0.17205882352941176,0.5942307692307692,0.6874822378158569
0.17205882352941176,0.5951923076923077,0.6874725222587585
0.17426470588235293,0.5951923076923077,0.6863974928855896
0.17426470588235293,0.5971153846153846,0.6862355470657349
0.175,0.5971153846153846,0.6859849691390991
0.175,0.5980769230769231,0.6854965686798096
0.17647058823529413,0.5980769230769231,0.6850785613059998
0.17647058823529413,0.5990384615384615,0.6849268674850464
0.17794117647058824,0.5990384615384615,0.6841996312141418
0.17794117647058824,0.6,0.6838377714157104
0.1801470588235294,0.6,0.6835587024688721
0.1801470588235294,0.6019230769230769,0.6829003691673279
0.18088235294117647,0.6019230769230769,0.682853102684021
0.18088235294117647,0.6048076923076923,0.6811854839324951
0.18308823529411763,0.6048076923076923,0.6800395846366882
0.18308823529411763,0.6067307692307692,0.6793776154518127
0.18529411764705883,0.6067307692307692,0.6777787804603577
0.18529411764705883,0.6076923076923076,0.6775016188621521
0.1860294117647059,0.6076923076923076,0.6774330139160156
0.1860294117647059,0.6096153846153847,0.6765775680541992
0.1889705882352941,0.6096153846153847,0.6754505634307861
0.1889705882352941,0.6134615384615385,0.6743132472038269
0.19191176470588237,0.6134615384615385,0.672828197479248
0.19191176470588237,0.6192307692307693,0.6700946092605591
0.19264705882352942,0.6192307692307693,0.6699603796005249
0.19264705882352942,0.6201923076923077,0.6689066886901855
0.1948529411764706,0.6201923076923077,0.6679115295410156
0.1948529411764706,0.6211538461538462,0.6674662828445435
0.19558823529411765,0.6211538461538462,0.6673333048820496
0.19558823529411765,0.6240384615384615,0.6644012928009033
0.1963235294117647,0.6240384615384615,0.6631967425346375
0.1963235294117647,0.625,0.6630613803863525
0.19705882352941176,0.625,0.6630039215087891
0.19705882352941176,0.6288461538461538,0.6603855490684509
0.19852941176470587,0.6288461538461538,0.6601390242576599
0.19852941176470587,0.6298076923076923,0.6601094007492065
0.19926470588235295,0.6298076923076923,0.6599199771881104
0.19926470588235295,0.6326923076923077,0.6591463088989258
0.20073529411764707,0.6326923076923077,0.6587138772010803
0.20073529411764707,0.6346153846153846,0.6585802435874939
0.20147058823529412,0.6346153846153846,0.6584439873695374
0.20147058823529412,0.635576923076923,0.6580868363380432
0.20220588235294118,0.635576923076923,0.6580842733383179
0.20220588235294118,0.6394230769230769,0.6572141647338867
0.20294117647058824,0.6394230769230769,0.6571184992790222
0.20294117647058824,0.6403846153846153,0.6566691398620605
0.20441176470588235,0.6403846153846153,0.6560348868370056
0.20441176470588235,0.6461538461538462,0.6547825932502747
0.2051470588235294,0.6461538461538462,0.6543059945106506
0.2051470588235294,0.6471153846153846,0.653446614742279
0.20588235294117646,0.6471153846153846,0.6533334255218506
0.20588235294117646,0.6480769230769231,0.6531400680541992
0.20661764705882352,0.6480769230769231,0.6529222130775452
0.20661764705882352,0.65,0.6527001857757568
0.20808823529411766,0.65,0.6519315838813782
0.20808823529411766,0.6509615384615385,0.6517093181610107
0.20955882352941177,0.6509615384615385,0.6513538956642151
0.20955882352941177,0.6519230769230769,0.6512109041213989
0.21029411764705883,0.6519230769230769,0.6508463621139526
0.21029411764705883,0.6548076923076923,0.6498153805732727
0.21102941176470588,0.6548076923076923,0.6497474908828735
0.21102941176470588,0.6567307692307692,0.6486283540725708
0.21176470588235294,0.6567307692307692,0.6483020782470703
0.21176470588235294,0.6634615384615384,0.6460938453674316
0.21323529411764705,0.6634615384615384,0.645486056804657
0.21323529411764705,0.6653846153846154,0.6451423764228821
0.2139705882352941,0.6653846153846154,0.6449714303016663
0.2139705882352941,0.6673076923076923,0.6438747644424438
0.21764705882352942,0.6673076923076923,0.6430454850196838
0.21764705882352942,0.6682692307692307,0.642341673374176
0.21985294117647058,0.6682692307692307,0.6413370966911316
0.21985294117647058,0.6740384615384616,0.6398066282272339
0.22205882352941175,0.6740384615384616,0.6385638117790222
0.22205882352941175,0.675,0.6385529041290283
0.22279411764705884,0.675,0.637854814529419
0.22279411764705884,0.6778846153846154,0.6363109350204468
0.22426470588235295,0.6778846153846154,0.6357371807098389
0.22426470588235295,0.6817307692307693,0.6333351731300354
0.225,0.6817307692307693,0.6329915523529053
0.225,0.6826923076923077,0.63277667760849
0.22647058823529412,0.6826923076923077,0.6324264407157898
0.22647058823529412,0.6855769230769231,0.6319243311882019
0.22720588235294117,0.6855769230769231,0.6318800449371338
0.22720588235294117,0.6865384615384615,0.6318567395210266
0.22794117647058823,0.6865384615384615,0.6316391825675964
0.22794117647058823,0.6894230769230769,0.630109965801239
0.2301470588235294,0.6894230769230769,0.6288790106773376
0.2301470588235294,0.6903846153846154,0.6287596225738525
0.23161764705882354,0.6903846153846154,0.62790846824646
0.23161764705882354,0.6932692307692307,0.6263285875320435
0.2323529411764706,0.6932692307692307,0.6263109445571899
0.2323529411764706,0.6942307692307692,0.6256698966026306
0.23308823529411765,0.6942307692307692,0.6249695420265198
0.23308823529411765,0.7019230769230769,0.6206358075141907
0.2338235294117647,0.7019230769230769,0.6197782754898071
0.2338235294117647,0.7038461538461539,0.6193180680274963
0.23529411764705882,0.7038461538461539,0.6180574297904968
0.23529411764705882,0.7057692307692308,0.6176077127456665
0.23602941176470588,0.7057692307692308,0.6170755624771118
0.23602941176470588,0.7134615384615385,0.6150282621383667
0.23676470588235293,0.7134615384615385,0.6148953437805176
0.23676470588235293,0.7153846153846154,0.6145054697990417
0.2375,0.7153846153846154,0.6134830117225647
0.2375,0.7230769230769231,0.6120607256889343
0.23970588235294119,0.7230769230769231,0.61122065782547
0.23970588235294119,0.725,0.6106771230697632
0.24044117647058824,0.725,0.6102431416511536
0.24044117647058824,0.7259615384615384,0.6097530722618103
0.2411764705882353,0.7259615384615384,0.6096795797348022
0.2411764705882353,0.7288461538461538,0.6089469790458679
0.2426470588235294,0.7288461538461538,0.6085894107818604
0.2426470588235294,0.7298076923076923,0.6081321239471436
0.24411764705882352,0.7298076923076923,0.6073230504989624
0.24411764705882352,0.7307692307692307,0.6071615219116211
0.24558823529411763,0.7307692307692307,0.6061217188835144
0.24558823529411763,0.7336538461538461,0.6043087840080261
0.24632352941176472,0.7336538461538461,0.6037599444389343
0.24632352941176472,0.7346153846153847,0.6036866307258606
0.24779411764705883,0.7346153846153847,0.6032320261001587
0.24779411764705883,0.7384615384615385,0.601473331451416
0.2485294117647059,0.7384615384615385,0.6013770699501038
0.2485294117647059,0.7471153846153846,0.5988873243331909
0.24926470588235294,0.7471153846153846,0.5986790657043457
0.24926470588235294,0.75,0.5975347757339478
0.25,0.75,0.5974713563919067
0.25,0.7519230769230769,0.5965404510498047
0.2514705882352941,0.7519230769230769,0.5959410667419434
0.2514705882352941,0.7528846153846154,0.5952311754226685
0.25220588235294117,0.7528846153846154,0.5941599011421204
0.25220588235294117,0.7538461538461538,0.5935104489326477
0.2536764705882353,0.7538461538461538,0.5929116010665894
0.2536764705882353,0.7557692307692307,0.592832088470459
0.2551470588235294,0.7557692307692307,0.5921245217323303
0.2551470588235294,0.7576923076923077,0.5917755961418152
0.25735294117647056,0.7576923076923077,0.5908041596412659
0.25735294117647056,0.7596153846153846,0.5896646976470947
0.2580882352941177,0.7596153846153846,0.5895461440086365
0.2580882352941177,0.760576923076923,0.589148759841919
0.2595588235294118,0.760576923076923,0.587899386882782
0.2595588235294118,0.7692307692307693,0.5854108333587646
0.2610294117647059,0.7692307692307693,0.58497154712677
0.2610294117647059,0.7711538461538462,0.5841411352157593
0.26691176470588235,0.7711538461538462,0.574806272983551
0.26691176470588235,0.7721153846153846,0.5747525691986084
0.2691176470588235,0.7721153846153846,0.5736120343208313
0.2691176470588235,0.7759615384615385,0.5732241868972778
0.27058823529411763,0.7759615384615385,0.5729941129684448
0.27058823529411763,0.7769230769230769,0.5729724168777466
0.27426470588235297,0.7769230769230769,0.5710179209709167
0.27426470588235297,0.7778846153846154,0.5707653164863586
0.27647058823529413,0.7778846153846154,0.5693838000297546
0.27647058823529413,0.7788461538461539,0.5691381096839905
0.2786764705882353,0.7788461538461539,0.5687454342842102
0.2786764705882353,0.7798076923076923,0.5682960748672485
0.2823529411764706,0.7798076923076923,0.5655874013900757
0.2823529411764706,0.7807692307692308,0.5654049515724182
0.2838235294117647,0.7807692307692308,0.5637011528015137
0.2838235294117647,0.7846153846153846,0.5613830089569092
0.28455882352941175,0.7846153846153846,0.5612766146659851
0.28455882352941175,0.7855769230769231,0.5605303645133972
0.28602941176470587,0.7855769230769231,0.555795431137085
0.28602941176470587,0.7865384615384615,0.5552909970283508
0.2867647058823529,0.7865384615384615,0.5543153882026672
0.2867647058823529,0.7875,0.5542572736740112
0.2875,0.7875,0.5541743636131287
0.2875,0.7884615384615384,0.5536438822746277
0.2889705882352941,0.7884615384615384,0.5535427927970886
0.2889705882352941,0.7894230769230769,0.5527272820472717
0.2963235294117647,0.7894230769230769,0.5500181913375854
0.2963235294117647,0.7903846153846154,0.5499342679977417
0.29705882352941176,0.7903846153846154,0.5494043231010437
0.29705882352941176,0.7913461538461538,0.5490473508834839
0.2977941176470588,0.7913461538461538,0.5488467216491699
0.2977941176470588,0.7923076923076923,0.5485079884529114
0.30073529411764705,0.7923076923076923,0.5472862720489502
0.30073529411764705,0.7932692307692307,0.5470446348190308
0.3014705882352941,0.7932692307692307,0.5462499260902405
0.3014705882352941,0.7980769230769231,0.5458760857582092
0.30220588235294116,0.7980769230769231,0.5457621812820435
0.30220588235294116,0.7990384615384616,0.5456600785255432
0.3029411764705882,0.7990384615384616,0.54527348279953
0.3029411764705882,0.8,0.5448355078697205
0.30367647058823527,0.8,0.5448006987571716
0.30367647058823527,0.8048076923076923,0.5437226891517639
0.3044117647058823,0.8048076923076923,0.5435599684715271
0.3044117647058823,0.8057692307692308,0.5432053208351135
0.3058823529411765,0.8057692307692308,0.5430111289024353
0.3058823529411765,0.8076923076923077,0.542553722858429
0.30661764705882355,0.8076923076923077,0.541814923286438
0.30661764705882355,0.8105769230769231,0.5408719778060913
0.3073529411764706,0.8105769230769231,0.5408599376678467
0.3073529411764706,0.8115384615384615,0.5406968593597412
0.30808823529411766,0.8115384615384615,0.5396567583084106
0.30808823529411766,0.8163461538461538,0.5376521348953247
0.3095588235294118,0.8163461538461538,0.5366420745849609
0.3095588235294118,0.8173076923076923,0.5366389751434326
0.31176470588235294,0.8173076923076923,0.5355116128921509
0.31176470588235294,0.8182692307692307,0.5345144271850586
0.3125,0.8182692307692307,0.533379852771759
0.3125,0.8201923076923077,0.5330514311790466
0.31470588235294117,0.8201923076923077,0.5325191020965576
0.31470588235294117,0.8211538461538461,0.5316969156265259
0.3161764705882353,0.8211538461538461,0.530864417552948
0.3161764705882353,0.8221153846153846,0.5306310057640076
0.31691176470588234,0.8221153846153846,0.5303885340690613
0.31691176470588234,0.8240384615384615,0.5299468636512756
0.3176470588235294,0.8240384615384615,0.5282106399536133
0.3176470588235294,0.8259615384615384,0.5279099941253662
0.31838235294117645,0.8259615384615384,0.527266263961792
0.31838235294117645,0.8278846153846153,0.5266665816307068
0.32426470588235295,0.8278846153846153,0.5231926441192627
0.32426470588235295,0.8288461538461539,0.5228170156478882
0.325,0.8288461538461539,0.5226081609725952
0.325,0.8317307692307693,0.5223473906517029
0.32941176470588235,0.8317307692307693,0.5202816128730774
0.32941176470588235,0.8326923076923077,0.51962810754776
0.3301470588235294,0.8326923076923077,0.5195325613021851
0.3301470588235294,0.8336538461538462,0.5185017585754395
0.33088235294117646,0.8336538461538462,0.5184135437011719
0.33088235294117646,0.8346153846153846,0.5183262825012207
0.3338235294117647,0.8346153846153846,0.5166121125221252
0.3338235294117647,0.8355769230769231,0.5164887309074402
0.3360294117647059,0.8355769230769231,0.5161112546920776
0.3360294117647059,0.8365384615384616,0.5155941843986511
0.3382352941176471,0.8365384615384616,0.5151351690292358
0.3382352941176471,0.8394230769230769,0.5141820907592773
0.34191176470588236,0.8394230769230769,0.5136668682098389
0.34191176470588236,0.8423076923076923,0.5132032632827759
0.34411764705882353,0.8423076923076923,0.5123541951179504
0.34411764705882353,0.8432692307692308,0.5122362375259399
0.3448529411764706,0.8432692307692308,0.5121640563011169
0.3448529411764706,0.8451923076923077,0.5121038556098938
0.3463235294117647,0.8451923076923077,0.511744499206543
0.3463235294117647,0.8461538461538461,0.5115146040916443
0.3492647058823529,0.8461538461538461,0.510138213634491
0.3492647058823529,0.8480769230769231,0.5097612142562866
0.3522058823529412,0.8480769230769231,0.5092777013778687
0.3522058823529412,0.85,0.5091407895088196
0.3536764705882353,0.85,0.5089840292930603
0.3536764705882353,0.8509615384615384,0.508330762386322
0.3551470588235294,0.8509615384615384,0.5080625414848328
0.3551470588235294,0.8528846153846154,0.5076401829719543
0.3573529411764706,0.8528846153846154,0.506902277469635
0.3573529411764706,0.8548076923076923,0.5065100789070129
0.3610294117647059,0.8548076923076923,0.5052245259284973
0.3610294117647059,0.8567307692307692,0.5050294995307922
0.36617647058823527,0.8567307692307692,0.5038809776306152
0.36617647058823527,0.8576923076923076,0.5032153129577637
0.36911764705882355,0.8576923076923076,0.5027792453765869
0.36911764705882355,0.8586538461538461,0.5026930570602417
0.3698529411764706,0.8586538461538461,0.5024309158325195
0.3698529411764706,0.8596153846153847,0.5024228692054749
0.3713235294117647,0.8596153846153847,0.5016137361526489
0.3713235294117647,0.8605769230769231,0.5014604330062866
0.3720588235294118,0.8605769230769231,0.501335859298706
0.3720588235294118,0.8625,0.5012529492378235
0.3735294117647059,0.8625,0.5008824467658997
0.3735294117647059,0.8663461538461539,0.5002199411392212
0.38529411764705884,0.8663461538461539,0.4963538944721222
0.38529411764705884,0.8682692307692308,0.49583208560943604
0.38676470588235295,0.8682692307692308,0.49562689661979675
0.38676470588235295,0.8692307692307693,0.49549052119255066
0.3875,0.8692307692307693,0.4954598546028137
0.3875,0.8701923076923077,0.4951355457305908
0.3948529411764706,0.8701923076923077,0.4937558174133301
0.3948529411764706,0.8721153846153846,0.4931369125843048
0.3963235294117647,0.8721153846153846,0.49276506900787354
0.3963235294117647,0.8730769230769231,0.49271777272224426
0.40441176470588236,0.8730769230769231,0.48924747109413147
0.40441176470588236,0.8740384615384615,0.4879920780658722
0.4088235294117647,0.8740384615384615,0.486264705657959
0.4088235294117647,0.875,0.485981822013855
0.4102941176470588,0.875,0.4852975606918335
0.4102941176470588,0.8759615384615385,0.48514482378959656
0.41323529411764703,0.8759615384615385,0.48398736119270325
0.41323529411764703,0.8778846153846154,0.4838293492794037
0.4147058823529412,0.8778846153846154,0.4836624264717102
0.4147058823529412,0.8798076923076923,0.48321330547332764
0.4235294117647059,0.8798076923076923,0.47959184646606445
0.4235294117647059,0.8807692307692307,0.47953909635543823
0.425,0.8807692307692307,0.4786669611930847
0.425,0.8817307692307692,0.4786505103111267
0.43676470588235294,0.8817307692307692,0.4747146666049957
0.43676470588235294,0.8826923076923077,0.47461727261543274
0.44338235294117645,0.8826923076923077,0.47199493646621704
0.44338235294117645,0.8846153846153846,0.4717167019844055
0.4441176470588235,0.8846153846153846,0.4713364243507385
0.4441176470588235,0.885576923076923,0.46932604908943176
0.44632352941176473,0.885576923076923,0.46661877632141113
0.44632352941176473,0.8865384615384615,0.4660959243774414
0.44779411764705884,0.8865384615384615,0.4658230245113373
0.44779411764705884,0.8884615384615384,0.4651307463645935
0.4485294117647059,0.8884615384615384,0.46500101685523987
0.4485294117647059,0.8894230769230769,0.46466779708862305
0.4536764705882353,0.8894230769230769,0.4631085693836212
0.4536764705882353,0.8903846153846153,0.4629257917404175
0.45808823529411763,0.8903846153846153,0.46194738149642944
0.45808823529411763,0.8913461538461539,0.46125584840774536
0.46544117647058825,0.8913461538461539,0.4571060836315155
0.46544117647058825,0.8923076923076924,0.4565863609313965
0.47941176470588237,0.8923076923076924,0.4485754370689392
0.47941176470588237,0.8942307692307693,0.4475279152393341
0.4889705882352941,0.8942307692307693,0.4415872097015381
0.4889705882352941,0.8951923076923077,0.44057556986808777
0.4933823529411765,0.8951923076923077,0.43906036019325256
0.4933823529411765,0.8971153846153846,0.4385547935962677
0.5036764705882353,0.8971153846153846,0.4335169196128845
0.5036764705882353,0.8980769230769231,0.4330002963542938
0.5058823529411764,0.8980769230769231,0.43143993616104126
0.5058823529411764,0.8990384615384616,0.4312072694301605
0.5154411764705882,0.8990384615384616,0.42387035489082336
0.5154411764705882,0.9009615384615385,0.42370641231536865
0.5213235294117647,0.9009615384615385,0.41750645637512207
0.5213235294117647,0.9019230769230769,0.4171648323535919
0.5360294117647059,0.9019230769230769,0.40602976083755493
0.5360294117647059,0.9028846153846154,0.40335819125175476
0.5404411764705882,0.9028846153846154,0.3980593979358673
0.5404411764705882,0.9048076923076923,0.3957898020744324
0.5419117647058823,0.9048076923076923,0.3933694362640381
0.5419117647058823,0.9067307692307692,0.3918217122554779
0.5426470588235294,0.9067307692307692,0.3910757005214691
0.5426470588235294,0.9076923076923077,0.39054375886917114
0.5433823529411764,0.9076923076923077,0.3904567062854767
0.5433823529411764,0.9086538461538461,0.3886948227882385
0.5441176470588235,0.9086538461538461,0.38766393065452576
0.5441176470588235,0.9115384615384615,0.3864017128944397
0.5448529411764705,0.9115384615384615,0.3845367729663849
0.5448529411764705,0.9125,0.38423141837120056
0.5463235294117647,0.9125,0.3832593858242035
0.5463235294117647,0.9134615384615384,0.3819740414619446
0.5477941176470589,0.9134615384615384,0.3813621401786804
0.5477941176470589,0.9163461538461538,0.37875404953956604
0.5485294117647059,0.9163461538461538,0.3755054473876953
0.5485294117647059,0.9173076923076923,0.37338143587112427
0.549264705882353,0.9173076923076923,0.3720167279243469
0.549264705882353,0.9182692307692307,0.3719898760318756
0.55,0.9182692307692307,0.37077096104621887
0.55,0.9192307692307692,0.3707570433616638
0.5514705882352942,0.9192307692307692,0.369385689496994
0.5514705882352942,0.9211538461538461,0.3682115972042084
0.5529411764705883,0.9211538461538461,0.3675229251384735
0.5529411764705883,0.9230769230769231,0.3658468425273895
0.5536764705882353,0.9230769230769231,0.3644294738769531
0.5536764705882353,0.9240384615384616,0.36386021971702576
0.5544117647058824,0.9240384615384616,0.36332279443740845
0.5544117647058824,0.925,0.36246851086616516
0.5551470588235294,0.925,0.36203110218048096
0.5551470588235294,0.9298076923076923,0.35310718417167664
0.5558823529411765,0.9298076923076923,0.3481794595718384
0.5558823529411765,0.9307692307692308,0.34790855646133423
0.5595588235294118,0.9307692307692308,0.34538722038269043
0.5595588235294118,0.9317307692307693,0.34523266553878784
0.5602941176470588,0.9317307692307693,0.3442736566066742
0.5602941176470588,0.9326923076923077,0.3433466851711273
0.5647058823529412,0.9326923076923077,0.3373754918575287
0.5647058823529412,0.9346153846153846,0.33024927973747253
0.5676470588235294,0.9346153846153846,0.3256603181362152
0.5676470588235294,0.9365384615384615,0.3232106566429138
0.5691176470588235,0.9365384615384615,0.3168148398399353
0.5691176470588235,0.9384615384615385,0.31479427218437195
0.5698529411764706,0.9384615384615385,0.31444495916366577
0.5698529411764706,0.9451923076923077,0.3066554069519043
0.5705882352941176,0.9451923076923077,0.3062036335468292
0.5705882352941176,0.9461538461538461,0.3058570921421051
0.5713235294117647,0.9461538461538461,0.3044578433036804
0.5713235294117647,0.9471153846153846,0.30414876341819763
0.5720588235294117,0.9471153846153846,0.3032641112804413
0.5720588235294117,0.948076923076923,0.30275994539260864
0.5779411764705882,0.948076923076923,0.29939004778862
0.5779411764705882,0.9490384615384615,0.29902565479278564
0.5786764705882353,0.9490384615384615,0.2987295985221863
0.5786764705882353,0.9509615384615384,0.2983410060405731
0.5794117647058824,0.9509615384615384,0.2974194884300232
0.5794117647058824,0.9519230769230769,0.2972343862056732
0.5801470588235295,0.9519230769230769,0.2971358895301819
0.5801470588235295,0.9557692307692308,0.2961764633655548
0.5808823529411765,0.9557692307692308,0.2956887185573578
0.5808823529411765,0.9605769230769231,0.29034340381622314
0.5838235294117647,0.9605769230769231,0.28818053007125854
0.5838235294117647,0.9615384615384616,0.28797492384910583
0.5845588235294118,0.9615384615384616,0.2873806357383728
0.5845588235294118,0.9625,0.2869910001754761
0.5852941176470589,0.9625,0.28631454706192017
0.5852941176470589,0.9634615384615385,0.2861330509185791
0.5948529411764706,0.9634615384615385,0.2817269563674927
0.5948529411764706,0.9644230769230769,0.28108224272727966
0.5963235294117647,0.9644230769230769,0.2810443639755249
0.5963235294117647,0.9653846153846154,0.28101879358291626
0.5977941176470588,0.9653846153846154,0.28070777654647827
0.5977941176470588,0.9673076923076923,0.2801576852798462
0.5985294117647059,0.9673076923076923,0.28014904260635376
0.5985294117647059,0.9682692307692308,0.2797049283981323
0.5992647058823529,0.9682692307692308,0.2796681821346283
0.5992647058823529,0.9692307692307692,0.2796461880207062
0.600735294117647,0.9692307692307692,0.27933570742607117
0.600735294117647,0.9701923076923077,0.27900049090385437
0.6022058823529411,0.9701923076923077,0.2787097692489624
0.6022058823529411,0.9711538461538461,0.27840349078178406
0.6029411764705882,0.9711538461538461,0.27781426906585693
0.6029411764705882,0.9721153846153846,0.27773788571357727
0.6036764705882353,0.9721153846153846,0.27701613306999207
0.6036764705882353,0.9730769230769231,0.2763928174972534
0.6044117647058823,0.9730769230769231,0.2759143114089966
0.6044117647058823,0.975,0.27437305450439453
0.6051470588235294,0.975,0.27413445711135864
0.6051470588235294,0.9759615384615384,0.27410534024238586
0.6080882352941176,0.9759615384615384,0.27247321605682373
0.6080882352941176,0.9769230769230769,0.2724698781967163
0.6088235294117647,0.9769230769230769,0.2723468542098999
0.6088235294117647,0.9778846153846154,0.271879106760025
0.6102941176470589,0.9778846153846154,0.27156782150268555
0.6102941176470589,0.9798076923076923,0.2709336280822754
0.611764705882353,0.9798076923076923,0.2698967456817627
0.611764705882353,0.9807692307692307,0.2690748870372772
0.6161764705882353,0.9807692307692307,0.2647274434566498
0.6161764705882353,0.9826923076923076,0.2634079158306122
0.6176470588235294,0.9826923076923076,0.26281970739364624
0.6176470588235294,0.9836538461538461,0.26269251108169556
0.6191176470588236,0.9836538461538461,0.2622019946575165
0.6191176470588236,0.9846153846153847,0.2619837820529938
0.6242647058823529,0.9846153846153847,0.2592768669128418
0.6242647058823529,0.9855769230769231,0.2591470181941986
0.625,0.9855769230769231,0.258907288312912
0.625,0.9875,0.25755152106285095
0.6257352941176471,0.9875,0.2575303614139557
0.6257352941176471,0.9884615384615385,0.2567354142665863
0.6272058823529412,0.9884615384615385,0.2563462257385254
0.6272058823529412,0.989423076923077,0.25604674220085144
0.6433823529411765,0.989423076923077,0.242197185754776
0.6433823529411765,0.9903846153846154,0.24215535819530487
0.6580882352941176,0.9903846153846154,0.23901678621768951
0.6580882352941176,0.9913461538461539,0.23873832821846008
0.6595588235294118,0.9913461538461539,0.237876757979393
0.6595588235294118,0.9923076923076923,0.23773756623268127
0.6698529411764705,0.9923076923076923,0.23522771894931793
0.6698529411764705,0.9932692307692308,0.23497943580150604
0.6727941176470589,0.9932692307692308,0.231998473405838
0.6727941176470589,0.9942307692307693,0.23182883858680725
0.6830882352941177,0.9942307692307693,0.2274511158466339
0.6830882352941177,0.9951923076923077,0.2272282987833023
0.6845588235294118,0.9951923076923077,0.22493861615657806
0.6845588235294118,0.9961538461538462,0.2221684604883194
0.6897058823529412,0.9961538461538462,0.21939875185489655
0.6897058823529412,0.9971153846153846,0.21788819134235382
0.6970588235294117,0.9971153846153846,0.212459534406662
0.6970588235294117,0.9980769230769231,0.21201398968696594
0.7433823529411765,0.9980769230769231,0.1928708851337433
0.7433823529411765,0.9990384615384615,0.19261391460895538
0.7764705882352941,0.9990384615384615,0.17791442573070526
0.7764705882352941,1.0,0.1776314079761505
1.0,1.0,0.02094731479883194
