FPR,TPR,Threshold
0.0,0.0,1.9854906797409058
0.0,0.000925925925925926,0.9854906797409058
0.0,0.2861111111111111,0.888127863407135
0.0007575757575757576,0.2861111111111111,0.8879513740539551
0.0007575757575757576,0.2962962962962963,0.8842272162437439
0.0015151515151515152,0.2962962962962963,0.8838165998458862
0.0015151515151515152,0.29814814814814816,0.8827570676803589
0.0030303030303030303,0.29814814814814816,0.8824939727783203
0.0030303030303030303,0.3,0.8817105293273926
0.003787878787878788,0.3,0.8815449476242065
0.003787878787878788,0.30185185185185187,0.8810999393463135
0.004545454545454545,0.30185185185185187,0.8805896639823914
0.004545454545454545,0.30462962962962964,0.8797598481178284
0.005303030303030303,0.30462962962962964,0.8796780109405518
0.005303030303030303,0.3055555555555556,0.8794428706169128
0.006060606060606061,0.3055555555555556,0.8794423937797546
0.006060606060606061,0.32592592592592595,0.8716420531272888
0.006818181818181818,0.32592592592592595,0.8714885711669922
0.006818181818181818,0.3296296296296296,0.8683047890663147
0.007575757575757576,0.3296296296296296,0.8681964874267578
0.007575757575757576,0.3435185185185185,0.8634534478187561
0.008333333333333333,0.3435185185185185,0.8633369207382202
0.008333333333333333,0.34629629629629627,0.8622167110443115
0.00909090909090909,0.34629629629629627,0.8621079921722412
0.00909090909090909,0.3490740740740741,0.8614094853401184
0.009848484848484848,0.3490740740740741,0.8609244227409363
0.009848484848484848,0.3509259259259259,0.858587384223938
0.011363636363636364,0.3509259259259259,0.857796847820282
0.011363636363636364,0.35185185185185186,0.8576290011405945
0.012878787878787878,0.35185185185185186,0.8575495481491089
0.012878787878787878,0.35555555555555557,0.8565086722373962
0.013636363636363636,0.35555555555555557,0.8557536602020264
0.013636363636363636,0.36018518518518516,0.854297935962677
0.014393939393939395,0.36018518518518516,0.8540186285972595
0.014393939393939395,0.3611111111111111,0.8539890646934509
0.015909090909090907,0.3611111111111111,0.8536924123764038
0.015909090909090907,0.36574074074074076,0.8530163764953613
0.016666666666666666,0.36574074074074076,0.8529683947563171
0.016666666666666666,0.3685185185185185,0.851825475692749
0.017424242424242425,0.3685185185185185,0.8517585396766663
0.017424242424242425,0.375,0.850040853023529
0.01818181818181818,0.375,0.8500335812568665
0.01818181818181818,0.3851851851851852,0.8453333377838135
0.01893939393939394,0.3851851851851852,0.8451865315437317
0.01893939393939394,0.3888888888888889,0.84466552734375
0.019696969696969695,0.3888888888888889,0.8445701003074646
0.019696969696969695,0.39444444444444443,0.8428328037261963
0.020454545454545454,0.39444444444444443,0.8427037000656128
0.020454545454545454,0.3990740740740741,0.8414859771728516
0.021212121212121213,0.3990740740740741,0.8412542939186096
0.021212121212121213,0.4203703703703704,0.8361716866493225
0.02196969696969697,0.4203703703703704,0.8359613418579102
0.02196969696969697,0.42314814814814816,0.8349802494049072
0.022727272727272728,0.42314814814814816,0.8349689245223999
0.022727272727272728,0.42407407407407405,0.8337752223014832
0.023484848484848483,0.42407407407407405,0.8333765864372253
0.023484848484848483,0.44814814814814813,0.8235509991645813
0.024242424242424242,0.44814814814814813,0.8235333561897278
0.024242424242424242,0.45092592592592595,0.822708249092102
0.025,0.45092592592592595,0.8225805759429932
0.025,0.45740740740740743,0.8203104138374329
0.025757575757575757,0.45740740740740743,0.819790780544281
0.025757575757575757,0.4648148148148148,0.8164860010147095
0.026515151515151516,0.4648148148148148,0.8162242770195007
0.026515151515151516,0.47314814814814815,0.815314769744873
0.02727272727272727,0.47314814814814815,0.8151246309280396
0.02727272727272727,0.4777777777777778,0.8136293292045593
0.02803030303030303,0.4777777777777778,0.813484787940979
0.02803030303030303,0.48148148148148145,0.8128795623779297
0.02878787878787879,0.48148148148148145,0.8123452663421631
0.02878787878787879,0.4842592592592593,0.810658872127533
0.030303030303030304,0.4842592592592593,0.8105106949806213
0.030303030303030304,0.48703703703703705,0.8096288442611694
0.03106060606060606,0.48703703703703705,0.8095822930335999
0.03106060606060606,0.487962962962963,0.8091017007827759
0.03333333333333333,0.487962962962963,0.807991623878479
0.03333333333333333,0.4888888888888889,0.8079344630241394
0.03409090909090909,0.4888888888888889,0.8076046705245972
0.03409090909090909,0.49074074074074076,0.8067588806152344
0.03484848484848485,0.49074074074074076,0.8067076206207275
0.03484848484848485,0.49444444444444446,0.8046647310256958
0.035606060606060606,0.49444444444444446,0.8045082092285156
0.035606060606060606,0.49537037037037035,0.8044329881668091
0.03636363636363636,0.49537037037037035,0.8040674328804016
0.03636363636363636,0.4962962962962963,0.8037248849868774
0.037121212121212124,0.4962962962962963,0.8032206296920776
0.037121212121212124,0.49722222222222223,0.8032109141349792
0.03787878787878788,0.49722222222222223,0.8026806116104126
0.03787878787878788,0.49907407407407406,0.8003724217414856
0.038636363636363635,0.49907407407407406,0.8003235459327698
0.038636363636363635,0.5018518518518519,0.7999771237373352
0.03939393939393939,0.5018518518518519,0.799958348274231
0.03939393939393939,0.5046296296296297,0.798840343952179
0.04015151515151515,0.5046296296296297,0.7982559204101562
0.04015151515151515,0.5083333333333333,0.7967957258224487
0.04090909090909091,0.5083333333333333,0.7958037257194519
0.04090909090909091,0.5120370370370371,0.7951671481132507
0.041666666666666664,0.5120370370370371,0.7947131991386414
0.041666666666666664,0.5231481481481481,0.7900390625
0.04242424242424243,0.5231481481481481,0.7896620035171509
0.04242424242424243,0.525,0.7886796593666077
0.04318181818181818,0.525,0.7883208990097046
0.04318181818181818,0.5324074074074074,0.7859302163124084
0.04393939393939394,0.5324074074074074,0.7858669757843018
0.04393939393939394,0.5351851851851852,0.7856464385986328
0.0446969696969697,0.5351851851851852,0.7850614786148071
0.0446969696969697,0.5435185185185185,0.7814430594444275
0.04696969696969697,0.5435185185185185,0.7809814214706421
0.04696969696969697,0.5472222222222223,0.7803274393081665
0.04772727272727273,0.5472222222222223,0.7800173163414001
0.04772727272727273,0.55,0.7790852189064026
0.04924242424242424,0.55,0.7779300808906555
0.04924242424242424,0.5509259259259259,0.7770546078681946
0.05,0.5509259259259259,0.7766291499137878
0.05,0.5518518518518518,0.776573896408081
0.05075757575757576,0.5518518518518518,0.7762131690979004
0.05075757575757576,0.5527777777777778,0.7750951051712036
0.05303030303030303,0.5527777777777778,0.7739682793617249
0.05303030303030303,0.5592592592592592,0.766622006893158
0.05378787878787879,0.5592592592592592,0.7661826014518738
0.05378787878787879,0.5648148148148148,0.7635095715522766
0.05454545454545454,0.5648148148148148,0.7630389928817749
0.05454545454545454,0.5657407407407408,0.7626786231994629
0.055303030303030305,0.5657407407407408,0.7626423239707947
0.055303030303030305,0.5685185185185185,0.7614647746086121
0.056818181818181816,0.5685185185185185,0.7598564028739929
0.056818181818181816,0.5814814814814815,0.7516076564788818
0.05757575757575758,0.5814814814814815,0.7514826059341431
0.05757575757575758,0.5833333333333334,0.750362753868103
0.058333333333333334,0.5833333333333334,0.7487777471542358
0.058333333333333334,0.6,0.7422457933425903
0.06060606060606061,0.6,0.7395700216293335
0.06060606060606061,0.6537037037037037,0.7060114145278931
0.06136363636363636,0.6537037037037037,0.7059627175331116
0.06136363636363636,0.6601851851851852,0.7021511197090149
0.06212121212121212,0.6601851851851852,0.7005825042724609
0.06212121212121212,0.6712962962962963,0.6920768618583679
0.06287878787878788,0.6712962962962963,0.6919607520103455
0.06287878787878788,0.6787037037037037,0.686229944229126
0.06363636363636363,0.6787037037037037,0.684821605682373
0.06363636363636363,0.6814814814814815,0.6826884746551514
0.06439393939393939,0.6814814814814815,0.6822816729545593
0.06439393939393939,0.687037037037037,0.6781249642372131
0.06515151515151515,0.687037037037037,0.6780876517295837
0.06515151515151515,0.6953703703703704,0.6728155016899109
0.06666666666666667,0.6953703703703704,0.6724417209625244
0.06666666666666667,0.7046296296296296,0.6641510725021362
0.06818181818181818,0.7046296296296296,0.6633403897285461
0.06818181818181818,0.7074074074074074,0.6621075868606567
0.06893939393939394,0.7074074074074074,0.6620581746101379
0.06893939393939394,0.7092592592592593,0.6613592505455017
0.07045454545454545,0.7092592592592593,0.6606370210647583
0.07045454545454545,0.7166666666666667,0.6563898324966431
0.07121212121212121,0.7166666666666667,0.6548508405685425
0.07121212121212121,0.7185185185185186,0.6543517112731934
0.07196969696969698,0.7185185185185186,0.6540903449058533
0.07196969696969698,0.7212962962962963,0.6531933546066284
0.07272727272727272,0.7212962962962963,0.6522912979125977
0.07272727272727272,0.7222222222222222,0.6520400047302246
0.07348484848484849,0.7222222222222222,0.651666522026062
0.07348484848484849,0.7231481481481481,0.6508610248565674
0.075,0.7231481481481481,0.649091899394989
0.075,0.7240740740740741,0.648842990398407
0.07575757575757576,0.7240740740740741,0.6485175490379333
0.07575757575757576,0.7277777777777777,0.6466298699378967
0.07651515151515151,0.7277777777777777,0.6456245183944702
0.07651515151515151,0.7379629629629629,0.640230119228363
0.07803030303030303,0.7379629629629629,0.639838457107544
0.07803030303030303,0.7444444444444445,0.6351866722106934
0.07878787878787878,0.7444444444444445,0.6317692399024963
0.07878787878787878,0.7490740740740741,0.6272976398468018
0.07954545454545454,0.7490740740740741,0.6258053779602051
0.07954545454545454,0.7518518518518519,0.6247646808624268
0.08181818181818182,0.7518518518518519,0.6231448650360107
0.08181818181818182,0.7555555555555555,0.6199813485145569
0.08484848484848485,0.7555555555555555,0.6172524690628052
0.08484848484848485,0.7564814814814815,0.617199718952179
0.0856060606060606,0.7564814814814815,0.6171676516532898
0.0856060606060606,0.7620370370370371,0.6125243902206421
0.08636363636363636,0.7620370370370371,0.6119446754455566
0.08636363636363636,0.762962962962963,0.6096013188362122
0.08787878787878788,0.762962962962963,0.6089739799499512
0.08787878787878788,0.7666666666666667,0.6068145036697388
0.09090909090909091,0.7666666666666667,0.6040235161781311
0.09090909090909091,0.7703703703703704,0.6032013297080994
0.09166666666666666,0.7703703703703704,0.6018281579017639
0.09166666666666666,0.774074074074074,0.6003738641738892
0.09318181818181819,0.774074074074074,0.5995129346847534
0.09318181818181819,0.7759259259259259,0.5990243554115295
0.09393939393939393,0.7759259259259259,0.5986933708190918
0.09393939393939393,0.7777777777777778,0.597862958908081
0.0946969696969697,0.7777777777777778,0.597379744052887
0.0946969696969697,0.7787037037037037,0.5949086546897888
0.09545454545454546,0.7787037037037037,0.5943315625190735
0.09545454545454546,0.7796296296296297,0.5935758352279663
0.09621212121212121,0.7796296296296297,0.5930595993995667
0.09621212121212121,0.7824074074074074,0.5919306874275208
0.09696969696969697,0.7824074074074074,0.5913047194480896
0.09696969696969697,0.7842592592592592,0.588916003704071
0.09848484848484848,0.7842592592592592,0.5883549451828003
0.09848484848484848,0.7907407407407407,0.5847024917602539
0.09924242424242424,0.7907407407407407,0.5840821266174316
0.09924242424242424,0.7935185185185185,0.5826135873794556
0.10303030303030303,0.7935185185185185,0.5818329453468323
0.10303030303030303,0.799074074074074,0.5767392516136169
0.10454545454545454,0.799074074074074,0.5765259861946106
0.10454545454545454,0.8009259259259259,0.5761194229125977
0.1053030303030303,0.8009259259259259,0.5752871036529541
0.1053030303030303,0.8027777777777778,0.57363361120224
0.10909090909090909,0.8027777777777778,0.5705685615539551
0.10909090909090909,0.8037037037037037,0.5704188346862793
0.11060606060606061,0.8037037037037037,0.5687006711959839
0.11060606060606061,0.8055555555555556,0.5680696368217468
0.11515151515151516,0.8055555555555556,0.5667825937271118
0.11515151515151516,0.8083333333333333,0.5655761361122131
0.1159090909090909,0.8083333333333333,0.5643884539604187
0.1159090909090909,0.8101851851851852,0.5642285346984863
0.11742424242424243,0.8101851851851852,0.5629245638847351
0.11742424242424243,0.812037037037037,0.5622330904006958
0.11818181818181818,0.812037037037037,0.561718761920929
0.11818181818181818,0.8138888888888889,0.5608483552932739
0.11969696969696969,0.8138888888888889,0.5599839687347412
0.11969696969696969,0.8148148148148148,0.5598886609077454
0.12196969696969696,0.8148148148148148,0.558102548122406
0.12196969696969696,0.8157407407407408,0.5570154786109924
0.12424242424242424,0.8157407407407408,0.5540236830711365
0.12424242424242424,0.8166666666666667,0.5539690256118774
0.12575757575757576,0.8166666666666667,0.5517037510871887
0.12575757575757576,0.8175925925925925,0.5513623952865601
0.12727272727272726,0.8175925925925925,0.55060213804245
0.12727272727272726,0.8185185185185185,0.5501663684844971
0.12803030303030302,0.8185185185185185,0.5501591563224792
0.12803030303030302,0.8194444444444444,0.5495352745056152
0.12878787878787878,0.8194444444444444,0.5479085445404053
0.12878787878787878,0.8212962962962963,0.5458122491836548
0.13106060606060607,0.8212962962962963,0.5430220365524292
0.13106060606060607,0.8231481481481482,0.5407618284225464
0.1318181818181818,0.8231481481481482,0.5396422743797302
0.1318181818181818,0.825925925925926,0.5384802222251892
0.13257575757575757,0.825925925925926,0.5373497009277344
0.13257575757575757,0.8305555555555556,0.5324615240097046
0.13636363636363635,0.8305555555555556,0.5309343338012695
0.13636363636363635,0.8324074074074074,0.5295841693878174
0.13787878787878788,0.8324074074074074,0.5284056663513184
0.13787878787878788,0.8361111111111111,0.5268630385398865
0.13863636363636364,0.8361111111111111,0.5266825556755066
0.13863636363636364,0.837037037037037,0.5266779065132141
0.14166666666666666,0.837037037037037,0.5229684114456177
0.14166666666666666,0.8379629629629629,0.5224458575248718
0.14393939393939395,0.8379629629629629,0.5187517404556274
0.14393939393939395,0.8398148148148148,0.5175749659538269
0.14469696969696969,0.8398148148148148,0.5172075629234314
0.14469696969696969,0.8407407407407408,0.51710045337677
0.14772727272727273,0.8407407407407408,0.510816216468811
0.14772727272727273,0.8425925925925926,0.5090955495834351
0.1484848484848485,0.8425925925925926,0.5089297890663147
0.1484848484848485,0.8444444444444444,0.5085665583610535
0.14924242424242423,0.8444444444444444,0.5077072381973267
0.14924242424242423,0.8472222222222222,0.5066289901733398
0.15227272727272728,0.8472222222222222,0.5015261769294739
0.15227272727272728,0.85,0.4999750256538391
0.15303030303030302,0.85,0.49992501735687256
0.15303030303030302,0.850925925925926,0.4982339143753052
0.15454545454545454,0.850925925925926,0.49659430980682373
0.15454545454545454,0.8537037037037037,0.49610233306884766
0.15757575757575756,0.8537037037037037,0.49480971693992615
0.15757575757575756,0.8546296296296296,0.49475395679473877
0.16136363636363638,0.8546296296296296,0.4929519593715668
0.16136363636363638,0.8583333333333333,0.4905698895454407
0.1621212121212121,0.8583333333333333,0.49020227789878845
0.1621212121212121,0.8592592592592593,0.49004030227661133
0.16287878787878787,0.8592592592592593,0.4897746741771698
0.16287878787878787,0.8601851851851852,0.4894636571407318
0.16590909090909092,0.8601851851851852,0.4876124858856201
0.16590909090909092,0.8611111111111112,0.4868157207965851
0.16666666666666666,0.8611111111111112,0.4864010810852051
0.16666666666666666,0.862037037037037,0.48603054881095886
0.17196969696969697,0.862037037037037,0.4837994873523712
0.17196969696969697,0.8629629629629629,0.4832688570022583
0.17424242424242425,0.8629629629629629,0.4827468693256378
0.17424242424242425,0.8657407407407407,0.4807935059070587
0.175,0.8657407407407407,0.4803060293197632
0.175,0.8666666666666667,0.4801102876663208
0.17575757575757575,0.8666666666666667,0.4790322482585907
0.17575757575757575,0.8675925925925926,0.47859442234039307
0.1787878787878788,0.8675925925925926,0.4767683148384094
0.1787878787878788,0.8722222222222222,0.47405382990837097
0.17954545454545454,0.8722222222222222,0.4739123582839966
0.17954545454545454,0.8731481481481481,0.4736301302909851
0.1803030303030303,0.8731481481481481,0.4729841351509094
0.1803030303030303,0.8777777777777778,0.4714305102825165
0.18106060606060606,0.8777777777777778,0.4712584614753723
0.18106060606060606,0.8824074074074074,0.46928781270980835
0.18257575757575759,0.8824074074074074,0.46845129132270813
0.18257575757575759,0.8833333333333333,0.46809977293014526
0.18333333333333332,0.8833333333333333,0.4647758901119232
0.18333333333333332,0.8842592592592593,0.46473628282546997
0.1856060606060606,0.8842592592592593,0.46224990487098694
0.1856060606060606,0.8870370370370371,0.46144598722457886
0.18636363636363637,0.8870370370370371,0.46132829785346985
0.18636363636363637,0.887962962962963,0.4607917070388794
0.18712121212121213,0.887962962962963,0.46019765734672546
0.18712121212121213,0.8888888888888888,0.4597652554512024
0.18863636363636363,0.8888888888888888,0.45850807428359985
0.18863636363636363,0.8898148148148148,0.45724642276763916
0.1893939393939394,0.8898148148148148,0.45683395862579346
0.1893939393939394,0.8916666666666667,0.4553072452545166
0.19015151515151515,0.8916666666666667,0.4548225998878479
0.19015151515151515,0.8925925925925926,0.4541700482368469
0.19090909090909092,0.8925925925925926,0.45360609889030457
0.19090909090909092,0.8935185185185185,0.452878475189209
0.19318181818181818,0.8935185185185185,0.45262324810028076
0.19318181818181818,0.8944444444444445,0.4520357549190521
0.19393939393939394,0.8944444444444445,0.4497555196285248
0.19393939393939394,0.8962962962962963,0.44760891795158386
0.1946969696969697,0.8962962962962963,0.4471612870693207
0.1946969696969697,0.8981481481481481,0.44698792695999146
0.19772727272727272,0.8981481481481481,0.4449382722377777
0.19772727272727272,0.899074074074074,0.4443756937980652
0.2,0.899074074074074,0.44377046823501587
0.2,0.9,0.44252657890319824
0.20075757575757575,0.9,0.4425114393234253
0.20075757575757575,0.9009259259259259,0.4419977366924286
0.2037878787878788,0.9009259259259259,0.4402610957622528
0.2037878787878788,0.9018518518518519,0.4397880434989929
0.2053030303030303,0.9018518518518519,0.43944066762924194
0.2053030303030303,0.9046296296296297,0.43723076581954956
0.21212121212121213,0.9046296296296297,0.4311886727809906
0.21212121212121213,0.9055555555555556,0.43093428015708923
0.2128787878787879,0.9055555555555556,0.43029043078422546
0.2128787878787879,0.9064814814814814,0.42948684096336365
0.2143939393939394,0.9064814814814814,0.42826229333877563
0.2143939393939394,0.9074074074074074,0.4281846284866333
0.2159090909090909,0.9074074074074074,0.42606961727142334
0.2159090909090909,0.9101851851851852,0.4253695011138916
0.21742424242424244,0.9101851851851852,0.42455658316612244
0.21742424242424244,0.9111111111111111,0.42419737577438354
0.22196969696969698,0.9111111111111111,0.42208608984947205
0.22196969696969698,0.9120370370370371,0.421528697013855
0.22575757575757577,0.9120370370370371,0.4207383692264557
0.22575757575757577,0.912962962962963,0.4207248389720917
0.2265151515151515,0.912962962962963,0.42061612010002136
0.2265151515151515,0.9138888888888889,0.4203709363937378
0.22727272727272727,0.9138888888888889,0.41897153854370117
0.22727272727272727,0.9148148148148149,0.41783058643341064
0.2318181818181818,0.9148148148148149,0.4134388566017151
0.2318181818181818,0.9157407407407407,0.4130183458328247
0.23257575757575757,0.9157407407407407,0.41266241669654846
0.23257575757575757,0.9166666666666666,0.4109804332256317
0.23863636363636365,0.9166666666666666,0.4067358672618866
0.23863636363636365,0.9185185185185185,0.40578216314315796
0.23939393939393938,0.9185185185185185,0.4057273268699646
0.23939393939393938,0.9203703703703704,0.40465936064720154
0.2431818181818182,0.9203703703703704,0.4020186960697174
0.2431818181818182,0.9212962962962963,0.4019814729690552
0.24393939393939393,0.9212962962962963,0.40150919556617737
0.24393939393939393,0.9231481481481482,0.40078064799308777
0.2553030303030303,0.9231481481481482,0.3900831341743469
0.2553030303030303,0.924074074074074,0.3898965120315552
0.25984848484848483,0.924074074074074,0.3868657946586609
0.25984848484848483,0.925,0.3865242004394531
0.2606060606060606,0.925,0.3864212930202484
0.2606060606060606,0.9259259259259259,0.38588255643844604
0.26136363636363635,0.9259259259259259,0.3848492503166199
0.26136363636363635,0.9268518518518518,0.3847982585430145
0.2636363636363636,0.9268518518518518,0.38374990224838257
0.2636363636363636,0.9277777777777778,0.38297873735427856
0.2643939393939394,0.9277777777777778,0.3827214539051056
0.2643939393939394,0.9287037037037037,0.38214853405952454
0.2681818181818182,0.9287037037037037,0.3805137574672699
0.2681818181818182,0.9296296296296296,0.38033509254455566
0.2689393939393939,0.9296296296296296,0.38019827008247375
0.2689393939393939,0.9305555555555556,0.3796675205230713
0.2825757575757576,0.9305555555555556,0.3708012104034424
0.2825757575757576,0.9324074074074075,0.3694674074649811
0.2840909090909091,0.9324074074074075,0.3682771325111389
0.2840909090909091,0.9333333333333333,0.367910772562027
0.28939393939393937,0.9333333333333333,0.36477601528167725
0.28939393939393937,0.9351851851851852,0.36356067657470703
0.2916666666666667,0.9351851851851852,0.3624800443649292
0.2916666666666667,0.9361111111111111,0.3624758720397949
0.2924242424242424,0.9361111111111111,0.36194562911987305
0.2924242424242424,0.937962962962963,0.3604855537414551
0.3,0.937962962962963,0.3540201783180237
0.3,0.9388888888888889,0.3531462550163269
0.3007575757575758,0.9388888888888889,0.352211058139801
0.3007575757575758,0.9407407407407408,0.35142460465431213
0.30303030303030304,0.9407407407407408,0.3510967195034027
0.30303030303030304,0.9416666666666667,0.35075461864471436
0.30454545454545456,0.9416666666666667,0.3499808609485626
0.30454545454545456,0.9425925925925925,0.3499305844306946
0.30606060606060603,0.9425925925925925,0.3493169844150543
0.30606060606060603,0.9444444444444444,0.3486189842224121
0.30757575757575756,0.9444444444444444,0.3476487994194031
0.30757575757575756,0.9453703703703704,0.3476472795009613
0.31212121212121213,0.9453703703703704,0.3436950743198395
0.31212121212121213,0.9462962962962963,0.34304672479629517
0.31742424242424244,0.9462962962962963,0.3404182493686676
0.31742424242424244,0.9472222222222222,0.3403604030609131
0.33106060606060606,0.9472222222222222,0.3280981183052063
0.33106060606060606,0.9490740740740741,0.3273816704750061
0.3340909090909091,0.9490740740740741,0.3261764943599701
0.3340909090909091,0.95,0.3256797194480896
0.33636363636363636,0.95,0.3247511684894562
0.33636363636363636,0.950925925925926,0.32405927777290344
0.3371212121212121,0.950925925925926,0.3235565721988678
0.3371212121212121,0.9518518518518518,0.32351383566856384
0.34545454545454546,0.9518518518518518,0.32115834951400757
0.34545454545454546,0.9527777777777777,0.32035431265830994
0.34924242424242424,0.9527777777777777,0.3177018463611603
0.34924242424242424,0.9537037037037037,0.3171387314796448
0.35075757575757577,0.9537037037037037,0.3161108195781708
0.35075757575757577,0.9546296296296296,0.3161047101020813
0.36666666666666664,0.9546296296296296,0.30491599440574646
0.36666666666666664,0.9574074074074074,0.3048221468925476
0.3886363636363636,0.9574074074074074,0.2889193594455719
0.3886363636363636,0.9583333333333334,0.2883007824420929
0.39545454545454545,0.9583333333333334,0.28411421179771423
0.39545454545454545,0.9601851851851851,0.28303152322769165
0.4174242424242424,0.9601851851851851,0.2671909034252167
0.4174242424242424,0.9611111111111111,0.2665879726409912
0.41818181818181815,0.9611111111111111,0.2661879360675812
0.41818181818181815,0.962037037037037,0.26600581407546997
0.4196969696969697,0.962037037037037,0.2641240060329437
0.4196969696969697,0.9629629629629629,0.2627309262752533
0.42727272727272725,0.9629629629629629,0.25647619366645813
0.42727272727272725,0.9638888888888889,0.25554579496383667
0.42954545454545456,0.9638888888888889,0.2543635368347168
0.42954545454545456,0.9648148148148148,0.2538936734199524
0.4340909090909091,0.9648148148148148,0.2516089379787445
0.4340909090909091,0.9657407407407408,0.25118160247802734
0.4401515151515151,0.9657407407407408,0.2483946681022644
0.4401515151515151,0.9666666666666667,0.24796681106090546
0.45,0.9666666666666667,0.24132174253463745
0.45,0.9675925925925926,0.24131807684898376
0.45984848484848484,0.9675925925925926,0.23762118816375732
0.45984848484848484,0.9685185185185186,0.237527534365654
0.4628787878787879,0.9685185185185186,0.2367706000804901
0.4628787878787879,0.9694444444444444,0.23657658696174622
0.4666666666666667,0.9694444444444444,0.2354251593351364
0.4666666666666667,0.9703703703703703,0.23468950390815735
0.4871212121212121,0.9703703703703703,0.2259969711303711
0.4871212121212121,0.9712962962962963,0.2259521633386612
0.4954545454545455,0.9712962962962963,0.22396422922611237
0.4954545454545455,0.9722222222222222,0.22384214401245117
0.5007575757575757,0.9722222222222222,0.22277376055717468
0.5007575757575757,0.9731481481481481,0.22268731892108917
0.55,0.9731481481481481,0.2040235549211502
0.55,0.9740740740740741,0.20389673113822937
0.5651515151515152,0.9740740740740741,0.1978127360343933
0.5651515151515152,0.975,0.19739186763763428
0.5833333333333334,0.975,0.19168241322040558
0.5833333333333334,0.975925925925926,0.19155289232730865
0.5856060606060606,0.975925925925926,0.19111305475234985
0.5856060606060606,0.9777777777777777,0.1904536932706833
0.6174242424242424,0.9777777777777777,0.17965836822986603
0.6174242424242424,0.9787037037037037,0.17943444848060608
0.6257575757575757,0.9787037037037037,0.1766633838415146
0.6257575757575757,0.9796296296296296,0.17636512219905853
0.6484848484848484,0.9796296296296296,0.16812269389629364
0.6484848484848484,0.9805555555555555,0.1680995523929596
0.6696969696969697,0.9805555555555555,0.1619216352701187
0.6696969696969697,0.9814814814814815,0.16170060634613037
0.6833333333333333,0.9814814814814815,0.15806953608989716
0.6833333333333333,0.9824074074074074,0.15804927051067352
0.7106060606060606,0.9824074074074074,0.15017814934253693
0.7106060606060606,0.9833333333333333,0.1499854028224945
0.7401515151515151,0.9833333333333333,0.14178907871246338
0.7401515151515151,0.9842592592592593,0.14130087196826935
0.7636363636363637,0.9842592592592593,0.13560940325260162
0.7636363636363637,0.9851851851851852,0.13486474752426147
0.7886363636363637,0.9851851851851852,0.1262824535369873
0.7886363636363637,0.9861111111111112,0.12626972794532776
0.796969696969697,0.9861111111111112,0.12419725209474564
0.796969696969697,0.987037037037037,0.12372392416000366
0.8,0.987037037037037,0.12148906290531158
0.8,0.9879629629629629,0.12146501243114471
0.8022727272727272,0.9879629629629629,0.1198725774884224
0.8022727272727272,0.9888888888888889,0.11984087526798248
0.8037878787878788,0.9888888888888889,0.11952332407236099
0.8037878787878788,0.9898148148148148,0.11930238455533981
0.8121212121212121,0.9898148148148148,0.11724450439214706
0.8121212121212121,0.9907407407407407,0.11714964359998703
0.8128787878787879,0.9907407407407407,0.11710663884878159
0.8128787878787879,0.9916666666666667,0.11611182242631912
0.8363636363636363,0.9916666666666667,0.10609647631645203
0.8363636363636363,0.9925925925925926,0.1055745929479599
0.8560606060606061,0.9925925925925926,0.09715308248996735
0.8560606060606061,0.9944444444444445,0.0962122306227684
0.8734848484848485,0.9944444444444445,0.08744635432958603
0.8734848484848485,0.9962962962962963,0.08709163963794708
0.8742424242424243,0.9962962962962963,0.0868760272860527
0.8742424242424243,0.9972222222222222,0.08666026592254639
0.8863636363636364,0.9972222222222222,0.08133905380964279
0.8863636363636364,0.9981481481481481,0.08104702085256577
0.8871212121212121,0.9981481481481481,0.08071378618478775
0.8871212121212121,0.9990740740740741,0.08027925342321396
0.8954545454545455,0.9990740740740741,0.07656591385602951
0.8954545454545455,1.0,0.07525303214788437
1.0,1.0,0.013582257553935051
