FPR,TPR,Threshold
0.0,0.0,1.971021294593811
0.0,0.0009615384615384616,0.971021294593811
0.0,0.05480769230769231,0.9312860369682312
0.0014705882352941176,0.05480769230769231,0.9294731020927429
0.0014705882352941176,0.05576923076923077,0.928697407245636
0.0029411764705882353,0.05576923076923077,0.9286085963249207
0.0029411764705882353,0.05961538461538462,0.9280662536621094
0.003676470588235294,0.05961538461538462,0.9277253746986389
0.003676470588235294,0.06153846153846154,0.9271140098571777
0.005147058823529412,0.06153846153846154,0.9264243245124817
0.005147058823529412,0.0625,0.926395058631897
0.0058823529411764705,0.0625,0.9261616468429565
0.0058823529411764705,0.06346153846153846,0.9261249303817749
0.007352941176470588,0.06346153846153846,0.9241335391998291
0.007352941176470588,0.0673076923076923,0.9233264327049255
0.008823529411764706,0.0673076923076923,0.9226353764533997
0.008823529411764706,0.06826923076923076,0.9225267767906189
0.009558823529411765,0.06826923076923076,0.9222568273544312
0.009558823529411765,0.07403846153846154,0.9193087816238403
0.011029411764705883,0.07403846153846154,0.9192523956298828
0.011029411764705883,0.07788461538461539,0.9150882959365845
0.011764705882352941,0.07788461538461539,0.9148738384246826
0.011764705882352941,0.0798076923076923,0.9140876531600952
0.013235294117647059,0.0798076923076923,0.912771463394165
0.013235294117647059,0.08653846153846154,0.909090518951416
0.014705882352941176,0.08653846153846154,0.9088016152381897
0.014705882352941176,0.09519230769230769,0.9045291543006897
0.015441176470588236,0.09519230769230769,0.9040378928184509
0.015441176470588236,0.09807692307692308,0.9022623300552368
0.016176470588235296,0.09807692307692308,0.9012797474861145
0.016176470588235296,0.11826923076923077,0.8955972790718079
0.016911764705882352,0.11826923076923077,0.8951296210289001
0.016911764705882352,0.13365384615384615,0.8901339769363403
0.01764705882352941,0.13365384615384615,0.8899961709976196
0.01764705882352941,0.13653846153846153,0.8896217346191406
0.01838235294117647,0.13653846153846153,0.889613926410675
0.01838235294117647,0.14326923076923076,0.8875381946563721
0.019852941176470587,0.14326923076923076,0.887290358543396
0.019852941176470587,0.14615384615384616,0.8847123384475708
0.020588235294117647,0.14615384615384616,0.884579598903656
0.020588235294117647,0.15096153846153845,0.8828575611114502
0.021323529411764706,0.15096153846153845,0.8825963735580444
0.021323529411764706,0.15384615384615385,0.8811138868331909
0.022058823529411766,0.15384615384615385,0.880994439125061
0.022058823529411766,0.1576923076923077,0.8800800442695618
0.023529411764705882,0.1576923076923077,0.8787188529968262
0.023529411764705882,0.16346153846153846,0.8761851191520691
0.02426470588235294,0.16346153846153846,0.875883162021637
0.02426470588235294,0.16538461538461538,0.8755100965499878
0.025735294117647058,0.16538461538461538,0.8747090101242065
0.025735294117647058,0.17403846153846153,0.871605634689331
0.026470588235294117,0.17403846153846153,0.8712764978408813
0.026470588235294117,0.18173076923076922,0.8687766790390015
0.027205882352941177,0.18173076923076922,0.8685498237609863
0.027205882352941177,0.18461538461538463,0.8668039441108704
0.027941176470588237,0.18461538461538463,0.86594557762146
0.027941176470588237,0.19038461538461537,0.8634163737297058
0.028676470588235293,0.19038461538461537,0.8632655143737793
0.028676470588235293,0.19903846153846153,0.8612343668937683
0.029411764705882353,0.19903846153846153,0.8611185550689697
0.029411764705882353,0.25384615384615383,0.8402462005615234
0.030147058823529412,0.25384615384615383,0.8394520282745361
0.030147058823529412,0.2644230769230769,0.835241973400116
0.030882352941176472,0.2644230769230769,0.8351063132286072
0.030882352941176472,0.2980769230769231,0.8255065679550171
0.03161764705882353,0.2980769230769231,0.8253459334373474
0.03161764705882353,0.30288461538461536,0.8243731260299683
0.03235294117647059,0.30288461538461536,0.8241121172904968
0.03235294117647059,0.3153846153846154,0.8197389841079712
0.03308823529411765,0.3153846153846154,0.8195903301239014
0.03308823529411765,0.33653846153846156,0.811839759349823
0.033823529411764704,0.33653846153846156,0.8118389248847961
0.033823529411764704,0.33942307692307694,0.810992419719696
0.03455882352941177,0.33942307692307694,0.810868501663208
0.03455882352941177,0.34615384615384615,0.8092671036720276
0.03602941176470588,0.34615384615384615,0.8085533380508423
0.03602941176470588,0.35096153846153844,0.8071883320808411
0.0375,0.35096153846153844,0.8067317605018616
0.0375,0.3576923076923077,0.8037709593772888
0.03823529411764706,0.3576923076923077,0.8037110567092896
0.03823529411764706,0.3605769230769231,0.8026559948921204
0.03897058823529412,0.3605769230769231,0.8026216626167297
0.03897058823529412,0.36153846153846153,0.8021782636642456
0.041176470588235294,0.36153846153846153,0.8011178970336914
0.041176470588235294,0.3644230769230769,0.7998723387718201
0.04191176470588235,0.3644230769230769,0.7996895909309387
0.04191176470588235,0.3663461538461538,0.7983855605125427
0.04338235294117647,0.3663461538461538,0.7981148958206177
0.04338235294117647,0.36730769230769234,0.7979745864868164
0.04411764705882353,0.36730769230769234,0.7978881597518921
0.04411764705882353,0.375,0.7946155667304993
0.04485294117647059,0.375,0.7946076989173889
0.04485294117647059,0.37596153846153846,0.7945212721824646
0.04852941176470588,0.37596153846153846,0.7931455969810486
0.04852941176470588,0.3778846153846154,0.7926729321479797
0.04926470588235294,0.3778846153846154,0.792637288570404
0.04926470588235294,0.3817307692307692,0.7921843528747559
0.05,0.3817307692307692,0.7917167544364929
0.05,0.38269230769230766,0.7910534739494324
0.052941176470588235,0.38269230769230766,0.7890787124633789
0.052941176470588235,0.3836538461538462,0.7888510227203369
0.05367647058823529,0.3836538461538462,0.7884328365325928
0.05367647058823529,0.38461538461538464,0.7882463932037354
0.05588235294117647,0.38461538461538464,0.7872459888458252
0.05588235294117647,0.3875,0.7870230674743652
0.05661764705882353,0.3875,0.786781907081604
0.05661764705882353,0.38846153846153847,0.7866708636283875
0.057352941176470586,0.38846153846153847,0.7866443991661072
0.057352941176470586,0.3894230769230769,0.786547839641571
0.05808823529411765,0.3894230769230769,0.7864795923233032
0.05808823529411765,0.39615384615384613,0.7844690084457397
0.058823529411764705,0.39615384615384613,0.7843970060348511
0.058823529411764705,0.39807692307692305,0.7840731739997864
0.05955882352941176,0.39807692307692305,0.7838484644889832
0.05955882352941176,0.39903846153846156,0.7837023735046387
0.060294117647058824,0.39903846153846156,0.7836226224899292
0.060294117647058824,0.4028846153846154,0.782963216304779
0.06102941176470588,0.4028846153846154,0.7829490303993225
0.06102941176470588,0.40576923076923077,0.7819463610649109
0.061764705882352944,0.40576923076923077,0.7818322777748108
0.061764705882352944,0.4076923076923077,0.7808716297149658
0.0625,0.4076923076923077,0.7802190780639648
0.0625,0.4096153846153846,0.7798510193824768
0.06323529411764706,0.4096153846153846,0.7798250913619995
0.06323529411764706,0.4115384615384615,0.7793454527854919
0.06397058823529411,0.4115384615384615,0.7791831493377686
0.06397058823529411,0.4125,0.7788686156272888
0.06470588235294118,0.4125,0.7788341641426086
0.06470588235294118,0.41442307692307695,0.7787138223648071
0.06691176470588235,0.41442307692307695,0.7778022289276123
0.06691176470588235,0.4182692307692308,0.7774667739868164
0.06764705882352941,0.4182692307692308,0.7773110270500183
0.06764705882352941,0.41923076923076924,0.7769098877906799
0.06838235294117648,0.41923076923076924,0.7761809229850769
0.06838235294117648,0.4221153846153846,0.7755905985832214
0.07426470588235294,0.4221153846153846,0.7744038701057434
0.07426470588235294,0.42403846153846153,0.7737213969230652
0.07573529411764705,0.42403846153846153,0.7732076048851013
0.07573529411764705,0.425,0.7731038331985474
0.07720588235294118,0.425,0.7728905081748962
0.07720588235294118,0.42596153846153845,0.7727842926979065
0.07794117647058824,0.42596153846153845,0.7727735042572021
0.07794117647058824,0.4307692307692308,0.7715998888015747
0.07867647058823529,0.4307692307692308,0.7715380191802979
0.07867647058823529,0.43173076923076925,0.7710227370262146
0.07941176470588235,0.43173076923076925,0.7708925008773804
0.07941176470588235,0.43365384615384617,0.7705724239349365
0.08014705882352942,0.43365384615384617,0.7705422043800354
0.08014705882352942,0.4346153846153846,0.7704558968544006
0.08088235294117647,0.4346153846153846,0.7703383564949036
0.08088235294117647,0.4355769230769231,0.7701427340507507
0.08161764705882353,0.4355769230769231,0.7697760462760925
0.08161764705882353,0.4375,0.7691050171852112
0.0838235294117647,0.4375,0.7679281234741211
0.0838235294117647,0.43846153846153846,0.7676059007644653
0.08455882352941177,0.43846153846153846,0.7675952315330505
0.08455882352941177,0.44134615384615383,0.7672032117843628
0.08529411764705883,0.44134615384615383,0.766775906085968
0.08529411764705883,0.44326923076923075,0.7665311098098755
0.08602941176470588,0.44326923076923075,0.7662571668624878
0.08602941176470588,0.44519230769230766,0.765999436378479
0.08676470588235294,0.44519230769230766,0.7657843828201294
0.08676470588235294,0.44711538461538464,0.765527606010437
0.08823529411764706,0.44711538461538464,0.7651025056838989
0.08823529411764706,0.45,0.7644326686859131
0.08897058823529412,0.45,0.7640981078147888
0.08897058823529412,0.4528846153846154,0.7639118432998657
0.08970588235294118,0.4528846153846154,0.763117790222168
0.08970588235294118,0.45576923076923076,0.7626229524612427
0.09044117647058823,0.45576923076923076,0.7626142501831055
0.09044117647058823,0.4576923076923077,0.7623835206031799
0.09117647058823529,0.4576923076923077,0.7619462013244629
0.09117647058823529,0.45865384615384613,0.7618045210838318
0.09191176470588236,0.45865384615384613,0.7615028023719788
0.09191176470588236,0.46153846153846156,0.76048344373703
0.09264705882352942,0.46153846153846156,0.7602553963661194
0.09264705882352942,0.4634615384615385,0.7599939703941345
0.09411764705882353,0.4634615384615385,0.7594345808029175
0.09411764705882353,0.46442307692307694,0.7593463063240051
0.09632352941176471,0.46442307692307694,0.7580746412277222
0.09632352941176471,0.4653846153846154,0.7579674124717712
0.1,0.4653846153846154,0.7568566799163818
0.1,0.4673076923076923,0.7564817070960999
0.10073529411764706,0.4673076923076923,0.7560665607452393
0.10073529411764706,0.46923076923076923,0.7558371424674988
0.10147058823529412,0.46923076923076923,0.7553662657737732
0.10147058823529412,0.4701923076923077,0.755100667476654
0.10294117647058823,0.4701923076923077,0.7541875839233398
0.10294117647058823,0.47115384615384615,0.7538743615150452
0.1036764705882353,0.47115384615384615,0.7535156011581421
0.1036764705882353,0.4721153846153846,0.7530711889266968
0.10441176470588236,0.4721153846153846,0.7523714303970337
0.10441176470588236,0.47596153846153844,0.751560628414154
0.10588235294117647,0.47596153846153844,0.7514788508415222
0.10588235294117647,0.47692307692307695,0.7514317035675049
0.10882352941176471,0.47692307692307695,0.7502965331077576
0.10882352941176471,0.4778846153846154,0.7499545216560364
0.11029411764705882,0.4778846153846154,0.7493953108787537
0.11029411764705882,0.47884615384615387,0.7488477826118469
0.11102941176470588,0.47884615384615387,0.7487346529960632
0.11102941176470588,0.4798076923076923,0.748295247554779
0.1125,0.4798076923076923,0.7474329471588135
0.1125,0.4875,0.745308518409729
0.11323529411764706,0.4875,0.7449813485145569
0.11323529411764706,0.4913461538461538,0.7440329194068909
0.11470588235294117,0.4913461538461538,0.7436411380767822
0.11470588235294117,0.49230769230769234,0.7432713508605957
0.11544117647058824,0.49230769230769234,0.7425056099891663
0.11544117647058824,0.4951923076923077,0.7415411472320557
0.1161764705882353,0.4951923076923077,0.7411393523216248
0.1161764705882353,0.49903846153846154,0.7408690452575684
0.11691176470588235,0.49903846153846154,0.7407247424125671
0.11691176470588235,0.5,0.7405928373336792
0.11764705882352941,0.5,0.7405163645744324
0.11764705882352941,0.5009615384615385,0.7397415637969971
0.11838235294117647,0.5009615384615385,0.7395415902137756
0.11838235294117647,0.5038461538461538,0.7383638024330139
0.11985294117647059,0.5038461538461538,0.7380813956260681
0.11985294117647059,0.5057692307692307,0.7378862500190735
0.12058823529411765,0.5057692307692307,0.7377200126647949
0.12058823529411765,0.5086538461538461,0.7370331883430481
0.1213235294117647,0.5086538461538461,0.7364929914474487
0.1213235294117647,0.510576923076923,0.73553067445755
0.12426470588235294,0.510576923076923,0.7349156141281128
0.12426470588235294,0.5115384615384615,0.7349128723144531
0.125,0.5115384615384615,0.7348323464393616
0.125,0.5125,0.7347598671913147
0.1264705882352941,0.5125,0.7340459227561951
0.1264705882352941,0.5173076923076924,0.7320220470428467
0.12794117647058822,0.5173076923076924,0.731514036655426
0.12794117647058822,0.5182692307692308,0.7314822673797607
0.13014705882352942,0.5182692307692308,0.7313517332077026
0.13014705882352942,0.5201923076923077,0.7313223481178284
0.13088235294117648,0.5201923076923077,0.7312391400337219
0.13088235294117648,0.5269230769230769,0.7301246523857117
0.13161764705882353,0.5269230769230769,0.7300835847854614
0.13161764705882353,0.5288461538461539,0.7295914888381958
0.1323529411764706,0.5288461538461539,0.7295709252357483
0.1323529411764706,0.5307692307692308,0.7287684679031372
0.13308823529411765,0.5307692307692308,0.7274900674819946
0.13308823529411765,0.5317307692307692,0.7272608280181885
0.1338235294117647,0.5317307692307692,0.7270237803459167
0.1338235294117647,0.5336538461538461,0.7256670594215393
0.13529411764705881,0.5336538461538461,0.7248101234436035
0.13529411764705881,0.5346153846153846,0.7247924208641052
0.13602941176470587,0.5346153846153846,0.7247228622436523
0.13602941176470587,0.5355769230769231,0.7245861291885376
0.13676470588235295,0.5355769230769231,0.7245219945907593
0.13676470588235295,0.5403846153846154,0.7237058877944946
0.13823529411764707,0.5403846153846154,0.723433792591095
0.13823529411764707,0.5413461538461538,0.7234049439430237
0.13970588235294118,0.5413461538461538,0.7225860357284546
0.13970588235294118,0.5461538461538461,0.7221204042434692
0.1411764705882353,0.5461538461538461,0.721973180770874
0.1411764705882353,0.5480769230769231,0.7208570837974548
0.14191176470588235,0.5480769230769231,0.7205426096916199
0.14191176470588235,0.55,0.720209538936615
0.14338235294117646,0.55,0.7198125720024109
0.14338235294117646,0.5509615384615385,0.7197919487953186
0.1463235294117647,0.5509615384615385,0.7190482020378113
0.1463235294117647,0.5528846153846154,0.7188664674758911
0.14705882352941177,0.5528846153846154,0.718853771686554
0.14705882352941177,0.5538461538461539,0.718321681022644
0.14779411764705883,0.5538461538461539,0.7181450128555298
0.14779411764705883,0.5567307692307693,0.7169956564903259
0.14852941176470588,0.5567307692307693,0.7167907953262329
0.14852941176470588,0.5596153846153846,0.7165123820304871
0.15,0.5596153846153846,0.7158917784690857
0.15,0.5625,0.7151631712913513
0.1514705882352941,0.5625,0.7146864533424377
0.1514705882352941,0.5634615384615385,0.7146473526954651
0.15220588235294116,0.5634615384615385,0.7144999504089355
0.15220588235294116,0.5653846153846154,0.7143593430519104
0.15441176470588236,0.5653846153846154,0.7130932807922363
0.15441176470588236,0.573076923076923,0.7103027105331421
0.15661764705882353,0.573076923076923,0.7088271975517273
0.15661764705882353,0.5740384615384615,0.7084710001945496
0.15735294117647058,0.5740384615384615,0.708214282989502
0.15735294117647058,0.5759615384615384,0.7075555324554443
0.15808823529411764,0.5759615384615384,0.7071459293365479
0.15808823529411764,0.5769230769230769,0.7070217728614807
0.15955882352941175,0.5769230769230769,0.7068309783935547
0.15955882352941175,0.5798076923076924,0.7060714960098267
0.16029411764705884,0.5798076923076924,0.7060433030128479
0.16029411764705884,0.5817307692307693,0.7060146927833557
0.16176470588235295,0.5817307692307693,0.7058517336845398
0.16176470588235295,0.5875,0.7042531967163086
0.1625,0.5875,0.704136848449707
0.1625,0.5884615384615385,0.7038280963897705
0.16323529411764706,0.5884615384615385,0.7036898136138916
0.16323529411764706,0.5894230769230769,0.7034893035888672
0.16544117647058823,0.5894230769230769,0.7024343013763428
0.16544117647058823,0.5923076923076923,0.70196133852005
0.1661764705882353,0.5923076923076923,0.7019491195678711
0.1661764705882353,0.5942307692307692,0.701402485370636
0.1676470588235294,0.5942307692307692,0.7012516260147095
0.1676470588235294,0.5951923076923077,0.7006815075874329
0.16911764705882354,0.5951923076923077,0.7001358270645142
0.16911764705882354,0.5971153846153846,0.700013279914856
0.1698529411764706,0.5971153846153846,0.6998820304870605
0.1698529411764706,0.6,0.6985559463500977
0.17205882352941176,0.6,0.6977592706680298
0.17205882352941176,0.6009615384615384,0.6976792812347412
0.17279411764705882,0.6009615384615384,0.6975710988044739
0.17279411764705882,0.6038461538461538,0.6970056891441345
0.17426470588235293,0.6038461538461538,0.6967084407806396
0.17426470588235293,0.6057692307692307,0.6964042782783508
0.17647058823529413,0.6057692307692307,0.6957315802574158
0.17647058823529413,0.6115384615384616,0.6951595544815063
0.17794117647058824,0.6115384615384616,0.6946912407875061
0.17794117647058824,0.6125,0.6946431994438171
0.1801470588235294,0.6125,0.6941491365432739
0.1801470588235294,0.6134615384615385,0.6938457489013672
0.18088235294117647,0.6134615384615385,0.6935673356056213
0.18088235294117647,0.6173076923076923,0.6928635239601135
0.18235294117647058,0.6173076923076923,0.6924206614494324
0.18235294117647058,0.6201923076923077,0.6917529702186584
0.18308823529411763,0.6201923076923077,0.6917282938957214
0.18308823529411763,0.6230769230769231,0.6910585165023804
0.1860294117647059,0.6230769230769231,0.6903364062309265
0.1860294117647059,0.625,0.6897198557853699
0.18676470588235294,0.625,0.68882817029953
0.18676470588235294,0.6269230769230769,0.6883515119552612
0.18823529411764706,0.6269230769230769,0.6879933476448059
0.18823529411764706,0.6278846153846154,0.6879711747169495
0.1889705882352941,0.6278846153846154,0.6873269081115723
0.1889705882352941,0.6288461538461538,0.6872271299362183
0.18970588235294117,0.6288461538461538,0.6870443224906921
0.18970588235294117,0.6298076923076923,0.6867676377296448
0.19044117647058822,0.6298076923076923,0.6862548589706421
0.19044117647058822,0.6317307692307692,0.6855981945991516
0.19264705882352942,0.6317307692307692,0.6848582625389099
0.19264705882352942,0.6394230769230769,0.6828477382659912
0.19338235294117648,0.6394230769230769,0.6827863454818726
0.19338235294117648,0.6403846153846153,0.6825817227363586
0.19411764705882353,0.6403846153846153,0.6822233200073242
0.19411764705882353,0.6413461538461539,0.6821218729019165
0.19558823529411765,0.6413461538461539,0.6820023059844971
0.19558823529411765,0.6442307692307693,0.681706428527832
0.1963235294117647,0.6442307692307693,0.681418776512146
0.1963235294117647,0.6451923076923077,0.6808382868766785
0.19926470588235295,0.6451923076923077,0.6803136467933655
0.19926470588235295,0.6480769230769231,0.6799988150596619
0.20073529411764707,0.6480769230769231,0.6798772215843201
0.20073529411764707,0.6490384615384616,0.6792823076248169
0.20147058823529412,0.6490384615384616,0.6790646314620972
0.20147058823529412,0.6538461538461539,0.6773979663848877
0.20294117647058824,0.6538461538461539,0.6767029166221619
0.20294117647058824,0.6548076923076923,0.6762941479682922
0.2036764705882353,0.6548076923076923,0.6762086749076843
0.2036764705882353,0.6567307692307692,0.6757827997207642
0.20441176470588235,0.6567307692307692,0.675593376159668
0.20441176470588235,0.6586538461538461,0.6754974722862244
0.2051470588235294,0.6586538461538461,0.6751582026481628
0.2051470588235294,0.6596153846153846,0.6751156449317932
0.2088235294117647,0.6596153846153846,0.674473226070404
0.2088235294117647,0.6615384615384615,0.6742579936981201
0.21029411764705883,0.6615384615384615,0.6736736297607422
0.21029411764705883,0.6653846153846154,0.6722525954246521
0.21102941176470588,0.6653846153846154,0.6720023155212402
0.21102941176470588,0.6740384615384616,0.6707882285118103
0.21176470588235294,0.6740384615384616,0.6705009937286377
0.21176470588235294,0.675,0.6702450513839722
0.2125,0.675,0.6702091693878174
0.2125,0.6778846153846154,0.6699848175048828
0.2139705882352941,0.6778846153846154,0.6699328422546387
0.2139705882352941,0.6817307692307693,0.6696189045906067
0.21544117647058825,0.6817307692307693,0.6688916683197021
0.21544117647058825,0.6826923076923077,0.6687525510787964
0.2161764705882353,0.6826923076923077,0.6686582565307617
0.2161764705882353,0.6836538461538462,0.6684454083442688
0.21764705882352942,0.6836538461538462,0.6680044531822205
0.21764705882352942,0.6875,0.6670404672622681
0.21838235294117647,0.6875,0.6668680310249329
0.21838235294117647,0.6913461538461538,0.6659122109413147
0.21911764705882353,0.6913461538461538,0.665618360042572
0.21911764705882353,0.6961538461538461,0.6652124524116516
0.21985294117647058,0.6961538461538461,0.6645420789718628
0.21985294117647058,0.6971153846153846,0.6644802093505859
0.22058823529411764,0.6971153846153846,0.6643426418304443
0.22058823529411764,0.6990384615384615,0.6640703082084656
0.2213235294117647,0.6990384615384615,0.6636447906494141
0.2213235294117647,0.7,0.663575291633606
0.2235294117647059,0.7,0.6628652811050415
0.2235294117647059,0.7048076923076924,0.6616531610488892
0.225,0.7048076923076924,0.6610364317893982
0.225,0.7086538461538462,0.6600466370582581
0.22573529411764706,0.7086538461538462,0.6597374677658081
0.22573529411764706,0.7115384615384616,0.65926194190979
0.22647058823529412,0.7115384615384616,0.6588553190231323
0.22647058823529412,0.7134615384615385,0.6588036417961121
0.22720588235294117,0.7134615384615385,0.6586464643478394
0.22720588235294117,0.7153846153846154,0.6576453447341919
0.22794117647058823,0.7153846153846154,0.6575644016265869
0.22794117647058823,0.7163461538461539,0.6574654579162598
0.2286764705882353,0.7163461538461539,0.6573842167854309
0.2286764705882353,0.7173076923076923,0.6572833061218262
0.22941176470588234,0.7173076923076923,0.6572487950325012
0.22941176470588234,0.7182692307692308,0.6570075750350952
0.2301470588235294,0.7182692307692308,0.6569079160690308
0.2301470588235294,0.7230769230769231,0.655767560005188
0.2323529411764706,0.7230769230769231,0.6545680165290833
0.2323529411764706,0.7259615384615384,0.6536411643028259
0.23308823529411765,0.7259615384615384,0.6536320447921753
0.23308823529411765,0.7307692307692307,0.651741623878479
0.2338235294117647,0.7307692307692307,0.651683509349823
0.2338235294117647,0.7336538461538461,0.6504491567611694
0.23455882352941176,0.7336538461538461,0.6502795219421387
0.23455882352941176,0.7365384615384616,0.6498000621795654
0.23529411764705882,0.7365384615384616,0.6497544646263123
0.23529411764705882,0.7413461538461539,0.6487850546836853
0.23602941176470588,0.7413461538461539,0.648653507232666
0.23602941176470588,0.7432692307692308,0.6480410099029541
0.23823529411764705,0.7432692307692308,0.6466889977455139
0.23823529411764705,0.7471153846153846,0.6449634432792664
0.23897058823529413,0.7471153846153846,0.644928514957428
0.23897058823529413,0.7557692307692307,0.6426555514335632
0.23970588235294119,0.7557692307692307,0.6426265835762024
0.23970588235294119,0.7567307692307692,0.6423323750495911
0.24044117647058824,0.7567307692307692,0.6423233151435852
0.24044117647058824,0.7615384615384615,0.641095757484436
0.2411764705882353,0.7615384615384615,0.6410025358200073
0.2411764705882353,0.7701923076923077,0.6369282007217407
0.2426470588235294,0.7701923076923077,0.6363593935966492
0.2426470588235294,0.7721153846153846,0.6356832981109619
0.24338235294117647,0.7721153846153846,0.6356602907180786
0.24338235294117647,0.7740384615384616,0.6353523135185242
0.24411764705882352,0.7740384615384616,0.6349493861198425
0.24411764705882352,0.7788461538461539,0.6320542693138123
0.24632352941176472,0.7788461538461539,0.631247341632843
0.24632352941176472,0.7846153846153846,0.6300328373908997
0.24705882352941178,0.7846153846153846,0.6297573447227478
0.24705882352941178,0.7875,0.6278201937675476
0.24779411764705883,0.7875,0.6275567412376404
0.24779411764705883,0.7884615384615384,0.6267023682594299
0.25,0.7884615384615384,0.6259579658508301
0.25,0.7942307692307692,0.6245680451393127
0.2514705882352941,0.7942307692307692,0.6243187785148621
0.2514705882352941,0.7951923076923076,0.6234108209609985
0.25220588235294117,0.7951923076923076,0.6232562065124512
0.25220588235294117,0.7961538461538461,0.6224631071090698
0.2536764705882353,0.7961538461538461,0.6214293837547302
0.2536764705882353,0.7971153846153847,0.6209873557090759
0.25441176470588234,0.7971153846153847,0.6207644939422607
0.25441176470588234,0.8009615384615385,0.6184396743774414
0.2551470588235294,0.8009615384615385,0.6179712414741516
0.2551470588235294,0.801923076923077,0.6176560521125793
0.25588235294117645,0.801923076923077,0.6166940927505493
0.25588235294117645,0.8038461538461539,0.6156203150749207
0.25735294117647056,0.8038461538461539,0.6139892339706421
0.25735294117647056,0.8057692307692308,0.6134275197982788
0.25882352941176473,0.8057692307692308,0.6117104887962341
0.25882352941176473,0.8067307692307693,0.6113443970680237
0.2595588235294118,0.8067307692307693,0.6105025410652161
0.2595588235294118,0.8076923076923077,0.6098324060440063
0.26176470588235295,0.8076923076923077,0.6081464886665344
0.26176470588235295,0.8086538461538462,0.608008623123169
0.2625,0.8086538461538462,0.6070712804794312
0.2625,0.8096153846153846,0.6065548658370972
0.26323529411764707,0.8096153846153846,0.6052940487861633
0.26323529411764707,0.8105769230769231,0.6052535176277161
0.2639705882352941,0.8105769230769231,0.6051591634750366
0.2639705882352941,0.8125,0.6048895716667175
0.2713235294117647,0.8125,0.60147625207901
0.2713235294117647,0.8134615384615385,0.6007403135299683
0.27205882352941174,0.8134615384615385,0.6006430983543396
0.27205882352941174,0.8144230769230769,0.5999810099601746
0.2772058823529412,0.8144230769230769,0.5963028073310852
0.2772058823529412,0.8153846153846154,0.5961048007011414
0.2823529411764706,0.8153846153846154,0.5917237997055054
0.2823529411764706,0.8163461538461538,0.5911298990249634
0.28455882352941175,0.8163461538461538,0.5901048183441162
0.28455882352941175,0.8192307692307692,0.5890572667121887
0.2852941176470588,0.8192307692307692,0.5889927744865417
0.2852941176470588,0.8201923076923077,0.588531494140625
0.2867647058823529,0.8201923076923077,0.5881392955780029
0.2867647058823529,0.823076923076923,0.5874025821685791
0.28823529411764703,0.823076923076923,0.5871536135673523
0.28823529411764703,0.8240384615384615,0.5871111154556274
0.2897058823529412,0.8240384615384615,0.5866885781288147
0.2897058823529412,0.825,0.5862932801246643
0.2926470588235294,0.825,0.5848560333251953
0.2926470588235294,0.8259615384615384,0.5845301747322083
0.29411764705882354,0.8259615384615384,0.5831679701805115
0.29411764705882354,0.8269230769230769,0.5827266573905945
0.29558823529411765,0.8269230769230769,0.5813016891479492
0.29558823529411765,0.8278846153846153,0.5811125636100769
0.30661764705882355,0.8278846153846153,0.5751464366912842
0.30661764705882355,0.8288461538461539,0.5749531984329224
0.30808823529411766,0.8288461538461539,0.5746178030967712
0.30808823529411766,0.8298076923076924,0.5738816261291504
0.3088235294117647,0.8298076923076924,0.5738530158996582
0.3088235294117647,0.8317307692307693,0.5727736949920654
0.3161764705882353,0.8317307692307693,0.5699334740638733
0.3161764705882353,0.8336538461538462,0.568871796131134
0.31838235294117645,0.8336538461538462,0.5671558380126953
0.31838235294117645,0.8346153846153846,0.5666767954826355
0.3191176470588235,0.8346153846153846,0.566123366355896
0.3191176470588235,0.8355769230769231,0.5659210681915283
0.3220588235294118,0.8355769230769231,0.5653252005577087
0.3220588235294118,0.8365384615384616,0.5650616884231567
0.325,0.8365384615384616,0.5637945532798767
0.325,0.8375,0.5637873411178589
0.32573529411764707,0.8375,0.5635924339294434
0.32573529411764707,0.8403846153846154,0.5628470182418823
0.3264705882352941,0.8403846153846154,0.5623481869697571
0.3264705882352941,0.8413461538461539,0.5621511340141296
0.33088235294117646,0.8413461538461539,0.5603380799293518
0.33088235294117646,0.8442307692307692,0.5599021315574646
0.33308823529411763,0.8442307692307692,0.5585579872131348
0.33308823529411763,0.8471153846153846,0.5573563575744629
0.33455882352941174,0.8471153846153846,0.5564751029014587
0.33455882352941174,0.8480769230769231,0.5558810830116272
0.3360294117647059,0.8480769230769231,0.5552322268486023
0.3360294117647059,0.8490384615384615,0.5552166700363159
0.3397058823529412,0.8490384615384615,0.554702877998352
0.3397058823529412,0.85,0.5540714263916016
0.34044117647058825,0.85,0.5538702011108398
0.34044117647058825,0.8509615384615384,0.5537711977958679
0.34191176470588236,0.8509615384615384,0.5535011887550354
0.34191176470588236,0.8519230769230769,0.5529573559761047
0.34411764705882353,0.8519230769230769,0.5523573756217957
0.34411764705882353,0.8538461538461538,0.5520074963569641
0.3448529411764706,0.8538461538461538,0.5513283014297485
0.3448529411764706,0.8548076923076923,0.5512169599533081
0.3477941176470588,0.8548076923076923,0.5502873063087463
0.3477941176470588,0.8567307692307692,0.5496554374694824
0.3492647058823529,0.8567307692307692,0.5491065382957458
0.3492647058823529,0.8586538461538461,0.5486231446266174
0.35,0.8586538461538461,0.5484575033187866
0.35,0.8596153846153847,0.5481598973274231
0.3514705882352941,0.8596153846153847,0.5479304790496826
0.3514705882352941,0.8615384615384616,0.5469927191734314
0.35441176470588237,0.8615384615384616,0.5461794137954712
0.35441176470588237,0.8625,0.5453693866729736
0.3551470588235294,0.8625,0.5448479652404785
0.3551470588235294,0.8634615384615385,0.5447402596473694
0.3558823529411765,0.8634615384615385,0.5445985794067383
0.3558823529411765,0.864423076923077,0.5443373918533325
0.35808823529411765,0.864423076923077,0.5438684225082397
0.35808823529411765,0.8653846153846154,0.5436316728591919
0.3602941176470588,0.8653846153846154,0.543189287185669
0.3602941176470588,0.8663461538461539,0.5430922508239746
0.36323529411764705,0.8663461538461539,0.542162299156189
0.36323529411764705,0.8682692307692308,0.5419545769691467
0.3639705882352941,0.8682692307692308,0.5418349504470825
0.3639705882352941,0.8692307692307693,0.5417734384536743
0.3669117647058823,0.8692307692307693,0.5408542156219482
0.3669117647058823,0.8701923076923077,0.5405198931694031
0.36764705882352944,0.8701923076923077,0.5400837659835815
0.36764705882352944,0.8711538461538462,0.5400594472885132
0.3735294117647059,0.8711538461538462,0.5389414429664612
0.3735294117647059,0.8721153846153846,0.5388765931129456
0.37426470588235294,0.8721153846153846,0.538043737411499
0.37426470588235294,0.8730769230769231,0.5372587442398071
0.3779411764705882,0.8730769230769231,0.5362542271614075
0.3779411764705882,0.8759615384615385,0.5357536673545837
0.3830882352941177,0.8759615384615385,0.5332697033882141
0.3830882352941177,0.8769230769230769,0.5330632925033569
0.3845588235294118,0.8769230769230769,0.5320909023284912
0.3845588235294118,0.8778846153846154,0.5319017767906189
0.38529411764705884,0.8778846153846154,0.531485378742218
0.38529411764705884,0.8807692307692307,0.5313493013381958
0.38676470588235295,0.8807692307692307,0.5299072861671448
0.38676470588235295,0.8817307692307692,0.5296759009361267
0.3889705882352941,0.8817307692307692,0.5291570425033569
0.3889705882352941,0.8826923076923077,0.5291463732719421
0.3897058823529412,0.8826923076923077,0.5289332270622253
0.3897058823529412,0.8836538461538461,0.528854250907898
0.39191176470588235,0.8836538461538461,0.5283809900283813
0.39191176470588235,0.8846153846153846,0.5282355546951294
0.3941176470588235,0.8846153846153846,0.5271917581558228
0.3941176470588235,0.885576923076923,0.5271914601325989
0.39558823529411763,0.885576923076923,0.5271031260490417
0.39558823529411763,0.8865384615384615,0.5270212888717651
0.39705882352941174,0.8865384615384615,0.5267618894577026
0.39705882352941174,0.8875,0.5266616940498352
0.3985294117647059,0.8875,0.5251588821411133
0.3985294117647059,0.8884615384615384,0.5251559019088745
0.4,0.8884615384615384,0.5245355367660522
0.4,0.8894230769230769,0.5240926146507263
0.4007352941176471,0.8894230769230769,0.5239847302436829
0.4007352941176471,0.8903846153846153,0.5238590240478516
0.4036764705882353,0.8903846153846153,0.5228206515312195
0.4036764705882353,0.8913461538461539,0.5227243900299072
0.40441176470588236,0.8913461538461539,0.522243320941925
0.40441176470588236,0.8923076923076924,0.5221003890037537
0.4051470588235294,0.8923076923076924,0.5220136642456055
0.4051470588235294,0.8942307692307693,0.5215478539466858
0.4073529411764706,0.8942307692307693,0.5212504267692566
0.4073529411764706,0.8951923076923077,0.5212193131446838
0.4161764705882353,0.8951923076923077,0.5176661610603333
0.4161764705882353,0.8971153846153846,0.517282247543335
0.4176470588235294,0.8971153846153846,0.5168650150299072
0.4176470588235294,0.8990384615384616,0.5167439579963684
0.4198529411764706,0.8990384615384616,0.5163957476615906
0.4198529411764706,0.9,0.5163294076919556
0.4213235294117647,0.9,0.5157495737075806
0.4213235294117647,0.9009615384615385,0.5144609808921814
0.4235294117647059,0.9009615384615385,0.5130473971366882
0.4235294117647059,0.9019230769230769,0.5127062797546387
0.42867647058823527,0.9019230769230769,0.5112479329109192
0.42867647058823527,0.9038461538461539,0.5111395716667175
0.43308823529411766,0.9038461538461539,0.51020747423172
0.43308823529411766,0.9048076923076923,0.5099547505378723
0.4338235294117647,0.9048076923076923,0.5099003911018372
0.4338235294117647,0.9057692307692308,0.5096397995948792
0.43823529411764706,0.9057692307692308,0.508280873298645
0.43823529411764706,0.9067307692307692,0.5081413984298706
0.4404411764705882,0.9067307692307692,0.507536768913269
0.4404411764705882,0.9076923076923077,0.5070579648017883
0.44632352941176473,0.9076923076923077,0.5053607821464539
0.44632352941176473,0.9086538461538461,0.5053262114524841
0.45,0.9086538461538461,0.5038759708404541
0.45,0.9105769230769231,0.5033974647521973
0.4514705882352941,0.9105769230769231,0.5028936862945557
0.4514705882352941,0.9125,0.5026609301567078
0.4522058823529412,0.9125,0.5025396943092346
0.4522058823529412,0.9134615384615384,0.502377986907959
0.4551470588235294,0.9134615384615384,0.5016770362854004
0.4551470588235294,0.9144230769230769,0.501555860042572
0.45588235294117646,0.9144230769230769,0.5012475848197937
0.45588235294117646,0.9153846153846154,0.5011271238327026
0.4566176470588235,0.9153846153846154,0.5010892748832703
0.4566176470588235,0.9163461538461538,0.5005484819412231
0.4588235294117647,0.9163461538461538,0.4994964897632599
0.4588235294117647,0.9173076923076923,0.4994334578514099
0.4602941176470588,0.9173076923076923,0.49846744537353516
0.4602941176470588,0.9182692307692307,0.49811896681785583
0.4625,0.9182692307692307,0.4975200593471527
0.4625,0.9192307692307692,0.4961378872394562
0.46397058823529413,0.9192307692307692,0.49603331089019775
0.46397058823529413,0.9201923076923076,0.495893269777298
0.4647058823529412,0.9201923076923076,0.49587029218673706
0.4647058823529412,0.9211538461538461,0.4955958425998688
0.46691176470588236,0.9211538461538461,0.49513283371925354
0.46691176470588236,0.9221153846153847,0.49480533599853516
0.4698529411764706,0.9221153846153847,0.49354857206344604
0.4698529411764706,0.9230769230769231,0.4933527410030365
0.4727941176470588,0.9230769230769231,0.49241021275520325
0.4727941176470588,0.9240384615384616,0.4923150837421417
0.47794117647058826,0.9240384615384616,0.4900839328765869
0.47794117647058826,0.925,0.48997968435287476
0.4808823529411765,0.925,0.48866915702819824
0.4808823529411765,0.9259615384615385,0.4884988069534302
0.48161764705882354,0.9259615384615385,0.48823633790016174
0.48161764705882354,0.926923076923077,0.4881487786769867
0.49117647058823527,0.926923076923077,0.48612093925476074
0.49117647058823527,0.9278846153846154,0.4861055016517639
0.49558823529411766,0.9278846153846154,0.4838976263999939
0.49558823529411766,0.9288461538461539,0.48385128378868103
0.5007352941176471,0.9288461538461539,0.4823683798313141
0.5007352941176471,0.9298076923076923,0.4820631444454193
0.5044117647058823,0.9298076923076923,0.4811887741088867
0.5044117647058823,0.9307692307692308,0.4809888005256653
0.5102941176470588,0.9307692307692308,0.480579137802124
0.5102941176470588,0.9317307692307693,0.48014146089553833
0.5154411764705882,0.9317307692307693,0.4791545569896698
0.5154411764705882,0.9326923076923077,0.47871318459510803
0.5161764705882353,0.9326923076923077,0.4784623086452484
0.5161764705882353,0.9346153846153846,0.47767752408981323
0.5257352941176471,0.9346153846153846,0.4739370346069336
0.5257352941176471,0.9355769230769231,0.47317802906036377
0.5272058823529412,0.9355769230769231,0.4727199971675873
0.5272058823529412,0.9375,0.4717402160167694
0.5367647058823529,0.9375,0.4691876769065857
0.5367647058823529,0.9394230769230769,0.4688839614391327
0.5433823529411764,0.9394230769230769,0.4671047031879425
0.5433823529411764,0.9403846153846154,0.4659217596054077
0.5485294117647059,0.9403846153846154,0.46377503871917725
0.5485294117647059,0.9413461538461538,0.4635320007801056
0.5580882352941177,0.9413461538461538,0.4591282308101654
0.5580882352941177,0.9423076923076923,0.45872175693511963
0.586764705882353,0.9423076923076923,0.4440650939941406
0.586764705882353,0.9432692307692307,0.44291648268699646
0.5941176470588235,0.9432692307692307,0.4367879033088684
0.5941176470588235,0.9442307692307692,0.43603405356407166
0.6102941176470589,0.9442307692307692,0.4212857484817505
0.6102941176470589,0.9451923076923077,0.42085108160972595
0.6161764705882353,0.9451923076923077,0.41355347633361816
0.6161764705882353,0.9461538461538461,0.41105911135673523
0.6235294117647059,0.9461538461538461,0.4045771658420563
0.6235294117647059,0.9471153846153846,0.40446168184280396
0.6301470588235294,0.9471153846153846,0.3985879719257355
0.6301470588235294,0.948076923076923,0.3984187841415405
0.6316176470588235,0.948076923076923,0.39687028527259827
0.6316176470588235,0.95,0.39593616127967834
0.6338235294117647,0.95,0.3954336643218994
0.6338235294117647,0.9509615384615384,0.39520490169525146
0.638235294117647,0.9509615384615384,0.3917471170425415
0.638235294117647,0.9519230769230769,0.3915427625179291
0.6411764705882353,0.9519230769230769,0.38885942101478577
0.6411764705882353,0.9528846153846153,0.38884422183036804
0.6455882352941177,0.9528846153846153,0.3861510455608368
0.6455882352941177,0.9548076923076924,0.38445809483528137
0.6536764705882353,0.9548076923076924,0.3778778910636902
0.6536764705882353,0.9557692307692308,0.3770489990711212
0.6544117647058824,0.9557692307692308,0.376722127199173
0.6544117647058824,0.9576923076923077,0.37519407272338867
0.6558823529411765,0.9576923076923077,0.3738226890563965
0.6558823529411765,0.9586538461538462,0.373616486787796
0.6595588235294118,0.9586538461538462,0.3687835931777954
0.6595588235294118,0.9605769230769231,0.36827805638313293
0.6602941176470588,0.9605769230769231,0.3676414489746094
0.6602941176470588,0.9625,0.3667115867137909
0.6610294117647059,0.9625,0.36589449644088745
0.6610294117647059,0.9634615384615385,0.36542603373527527
0.6617647058823529,0.9634615384615385,0.365250825881958
0.6617647058823529,0.9644230769230769,0.3650061786174774
0.663235294117647,0.9644230769230769,0.36293914914131165
0.663235294117647,0.9653846153846154,0.3629287779331207
0.6647058823529411,0.9653846153846154,0.3628728985786438
0.6647058823529411,0.9663461538461539,0.36286401748657227
0.6654411764705882,0.9663461538461539,0.3625488877296448
0.6654411764705882,0.9682692307692308,0.36130836606025696
0.6683823529411764,0.9682692307692308,0.35637128353118896
0.6683823529411764,0.9701923076923077,0.35515642166137695
0.6698529411764705,0.9701923076923077,0.35408711433410645
0.6698529411764705,0.9711538461538461,0.35372886061668396
0.6852941176470588,0.9711538461538461,0.3459460735321045
0.6852941176470588,0.9730769230769231,0.3451753854751587
0.6875,0.9730769230769231,0.3436477780342102
0.6875,0.975,0.34202104806900024
0.6941176470588235,0.975,0.3390212655067444
0.6941176470588235,0.9769230769230769,0.3366028070449829
0.6992647058823529,0.9769230769230769,0.33392226696014404
0.6992647058823529,0.9778846153846154,0.33367112278938293
0.7051470588235295,0.9778846153846154,0.3323548138141632
0.7051470588235295,0.9788461538461538,0.33073368668556213
0.7073529411764706,0.9788461538461538,0.32789120078086853
0.7073529411764706,0.9798076923076923,0.3278072476387024
0.7139705882352941,0.9798076923076923,0.32369592785835266
0.7139705882352941,0.9807692307692307,0.3232768177986145
0.9264705882352942,0.9807692307692307,0.15144579112529755
0.9264705882352942,0.9826923076923076,0.12948600947856903
0.9272058823529412,0.9826923076923076,0.1253998726606369
0.9272058823529412,0.9836538461538461,0.12316659837961197
0.9308823529411765,0.9836538461538461,0.114095538854599
0.9308823529411765,0.9855769230769231,0.11148636043071747
0.9323529411764706,0.9855769230769231,0.11111563444137573
0.9323529411764706,0.9923076923076923,0.10592488199472427
0.9345588235294118,0.9923076923076923,0.10344114154577255
0.9345588235294118,0.9932692307692308,0.10279849916696548
0.9360294117647059,0.9932692307692308,0.10241847485303879
0.9360294117647059,0.9961538461538462,0.10166686773300171
0.9375,0.9961538461538462,0.10139923542737961
0.9375,0.9971153846153846,0.10137595236301422
0.9382352941176471,0.9971153846153846,0.10046302527189255
0.9382352941176471,1.0,0.09944373369216919
1.0,1.0,0.06875742226839066
