FPR,TPR,Threshold
0.0,0.0,1.9661980867385864
0.0,0.0009615384615384616,0.9661980867385864
0.0,0.03076923076923077,0.938782811164856
0.0007352941176470588,0.03076923076923077,0.9385095834732056
0.0007352941176470588,0.03365384615384615,0.936699628829956
0.0014705882352941176,0.03365384615384615,0.9354636073112488
0.0014705882352941176,0.03461538461538462,0.9354397058486938
0.0022058823529411764,0.03461538461538462,0.9349904656410217
0.0022058823529411764,0.03653846153846154,0.9335604310035706
0.003676470588235294,0.03653846153846154,0.9335121512413025
0.003676470588235294,0.038461538461538464,0.9329912066459656
0.0058823529411764705,0.038461538461538464,0.9299691319465637
0.0058823529411764705,0.03942307692307692,0.9297207593917847
0.008088235294117648,0.03942307692307692,0.9291192293167114
0.008088235294117648,0.04038461538461539,0.928273618221283
0.008823529411764706,0.04038461538461539,0.9279564023017883
0.008823529411764706,0.05384615384615385,0.9233061075210571
0.009558823529411765,0.05384615384615385,0.9212980270385742
0.009558823529411765,0.07884615384615384,0.9038153290748596
0.010294117647058823,0.07884615384615384,0.9036970734596252
0.010294117647058823,0.08365384615384615,0.9032379984855652
0.011029411764705883,0.08365384615384615,0.9024946093559265
0.011029411764705883,0.08557692307692308,0.9021412134170532
0.011764705882352941,0.08557692307692308,0.9016839265823364
0.011764705882352941,0.09230769230769231,0.8959710597991943
0.0125,0.09230769230769231,0.8933575749397278
0.0125,0.10480769230769231,0.8899996280670166
0.013235294117647059,0.10480769230769231,0.8899467587471008
0.013235294117647059,0.11346153846153846,0.8807775378227234
0.013970588235294118,0.11346153846153846,0.8801349997520447
0.013970588235294118,0.11730769230769231,0.8770068883895874
0.014705882352941176,0.11730769230769231,0.8756877779960632
0.014705882352941176,0.13173076923076923,0.8678808212280273
0.015441176470588236,0.13173076923076923,0.8674497604370117
0.015441176470588236,0.13942307692307693,0.8649380803108215
0.016176470588235296,0.13942307692307693,0.864906907081604
0.016176470588235296,0.15096153846153845,0.8574930429458618
0.016911764705882352,0.15096153846153845,0.8571158051490784
0.016911764705882352,0.1519230769230769,0.856671154499054
0.01764705882352941,0.1519230769230769,0.8566603064537048
0.01764705882352941,0.15673076923076923,0.85460364818573
0.01838235294117647,0.15673076923076923,0.854337215423584
0.01838235294117647,0.16153846153846155,0.8516141772270203
0.019852941176470587,0.16153846153846155,0.8501558303833008
0.019852941176470587,0.16538461538461538,0.8477912545204163
0.020588235294117647,0.16538461538461538,0.8469467759132385
0.020588235294117647,0.17403846153846153,0.8423637747764587
0.021323529411764706,0.17403846153846153,0.8406252264976501
0.021323529411764706,0.1951923076923077,0.8318542838096619
0.022058823529411766,0.1951923076923077,0.8317608833312988
0.022058823529411766,0.19615384615384615,0.8300473093986511
0.026470588235294117,0.19615384615384615,0.8256264925003052
0.026470588235294117,0.21923076923076923,0.8159843683242798
0.027205882352941177,0.21923076923076923,0.8144583106040955
0.027205882352941177,0.23653846153846153,0.7974903583526611
0.027941176470588237,0.23653846153846153,0.796995222568512
0.027941176470588237,0.23846153846153847,0.7959000468254089
0.028676470588235293,0.23846153846153847,0.7951339483261108
0.028676470588235293,0.24711538461538463,0.7898397445678711
0.029411764705882353,0.24711538461538463,0.7894106507301331
0.029411764705882353,0.2519230769230769,0.7873324155807495
0.030147058823529412,0.2519230769230769,0.7871774435043335
0.030147058823529412,0.2605769230769231,0.7826178073883057
0.03161764705882353,0.2605769230769231,0.7824745774269104
0.03161764705882353,0.275,0.7772098779678345
0.033823529411764704,0.275,0.7748119831085205
0.033823529411764704,0.27884615384615385,0.7728840112686157
0.03455882352941177,0.27884615384615385,0.7727099657058716
0.03455882352941177,0.28173076923076923,0.7712284922599792
0.03529411764705882,0.28173076923076923,0.7699224352836609
0.03529411764705882,0.28942307692307695,0.7650256156921387
0.03602941176470588,0.28942307692307695,0.7646979093551636
0.03602941176470588,0.2923076923076923,0.763805627822876
0.03676470588235294,0.2923076923076923,0.7637556791305542
0.03676470588235294,0.2932692307692308,0.7619760036468506
0.03897058823529412,0.2932692307692308,0.7612184882164001
0.03897058823529412,0.2951923076923077,0.7609582543373108
0.039705882352941174,0.2951923076923077,0.7608605623245239
0.039705882352941174,0.29615384615384616,0.7606602907180786
0.041176470588235294,0.29615384615384616,0.7599821090698242
0.041176470588235294,0.2980769230769231,0.7596484422683716
0.04191176470588235,0.2980769230769231,0.7595880031585693
0.04191176470588235,0.30096153846153845,0.7593482732772827
0.04264705882352941,0.30096153846153845,0.7591047286987305
0.04264705882352941,0.3019230769230769,0.759088397026062
0.04338235294117647,0.3019230769230769,0.7590391039848328
0.04338235294117647,0.30288461538461536,0.7586194276809692
0.04485294117647059,0.30288461538461536,0.757149875164032
0.04485294117647059,0.30480769230769234,0.7563585042953491
0.045588235294117645,0.30480769230769234,0.755951464176178
0.045588235294117645,0.3105769230769231,0.7529745697975159
0.04632352941176471,0.3105769230769231,0.7526729702949524
0.04632352941176471,0.3125,0.7520700097084045
0.047058823529411764,0.3125,0.7519437074661255
0.047058823529411764,0.31634615384615383,0.7511307597160339
0.04779411764705882,0.31634615384615383,0.7510284185409546
0.04779411764705882,0.32019230769230766,0.7500953078269958
0.04926470588235294,0.32019230769230766,0.7483822703361511
0.04926470588235294,0.3230769230769231,0.7480359673500061
0.05,0.3230769230769231,0.7479837536811829
0.05,0.3298076923076923,0.7448900938034058
0.05073529411764706,0.3298076923076923,0.7444600462913513
0.05073529411764706,0.33076923076923076,0.7444391250610352
0.051470588235294115,0.33076923076923076,0.7440564036369324
0.051470588235294115,0.3346153846153846,0.7434054017066956
0.05220588235294118,0.3346153846153846,0.7432653307914734
0.05220588235294118,0.33557692307692305,0.7431676983833313
0.05367647058823529,0.33557692307692305,0.7424452900886536
0.05367647058823529,0.3375,0.7409929633140564
0.054411764705882354,0.3375,0.7407349348068237
0.054411764705882354,0.3384615384615385,0.7403309941291809
0.05514705882352941,0.3384615384615385,0.7400506138801575
0.05514705882352941,0.3403846153846154,0.7375558018684387
0.05588235294117647,0.3403846153846154,0.7375014424324036
0.05588235294117647,0.3423076923076923,0.7373020052909851
0.057352941176470586,0.3423076923076923,0.7371498346328735
0.057352941176470586,0.34615384615384615,0.7349820733070374
0.05808823529411765,0.34615384615384615,0.7346568703651428
0.05808823529411765,0.35096153846153844,0.7324663996696472
0.058823529411764705,0.35096153846153844,0.7320228219032288
0.058823529411764705,0.3576923076923077,0.7293503284454346
0.06102941176470588,0.3576923076923077,0.7287657260894775
0.06102941176470588,0.3605769230769231,0.7280100584030151
0.061764705882352944,0.3605769230769231,0.7277012467384338
0.061764705882352944,0.3644230769230769,0.726028561592102
0.0625,0.3644230769230769,0.7260115146636963
0.0625,0.37115384615384617,0.7227267622947693
0.06323529411764706,0.37115384615384617,0.7222929000854492
0.06323529411764706,0.37403846153846154,0.7188530564308167
0.06397058823529411,0.37403846153846154,0.7184547781944275
0.06397058823529411,0.37596153846153846,0.7178781032562256
0.06544117647058824,0.37596153846153846,0.7168275117874146
0.06544117647058824,0.3817307692307692,0.7129827737808228
0.0661764705882353,0.3817307692307692,0.7126631736755371
0.0661764705882353,0.3836538461538462,0.7122704386711121
0.06764705882352941,0.3836538461538462,0.7115601301193237
0.06764705882352941,0.3855769230769231,0.7092471122741699
0.06838235294117648,0.3855769230769231,0.7090161442756653
0.06838235294117648,0.38653846153846155,0.7089797854423523
0.06911764705882353,0.38653846153846155,0.7084634304046631
0.06911764705882353,0.3875,0.7080947160720825
0.07058823529411765,0.3875,0.7077551484107971
0.07058823529411765,0.3903846153846154,0.7071937322616577
0.07205882352941176,0.3903846153846154,0.7067992091178894
0.07205882352941176,0.39134615384615384,0.706533670425415
0.07426470588235294,0.39134615384615384,0.7058433294296265
0.07426470588235294,0.3923076923076923,0.7055182456970215
0.07573529411764705,0.3923076923076923,0.704607367515564
0.07573529411764705,0.39326923076923076,0.7044748663902283
0.07647058823529412,0.39326923076923076,0.7042191624641418
0.07647058823529412,0.4009615384615385,0.7014154195785522
0.07720588235294118,0.4009615384615385,0.700922966003418
0.07720588235294118,0.40576923076923077,0.6999001502990723
0.07794117647058824,0.40576923076923077,0.699142575263977
0.07794117647058824,0.40673076923076923,0.6990877389907837
0.07941176470588235,0.40673076923076923,0.698804497718811
0.07941176470588235,0.41057692307692306,0.6975315809249878
0.08088235294117647,0.41057692307692306,0.6974002718925476
0.08088235294117647,0.4125,0.6969093680381775
0.08161764705882353,0.4125,0.696628987789154
0.08161764705882353,0.42115384615384616,0.6950249671936035
0.08235294117647059,0.42115384615384616,0.6948038339614868
0.08235294117647059,0.4269230769230769,0.6935684084892273
0.08308823529411764,0.4269230769230769,0.69328773021698
0.08308823529411764,0.4288461538461538,0.6928853988647461
0.0838235294117647,0.4288461538461538,0.6925745606422424
0.0838235294117647,0.4307692307692308,0.6917022466659546
0.08602941176470588,0.4307692307692308,0.6907713413238525
0.08602941176470588,0.4326923076923077,0.6903079748153687
0.08676470588235294,0.4326923076923077,0.6899850368499756
0.08676470588235294,0.43365384615384617,0.6896811127662659
0.0875,0.43365384615384617,0.6885601282119751
0.0875,0.43653846153846154,0.6872565746307373
0.08897058823529412,0.43653846153846154,0.6865673065185547
0.08897058823529412,0.4394230769230769,0.6858482956886292
0.09044117647058823,0.4394230769230769,0.6856991052627563
0.09044117647058823,0.4423076923076923,0.6850934028625488
0.09264705882352942,0.4423076923076923,0.6849387288093567
0.09264705882352942,0.44326923076923075,0.684384286403656
0.09411764705882353,0.44326923076923075,0.6835441589355469
0.09411764705882353,0.44519230769230766,0.6820356845855713
0.09485294117647058,0.44519230769230766,0.6815942525863647
0.09485294117647058,0.45,0.6806617975234985
0.09779411764705882,0.45,0.6795443296432495
0.09779411764705882,0.45096153846153847,0.6792828440666199
0.1,0.45096153846153847,0.677617609500885
0.1,0.4634615384615385,0.6746448278427124
0.10073529411764706,0.4634615384615385,0.6741825342178345
0.10073529411764706,0.46442307692307694,0.673691987991333
0.10441176470588236,0.46442307692307694,0.6716623902320862
0.10441176470588236,0.46634615384615385,0.6708070039749146
0.10588235294117647,0.46634615384615385,0.6699586510658264
0.10588235294117647,0.4673076923076923,0.6694955229759216
0.10661764705882353,0.4673076923076923,0.6693925857543945
0.10661764705882353,0.46826923076923077,0.6693288683891296
0.10735294117647058,0.46826923076923077,0.6681923866271973
0.10735294117647058,0.4721153846153846,0.6679282784461975
0.10882352941176471,0.4721153846153846,0.6675194501876831
0.10882352941176471,0.47307692307692306,0.6669458746910095
0.10955882352941176,0.47307692307692306,0.6669423580169678
0.10955882352941176,0.47596153846153844,0.6665003299713135
0.11029411764705882,0.47596153846153844,0.6663965582847595
0.11029411764705882,0.47692307692307695,0.6660183072090149
0.11102941176470588,0.47692307692307695,0.6655133366584778
0.11102941176470588,0.47884615384615387,0.6651915311813354
0.1125,0.47884615384615387,0.6645011305809021
0.1125,0.4798076923076923,0.6642431616783142
0.11397058823529412,0.4798076923076923,0.6640899777412415
0.11397058823529412,0.4807692307692308,0.6636895537376404
0.11470588235294117,0.4807692307692308,0.66349196434021
0.11470588235294117,0.48173076923076924,0.663047730922699
0.11911764705882352,0.48173076923076924,0.6616173386573792
0.11911764705882352,0.4826923076923077,0.6596089005470276
0.11985294117647059,0.4826923076923077,0.6588050127029419
0.11985294117647059,0.4875,0.657962441444397
0.12058823529411765,0.4875,0.6578583121299744
0.12058823529411765,0.4932692307692308,0.6570560336112976
0.12205882352941176,0.4932692307692308,0.656329333782196
0.12205882352941176,0.4971153846153846,0.655502200126648
0.12279411764705882,0.4971153846153846,0.6554996967315674
0.12279411764705882,0.5019230769230769,0.6529920101165771
0.12352941176470589,0.5019230769230769,0.6529268026351929
0.12352941176470589,0.5038461538461538,0.6527040600776672
0.12426470588235294,0.5038461538461538,0.6525377035140991
0.12426470588235294,0.5048076923076923,0.6524460315704346
0.1323529411764706,0.5048076923076923,0.6487061977386475
0.1323529411764706,0.5057692307692307,0.6485530138015747
0.1338235294117647,0.5057692307692307,0.6480594277381897
0.1338235294117647,0.5096153846153846,0.6469095349311829
0.13897058823529412,0.5096153846153846,0.6446830630302429
0.13897058823529412,0.5134615384615384,0.6427991390228271
0.14338235294117646,0.5134615384615384,0.6418783068656921
0.14338235294117646,0.5163461538461539,0.6415366530418396
0.14411764705882352,0.5163461538461539,0.6415202617645264
0.14411764705882352,0.5240384615384616,0.6393635272979736
0.1448529411764706,0.5240384615384616,0.6389933228492737
0.1448529411764706,0.5278846153846154,0.6379861831665039
0.14558823529411766,0.5278846153846154,0.6374915838241577
0.14558823529411766,0.5288461538461539,0.6373105645179749
0.1463235294117647,0.5288461538461539,0.6372020244598389
0.1463235294117647,0.5298076923076923,0.6369333267211914
0.14705882352941177,0.5298076923076923,0.6368217468261719
0.14705882352941177,0.5307692307692308,0.6367061138153076
0.14852941176470588,0.5307692307692308,0.6363801956176758
0.14852941176470588,0.5317307692307692,0.6363394260406494
0.14926470588235294,0.5317307692307692,0.635506272315979
0.14926470588235294,0.5384615384615384,0.632306694984436
0.15,0.5384615384615384,0.6320649981498718
0.15,0.5432692307692307,0.6306949257850647
0.15073529411764705,0.5432692307692307,0.6306613087654114
0.15073529411764705,0.5442307692307692,0.6304089426994324
0.15220588235294116,0.5442307692307692,0.6303461194038391
0.15220588235294116,0.5490384615384616,0.629187285900116
0.15294117647058825,0.5490384615384616,0.6290962100028992
0.15294117647058825,0.551923076923077,0.6280108094215393
0.1536764705882353,0.551923076923077,0.6278560757637024
0.1536764705882353,0.5528846153846154,0.62742680311203
0.15441176470588236,0.5528846153846154,0.627270519733429
0.15441176470588236,0.5567307692307693,0.6266483664512634
0.15588235294117647,0.5567307692307693,0.6262146234512329
0.15588235294117647,0.5596153846153846,0.6260945796966553
0.15661764705882353,0.5596153846153846,0.6259568929672241
0.15661764705882353,0.5605769230769231,0.6257376670837402
0.15808823529411764,0.5605769230769231,0.6250853538513184
0.15808823529411764,0.5615384615384615,0.6248981952667236
0.1588235294117647,0.5615384615384615,0.6244780421257019
0.1588235294117647,0.5663461538461538,0.6227757930755615
0.15955882352941175,0.5663461538461538,0.6226366758346558
0.15955882352941175,0.5673076923076923,0.6224411725997925
0.16029411764705884,0.5673076923076923,0.6224173307418823
0.16029411764705884,0.5692307692307692,0.6211881637573242
0.1610294117647059,0.5692307692307692,0.6209143996238708
0.1610294117647059,0.5721153846153846,0.6202549338340759
0.1625,0.5721153846153846,0.6185680627822876
0.1625,0.573076923076923,0.6182889342308044
0.16323529411764706,0.573076923076923,0.6181405186653137
0.16323529411764706,0.5769230769230769,0.6170905232429504
0.16544117647058823,0.5769230769230769,0.6169308423995972
0.16544117647058823,0.5836538461538462,0.6163216233253479
0.16691176470588234,0.5836538461538462,0.615861177444458
0.16691176470588234,0.5865384615384616,0.6152997016906738
0.1713235294117647,0.5865384615384616,0.6143201589584351
0.1713235294117647,0.5875,0.614319384098053
0.17205882352941176,0.5875,0.6137605905532837
0.17205882352941176,0.5884615384615385,0.6132057309150696
0.17352941176470588,0.5884615384615385,0.6128819584846497
0.17352941176470588,0.5923076923076923,0.6124021410942078
0.17426470588235293,0.5923076923076923,0.6123747229576111
0.17426470588235293,0.5942307692307692,0.6121856570243835
0.175,0.5942307692307692,0.6120015978813171
0.175,0.6009615384615384,0.6099507212638855
0.17647058823529413,0.6009615384615384,0.6097169518470764
0.17647058823529413,0.6019230769230769,0.6096769571304321
0.17941176470588235,0.6019230769230769,0.6088325381278992
0.17941176470588235,0.6048076923076923,0.6084684133529663
0.18382352941176472,0.6048076923076923,0.6078993082046509
0.18382352941176472,0.6067307692307692,0.6068512201309204
0.18529411764705883,0.6067307692307692,0.6064671874046326
0.18529411764705883,0.6076923076923076,0.6063742637634277
0.1860294117647059,0.6076923076923076,0.6051310896873474
0.1860294117647059,0.6086538461538461,0.604981005191803
0.1875,0.6086538461538461,0.6047260761260986
0.1875,0.6105769230769231,0.6041187644004822
0.19044117647058822,0.6105769230769231,0.6016741991043091
0.19044117647058822,0.6125,0.6012651920318604
0.19338235294117648,0.6125,0.5993946194648743
0.19338235294117648,0.6230769230769231,0.5953900814056396
0.1948529411764706,0.6230769230769231,0.594256579875946
0.1948529411764706,0.6240384615384615,0.5942525863647461
0.19705882352941176,0.6240384615384615,0.5934463739395142
0.19705882352941176,0.625,0.5923519134521484
0.19779411764705881,0.625,0.5906803607940674
0.19779411764705881,0.6278846153846154,0.5900773406028748
0.19852941176470587,0.6278846153846154,0.589946985244751
0.19852941176470587,0.6317307692307692,0.5881986021995544
0.19926470588235295,0.6317307692307692,0.5868433117866516
0.19926470588235295,0.6336538461538461,0.5864479541778564
0.20147058823529412,0.6336538461538461,0.58601975440979
0.20147058823529412,0.6346153846153846,0.5858911275863647
0.20220588235294118,0.6346153846153846,0.5854058265686035
0.20220588235294118,0.6365384615384615,0.5845072865486145
0.20294117647058824,0.6365384615384615,0.5844802856445312
0.20294117647058824,0.6384615384615384,0.5840745568275452
0.2036764705882353,0.6384615384615384,0.5840487480163574
0.2036764705882353,0.6413461538461539,0.5831500887870789
0.20441176470588235,0.6413461538461539,0.5831478238105774
0.20441176470588235,0.6423076923076924,0.5829489827156067
0.2051470588235294,0.6423076923076924,0.5826345086097717
0.2051470588235294,0.6451923076923077,0.5803181529045105
0.20588235294117646,0.6451923076923077,0.5797845721244812
0.20588235294117646,0.6471153846153846,0.5788488984107971
0.2073529411764706,0.6471153846153846,0.5783858299255371
0.2073529411764706,0.65,0.5781292915344238
0.20808823529411766,0.65,0.5778652429580688
0.20808823529411766,0.6509615384615385,0.5773255228996277
0.21029411764705883,0.6509615384615385,0.5771151185035706
0.21029411764705883,0.6586538461538461,0.5743890404701233
0.2125,0.6586538461538461,0.5735321044921875
0.2125,0.6596153846153846,0.5725277066230774
0.21323529411764705,0.6596153846153846,0.5723517537117004
0.21323529411764705,0.6605769230769231,0.5723452568054199
0.21544117647058825,0.6605769230769231,0.5715339183807373
0.21544117647058825,0.6615384615384615,0.5710096955299377
0.2161764705882353,0.6615384615384615,0.5708612203598022
0.2161764705882353,0.6625,0.570799708366394
0.21764705882352942,0.6625,0.5695138573646545
0.21764705882352942,0.6634615384615384,0.5689784288406372
0.21838235294117647,0.6634615384615384,0.5688656568527222
0.21838235294117647,0.6644230769230769,0.5688126087188721
0.21985294117647058,0.6644230769230769,0.5683531165122986
0.21985294117647058,0.6711538461538461,0.5666278004646301
0.22279411764705884,0.6711538461538461,0.5646133422851562
0.22279411764705884,0.6730769230769231,0.5639823079109192
0.2235294117647059,0.6730769230769231,0.5639116168022156
0.2235294117647059,0.675,0.5619854927062988
0.22426470588235295,0.675,0.5617569088935852
0.22426470588235295,0.6759615384615385,0.5613684058189392
0.225,0.6759615384615385,0.5605303049087524
0.225,0.6788461538461539,0.5601418018341064
0.22573529411764706,0.6788461538461539,0.5598711967468262
0.22573529411764706,0.6817307692307693,0.5589238405227661
0.22720588235294117,0.6817307692307693,0.5585768818855286
0.22720588235294117,0.6846153846153846,0.55768221616745
0.2286764705882353,0.6846153846153846,0.5571594834327698
0.2286764705882353,0.6855769230769231,0.5571550130844116
0.2301470588235294,0.6855769230769231,0.5565111041069031
0.2301470588235294,0.6865384615384615,0.5555301904678345
0.23529411764705882,0.6865384615384615,0.5539061427116394
0.23529411764705882,0.6951923076923077,0.5489687323570251
0.23602941176470588,0.6951923076923077,0.5487319827079773
0.23602941176470588,0.6971153846153846,0.5466853380203247
0.2375,0.6971153846153846,0.5465152859687805
0.2375,0.698076923076923,0.5462081432342529
0.23823529411764705,0.698076923076923,0.5454013347625732
0.23823529411764705,0.7067307692307693,0.5416765809059143
0.23897058823529413,0.7067307692307693,0.5411614179611206
0.23897058823529413,0.7086538461538462,0.5408957004547119
0.24044117647058824,0.7086538461538462,0.5402428507804871
0.24044117647058824,0.7096153846153846,0.5401943325996399
0.24191176470588235,0.7096153846153846,0.5398592352867126
0.24191176470588235,0.7105769230769231,0.5393936634063721
0.2426470588235294,0.7105769230769231,0.5390476584434509
0.2426470588235294,0.7115384615384616,0.5388175249099731
0.24338235294117647,0.7115384615384616,0.538650393486023
0.24338235294117647,0.7134615384615385,0.5365074276924133
0.24485294117647058,0.7134615384615385,0.5362860560417175
0.24485294117647058,0.7153846153846154,0.5359023809432983
0.24558823529411763,0.7153846153846154,0.5354844331741333
0.24558823529411763,0.7173076923076923,0.535179615020752
0.2485294117647059,0.7173076923076923,0.5338233709335327
0.2485294117647059,0.7182692307692308,0.5323678255081177
0.25,0.7182692307692308,0.5320770144462585
0.25,0.7192307692307692,0.5319322347640991
0.2529411764705882,0.7192307692307692,0.5301316976547241
0.2529411764705882,0.7201923076923077,0.5300976634025574
0.2536764705882353,0.7201923076923077,0.5291627645492554
0.2536764705882353,0.725,0.5266669392585754
0.25441176470588234,0.725,0.5260274410247803
0.25441176470588234,0.7278846153846154,0.525058388710022
0.2566176470588235,0.7278846153846154,0.5228295922279358
0.2566176470588235,0.7298076923076923,0.5225499868392944
0.25735294117647056,0.7298076923076923,0.5222446918487549
0.25735294117647056,0.7307692307692307,0.5222068428993225
0.2580882352941177,0.7307692307692307,0.5221747756004333
0.2580882352941177,0.7365384615384616,0.520858883857727
0.2595588235294118,0.7365384615384616,0.52059406042099
0.2595588235294118,0.7375,0.5204876065254211
0.26029411764705884,0.7375,0.5204822421073914
0.26029411764705884,0.7384615384615385,0.520195722579956
0.26176470588235295,0.7384615384615385,0.5196765065193176
0.26176470588235295,0.7403846153846154,0.5194475650787354
0.26323529411764707,0.7403846153846154,0.5185286998748779
0.26323529411764707,0.7423076923076923,0.5175054669380188
0.2647058823529412,0.7423076923076923,0.5162749886512756
0.2647058823529412,0.7432692307692308,0.5159373879432678
0.26544117647058824,0.7432692307692308,0.5156662464141846
0.26544117647058824,0.7461538461538462,0.5152767300605774
0.2676470588235294,0.7461538461538462,0.5146154165267944
0.2676470588235294,0.7490384615384615,0.513806939125061
0.26838235294117646,0.7490384615384615,0.5112850069999695
0.26838235294117646,0.7528846153846154,0.5086600184440613
0.2691176470588235,0.7528846153846154,0.5081842541694641
0.2691176470588235,0.7557692307692307,0.5059388875961304
0.2713235294117647,0.7557692307692307,0.5050228834152222
0.2713235294117647,0.7576923076923077,0.5045858025550842
0.27205882352941174,0.7576923076923077,0.5039601922035217
0.27205882352941174,0.7586538461538461,0.5024063587188721
0.2735294117647059,0.7586538461538461,0.5012601017951965
0.2735294117647059,0.7634615384615384,0.4998801052570343
0.27426470588235297,0.7634615384615384,0.499877005815506
0.27426470588235297,0.7673076923076924,0.49832430481910706
0.27647058823529413,0.7673076923076924,0.4971783757209778
0.27647058823529413,0.7692307692307693,0.4961221516132355
0.27794117647058825,0.7692307692307693,0.4960574507713318
0.27794117647058825,0.7730769230769231,0.4944150745868683
0.2786764705882353,0.7730769230769231,0.49367788434028625
0.2786764705882353,0.7740384615384616,0.493268221616745
0.27941176470588236,0.7740384615384616,0.4927179515361786
0.27941176470588236,0.7778846153846154,0.49166053533554077
0.28088235294117647,0.7778846153846154,0.49054792523384094
0.28088235294117647,0.7788461538461539,0.4890516400337219
0.28308823529411764,0.7788461538461539,0.4880533516407013
0.28308823529411764,0.7798076923076923,0.4879189431667328
0.2838235294117647,0.7798076923076923,0.4862433671951294
0.2838235294117647,0.7913461538461538,0.48157986998558044
0.28455882352941175,0.7913461538461538,0.48154598474502563
0.28455882352941175,0.7923076923076923,0.48154541850090027
0.2852941176470588,0.7923076923076923,0.4809931516647339
0.2852941176470588,0.7942307692307692,0.48049360513687134
0.2867647058823529,0.7942307692307692,0.4802354574203491
0.2867647058823529,0.7951923076923076,0.4800857901573181
0.2875,0.7951923076923076,0.4800800085067749
0.2875,0.7961538461538461,0.4791910946369171
0.28823529411764703,0.7961538461538461,0.4791361391544342
0.28823529411764703,0.8009615384615385,0.47543275356292725
0.2889705882352941,0.8009615384615385,0.47536638379096985
0.2889705882352941,0.8028846153846154,0.4730071723461151
0.29191176470588237,0.8028846153846154,0.47186726331710815
0.29191176470588237,0.8057692307692308,0.4704253673553467
0.2933823529411765,0.8057692307692308,0.47021567821502686
0.2933823529411765,0.8096153846153846,0.46953096985816956
0.29411764705882354,0.8096153846153846,0.46947163343429565
0.29411764705882354,0.8105769230769231,0.4693849980831146
0.3,0.8105769230769231,0.4685284495353699
0.3,0.8115384615384615,0.46849751472473145
0.30073529411764705,0.8115384615384615,0.4683499336242676
0.30073529411764705,0.8134615384615385,0.4680429995059967
0.30220588235294116,0.8134615384615385,0.4675866961479187
0.30220588235294116,0.8144230769230769,0.4673486053943634
0.3029411764705882,0.8144230769230769,0.46690335869789124
0.3029411764705882,0.8153846153846154,0.46546390652656555
0.30367647058823527,0.8153846153846154,0.4646279215812683
0.30367647058823527,0.8163461538461538,0.4633743166923523
0.30661764705882355,0.8163461538461538,0.4620002210140228
0.30661764705882355,0.8173076923076923,0.4614177644252777
0.3073529411764706,0.8173076923076923,0.46128636598587036
0.3073529411764706,0.8182692307692307,0.46115437150001526
0.3088235294117647,0.8182692307692307,0.4604608118534088
0.3088235294117647,0.8192307692307692,0.460277259349823
0.3110294117647059,0.8192307692307692,0.45810043811798096
0.3110294117647059,0.8201923076923077,0.45798274874687195
0.3125,0.8201923076923077,0.457184374332428
0.3125,0.8211538461538461,0.4560298025608063
0.3139705882352941,0.8211538461538461,0.45527422428131104
0.3139705882352941,0.825,0.4540548026561737
0.31470588235294117,0.825,0.4536949098110199
0.31470588235294117,0.8269230769230769,0.45350393652915955
0.3176470588235294,0.8269230769230769,0.4509858787059784
0.3176470588235294,0.8278846153846153,0.4506262540817261
0.3191176470588235,0.8278846153846153,0.45042088627815247
0.3191176470588235,0.8288461538461539,0.45031508803367615
0.3205882352941177,0.8288461538461539,0.4497990310192108
0.3205882352941177,0.8298076923076924,0.44871780276298523
0.32132352941176473,0.8298076923076924,0.44851526618003845
0.32132352941176473,0.8307692307692308,0.44836530089378357
0.3220588235294118,0.8307692307692308,0.4481518864631653
0.3220588235294118,0.8317307692307693,0.44800668954849243
0.32279411764705884,0.8317307692307693,0.44797682762145996
0.32279411764705884,0.8336538461538462,0.4474315643310547
0.32426470588235295,0.8336538461538462,0.44685691595077515
0.32426470588235295,0.8403846153846154,0.4445672035217285
0.325,0.8403846153846154,0.4443536698818207
0.325,0.8413461538461539,0.443911612033844
0.32573529411764707,0.8413461538461539,0.4438531696796417
0.32573529411764707,0.8423076923076923,0.44382742047309875
0.3264705882352941,0.8423076923076923,0.44366657733917236
0.3264705882352941,0.8432692307692308,0.44314926862716675
0.3272058823529412,0.8432692307692308,0.4430762231349945
0.3272058823529412,0.8442307692307692,0.44302335381507874
0.3301470588235294,0.8442307692307692,0.44015389680862427
0.3301470588235294,0.8471153846153846,0.43955713510513306
0.3316176470588235,0.8471153846153846,0.43934357166290283
0.3316176470588235,0.8480769230769231,0.43897882103919983
0.33308823529411763,0.8480769230769231,0.4380602240562439
0.33308823529411763,0.8490384615384615,0.43763330578804016
0.3360294117647059,0.8490384615384615,0.4362417161464691
0.3360294117647059,0.8519230769230769,0.4354100525379181
0.33676470588235297,0.8519230769230769,0.43514347076416016
0.33676470588235297,0.8528846153846154,0.43510669469833374
0.33897058823529413,0.8528846153846154,0.43451231718063354
0.33897058823529413,0.8538461538461538,0.4340817630290985
0.3397058823529412,0.8538461538461538,0.4337131083011627
0.3397058823529412,0.8548076923076923,0.4334200918674469
0.34338235294117647,0.8548076923076923,0.4317597448825836
0.34338235294117647,0.8557692307692307,0.4313215911388397
0.34558823529411764,0.8557692307692307,0.4304526746273041
0.34558823529411764,0.8567307692307692,0.43023842573165894
0.3463235294117647,0.8567307692307692,0.43022456765174866
0.3463235294117647,0.8576923076923076,0.4301586449146271
0.34705882352941175,0.8576923076923076,0.42961814999580383
0.34705882352941175,0.8586538461538461,0.42955145239830017
0.3477941176470588,0.8586538461538461,0.428908109664917
0.3477941176470588,0.8596153846153847,0.4281787872314453
0.34852941176470587,0.8596153846153847,0.4279148280620575
0.34852941176470587,0.8605769230769231,0.4277397692203522
0.35,0.8605769230769231,0.42672276496887207
0.35,0.8615384615384616,0.42672044038772583
0.3536764705882353,0.8615384615384616,0.42437830567359924
0.3536764705882353,0.8625,0.42336225509643555
0.35441176470588237,0.8625,0.4232829213142395
0.35441176470588237,0.8634615384615385,0.423016756772995
0.3551470588235294,0.8634615384615385,0.42296716570854187
0.3551470588235294,0.864423076923077,0.4229529798030853
0.35661764705882354,0.864423076923077,0.42225930094718933
0.35661764705882354,0.8673076923076923,0.4218941926956177
0.3588235294117647,0.8673076923076923,0.42036986351013184
0.3588235294117647,0.8682692307692308,0.41926372051239014
0.3610294117647059,0.8682692307692308,0.41838157176971436
0.3610294117647059,0.8692307692307693,0.41758039593696594
0.36176470588235293,0.8692307692307693,0.41705092787742615
0.36176470588235293,0.8711538461538462,0.416873961687088
0.3639705882352941,0.8711538461538462,0.41651445627212524
0.3639705882352941,0.8721153846153846,0.4156026244163513
0.3669117647058823,0.8721153846153846,0.41429346799850464
0.3669117647058823,0.8740384615384615,0.41343069076538086
0.37279411764705883,0.8740384615384615,0.411197304725647
0.37279411764705883,0.875,0.4109007716178894
0.37426470588235294,0.875,0.41074663400650024
0.37426470588235294,0.8759615384615385,0.4106636941432953
0.37941176470588234,0.8759615384615385,0.4095380902290344
0.37941176470588234,0.8769230769230769,0.4094838798046112
0.38088235294117645,0.8769230769230769,0.4080527424812317
0.38088235294117645,0.8778846153846154,0.40786221623420715
0.3845588235294118,0.8778846153846154,0.4057183861732483
0.3845588235294118,0.8788461538461538,0.4056389331817627
0.3911764705882353,0.8788461538461538,0.4022408723831177
0.3911764705882353,0.8798076923076923,0.40198853611946106
0.3977941176470588,0.8798076923076923,0.39909628033638
0.3977941176470588,0.8807692307692307,0.3990258276462555
0.40808823529411764,0.8807692307692307,0.3937130570411682
0.40808823529411764,0.8826923076923077,0.392806738615036
0.40955882352941175,0.8826923076923077,0.3920680284500122
0.40955882352941175,0.8836538461538461,0.39180654287338257
0.4102941176470588,0.8836538461538461,0.3912706971168518
0.4102941176470588,0.8846153846153846,0.3907983899116516
0.41102941176470587,0.8846153846153846,0.3906395733356476
0.41102941176470587,0.8865384615384615,0.3905668258666992
0.4117647058823529,0.8865384615384615,0.38975682854652405
0.4117647058823529,0.8875,0.389621764421463
0.4125,0.8875,0.38934558629989624
0.4125,0.8894230769230769,0.3884429931640625
0.4147058823529412,0.8894230769230769,0.38653862476348877
0.4147058823529412,0.8903846153846153,0.38647496700286865
0.41911764705882354,0.8903846153846153,0.38564908504486084
0.41911764705882354,0.8923076923076924,0.38530224561691284
0.42058823529411765,0.8923076923076924,0.3840874135494232
0.42058823529411765,0.8932692307692308,0.38408294320106506
0.4213235294117647,0.8932692307692308,0.38339459896087646
0.4213235294117647,0.8951923076923077,0.3830849230289459
0.4227941176470588,0.8951923076923077,0.38227516412734985
0.4227941176470588,0.8971153846153846,0.3820475935935974
0.4264705882352941,0.8971153846153846,0.3807445466518402
0.4264705882352941,0.8990384615384616,0.3805740177631378
0.4279411764705882,0.8990384615384616,0.3797878623008728
0.4279411764705882,0.9,0.37977316975593567
0.43161764705882355,0.9,0.3776845633983612
0.43161764705882355,0.9009615384615385,0.37756502628326416
0.43308823529411766,0.9009615384615385,0.3769826889038086
0.43308823529411766,0.9028846153846154,0.37669456005096436
0.4338235294117647,0.9028846153846154,0.3766326606273651
0.4338235294117647,0.9038461538461539,0.3758775591850281
0.4455882352941177,0.9038461538461539,0.3715832531452179
0.4455882352941177,0.9057692307692308,0.37134116888046265
0.45294117647058824,0.9057692307692308,0.3689231276512146
0.45294117647058824,0.9067307692307692,0.3688504993915558
0.4536764705882353,0.9067307692307692,0.3687741160392761
0.4536764705882353,0.9086538461538461,0.3680976331233978
0.4573529411764706,0.9086538461538461,0.36687758564949036
0.4573529411764706,0.9096153846153846,0.3668687641620636
0.45955882352941174,0.9096153846153846,0.3658294975757599
0.45955882352941174,0.9105769230769231,0.36539557576179504
0.4602941176470588,0.9105769230769231,0.3652920722961426
0.4602941176470588,0.9115384615384615,0.36507129669189453
0.4632352941176471,0.9115384615384615,0.3644089698791504
0.4632352941176471,0.9125,0.36422356963157654
0.46691176470588236,0.9125,0.36325082182884216
0.46691176470588236,0.9134615384615384,0.36272773146629333
0.46911764705882353,0.9134615384615384,0.3620709180831909
0.46911764705882353,0.9153846153846154,0.3612632155418396
0.47205882352941175,0.9153846153846154,0.35961583256721497
0.47205882352941175,0.9163461538461538,0.3595098853111267
0.47352941176470587,0.9163461538461538,0.3572916090488434
0.47352941176470587,0.9173076923076923,0.35721826553344727
0.47941176470588237,0.9173076923076923,0.35534000396728516
0.47941176470588237,0.9182692307692307,0.3552241921424866
0.48308823529411765,0.9182692307692307,0.3532010018825531
0.48308823529411765,0.9192307692307692,0.35308656096458435
0.4838235294117647,0.9192307692307692,0.35271304845809937
0.4838235294117647,0.9201923076923076,0.3525937497615814
0.4860294117647059,0.9201923076923076,0.3506573438644409
0.4860294117647059,0.9211538461538461,0.349955290555954
0.4889705882352941,0.9211538461538461,0.3491598963737488
0.4889705882352941,0.9221153846153847,0.3491576611995697
0.49117647058823527,0.9221153846153847,0.34834885597229004
0.49117647058823527,0.9259615384615385,0.3468758761882782
0.49264705882352944,0.9259615384615385,0.3462723195552826
0.49264705882352944,0.9278846153846154,0.3458841145038605
0.4985294117647059,0.9278846153846154,0.3402024209499359
0.4985294117647059,0.9288461538461539,0.3386313319206238
0.5051470588235294,0.9288461538461539,0.33671924471855164
0.5051470588235294,0.9298076923076923,0.33606213331222534
0.5058823529411764,0.9298076923076923,0.3358548581600189
0.5058823529411764,0.9307692307692308,0.3357330560684204
0.5066176470588235,0.9307692307692308,0.33561715483665466
0.5066176470588235,0.9317307692307693,0.33492323756217957
0.5169117647058824,0.9317307692307693,0.330549418926239
0.5169117647058824,0.9326923076923077,0.3304300606250763
0.5205882352941177,0.9326923076923077,0.3291947841644287
0.5205882352941177,0.9336538461538462,0.3289502263069153
0.524264705882353,0.9336538461538462,0.3281070291996002
0.524264705882353,0.9346153846153846,0.32809457182884216
0.5286764705882353,0.9346153846153846,0.3268873691558838
0.5286764705882353,0.9365384615384615,0.32679179310798645
0.5308823529411765,0.9365384615384615,0.3265063762664795
0.5308823529411765,0.9375,0.3262660801410675
0.5345588235294118,0.9375,0.3253166675567627
0.5345588235294118,0.9384615384615385,0.32519760727882385
0.5470588235294118,0.9384615384615385,0.31917598843574524
0.5470588235294118,0.9394230769230769,0.3187461793422699
0.5477941176470589,0.9394230769230769,0.31852054595947266
0.5477941176470589,0.9403846153846154,0.3178764581680298
0.5522058823529412,0.9403846153846154,0.31586822867393494
0.5522058823529412,0.9423076923076923,0.3149251341819763
0.5536764705882353,0.9423076923076923,0.3140281140804291
0.5536764705882353,0.9432692307692307,0.31387102603912354
0.5544117647058824,0.9432692307692307,0.3136887848377228
0.5544117647058824,0.9442307692307692,0.31354689598083496
0.5551470588235294,0.9442307692307692,0.3126557767391205
0.5551470588235294,0.9451923076923077,0.31247371435165405
0.5610294117647059,0.9451923076923077,0.3034971058368683
0.5610294117647059,0.9461538461538461,0.3025744557380676
0.5882352941176471,0.9461538461538461,0.2893233895301819
0.5882352941176471,0.9471153846153846,0.28931981325149536
0.5889705882352941,0.9471153846153846,0.28899791836738586
0.5889705882352941,0.948076923076923,0.28810545802116394
0.6036764705882353,0.948076923076923,0.27921006083488464
0.6036764705882353,0.9490384615384615,0.27920660376548767
0.6139705882352942,0.9490384615384615,0.27260082960128784
0.6139705882352942,0.95,0.2725871801376343
0.6272058823529412,0.95,0.26369914412498474
0.6272058823529412,0.9528846153846153,0.26251667737960815
0.6286764705882353,0.9528846153846153,0.26191991567611694
0.6286764705882353,0.9538461538461539,0.26179754734039307
0.6330882352941176,0.9538461538461539,0.2581155598163605
0.6330882352941176,0.9548076923076924,0.2578621804714203
0.6338235294117647,0.9548076923076924,0.25744304060935974
0.6338235294117647,0.9557692307692308,0.2571307122707367
0.638235294117647,0.9557692307692308,0.25059396028518677
0.638235294117647,0.9567307692307693,0.25033581256866455
0.6404411764705882,0.9567307692307693,0.24659599363803864
0.6404411764705882,0.9576923076923077,0.2460712343454361
0.6419117647058824,0.9576923076923077,0.2454361766576767
0.6419117647058824,0.9586538461538462,0.24531309306621552
0.6529411764705882,0.9586538461538462,0.24095596373081207
0.6529411764705882,0.9605769230769231,0.2400801032781601
0.6536764705882353,0.9605769230769231,0.2398737072944641
0.6536764705882353,0.9625,0.2385711371898651
0.6595588235294118,0.9625,0.2363637536764145
0.6595588235294118,0.9634615384615385,0.23617859184741974
0.6602941176470588,0.9634615384615385,0.23586326837539673
0.6602941176470588,0.9644230769230769,0.2350950837135315
0.663235294117647,0.9644230769230769,0.2339334487915039
0.663235294117647,0.9653846153846154,0.2339215725660324
0.6698529411764705,0.9653846153846154,0.2310592532157898
0.6698529411764705,0.9663461538461539,0.2306467592716217
0.6823529411764706,0.9663461538461539,0.22471138834953308
0.6823529411764706,0.9673076923076923,0.223993182182312
0.6919117647058823,0.9673076923076923,0.21981555223464966
0.6919117647058823,0.9701923076923077,0.21719834208488464
0.6926470588235294,0.9701923076923077,0.21621470153331757
0.6926470588235294,0.9711538461538461,0.21613666415214539
0.6933823529411764,0.9711538461538461,0.21598461270332336
0.6933823529411764,0.9721153846153846,0.21583254635334015
0.6970588235294117,0.9721153846153846,0.21484346687793732
0.6970588235294117,0.9740384615384615,0.21260584890842438
0.7088235294117647,0.9740384615384615,0.20794138312339783
0.7088235294117647,0.975,0.20755697786808014
0.711764705882353,0.975,0.20604132115840912
0.711764705882353,0.9759615384615384,0.20595404505729675
0.7220588235294118,0.9759615384615384,0.2018023133277893
0.7220588235294118,0.9769230769230769,0.20175984501838684
0.7264705882352941,0.9769230769230769,0.20012134313583374
0.7264705882352941,0.9778846153846154,0.19990523159503937
0.7272058823529411,0.9778846153846154,0.19857241213321686
0.7272058823529411,0.9788461538461538,0.19852624833583832
0.7286764705882353,0.9788461538461538,0.1983315646648407
0.7286764705882353,0.9798076923076923,0.19826053082942963
0.7301470588235294,0.9798076923076923,0.19731870293617249
0.7301470588235294,0.9807692307692307,0.19712227582931519
0.9110294117647059,0.9807692307692307,0.1004856526851654
0.9110294117647059,0.9817307692307692,0.09643171727657318
0.9235294117647059,0.9817307692307692,0.08062302321195602
0.9235294117647059,0.9826923076923076,0.07941834628582001
0.9286764705882353,0.9826923076923076,0.06845395267009735
0.9286764705882353,0.9846153846153847,0.06630141288042068
0.9352941176470588,0.9846153846153847,0.06111578643321991
0.9352941176470588,0.9875,0.05955281853675842
0.9375,0.9875,0.05783097818493843
0.9375,0.9884615384615385,0.05780300125479698
0.9411764705882353,0.9884615384615385,0.053850166499614716
0.9411764705882353,0.989423076923077,0.053761471062898636
0.9426470588235294,0.989423076923077,0.053075771778821945
0.9426470588235294,0.9942307692307693,0.05124529451131821
0.9522058823529411,0.9942307692307693,0.04820113256573677
0.9522058823529411,0.9951923076923077,0.04729738086462021
0.9683823529411765,0.9951923076923077,0.04251965880393982
0.9683823529411765,0.9961538461538462,0.04183194041252136
0.9691176470588235,0.9961538461538462,0.04099925234913826
0.9691176470588235,0.9971153846153846,0.04073135927319527
0.9698529411764706,0.9971153846153846,0.04065915569663048
0.9698529411764706,0.9980769230769231,0.04059679061174393
0.9705882352941176,0.9980769230769231,0.04058427736163139
0.9705882352941176,1.0,0.04016777127981186
1.0,1.0,0.026631560176610947
