FPR,TPR,Threshold
0.0,0.0,1.999731957912445
0.0,0.0002631578947368421,0.9997319579124451
0.0,0.009736842105263158,0.9993259906768799
0.0,0.010263157894736842,0.9993096590042114
0.0,0.06710526315789474,0.9975404739379883
0.0,0.06763157894736842,0.9975326657295227
0.0,0.09473684210526316,0.9959455132484436
0.0,0.09526315789473684,0.9959443211555481
0.0,0.09657894736842106,0.9958208203315735
0.0,0.09710526315789474,0.9958019852638245
0.0,0.23157894736842105,0.9833157658576965
0.0,0.23210526315789473,0.9832316637039185
0.0,0.31157894736842107,0.9714880585670471
0.0,0.3121052631578947,0.9714319109916687
0.0,0.4394736842105263,0.9384862780570984
0.001,0.4394736842105263,0.9384457468986511
0.001,0.49157894736842106,0.9168787598609924
0.002,0.49157894736842106,0.9166586399078369
0.002,0.5223684210526316,0.9027872681617737
0.003,0.5223684210526316,0.9027220606803894
0.003,0.5284210526315789,0.8998775482177734
0.004,0.5284210526315789,0.8996468782424927
0.004,0.5505263157894736,0.8912742733955383
0.005,0.5505263157894736,0.8910819292068481
0.005,0.5531578947368421,0.890103280544281
0.006,0.5531578947368421,0.8899558186531067
0.006,0.5534210526315789,0.8897804617881775
0.007,0.5534210526315789,0.8895537257194519
0.007,0.5552631578947368,0.8885573744773865
0.008,0.5552631578947368,0.8884479999542236
0.008,0.5631578947368421,0.8850299119949341
0.009,0.5631578947368421,0.8848048448562622
0.009,0.5707894736842105,0.8814920783042908
0.01,0.5707894736842105,0.881429135799408
0.01,0.5773684210526315,0.8787915706634521
0.011,0.5773684210526315,0.87877357006073
0.011,0.5781578947368421,0.8784359097480774
0.012,0.5781578947368421,0.8782451748847961
0.012,0.5813157894736842,0.8773950338363647
0.013,0.5813157894736842,0.877362072467804
0.013,0.5976315789473684,0.8702895641326904
0.015,0.5976315789473684,0.8695982098579407
0.015,0.6015789473684211,0.8675726056098938
0.016,0.6015789473684211,0.8675410151481628
0.016,0.6023684210526316,0.8672783374786377
0.017,0.6023684210526316,0.8672689199447632
0.017,0.6042105263157894,0.8668163418769836
0.018,0.6042105263157894,0.8665863871574402
0.018,0.6110526315789474,0.8642381429672241
0.019,0.6110526315789474,0.86419278383255
0.019,0.6136842105263158,0.86286860704422
0.02,0.6136842105263158,0.8628650307655334
0.02,0.6223684210526316,0.8577650785446167
0.021,0.6223684210526316,0.8577427268028259
0.021,0.6226315789473684,0.8576837182044983
0.023,0.6226315789473684,0.8575370907783508
0.023,0.6263157894736842,0.8557499051094055
0.024,0.6263157894736842,0.8555368185043335
0.024,0.63,0.8540782332420349
0.025,0.63,0.8537790775299072
0.025,0.6357894736842106,0.8511087894439697
0.026,0.6357894736842106,0.8510932922363281
0.026,0.6360526315789473,0.8506516218185425
0.027,0.6360526315789473,0.8506249189376831
0.027,0.6389473684210526,0.8484812378883362
0.028,0.6389473684210526,0.8484749794006348
0.028,0.6455263157894737,0.8448634743690491
0.029,0.6455263157894737,0.8447967171669006
0.029,0.6492105263157895,0.8426843285560608
0.03,0.6492105263157895,0.8424325585365295
0.03,0.65,0.8423207998275757
0.031,0.65,0.8422254920005798
0.031,0.6655263157894736,0.8323833346366882
0.032,0.6655263157894736,0.8323610424995422
0.032,0.6676315789473685,0.8314211368560791
0.033,0.6676315789473685,0.8313066959381104
0.033,0.6689473684210526,0.8301033973693848
0.034,0.6689473684210526,0.8299117088317871
0.034,0.6742105263157895,0.8270034193992615
0.035,0.6742105263157895,0.8267808556556702
0.035,0.6760526315789473,0.8260632157325745
0.036,0.6760526315789473,0.825956404209137
0.036,0.6807894736842105,0.8199894428253174
0.037,0.6807894736842105,0.8199336528778076
0.037,0.6828947368421052,0.8185763955116272
0.038,0.6828947368421052,0.8185446858406067
0.038,0.6910526315789474,0.8132238984107971
0.039,0.6910526315789474,0.8131874203681946
0.039,0.6918421052631579,0.8129449486732483
0.04,0.6918421052631579,0.8128185272216797
0.04,0.7015789473684211,0.8032203316688538
0.041,0.7015789473684211,0.8031095862388611
0.041,0.703421052631579,0.8018357157707214
0.042,0.703421052631579,0.8017308115959167
0.042,0.7123684210526315,0.794826090335846
0.043,0.7123684210526315,0.7940766215324402
0.043,0.7305263157894737,0.7826036810874939
0.044,0.7305263157894737,0.7822368741035461
0.044,0.7310526315789474,0.7815473675727844
0.045,0.7310526315789474,0.7814781665802002
0.045,0.7355263157894737,0.7793852090835571
0.046,0.7355263157894737,0.7793199419975281
0.046,0.7505263157894737,0.7652885913848877
0.048,0.7505263157894737,0.7639824151992798
0.048,0.7734210526315789,0.7429847121238708
0.049,0.7734210526315789,0.7428133487701416
0.049,0.7752631578947369,0.7398204803466797
0.05,0.7752631578947369,0.7395416498184204
0.05,0.7768421052631579,0.7370663285255432
0.051,0.7768421052631579,0.7368899583816528
0.051,0.7776315789473685,0.7362167239189148
0.052,0.7776315789473685,0.7360931634902954
0.052,0.7778947368421053,0.7359616160392761
0.053,0.7778947368421053,0.7359184622764587
0.053,0.7781578947368422,0.7358431816101074
0.055,0.7781578947368422,0.7351739406585693
0.055,0.7784210526315789,0.7348201870918274
0.056,0.7784210526315789,0.7347252368927002
0.056,0.78,0.7336203455924988
0.057,0.78,0.7330155372619629
0.057,0.7807894736842105,0.7321828603744507
0.058,0.7807894736842105,0.7319076061248779
0.058,0.7818421052631579,0.7308791279792786
0.059,0.7818421052631579,0.7302338480949402
0.059,0.7836842105263158,0.7278645038604736
0.06,0.7836842105263158,0.7278464436531067
0.06,0.795,0.7174597978591919
0.061,0.795,0.7173652648925781
0.061,0.7981578947368421,0.7148198485374451
0.062,0.7981578947368421,0.7144755721092224
0.062,0.8021052631578948,0.7086286544799805
0.063,0.8021052631578948,0.7085585594177246
0.063,0.8071052631578948,0.7005577683448792
0.064,0.8071052631578948,0.7004141807556152
0.064,0.8086842105263158,0.6986690163612366
0.066,0.8086842105263158,0.6974115371704102
0.066,0.8110526315789474,0.694702684879303
0.067,0.8110526315789474,0.6937809586524963
0.067,0.8118421052631579,0.692731499671936
0.068,0.8118421052631579,0.692559540271759
0.068,0.8139473684210526,0.6893069744110107
0.069,0.8139473684210526,0.6888435482978821
0.069,0.815,0.6861437559127808
0.07,0.815,0.6859903931617737
0.07,0.8173684210526316,0.6840945482254028
0.071,0.8173684210526316,0.6839736700057983
0.071,0.8181578947368421,0.6823969483375549
0.074,0.8181578947368421,0.680781364440918
0.074,0.8189473684210526,0.6790567636489868
0.075,0.8189473684210526,0.6788402795791626
0.075,0.82,0.6771835684776306
0.076,0.82,0.6770657896995544
0.076,0.8207894736842105,0.6764514446258545
0.077,0.8207894736842105,0.6760323643684387
0.077,0.8260526315789474,0.6679752469062805
0.079,0.8260526315789474,0.6668338179588318
0.079,0.8265789473684211,0.6647610664367676
0.08,0.8265789473684211,0.6646624803543091
0.08,0.8307894736842105,0.6577774286270142
0.081,0.8307894736842105,0.6576884388923645
0.081,0.8352631578947368,0.6488661170005798
0.082,0.8352631578947368,0.6485691070556641
0.082,0.8415789473684211,0.6408172845840454
0.083,0.8415789473684211,0.6404486894607544
0.083,0.8431578947368421,0.6384576559066772
0.084,0.8431578947368421,0.6375393867492676
0.084,0.8457894736842105,0.6333590745925903
0.085,0.8457894736842105,0.6332128047943115
0.085,0.8492105263157895,0.625941276550293
0.086,0.8492105263157895,0.625909686088562
0.086,0.85,0.6229224801063538
0.087,0.85,0.6224615573883057
0.087,0.8513157894736842,0.620899498462677
0.088,0.8513157894736842,0.6206986904144287
0.088,0.8531578947368421,0.616521418094635
0.089,0.8531578947368421,0.6155723929405212
0.089,0.8539473684210527,0.6137170195579529
0.09,0.8539473684210527,0.6125409007072449
0.09,0.8555263157894737,0.6096834540367126
0.091,0.8555263157894737,0.6095300316810608
0.091,0.8571052631578947,0.6074375510215759
0.092,0.8571052631578947,0.6066787242889404
0.092,0.86,0.6025486588478088
0.093,0.86,0.6024186015129089
0.093,0.8618421052631579,0.5994551777839661
0.094,0.8618421052631579,0.5980963706970215
0.094,0.868421052631579,0.5886794328689575
0.095,0.868421052631579,0.5886427164077759
0.095,0.8713157894736843,0.5824839472770691
0.096,0.8713157894736843,0.582321286201477
0.096,0.8721052631578947,0.5814305543899536
0.097,0.8721052631578947,0.5812998414039612
0.097,0.8736842105263158,0.5779023170471191
0.098,0.8736842105263158,0.5767478942871094
0.098,0.8760526315789474,0.5734715461730957
0.099,0.8760526315789474,0.5733999609947205
0.099,0.8786842105263157,0.5684338808059692
0.1,0.8786842105263157,0.567807674407959
0.1,0.8807894736842106,0.5654867887496948
0.101,0.8807894736842106,0.5650779604911804
0.101,0.8831578947368421,0.5606231093406677
0.103,0.8831578947368421,0.560344934463501
0.103,0.8868421052631579,0.5569508671760559
0.104,0.8868421052631579,0.5567895770072937
0.104,0.8881578947368421,0.556053638458252
0.106,0.8881578947368421,0.554226279258728
0.106,0.888421052631579,0.5541820526123047
0.107,0.888421052631579,0.554079532623291
0.107,0.8894736842105263,0.5522185564041138
0.108,0.8894736842105263,0.5513604283332825
0.108,0.89,0.5501956343650818
0.109,0.89,0.550139307975769
0.109,0.8902631578947369,0.5496222376823425
0.11,0.8902631578947369,0.5495250821113586
0.11,0.8934210526315789,0.5430474281311035
0.112,0.8934210526315789,0.5406436324119568
0.112,0.8952631578947369,0.5373224020004272
0.116,0.8952631578947369,0.5351409316062927
0.116,0.8955263157894737,0.5348562002182007
0.118,0.8955263157894737,0.5341403484344482
0.118,0.8976315789473684,0.5265014171600342
0.119,0.8976315789473684,0.5262793898582458
0.119,0.8978947368421053,0.5262786746025085
0.12,0.8978947368421053,0.5261412858963013
0.12,0.8984210526315789,0.5244022607803345
0.121,0.8984210526315789,0.5221852660179138
0.121,0.9010526315789473,0.514785885810852
0.122,0.9010526315789473,0.5147000551223755
0.122,0.9023684210526316,0.5108175873756409
0.124,0.9023684210526316,0.510553777217865
0.124,0.9055263157894737,0.5022249221801758
0.125,0.9055263157894737,0.5021756887435913
0.125,0.9057894736842105,0.5016739368438721
0.126,0.9057894736842105,0.5007696151733398
0.126,0.9063157894736842,0.49966108798980713
0.127,0.9063157894736842,0.49805453419685364
0.127,0.9073684210526316,0.4948842227458954
0.128,0.9073684210526316,0.49469077587127686
0.128,0.9084210526315789,0.4904630780220032
0.129,0.9084210526315789,0.48982930183410645
0.129,0.9092105263157895,0.48767179250717163
0.13,0.9092105263157895,0.4873039424419403
0.13,0.9097368421052632,0.48490971326828003
0.131,0.9097368421052632,0.4810524582862854
0.131,0.91,0.48058316111564636
0.132,0.91,0.479701429605484
0.132,0.9102631578947369,0.4779570996761322
0.135,0.9102631578947369,0.4761110246181488
0.135,0.9105263157894737,0.47509339451789856
0.136,0.9105263157894737,0.4740472435951233
0.136,0.9118421052631579,0.4702865183353424
0.141,0.9118421052631579,0.46393534541130066
0.141,0.9123684210526316,0.46207359433174133
0.142,0.9123684210526316,0.46179816126823425
0.142,0.9131578947368421,0.45789894461631775
0.143,0.9131578947368421,0.4557477533817291
0.143,0.9136842105263158,0.4549356698989868
0.144,0.9136842105263158,0.45360636711120605
0.144,0.9142105263157895,0.4520387649536133
0.147,0.9142105263157895,0.44680851697921753
0.147,0.915,0.4409525990486145
0.151,0.915,0.43698036670684814
0.151,0.9157894736842105,0.4329158067703247
0.153,0.9157894736842105,0.42627856135368347
0.153,0.9160526315789473,0.42601513862609863
0.158,0.9160526315789473,0.41819852590560913
0.158,0.916578947368421,0.4167774021625519
0.161,0.916578947368421,0.4134463369846344
0.161,0.9173684210526316,0.4085255563259125
0.162,0.9173684210526316,0.40726539492607117
0.162,0.9181578947368421,0.4024600386619568
0.164,0.9181578947368421,0.40131014585494995
0.164,0.9186842105263158,0.39638471603393555
0.168,0.9186842105263158,0.39080625772476196
0.168,0.9189473684210526,0.3900030851364136
0.17,0.9189473684210526,0.3898780643939972
0.17,0.9192105263157895,0.388971745967865
0.173,0.9192105263157895,0.3877415955066681
0.173,0.9194736842105263,0.38743287324905396
0.174,0.9194736842105263,0.386179119348526
0.174,0.9197368421052632,0.38605597615242004
0.175,0.9197368421052632,0.3856032192707062
0.175,0.92,0.38440418243408203
0.177,0.92,0.38278648257255554
0.177,0.9202631578947369,0.3814581632614136
0.18,0.9202631578947369,0.3792094886302948
0.18,0.9207894736842105,0.3780781924724579
0.181,0.9207894736842105,0.3772753179073334
0.181,0.9210526315789473,0.37547802925109863
0.183,0.9210526315789473,0.3747383654117584
0.183,0.921578947368421,0.3740965723991394
0.184,0.921578947368421,0.371776282787323
0.184,0.9221052631578948,0.36910733580589294
0.188,0.9221052631578948,0.367255300283432
0.188,0.9226315789473685,0.3651461601257324
0.192,0.9226315789473685,0.36028915643692017
0.192,0.9228947368421052,0.3600112497806549
0.193,0.9228947368421052,0.35891976952552795
0.193,0.9234210526315789,0.35790348052978516
0.194,0.9234210526315789,0.3571893274784088
0.194,0.9239473684210526,0.35635101795196533
0.195,0.9239473684210526,0.35627007484436035
0.195,0.9244736842105263,0.3544406592845917
0.196,0.9244736842105263,0.3544355630874634
0.196,0.9247368421052632,0.35345253348350525
0.199,0.9247368421052632,0.3521721661090851
0.199,0.9255263157894736,0.34987160563468933
0.202,0.9255263157894736,0.3492787480354309
0.202,0.9260526315789473,0.34796345233917236
0.205,0.9260526315789473,0.3463612198829651
0.205,0.9265789473684211,0.3447067439556122
0.206,0.9265789473684211,0.3446623682975769
0.206,0.9268421052631579,0.3446353077888489
0.209,0.9268421052631579,0.34369298815727234
0.209,0.9271052631578948,0.3427310287952423
0.216,0.9271052631578948,0.33785611391067505
0.216,0.9273684210526316,0.3375781774520874
0.217,0.9273684210526316,0.33711978793144226
0.217,0.9278947368421052,0.3356216549873352
0.218,0.9278947368421052,0.3355830907821655
0.218,0.9281578947368421,0.3350865840911865
0.222,0.9281578947368421,0.3338530659675598
0.222,0.9286842105263158,0.33314958214759827
0.225,0.9286842105263158,0.33199387788772583
0.225,0.9297368421052632,0.32845956087112427
0.226,0.9297368421052632,0.32838475704193115
0.226,0.9302631578947368,0.32723724842071533
0.227,0.9302631578947368,0.32606348395347595
0.227,0.9305263157894736,0.323940634727478
0.228,0.9305263157894736,0.32390809059143066
0.228,0.9313157894736842,0.32119131088256836
0.229,0.9313157894736842,0.32086238265037537
0.229,0.9318421052631579,0.3203263580799103
0.231,0.9318421052631579,0.3192020356655121
0.231,0.9321052631578948,0.3191790282726288
0.236,0.9321052631578948,0.31175464391708374
0.236,0.9323684210526316,0.31090694665908813
0.238,0.9323684210526316,0.3091016113758087
0.238,0.9326315789473684,0.3077949285507202
0.239,0.9326315789473684,0.3051939904689789
0.239,0.9328947368421052,0.30510014295578003
0.241,0.9328947368421052,0.3014034330844879
0.241,0.9331578947368421,0.3010578751564026
0.243,0.9331578947368421,0.300171434879303
0.243,0.9336842105263158,0.2992249131202698
0.244,0.9336842105263158,0.29915764927864075
0.244,0.9339473684210526,0.2984006702899933
0.246,0.9339473684210526,0.2968672215938568
0.246,0.9342105263157895,0.2965354919433594
0.248,0.9342105263157895,0.2964962124824524
0.248,0.9347368421052632,0.2946610450744629
0.249,0.9347368421052632,0.2927863597869873
0.249,0.9355263157894737,0.29023507237434387
0.25,0.9355263157894737,0.2901982069015503
0.25,0.9357894736842105,0.28990256786346436
0.251,0.9357894736842105,0.28973153233528137
0.251,0.9363157894736842,0.28909924626350403
0.255,0.9363157894736842,0.2852270007133484
0.255,0.9365789473684211,0.28510555624961853
0.256,0.9365789473684211,0.2839879095554352
0.256,0.9368421052631579,0.2839413583278656
0.26,0.9368421052631579,0.2807178795337677
0.26,0.9371052631578948,0.28058308362960815
0.261,0.9371052631578948,0.2804258465766907
0.261,0.9376315789473684,0.27885302901268005
0.262,0.9376315789473684,0.27759891748428345
0.262,0.9384210526315789,0.2765447497367859
0.266,0.9384210526315789,0.2739573121070862
0.266,0.9386842105263158,0.27364325523376465
0.268,0.9386842105263158,0.2722003161907196
0.268,0.9392105263157895,0.27067962288856506
0.27,0.9392105263157895,0.2699911594390869
0.27,0.94,0.26856499910354614
0.271,0.94,0.26838794350624084
0.271,0.9405263157894737,0.2667888104915619
0.272,0.9405263157894737,0.2661004662513733
0.272,0.9410526315789474,0.263901948928833
0.273,0.9410526315789474,0.2636762261390686
0.273,0.9413157894736842,0.2634614109992981
0.274,0.9413157894736842,0.2633247971534729
0.274,0.9421052631578948,0.2614879906177521
0.277,0.9421052631578948,0.2598578929901123
0.277,0.9431578947368421,0.25871607661247253
0.278,0.9431578947368421,0.25841042399406433
0.278,0.9434210526315789,0.2581479847431183
0.279,0.9434210526315789,0.2565338909626007
0.279,0.9436842105263158,0.256524920463562
0.281,0.9436842105263158,0.2556302547454834
0.281,0.9465789473684211,0.2497287392616272
0.282,0.9465789473684211,0.24871064722537994
0.282,0.9473684210526315,0.24739700555801392
0.283,0.9473684210526315,0.2473243921995163
0.283,0.9478947368421052,0.24616670608520508
0.284,0.9478947368421052,0.24561220407485962
0.284,0.9481578947368421,0.245488703250885
0.288,0.9481578947368421,0.2436525970697403
0.288,0.9486842105263158,0.24247312545776367
0.291,0.9486842105263158,0.24052070081233978
0.291,0.9489473684210527,0.23990651965141296
0.297,0.9489473684210527,0.2374408096075058
0.297,0.9492105263157895,0.23722966015338898
0.298,0.9492105263157895,0.23707368969917297
0.298,0.9497368421052632,0.2361171692609787
0.302,0.9497368421052632,0.23386871814727783
0.302,0.9505263157894737,0.23251600563526154
0.303,0.9505263157894737,0.23206090927124023
0.303,0.9510526315789474,0.23192572593688965
0.304,0.9510526315789474,0.23111167550086975
0.304,0.9518421052631579,0.22913797199726105
0.307,0.9518421052631579,0.22842523455619812
0.307,0.9521052631578948,0.2283434122800827
0.309,0.9521052631578948,0.2281041145324707
0.309,0.9526315789473684,0.22793039679527283
0.312,0.9526315789473684,0.22760453820228577
0.312,0.9544736842105264,0.22468680143356323
0.316,0.9544736842105264,0.22268949449062347
0.316,0.9547368421052631,0.22139900922775269
0.318,0.9547368421052631,0.22106358408927917
0.318,0.9563157894736842,0.2203580141067505
0.321,0.9563157894736842,0.2190864533185959
0.321,0.9565789473684211,0.21888330578804016
0.323,0.9565789473684211,0.2178746461868286
0.323,0.9576315789473684,0.2168828845024109
0.325,0.9576315789473684,0.21580509841442108
0.325,0.9581578947368421,0.21444329619407654
0.327,0.9581578947368421,0.21398015320301056
0.327,0.9589473684210527,0.2120102196931839
0.329,0.9589473684210527,0.210947647690773
0.329,0.9594736842105264,0.2101026177406311
0.333,0.9594736842105264,0.20902109146118164
0.333,0.96,0.20789863169193268
0.335,0.96,0.20662473142147064
0.335,0.9605263157894737,0.20475085079669952
0.336,0.9605263157894737,0.2033858746290207
0.336,0.9610526315789474,0.20325486361980438
0.34,0.9610526315789474,0.20131780207157135
0.34,0.9613157894736842,0.20024678111076355
0.343,0.9613157894736842,0.19927330315113068
0.343,0.9615789473684211,0.19910576939582825
0.346,0.9615789473684211,0.1969289630651474
0.346,0.9621052631578947,0.19559642672538757
0.347,0.9621052631578947,0.19504134356975555
0.347,0.9623684210526315,0.19469711184501648
0.35,0.9623684210526315,0.19320425391197205
0.35,0.9626315789473684,0.1927141696214676
0.352,0.9626315789473684,0.1914127618074417
0.352,0.9631578947368421,0.1909535974264145
0.354,0.9631578947368421,0.19042246043682098
0.354,0.963421052631579,0.18989862501621246
0.355,0.963421052631579,0.18974046409130096
0.355,0.9636842105263158,0.18964065611362457
0.356,0.9636842105263158,0.18941929936408997
0.356,0.9642105263157895,0.18912792205810547
0.359,0.9642105263157895,0.18721546232700348
0.359,0.9644736842105263,0.18442140519618988
0.36,0.9644736842105263,0.1841644048690796
0.36,0.9647368421052631,0.18374770879745483
0.366,0.9647368421052631,0.18149298429489136
0.366,0.965,0.18104670941829681
0.368,0.965,0.18013040721416473
0.368,0.9652631578947368,0.17835357785224915
0.371,0.9652631578947368,0.17572630941867828
0.371,0.9655263157894737,0.17528901994228363
0.372,0.9655263157894737,0.17505405843257904
0.372,0.9657894736842105,0.1749187409877777
0.373,0.9657894736842105,0.17447814345359802
0.373,0.9660526315789474,0.17440208792686462
0.379,0.9660526315789474,0.17085795104503632
0.379,0.9663157894736842,0.17018307745456696
0.38,0.9663157894736842,0.1694835126399994
0.38,0.9665789473684211,0.16930247843265533
0.381,0.9665789473684211,0.16899864375591278
0.381,0.966842105263158,0.16887232661247253
0.383,0.966842105263158,0.1681051105260849
0.383,0.9671052631578947,0.16765351593494415
0.384,0.9671052631578947,0.16740098595619202
0.384,0.9673684210526315,0.1671663522720337
0.388,0.9673684210526315,0.16633808612823486
0.388,0.9676315789473684,0.16631066799163818
0.389,0.9676315789473684,0.16612839698791504
0.389,0.9678947368421053,0.16527539491653442
0.392,0.9678947368421053,0.16478736698627472
0.392,0.9681578947368421,0.16457079350948334
0.398,0.9681578947368421,0.16352294385433197
0.398,0.968421052631579,0.16314584016799927
0.399,0.968421052631579,0.1628536432981491
0.399,0.9689473684210527,0.16227169334888458
0.401,0.9689473684210527,0.16192415356636047
0.401,0.9694736842105263,0.16162633895874023
0.402,0.9694736842105263,0.16138651967048645
0.402,0.9697368421052631,0.16119612753391266
0.407,0.9697368421052631,0.1601112186908722
0.407,0.97,0.1599990427494049
0.408,0.97,0.15883368253707886
0.408,0.9702631578947368,0.15877416729927063
0.409,0.9702631578947368,0.1587229073047638
0.409,0.9707894736842105,0.15838874876499176
0.41,0.9707894736842105,0.1578732430934906
0.41,0.9713157894736842,0.157463937997818
0.413,0.9713157894736842,0.15579450130462646
0.413,0.9718421052631578,0.15533560514450073
0.416,0.9718421052631578,0.1546083241701126
0.416,0.9721052631578947,0.1545342206954956
0.418,0.9721052631578947,0.15410123765468597
0.418,0.9723684210526315,0.15386831760406494
0.419,0.9723684210526315,0.1536710113286972
0.419,0.9726315789473684,0.15347795188426971
0.42,0.9726315789473684,0.15334764122962952
0.42,0.9728947368421053,0.15284471213817596
0.421,0.9728947368421053,0.1527421772480011
0.421,0.9731578947368421,0.15269626677036285
0.428,0.9731578947368421,0.150641530752182
0.428,0.9736842105263158,0.15045693516731262
0.429,0.9736842105263158,0.1503400206565857
0.429,0.9739473684210527,0.15002290904521942
0.442,0.9739473684210527,0.14650502800941467
0.442,0.9742105263157895,0.14638878405094147
0.443,0.9742105263157895,0.14610737562179565
0.443,0.9747368421052631,0.14575043320655823
0.444,0.9747368421052631,0.14553935825824738
0.444,0.9752631578947368,0.14477886259555817
0.447,0.9752631578947368,0.14436227083206177
0.447,0.9757894736842105,0.14416377246379852
0.45,0.9757894736842105,0.14325065910816193
0.45,0.9760526315789474,0.14313825964927673
0.452,0.9760526315789474,0.14300329983234406
0.452,0.9763157894736842,0.14294207096099854
0.456,0.9763157894736842,0.1427909880876541
0.456,0.9768421052631578,0.14268606901168823
0.458,0.9768421052631578,0.14224368333816528
0.458,0.9776315789473684,0.1409524381160736
0.459,0.9776315789473684,0.14091451466083527
0.459,0.9781578947368421,0.1408686488866806
0.464,0.9781578947368421,0.14016284048557281
0.464,0.9786842105263158,0.1398073434829712
0.466,0.9786842105263158,0.1396024525165558
0.466,0.9789473684210527,0.1395299732685089
0.469,0.9789473684210527,0.1391405463218689
0.469,0.9792105263157894,0.13851623237133026
0.471,0.9792105263157894,0.13836835324764252
0.471,0.9794736842105263,0.13824184238910675
0.477,0.9794736842105263,0.13642771542072296
0.477,0.9797368421052631,0.1362447440624237
0.478,0.9797368421052631,0.13591495156288147
0.478,0.98,0.13544373214244843
0.483,0.98,0.13428911566734314
0.483,0.9805263157894737,0.1340436488389969
0.486,0.9805263157894737,0.13365884125232697
0.486,0.9815789473684211,0.1331896036863327
0.487,0.9815789473684211,0.133062481880188
0.487,0.9818421052631578,0.13289709389209747
0.488,0.9818421052631578,0.1328144520521164
0.488,0.9823684210526316,0.13272380828857422
0.494,0.9823684210526316,0.13142085075378418
0.494,0.983421052631579,0.13085950911045074
0.501,0.983421052631579,0.12905114889144897
0.501,0.9836842105263158,0.12902453541755676
0.514,0.9836842105263158,0.12654820084571838
0.514,0.9839473684210527,0.1264524906873703
0.516,0.9839473684210527,0.12569233775138855
0.516,0.9842105263157894,0.12563104927539825
0.518,0.9842105263157894,0.12501896917819977
0.518,0.985,0.1242799460887909
0.52,0.985,0.12351841479539871
0.52,0.9852631578947368,0.1233777329325676
0.522,0.9852631578947368,0.12259647995233536
0.522,0.9860526315789474,0.1219157800078392
0.527,0.9860526315789474,0.12094426155090332
0.527,0.9868421052631579,0.12050726264715195
0.528,0.9868421052631579,0.12049675732851028
0.528,0.9873684210526316,0.11995677649974823
0.53,0.9873684210526316,0.11948703229427338
0.53,0.9876315789473684,0.11937442421913147
0.532,0.9876315789473684,0.1184820905327797
0.532,0.9886842105263158,0.11804239451885223
0.534,0.9886842105263158,0.11744095385074615
0.534,0.9889473684210527,0.11739317327737808
0.536,0.9889473684210527,0.11717056483030319
0.536,0.9902631578947368,0.11660048365592957
0.537,0.9902631578947368,0.11626190692186356
0.537,0.9905263157894737,0.11614558100700378
0.538,0.9905263157894737,0.11614430695772171
0.538,0.9907894736842106,0.11587430536746979
0.541,0.9907894736842106,0.11489688605070114
0.541,0.9910526315789474,0.11487804353237152
0.542,0.9910526315789474,0.11480771005153656
0.542,0.9913157894736843,0.11459296196699142
0.544,0.9913157894736843,0.11418447643518448
0.544,0.9921052631578947,0.11354765295982361
0.545,0.9921052631578947,0.11314678192138672
0.545,0.9923684210526316,0.11268247663974762
0.554,0.9923684210526316,0.10950770229101181
0.554,0.9926315789473684,0.10933522880077362
0.556,0.9926315789473684,0.10915394127368927
0.556,0.9928947368421053,0.10891169309616089
0.557,0.9928947368421053,0.10837971419095993
0.557,0.993421052631579,0.10777569562196732
0.561,0.993421052631579,0.10716178268194199
0.561,0.9936842105263158,0.10706503689289093
0.562,0.9936842105263158,0.10701372474431992
0.562,0.9942105263157894,0.10688220709562302
0.566,0.9942105263157894,0.10531920194625854
0.566,0.9944736842105263,0.10496116429567337
0.573,0.9944736842105263,0.10256719589233398
0.573,0.9947368421052631,0.10223674029111862
0.576,0.9947368421052631,0.10185752063989639
0.576,0.995,0.10112535953521729
0.578,0.995,0.10075119137763977
0.578,0.9955263157894737,0.10041280835866928
0.579,0.9955263157894737,0.10034274309873581
0.579,0.9957894736842106,0.10030511021614075
0.586,0.9957894736842106,0.09872957319021225
0.586,0.9960526315789474,0.09835100173950195
0.587,0.9960526315789474,0.09835084527730942
0.587,0.9963157894736843,0.09787369519472122
0.588,0.9963157894736843,0.09766492992639542
0.588,0.996578947368421,0.09765496850013733
0.59,0.996578947368421,0.0972939059138298
0.59,0.9971052631578947,0.09638416022062302
0.591,0.9971052631578947,0.0961853638291359
0.591,0.9976315789473684,0.09608900547027588
0.595,0.9976315789473684,0.09525337815284729
0.595,0.998421052631579,0.09446638822555542
0.604,0.998421052631579,0.09151829779148102
0.604,0.9989473684210526,0.09071344882249832
0.626,0.9989473684210526,0.0855894610285759
0.626,0.9992105263157894,0.08558646589517593
0.64,0.9992105263157894,0.08152583241462708
0.64,0.9994736842105263,0.0814848244190216
0.647,0.9994736842105263,0.07886414229869843
0.647,0.9997368421052631,0.07868197560310364
0.652,0.9997368421052631,0.07735773175954819
0.652,1.0,0.07729674875736237
1.0,1.0,0.002104368759319186
