FPR,TPR,Threshold
0.0,0.0,1.987790584564209
0.0,0.000925925925925926,0.987790584564209
0.0,0.20833333333333334,0.9623793959617615
0.0015151515151515152,0.20833333333333334,0.9622779488563538
0.0015151515151515152,0.22685185185185186,0.9596120715141296
0.0022727272727272726,0.22685185185185186,0.9596073031425476
0.0022727272727272726,0.22962962962962963,0.9592693448066711
0.004545454545454545,0.22962962962962963,0.9590066075325012
0.004545454545454545,0.23796296296296296,0.9578449726104736
0.005303030303030303,0.23796296296296296,0.9577698111534119
0.005303030303030303,0.24166666666666667,0.957516610622406
0.006060606060606061,0.24166666666666667,0.9573774337768555
0.006060606060606061,0.24259259259259258,0.9573442935943604
0.006818181818181818,0.24259259259259258,0.9570392370223999
0.006818181818181818,0.24722222222222223,0.9568043351173401
0.007575757575757576,0.24722222222222223,0.9567834734916687
0.007575757575757576,0.24814814814814815,0.9567462801933289
0.008333333333333333,0.24814814814814815,0.9566410779953003
0.008333333333333333,0.25,0.9565226435661316
0.00909090909090909,0.25,0.9564557671546936
0.00909090909090909,0.2962962962962963,0.9498898386955261
0.009848484848484848,0.2962962962962963,0.9496514201164246
0.009848484848484848,0.29907407407407405,0.9488587975502014
0.010606060606060607,0.29907407407407405,0.9486451148986816
0.010606060606060607,0.3333333333333333,0.9434571862220764
0.011363636363636364,0.3333333333333333,0.9433822631835938
0.011363636363636364,0.3416666666666667,0.9413630962371826
0.012121212121212121,0.3416666666666667,0.9413108229637146
0.012121212121212121,0.3731481481481482,0.9328436851501465
0.012878787878787878,0.3731481481481482,0.9328417181968689
0.012878787878787878,0.38055555555555554,0.9311017990112305
0.013636363636363636,0.38055555555555554,0.9310150146484375
0.013636363636363636,0.4166666666666667,0.9240977168083191
0.014393939393939395,0.4166666666666667,0.923893392086029
0.014393939393939395,0.44537037037037036,0.9132624864578247
0.015151515151515152,0.44537037037037036,0.9131907224655151
0.015151515151515152,0.5157407407407407,0.8970926403999329
0.015909090909090907,0.5157407407407407,0.897092342376709
0.015909090909090907,0.5194444444444445,0.8967866897583008
0.016666666666666666,0.5194444444444445,0.896706223487854
0.016666666666666666,0.5333333333333333,0.8910720348358154
0.017424242424242425,0.5333333333333333,0.8909440636634827
0.017424242424242425,0.5351851851851852,0.890819251537323
0.01818181818181818,0.5351851851851852,0.8907512426376343
0.01818181818181818,0.5370370370370371,0.8905802965164185
0.01893939393939394,0.5370370370370371,0.8901916742324829
0.01893939393939394,0.5416666666666666,0.8887802958488464
0.020454545454545454,0.5416666666666666,0.8881436586380005
0.020454545454545454,0.5444444444444444,0.8878793120384216
0.021212121212121213,0.5444444444444444,0.8873295783996582
0.021212121212121213,0.549074074074074,0.8867085576057434
0.02196969696969697,0.549074074074074,0.8866971731185913
0.02196969696969697,0.5527777777777778,0.8854349851608276
0.022727272727272728,0.5527777777777778,0.8854296207427979
0.022727272727272728,0.5537037037037037,0.8854052424430847
0.025757575757575757,0.5537037037037037,0.8847706913948059
0.025757575757575757,0.562037037037037,0.882093071937561
0.026515151515151516,0.562037037037037,0.8818162679672241
0.026515151515151516,0.5648148148148148,0.8816377520561218
0.02803030303030303,0.5648148148148148,0.8794100284576416
0.02803030303030303,0.5657407407407408,0.8792089223861694
0.02878787878787879,0.5657407407407408,0.878236711025238
0.02878787878787879,0.5703703703703704,0.8764454126358032
0.035606060606060606,0.5703703703703704,0.8734246492385864
0.035606060606060606,0.575,0.8702751994132996
0.03636363636363636,0.575,0.8688217997550964
0.03636363636363636,0.5768518518518518,0.8682438135147095
0.037121212121212124,0.5768518518518518,0.8671339154243469
0.037121212121212124,0.5787037037037037,0.8665277361869812
0.03787878787878788,0.5787037037037037,0.8647870421409607
0.03787878787878788,0.5972222222222222,0.8535915017127991
0.038636363636363635,0.5972222222222222,0.853403627872467
0.038636363636363635,0.5990740740740741,0.8528664708137512
0.03939393939393939,0.5990740740740741,0.85219806432724
0.03939393939393939,0.6055555555555555,0.8493562340736389
0.04090909090909091,0.6055555555555555,0.8485148549079895
0.04090909090909091,0.6185185185185185,0.8436305522918701
0.041666666666666664,0.6185185185185185,0.8433943390846252
0.041666666666666664,0.6194444444444445,0.843245804309845
0.04242424242424243,0.6194444444444445,0.8428938984870911
0.04242424242424243,0.6203703703703703,0.8428626656532288
0.04393939393939394,0.6203703703703703,0.8425143957138062
0.04393939393939394,0.6342592592592593,0.83864426612854
0.0446969696969697,0.6342592592592593,0.837902843952179
0.0446969696969697,0.6638888888888889,0.8278954029083252
0.045454545454545456,0.6638888888888889,0.8274590969085693
0.045454545454545456,0.7166666666666667,0.7969117164611816
0.04621212121212121,0.7166666666666667,0.7962605357170105
0.04621212121212121,0.7277777777777777,0.7890886068344116
0.04696969696969697,0.7277777777777777,0.7885257005691528
0.04696969696969697,0.7462962962962963,0.7759928703308105
0.048484848484848485,0.7462962962962963,0.7745682597160339
0.048484848484848485,0.7472222222222222,0.7735636234283447
0.05,0.7472222222222222,0.772363543510437
0.05,0.7490740740740741,0.7715440392494202
0.05075757575757576,0.7490740740740741,0.7707372903823853
0.05075757575757576,0.7509259259259259,0.7700485587120056
0.051515151515151514,0.7509259259259259,0.7684094309806824
0.051515151515151514,0.7555555555555555,0.7671510577201843
0.05227272727272727,0.7555555555555555,0.7665092945098877
0.05227272727272727,0.7620370370370371,0.7619355916976929
0.05303030303030303,0.7620370370370371,0.7599625587463379
0.05303030303030303,0.762962962962963,0.7595598101615906
0.05378787878787879,0.762962962962963,0.7595279812812805
0.05378787878787879,0.7638888888888888,0.7592904567718506
0.05606060606060606,0.7638888888888888,0.7589930295944214
0.05606060606060606,0.7657407407407407,0.7584468126296997
0.058333333333333334,0.7657407407407407,0.7558156847953796
0.058333333333333334,0.7666666666666667,0.7550067901611328
0.059848484848484845,0.7666666666666667,0.7541419863700867
0.059848484848484845,0.7675925925925926,0.7522832155227661
0.06136363636363636,0.7675925925925926,0.7506384253501892
0.06136363636363636,0.7694444444444445,0.7490155696868896
0.06439393939393939,0.7694444444444445,0.7453141808509827
0.06439393939393939,0.7703703703703704,0.7450581192970276
0.06893939393939394,0.7703703703703704,0.7417430877685547
0.06893939393939394,0.7722222222222223,0.7403347492218018
0.07196969696969698,0.7722222222222223,0.7314401865005493
0.07196969696969698,0.775,0.7186161279678345
0.07424242424242425,0.775,0.7113596796989441
0.07424242424242425,0.7759259259259259,0.7096900939941406
0.075,0.7759259259259259,0.7096125483512878
0.075,0.7768518518518519,0.7078778147697449
0.07575757575757576,0.7768518518518519,0.7076375484466553
0.07575757575757576,0.7787037037037037,0.7044484615325928
0.07651515151515151,0.7787037037037037,0.70363450050354
0.07651515151515151,0.7796296296296297,0.6995893120765686
0.07727272727272727,0.7796296296296297,0.6989005208015442
0.07727272727272727,0.7814814814814814,0.6979040503501892
0.07803030303030303,0.7814814814814814,0.6962079405784607
0.07803030303030303,0.7861111111111111,0.6940643787384033
0.07878787878787878,0.7861111111111111,0.6927213072776794
0.07878787878787878,0.7870370370370371,0.6926065683364868
0.0803030303030303,0.7870370370370371,0.6882567405700684
0.0803030303030303,0.7888888888888889,0.6881353259086609
0.08106060606060606,0.7888888888888889,0.6870915293693542
0.08106060606060606,0.7907407407407407,0.6860591173171997
0.08333333333333333,0.7907407407407407,0.6834120154380798
0.08333333333333333,0.8,0.6774115562438965
0.08409090909090909,0.8,0.6770980954170227
0.08409090909090909,0.8009259259259259,0.6769352555274963
0.08484848484848485,0.8009259259259259,0.6763086318969727
0.08484848484848485,0.8018518518518518,0.6761939525604248
0.0856060606060606,0.8018518518518518,0.6757385730743408
0.0856060606060606,0.8027777777777778,0.6756835579872131
0.0946969696969697,0.8027777777777778,0.6717562079429626
0.0946969696969697,0.8037037037037037,0.6714920997619629
0.09696969696969697,0.8037037037037037,0.6706287860870361
0.09696969696969697,0.8046296296296296,0.6692289710044861
0.10075757575757575,0.8046296296296296,0.6645300984382629
0.10075757575757575,0.8055555555555556,0.6644132733345032
0.10151515151515152,0.8055555555555556,0.6634805798530579
0.10151515151515152,0.8064814814814815,0.6632042527198792
0.10227272727272728,0.8064814814814815,0.6631146669387817
0.10227272727272728,0.8074074074074075,0.6626891493797302
0.10303030303030303,0.8074074074074075,0.6625673770904541
0.10303030303030303,0.8083333333333333,0.6614747643470764
0.1053030303030303,0.8083333333333333,0.6607519388198853
0.1053030303030303,0.8138888888888889,0.6529614329338074
0.10757575757575757,0.8138888888888889,0.6509485840797424
0.10757575757575757,0.8212962962962963,0.6455858945846558
0.10833333333333334,0.8212962962962963,0.6452829837799072
0.10833333333333334,0.825925925925926,0.6433612704277039
0.10909090909090909,0.825925925925926,0.6428990364074707
0.10909090909090909,0.8296296296296296,0.6406238079071045
0.10984848484848485,0.8296296296296296,0.6400245428085327
0.10984848484848485,0.8305555555555556,0.6380838751792908
0.11136363636363636,0.8305555555555556,0.635534405708313
0.11136363636363636,0.8314814814814815,0.6354287266731262
0.11212121212121212,0.8314814814814815,0.6333097219467163
0.11212121212121212,0.8361111111111111,0.6267523765563965
0.11287878787878788,0.8361111111111111,0.6253529191017151
0.11287878787878788,0.837037037037037,0.6252772212028503
0.11363636363636363,0.837037037037037,0.6224564909934998
0.11363636363636363,0.8379629629629629,0.620622992515564
0.1143939393939394,0.8379629629629629,0.6153213381767273
0.1143939393939394,0.8388888888888889,0.6134001016616821
0.11515151515151516,0.8388888888888889,0.6123656034469604
0.11515151515151516,0.8407407407407408,0.6099016666412354
0.11666666666666667,0.8407407407407408,0.6085829734802246
0.11666666666666667,0.8416666666666667,0.6056010127067566
0.11742424242424243,0.8416666666666667,0.6051850914955139
0.11742424242424243,0.8462962962962963,0.5993801355361938
0.11893939393939394,0.8462962962962963,0.5984063148498535
0.11893939393939394,0.8472222222222222,0.5980020761489868
0.12196969696969696,0.8472222222222222,0.589937686920166
0.12196969696969696,0.8481481481481481,0.5899183750152588
0.12348484848484849,0.8481481481481481,0.5896016955375671
0.12348484848484849,0.8490740740740741,0.5894680619239807
0.12651515151515152,0.8490740740740741,0.586238443851471
0.12651515151515152,0.85,0.5850726962089539
0.12878787878787878,0.85,0.5826559066772461
0.12878787878787878,0.8546296296296296,0.5766290426254272
0.12954545454545455,0.8546296296296296,0.5741514563560486
0.12954545454545455,0.8574074074074074,0.5706092119216919
0.1303030303030303,0.8574074074074074,0.568600058555603
0.1303030303030303,0.8648148148148148,0.5647052526473999
0.13106060606060607,0.8648148148148148,0.5615161657333374
0.13106060606060607,0.8796296296296297,0.5432016849517822
0.1318181818181818,0.8796296296296297,0.5425437092781067
0.1318181818181818,0.8981481481481481,0.5277242064476013
0.13257575757575757,0.8981481481481481,0.5271540880203247
0.13257575757575757,0.9111111111111111,0.5188186764717102
0.13333333333333333,0.9111111111111111,0.5163733959197998
0.13333333333333333,0.9185185185185185,0.5118021965026855
0.1340909090909091,0.9185185185185185,0.5113683938980103
0.1340909090909091,0.9194444444444444,0.5113174915313721
0.13484848484848486,0.9194444444444444,0.5105202198028564
0.13484848484848486,0.9268518518518518,0.507462203502655
0.13560606060606062,0.9268518518518518,0.5072477459907532
0.13560606060606062,0.937962962962963,0.4995662271976471
0.13636363636363635,0.937962962962963,0.49944421648979187
0.13636363636363635,0.9398148148148148,0.49898427724838257
0.13787878787878788,0.9398148148148148,0.4971984028816223
0.13787878787878788,0.9407407407407408,0.49605274200439453
0.1393939393939394,0.9407407407407408,0.49457377195358276
0.1393939393939394,0.9416666666666667,0.4943922162055969
0.14393939393939395,0.9416666666666667,0.48896828293800354
0.14393939393939395,0.9444444444444444,0.4882213771343231
0.14469696969696969,0.9444444444444444,0.4859176278114319
0.14469696969696969,0.9453703703703704,0.48564162850379944
0.14545454545454545,0.9453703703703704,0.48555988073349
0.14545454545454545,0.9462962962962963,0.48499006032943726
0.1462121212121212,0.9462962962962963,0.4834553599357605
0.1462121212121212,0.9527777777777777,0.4757710099220276
0.14696969696969697,0.9527777777777777,0.4735293686389923
0.14696969696969697,0.9592592592592593,0.46534547209739685
0.14772727272727273,0.9592592592592593,0.4637547731399536
0.14772727272727273,0.9685185185185186,0.45657965540885925
0.1484848484848485,0.9685185185185186,0.4561813771724701
0.1484848484848485,0.9694444444444444,0.45562878251075745
0.15075757575757576,0.9694444444444444,0.4492834806442261
0.15075757575757576,0.9722222222222222,0.44718027114868164
0.15227272727272728,0.9722222222222222,0.4466906785964966
0.15227272727272728,0.975925925925926,0.4453888237476349
0.15606060606060607,0.975925925925926,0.43797674775123596
0.15606060606060607,0.9768518518518519,0.4369068443775177
0.15681818181818183,0.9768518518518519,0.4361785650253296
0.15681818181818183,0.9777777777777777,0.4339801073074341
0.15757575757575756,0.9777777777777777,0.43396565318107605
0.15757575757575756,0.9787037037037037,0.4320041835308075
0.15984848484848485,0.9787037037037037,0.43046122789382935
0.15984848484848485,0.9796296296296296,0.4302596151828766
0.16666666666666666,0.9796296296296296,0.4240669012069702
0.16666666666666666,0.9805555555555555,0.4236293435096741
0.16742424242424242,0.9805555555555555,0.4230673611164093
0.16742424242424242,0.9814814814814815,0.422441303730011
0.2643939393939394,0.9814814814814815,0.3250483274459839
0.2643939393939394,0.9824074074074074,0.3249093294143677
0.27424242424242423,0.9824074074074074,0.3150547444820404
0.27424242424242423,0.9833333333333333,0.31267601251602173
0.2871212121212121,0.9833333333333333,0.30137914419174194
0.2871212121212121,0.9842592592592593,0.29817554354667664
0.2916666666666667,0.9842592592592593,0.29684898257255554
0.2916666666666667,0.9861111111111112,0.295637845993042
0.2946969696969697,0.9861111111111112,0.29322949051856995
0.2946969696969697,0.987037037037037,0.2910141050815582
0.29545454545454547,0.987037037037037,0.29024550318717957
0.29545454545454547,0.9879629629629629,0.28897130489349365
0.3015151515151515,0.9879629629629629,0.2853718400001526
0.3015151515151515,0.9888888888888889,0.2848222851753235
0.30227272727272725,0.9888888888888889,0.28470414876937866
0.30227272727272725,0.9898148148148148,0.28468820452690125
0.3037878787878788,0.9898148148148148,0.28422775864601135
0.3037878787878788,0.9907407407407407,0.2841328978538513
0.3053030303030303,0.9907407407407407,0.2837495803833008
0.3053030303030303,0.9916666666666667,0.283660352230072
0.3090909090909091,0.9916666666666667,0.2829286754131317
0.3090909090909091,0.9925925925925926,0.28236955404281616
0.3098484848484849,0.9925925925925926,0.28235509991645813
0.3098484848484849,0.9935185185185185,0.28195932507514954
0.31287878787878787,0.9935185185185185,0.28034019470214844
0.31287878787878787,0.9944444444444445,0.279648095369339
0.33560606060606063,0.9944444444444445,0.2660936713218689
0.33560606060606063,0.9953703703703703,0.26564422249794006
0.3386363636363636,0.9953703703703703,0.2589111328125
0.3386363636363636,0.9962962962962963,0.2570759356021881
0.3416666666666667,0.9962962962962963,0.2516546845436096
0.3416666666666667,0.9972222222222222,0.2515905797481537
0.3431818181818182,0.9972222222222222,0.25074630975723267
0.3431818181818182,0.9981481481481481,0.25070226192474365
0.346969696969697,0.9981481481481481,0.24641357362270355
0.346969696969697,0.9990740740740741,0.24636687338352203
0.3484848484848485,0.9990740740740741,0.24376851320266724
0.3484848484848485,1.0,0.24261410534381866
1.0,1.0,0.012756847776472569
