FPR,TPR,Threshold
0.0,0.0,1.9996367692947388
0.0,0.0002631578947368421,0.9996367692947388
0.0,0.03657894736842105,0.9985347986221313
0.0,0.03710526315789474,0.9985336065292358
0.0,0.04078947368421053,0.9984688758850098
0.0,0.04131578947368421,0.9984608888626099
0.0,0.05157894736842105,0.9981591105461121
0.0,0.05210526315789474,0.9981546998023987
0.0,0.06342105263157895,0.9978070855140686
0.0,0.06394736842105263,0.9978036284446716
0.0,0.16289473684210526,0.9901784658432007
0.0,0.16342105263157894,0.9901482462882996
0.0,0.2236842105263158,0.9846389293670654
0.0,0.22421052631578947,0.984607994556427
0.0,0.22710526315789473,0.9843623638153076
0.0,0.22763157894736843,0.984350323677063
0.0,0.5176315789473684,0.9105457067489624
0.001,0.5176315789473684,0.9105084538459778
0.001,0.5226315789473684,0.9093641638755798
0.002,0.5226315789473684,0.9091484546661377
0.002,0.535,0.9050775766372681
0.003,0.535,0.9049355983734131
0.003,0.5747368421052632,0.8900395035743713
0.004,0.5747368421052632,0.8896362781524658
0.004,0.5778947368421052,0.888323187828064
0.005,0.5778947368421052,0.8883070945739746
0.005,0.5839473684210527,0.8849414587020874
0.006,0.5839473684210527,0.8849191665649414
0.006,0.5881578947368421,0.8827759027481079
0.007,0.5881578947368421,0.8826739192008972
0.007,0.5997368421052631,0.8774645924568176
0.008,0.5997368421052631,0.8774341940879822
0.008,0.6002631578947368,0.877236008644104
0.009,0.6002631578947368,0.8769773244857788
0.009,0.6031578947368421,0.8760412335395813
0.01,0.6031578947368421,0.875761091709137
0.01,0.6076315789473684,0.8742537498474121
0.011,0.6076315789473684,0.8742488026618958
0.011,0.6094736842105263,0.8739539980888367
0.011,0.61,0.873852550983429
0.011,0.6236842105263158,0.8671839237213135
0.012,0.6236842105263158,0.8669964075088501
0.012,0.6252631578947369,0.866478681564331
0.013,0.6252631578947369,0.8664518594741821
0.013,0.6257894736842106,0.8663519024848938
0.014,0.6257894736842106,0.8662377595901489
0.014,0.6278947368421053,0.8653748631477356
0.015,0.6278947368421053,0.8653227090835571
0.015,0.6297368421052632,0.8646783828735352
0.016,0.6297368421052632,0.8646549582481384
0.016,0.6313157894736842,0.8640942573547363
0.017,0.6313157894736842,0.8637012243270874
0.017,0.633421052631579,0.8631093502044678
0.018,0.633421052631579,0.8629448413848877
0.018,0.6336842105263157,0.8629358410835266
0.019,0.6336842105263157,0.8627262115478516
0.019,0.6371052631578947,0.8614882230758667
0.021,0.6371052631578947,0.8611122965812683
0.021,0.6397368421052632,0.8594313859939575
0.022,0.6397368421052632,0.8594275116920471
0.022,0.6405263157894737,0.8588114380836487
0.023,0.6405263157894737,0.8587958812713623
0.023,0.6410526315789473,0.8582655191421509
0.024,0.6413157894736842,0.8578535318374634
0.024,0.6434210526315789,0.8569799065589905
0.025,0.6434210526315789,0.8568216562271118
0.025,0.6513157894736842,0.8517147898674011
0.026,0.6513157894736842,0.8515987396240234
0.026,0.6547368421052632,0.8498532176017761
0.027,0.6547368421052632,0.8497039675712585
0.027,0.6589473684210526,0.8484238982200623
0.028,0.6589473684210526,0.8484069108963013
0.028,0.66,0.8476568460464478
0.029,0.66,0.8475256562232971
0.029,0.6634210526315789,0.8456466197967529
0.03,0.6634210526315789,0.8446398377418518
0.03,0.6636842105263158,0.8444307446479797
0.031,0.6636842105263158,0.8444012403488159
0.031,0.6671052631578948,0.8423910140991211
0.032,0.6671052631578948,0.8421870470046997
0.032,0.6676315789473685,0.8421123623847961
0.033,0.6676315789473685,0.8419139981269836
0.033,0.6718421052631579,0.8390761017799377
0.034,0.6718421052631579,0.8387880325317383
0.034,0.6760526315789473,0.8344318866729736
0.035,0.6760526315789473,0.8344246745109558
0.035,0.6768421052631579,0.8340385556221008
0.036,0.6768421052631579,0.8337945938110352
0.036,0.6860526315789474,0.8273016810417175
0.037,0.6860526315789474,0.8271890878677368
0.037,0.6910526315789474,0.8220602869987488
0.038,0.6910526315789474,0.8218828439712524
0.038,0.6928947368421052,0.8201366066932678
0.039,0.6928947368421052,0.820104718208313
0.039,0.6952631578947368,0.8182318210601807
0.04,0.6952631578947368,0.8181211352348328
0.04,0.7005263157894737,0.8150637745857239
0.041,0.7005263157894737,0.8150561451911926
0.041,0.7039473684210527,0.8133577108383179
0.042,0.7039473684210527,0.8132514953613281
0.042,0.715,0.8078290820121765
0.043,0.715,0.8074076771736145
0.043,0.7160526315789474,0.8068990707397461
0.044,0.7160526315789474,0.8066692352294922
0.044,0.7178947368421053,0.8059614896774292
0.045,0.7178947368421053,0.8054823279380798
0.045,0.7321052631578947,0.7963645458221436
0.046,0.7321052631578947,0.7962539196014404
0.046,0.74,0.79050213098526
0.047,0.74,0.7903791069984436
0.047,0.7421052631578947,0.7892807126045227
0.048,0.7421052631578947,0.7888721823692322
0.048,0.7505263157894737,0.7818976044654846
0.049,0.7505263157894737,0.7817867994308472
0.049,0.7557894736842106,0.778447687625885
0.05,0.7557894736842106,0.7778626680374146
0.05,0.7602631578947369,0.7729378938674927
0.051,0.7602631578947369,0.7728896141052246
0.051,0.7689473684210526,0.7629103660583496
0.052,0.7689473684210526,0.7628236413002014
0.052,0.7702631578947369,0.7604621648788452
0.053,0.7702631578947369,0.7595434188842773
0.053,0.7747368421052632,0.7562522292137146
0.054,0.7747368421052632,0.7560411691665649
0.054,0.7778947368421053,0.753592312335968
0.055,0.7778947368421053,0.7532486319541931
0.055,0.7784210526315789,0.7519792318344116
0.056,0.7784210526315789,0.7517929077148438
0.056,0.7818421052631579,0.7496064305305481
0.057,0.7818421052631579,0.7495605945587158
0.057,0.783157894736842,0.7485141158103943
0.058,0.783157894736842,0.7482307553291321
0.058,0.7834210526315789,0.7480663657188416
0.059,0.7834210526315789,0.7476367950439453
0.059,0.7836842105263158,0.7476106286048889
0.06,0.7836842105263158,0.747517466545105
0.06,0.7847368421052632,0.7468527555465698
0.061,0.7847368421052632,0.7460291385650635
0.061,0.786578947368421,0.7450123429298401
0.062,0.786578947368421,0.7449652552604675
0.062,0.7873684210526316,0.7444403767585754
0.063,0.7873684210526316,0.7442225813865662
0.063,0.7876315789473685,0.7442085146903992
0.064,0.7876315789473685,0.743783712387085
0.064,0.7884210526315789,0.7436201572418213
0.066,0.7884210526315789,0.7434478402137756
0.066,0.7894736842105263,0.7426443099975586
0.067,0.7894736842105263,0.7425000667572021
0.067,0.7960526315789473,0.7368450164794922
0.068,0.7960526315789473,0.7368019223213196
0.068,0.7978947368421052,0.735332190990448
0.069,0.7978947368421052,0.7349187731742859
0.069,0.7986842105263158,0.7344008088111877
0.07,0.7986842105263158,0.7340006232261658
0.07,0.7989473684210526,0.733971118927002
0.071,0.7989473684210526,0.7333773970603943
0.071,0.8078947368421052,0.7227279543876648
0.072,0.8078947368421052,0.7226999402046204
0.072,0.8081578947368421,0.7226070761680603
0.073,0.8081578947368421,0.7222610712051392
0.073,0.8105263157894737,0.718319833278656
0.075,0.8105263157894737,0.7173904180526733
0.075,0.8113157894736842,0.7163980007171631
0.076,0.8113157894736842,0.7162066102027893
0.076,0.8118421052631579,0.7152125239372253
0.078,0.8118421052631579,0.7149419784545898
0.078,0.8128947368421052,0.713915228843689
0.079,0.8128947368421052,0.7133314609527588
0.079,0.82,0.7057839632034302
0.08,0.82,0.7056287527084351
0.08,0.8210526315789474,0.704139769077301
0.081,0.8210526315789474,0.7037248015403748
0.081,0.8536842105263158,0.6516008377075195
0.082,0.8536842105263158,0.6510202884674072
0.082,0.8563157894736843,0.6484458446502686
0.083,0.8563157894736843,0.6482442021369934
0.083,0.8594736842105263,0.6429280638694763
0.084,0.8594736842105263,0.6422680020332336
0.084,0.8631578947368421,0.6380184292793274
0.085,0.8631578947368421,0.6377938985824585
0.085,0.8642105263157894,0.6359265446662903
0.086,0.8642105263157894,0.6358466148376465
0.086,0.8721052631578947,0.6234840154647827
0.087,0.8721052631578947,0.6230963468551636
0.087,0.8747368421052631,0.6198689937591553
0.088,0.8747368421052631,0.6198455691337585
0.088,0.8768421052631579,0.6171604990959167
0.089,0.8768421052631579,0.6166293621063232
0.089,0.8807894736842106,0.6079771518707275
0.09,0.8807894736842106,0.6076036095619202
0.09,0.8847368421052632,0.5993204712867737
0.091,0.8847368421052632,0.5980141758918762
0.091,0.8852631578947369,0.5969363451004028
0.092,0.8852631578947369,0.5966843962669373
0.092,0.8873684210526316,0.5909824371337891
0.093,0.8873684210526316,0.5901260375976562
0.093,0.8878947368421053,0.589371919631958
0.094,0.8878947368421053,0.5888634920120239
0.094,0.8881578947368421,0.5888382196426392
0.096,0.8881578947368421,0.5877525806427002
0.096,0.8894736842105263,0.5847148299217224
0.097,0.8894736842105263,0.5837377905845642
0.097,0.8897368421052632,0.5823245048522949
0.098,0.8897368421052632,0.5787641406059265
0.098,0.8902631578947369,0.5768439173698425
0.099,0.8902631578947369,0.5764234066009521
0.099,0.8918421052631579,0.5710780024528503
0.1,0.8918421052631579,0.5702714920043945
0.1,0.8928947368421053,0.5685040354728699
0.101,0.8928947368421053,0.5681069493293762
0.101,0.895,0.5646769404411316
0.102,0.895,0.5646324157714844
0.102,0.8981578947368422,0.5576947331428528
0.103,0.8981578947368422,0.5569530129432678
0.103,0.901578947368421,0.5505121946334839
0.105,0.901578947368421,0.5487552285194397
0.105,0.9018421052631579,0.5478410124778748
0.106,0.9018421052631579,0.5476284027099609
0.106,0.9021052631578947,0.5461661219596863
0.107,0.9021052631578947,0.5457996726036072
0.107,0.9028947368421053,0.5441853404045105
0.108,0.9028947368421053,0.544030487537384
0.108,0.9039473684210526,0.542861819267273
0.112,0.9039473684210526,0.5413212776184082
0.112,0.9044736842105263,0.5409793257713318
0.114,0.9044736842105263,0.5407747030258179
0.114,0.9057894736842105,0.5378463268280029
0.115,0.9057894736842105,0.5371991395950317
0.115,0.906578947368421,0.5360312461853027
0.117,0.906578947368421,0.5344999432563782
0.117,0.9068421052631579,0.5343959927558899
0.118,0.9068421052631579,0.5337952375411987
0.118,0.9073684210526316,0.5330672860145569
0.12,0.9073684210526316,0.5316414833068848
0.12,0.9076315789473685,0.530493438243866
0.122,0.9076315789473685,0.5298824310302734
0.122,0.908157894736842,0.5291323065757751
0.125,0.908157894736842,0.5265136361122131
0.125,0.9092105263157895,0.5251979231834412
0.126,0.9092105263157895,0.5250760316848755
0.126,0.9105263157894737,0.5225502252578735
0.127,0.9105263157894737,0.5222947597503662
0.127,0.9107894736842105,0.521983802318573
0.128,0.9107894736842105,0.5215696692466736
0.128,0.9123684210526316,0.5163114666938782
0.132,0.9123684210526316,0.5135573744773865
0.132,0.9139473684210526,0.5084050297737122
0.133,0.9139473684210526,0.5074876546859741
0.133,0.9144736842105263,0.5064380764961243
0.134,0.9144736842105263,0.5063126087188721
0.134,0.9152631578947369,0.5020999312400818
0.135,0.9152631578947369,0.5020694136619568
0.135,0.9160526315789473,0.499759316444397
0.136,0.9160526315789473,0.49670302867889404
0.136,0.9163157894736842,0.49633362889289856
0.137,0.9163157894736842,0.4960433542728424
0.137,0.9168421052631579,0.4937543570995331
0.139,0.9168421052631579,0.49014705419540405
0.139,0.9171052631578948,0.4872293472290039
0.141,0.9171052631578948,0.48614415526390076
0.141,0.9176315789473685,0.4851056635379791
0.142,0.9176315789473685,0.4839000105857849
0.142,0.9178947368421052,0.48320895433425903
0.143,0.9178947368421052,0.4758680760860443
0.143,0.9181578947368421,0.4748955965042114
0.148,0.9181578947368421,0.4678521752357483
0.148,0.9186842105263158,0.4651881754398346
0.152,0.9186842105263158,0.461123526096344
0.152,0.9189473684210526,0.4609569013118744
0.158,0.9189473684210526,0.44988906383514404
0.158,0.9192105263157895,0.4473244845867157
0.164,0.9192105263157895,0.44171175360679626
0.164,0.9194736842105263,0.4411340653896332
0.166,0.9194736842105263,0.4387533664703369
0.166,0.92,0.43713799118995667
0.167,0.92,0.4369608163833618
0.167,0.921578947368421,0.43043071031570435
0.168,0.921578947368421,0.430128812789917
0.168,0.9231578947368421,0.4256410002708435
0.169,0.9231578947368421,0.4250914752483368
0.169,0.9234210526315789,0.4246678352355957
0.171,0.9234210526315789,0.42180705070495605
0.171,0.9236842105263158,0.42097151279449463
0.175,0.9236842105263158,0.41850972175598145
0.175,0.9242105263157895,0.41800984740257263
0.176,0.9242105263157895,0.41798609495162964
0.176,0.9244736842105263,0.4178239405155182
0.177,0.9244736842105263,0.4177970588207245
0.177,0.9247368421052632,0.4168893098831177
0.178,0.9247368421052632,0.4168112576007843
0.178,0.925,0.4150545597076416
0.179,0.925,0.4141986668109894
0.179,0.9252631578947368,0.41411474347114563
0.18,0.9252631578947368,0.4107545018196106
0.18,0.9255263157894736,0.4102223813533783
0.183,0.9255263157894736,0.40858110785484314
0.183,0.9257894736842105,0.4080515205860138
0.188,0.9257894736842105,0.4035395085811615
0.188,0.9263157894736842,0.39955368638038635
0.19,0.9263157894736842,0.39874428510665894
0.19,0.9265789473684211,0.3982807397842407
0.193,0.9265789473684211,0.3965103328227997
0.193,0.9268421052631579,0.39626044034957886
0.194,0.9268421052631579,0.3933769464492798
0.194,0.9271052631578948,0.3914605379104614
0.195,0.9271052631578948,0.3911352753639221
0.195,0.9273684210526316,0.38783955574035645
0.196,0.9273684210526316,0.38547036051750183
0.196,0.9284210526315789,0.38164180517196655
0.2,0.9284210526315789,0.37712693214416504
0.2,0.9286842105263158,0.3754156827926636
0.201,0.9286842105263158,0.37533602118492126
0.201,0.9289473684210526,0.37438225746154785
0.206,0.9289473684210526,0.3679487109184265
0.206,0.9292105263157895,0.3668752908706665
0.208,0.9292105263157895,0.36127614974975586
0.208,0.9294736842105263,0.3609527051448822
0.209,0.9294736842105263,0.3602839708328247
0.209,0.9305263157894736,0.3584514856338501
0.219,0.9305263157894736,0.34950292110443115
0.219,0.9313157894736842,0.3456239402294159
0.221,0.9313157894736842,0.3441806137561798
0.221,0.9315789473684211,0.3439571261405945
0.223,0.9315789473684211,0.34093430638313293
0.223,0.9318421052631579,0.34036189317703247
0.224,0.9318421052631579,0.34032073616981506
0.224,0.9323684210526316,0.33859530091285706
0.227,0.9323684210526316,0.3336034417152405
0.227,0.9326315789473684,0.33335188031196594
0.232,0.9326315789473684,0.3307771384716034
0.232,0.9336842105263158,0.32635214924812317
0.235,0.9336842105263158,0.31935834884643555
0.235,0.9339473684210526,0.3168533146381378
0.247,0.9339473684210526,0.3100205659866333
0.247,0.9344736842105263,0.3091648817062378
0.249,0.9344736842105263,0.3090917468070984
0.249,0.9347368421052632,0.30874377489089966
0.251,0.9347368421052632,0.30827730894088745
0.251,0.9352631578947368,0.3067878186702728
0.252,0.9352631578947368,0.30637046694755554
0.252,0.9355263157894737,0.30358970165252686
0.255,0.9355263157894737,0.30151668190956116
0.255,0.9363157894736842,0.297076940536499
0.257,0.9363157894736842,0.29290080070495605
0.257,0.9365789473684211,0.29188260436058044
0.259,0.9365789473684211,0.29175660014152527
0.259,0.9368421052631579,0.29173287749290466
0.26,0.9368421052631579,0.29031282663345337
0.26,0.9371052631578948,0.2898869514465332
0.266,0.9371052631578948,0.28624123334884644
0.266,0.9373684210526316,0.2859521210193634
0.267,0.9373684210526316,0.285526305437088
0.267,0.9381578947368421,0.283938467502594
0.269,0.9381578947368421,0.28035664558410645
0.269,0.9389473684210526,0.277586430311203
0.27,0.9389473684210526,0.2769380211830139
0.27,0.9394736842105263,0.2756039500236511
0.271,0.9394736842105263,0.27553096413612366
0.271,0.9402631578947368,0.2716357707977295
0.272,0.9402631578947368,0.2711159288883209
0.272,0.9405263157894737,0.27091193199157715
0.273,0.9405263157894737,0.2705020308494568
0.273,0.9410526315789474,0.2689865231513977
0.274,0.9410526315789474,0.26802101731300354
0.274,0.9423684210526316,0.26718607544898987
0.279,0.9423684210526316,0.2626206874847412
0.279,0.9426315789473684,0.2608964443206787
0.28,0.9426315789473684,0.26068300008773804
0.28,0.9431578947368421,0.26009947061538696
0.281,0.9431578947368421,0.2598986327648163
0.281,0.9434210526315789,0.25962144136428833
0.283,0.9434210526315789,0.2590062916278839
0.283,0.9439473684210526,0.2588401734828949
0.285,0.9439473684210526,0.25789517164230347
0.285,0.9444736842105264,0.25737977027893066
0.286,0.9444736842105264,0.2573463022708893
0.286,0.9455263157894737,0.2557946741580963
0.288,0.9455263157894737,0.255202054977417
0.288,0.9460526315789474,0.25353652238845825
0.291,0.9460526315789474,0.25242185592651367
0.291,0.9468421052631579,0.25220727920532227
0.292,0.9468421052631579,0.25176021456718445
0.292,0.9473684210526315,0.25068163871765137
0.293,0.9473684210526315,0.25066646933555603
0.293,0.9489473684210527,0.24714799225330353
0.295,0.9489473684210527,0.24558252096176147
0.295,0.9494736842105264,0.24432341754436493
0.296,0.9494736842105264,0.2442704290151596
0.296,0.9497368421052632,0.24424608051776886
0.298,0.9497368421052632,0.2436254322528839
0.298,0.95,0.2427653819322586
0.299,0.95,0.24152891337871552
0.299,0.9505263157894737,0.24000555276870728
0.3,0.9505263157894737,0.23985329270362854
0.3,0.9507894736842105,0.23944906890392303
0.302,0.9507894736842105,0.2387351244688034
0.302,0.9521052631578948,0.23686258494853973
0.306,0.9521052631578948,0.23561203479766846
0.306,0.953421052631579,0.2337774932384491
0.309,0.953421052631579,0.23308220505714417
0.309,0.9539473684210527,0.2307494729757309
0.31,0.9539473684210527,0.23052580654621124
0.31,0.9544736842105264,0.2296658605337143
0.311,0.9544736842105264,0.22955279052257538
0.311,0.9552631578947368,0.22720904648303986
0.312,0.9552631578947368,0.22592857480049133
0.312,0.9557894736842105,0.22456184029579163
0.315,0.9557894736842105,0.2239101678133011
0.315,0.9560526315789474,0.22373133897781372
0.318,0.9560526315789474,0.22170086205005646
0.318,0.9563157894736842,0.2214057296514511
0.319,0.9563157894736842,0.2210322469472885
0.319,0.9568421052631579,0.22006046772003174
0.32,0.9568421052631579,0.21981264650821686
0.32,0.9576315789473684,0.21836644411087036
0.321,0.9576315789473684,0.21823915839195251
0.321,0.9578947368421052,0.21821925044059753
0.325,0.9578947368421052,0.216042622923851
0.325,0.9581578947368421,0.21598733961582184
0.328,0.9581578947368421,0.2153579741716385
0.328,0.9602631578947368,0.21217091381549835
0.329,0.9602631578947368,0.21189390122890472
0.329,0.9610526315789474,0.21088473498821259
0.333,0.9610526315789474,0.2099754512310028
0.333,0.9613157894736842,0.2094128131866455
0.334,0.9613157894736842,0.2093934416770935
0.334,0.9618421052631579,0.20833028852939606
0.335,0.9618421052631579,0.2077818363904953
0.335,0.9621052631578947,0.20562830567359924
0.336,0.9621052631578947,0.2055305540561676
0.336,0.9623684210526315,0.20545752346515656
0.338,0.9623684210526315,0.20447206497192383
0.338,0.9628947368421052,0.20408464968204498
0.341,0.9628947368421052,0.20146694779396057
0.341,0.9636842105263158,0.20109295845031738
0.343,0.9636842105263158,0.2000715583562851
0.343,0.9644736842105263,0.1997484713792801
0.346,0.9644736842105263,0.198935866355896
0.346,0.9652631578947368,0.19805888831615448
0.348,0.9652631578947368,0.19655098021030426
0.348,0.9657894736842105,0.19633208215236664
0.349,0.9657894736842105,0.1960824877023697
0.349,0.9660526315789474,0.19576717913150787
0.35,0.9660526315789474,0.1953723281621933
0.35,0.9663157894736842,0.19522403180599213
0.354,0.9663157894736842,0.19417639076709747
0.354,0.966842105263158,0.19328799843788147
0.356,0.966842105263158,0.19256825745105743
0.356,0.9671052631578947,0.19227293133735657
0.358,0.9671052631578947,0.19213983416557312
0.358,0.9673684210526315,0.19184549152851105
0.359,0.9673684210526315,0.19173002243041992
0.359,0.9676315789473684,0.19162122905254364
0.36,0.9676315789473684,0.19000361859798431
0.36,0.9681578947368421,0.188850536942482
0.362,0.9681578947368421,0.18854369223117828
0.362,0.9686842105263158,0.18848085403442383
0.364,0.9686842105263158,0.18708494305610657
0.364,0.9689473684210527,0.18595638871192932
0.369,0.9689473684210527,0.1838965117931366
0.369,0.9692105263157895,0.18354788422584534
0.376,0.9692105263157895,0.18237565457820892
0.376,0.97,0.18172338604927063
0.379,0.97,0.18116320669651031
0.379,0.9702631578947368,0.18074019253253937
0.389,0.9702631578947368,0.17843720316886902
0.389,0.9713157894736842,0.17608320713043213
0.391,0.9713157894736842,0.17581462860107422
0.391,0.9715789473684211,0.17566503584384918
0.392,0.9715789473684211,0.17526327073574066
0.392,0.9718421052631578,0.17424702644348145
0.394,0.9718421052631578,0.17408378422260284
0.394,0.9721052631578947,0.1738911122083664
0.395,0.9721052631578947,0.17368201911449432
0.395,0.9723684210526315,0.17312388122081757
0.397,0.9723684210526315,0.17267903685569763
0.397,0.9726315789473684,0.17222806811332703
0.4,0.9726315789473684,0.17184023559093475
0.4,0.9728947368421053,0.1717289686203003
0.402,0.9728947368421053,0.17158105969429016
0.402,0.9731578947368421,0.1715157926082611
0.406,0.9731578947368421,0.1710166484117508
0.406,0.973421052631579,0.17034092545509338
0.407,0.973421052631579,0.17006327211856842
0.407,0.9736842105263158,0.16946691274642944
0.412,0.9736842105263158,0.16794028878211975
0.412,0.9744736842105263,0.16654960811138153
0.413,0.9744736842105263,0.16648992896080017
0.413,0.9757894736842105,0.16521798074245453
0.417,0.9757894736842105,0.16492681205272675
0.417,0.9760526315789474,0.16488580405712128
0.418,0.9760526315789474,0.1648789793252945
0.418,0.9765789473684211,0.16433748602867126
0.419,0.9765789473684211,0.1642758995294571
0.419,0.9773684210526316,0.163167342543602
0.421,0.9773684210526316,0.16272252798080444
0.421,0.9776315789473684,0.1627006083726883
0.422,0.9776315789473684,0.1620422750711441
0.422,0.9781578947368421,0.16158579289913177
0.423,0.9781578947368421,0.16137711703777313
0.423,0.978421052631579,0.16129423677921295
0.426,0.978421052631579,0.16078975796699524
0.426,0.9797368421052631,0.16049498319625854
0.428,0.9797368421052631,0.1603987216949463
0.428,0.9802631578947368,0.1591137945652008
0.43,0.9802631578947368,0.15891551971435547
0.43,0.9805263157894737,0.15890811383724213
0.433,0.9805263157894737,0.15816380083560944
0.433,0.9810526315789474,0.15759408473968506
0.439,0.9810526315789474,0.157013401389122
0.439,0.9813157894736843,0.15675286948680878
0.44,0.9813157894736843,0.1567482054233551
0.44,0.9815789473684211,0.15629728138446808
0.442,0.9815789473684211,0.15571646392345428
0.442,0.9818421052631578,0.1553526371717453
0.443,0.9818421052631578,0.15523271262645721
0.443,0.9823684210526316,0.1542704552412033
0.446,0.9823684210526316,0.15314574539661407
0.446,0.9826315789473684,0.15304608643054962
0.448,0.9826315789473684,0.15258771181106567
0.448,0.9828947368421053,0.15239371359348297
0.449,0.9828947368421053,0.15238741040229797
0.449,0.9836842105263158,0.15226589143276215
0.454,0.9836842105263158,0.15134552121162415
0.454,0.9839473684210527,0.15109263360500336
0.455,0.9839473684210527,0.15091948211193085
0.455,0.9842105263157894,0.1508624106645584
0.456,0.9842105263157894,0.15082454681396484
0.456,0.9844736842105263,0.15082275867462158
0.46,0.9844736842105263,0.15034238994121552
0.46,0.9847368421052631,0.15030315518379211
0.462,0.9847368421052631,0.15024982392787933
0.462,0.985,0.1501568704843521
0.465,0.985,0.14959442615509033
0.465,0.9860526315789474,0.1489993780851364
0.466,0.9860526315789474,0.14898832142353058
0.466,0.9863157894736843,0.14889684319496155
0.468,0.9863157894736843,0.14880605041980743
0.468,0.9868421052631579,0.14851845800876617
0.47,0.9868421052631579,0.14824645221233368
0.47,0.9871052631578947,0.14793230593204498
0.471,0.9871052631578947,0.14784802496433258
0.471,0.9873684210526316,0.14766080677509308
0.473,0.9873684210526316,0.1474369913339615
0.473,0.9876315789473684,0.14734379947185516
0.475,0.9876315789473684,0.14726926386356354
0.475,0.9878947368421053,0.1472397893667221
0.482,0.9878947368421053,0.14623820781707764
0.482,0.9881578947368421,0.1461711972951889
0.485,0.9881578947368421,0.1456531435251236
0.485,0.9889473684210527,0.14550478756427765
0.49,0.9889473684210527,0.14456751942634583
0.49,0.9892105263157894,0.1443745642900467
0.493,0.9892105263157894,0.14355285465717316
0.493,0.9894736842105263,0.14314308762550354
0.496,0.9894736842105263,0.14288429915905
0.496,0.9897368421052631,0.14268754422664642
0.498,0.9897368421052631,0.14244452118873596
0.498,0.99,0.14179809391498566
0.5,0.99,0.14165876805782318
0.5,0.9902631578947368,0.1415884643793106
0.508,0.9902631578947368,0.13962304592132568
0.508,0.9905263157894737,0.1393773853778839
0.51,0.9905263157894737,0.1391228884458542
0.51,0.9907894736842106,0.13904140889644623
0.513,0.9907894736842106,0.13875789940357208
0.513,0.9910526315789474,0.13873863220214844
0.527,0.9910526315789474,0.13559852540493011
0.527,0.9913157894736843,0.1350439190864563
0.536,0.9913157894736843,0.13380882143974304
0.536,0.991578947368421,0.13378559052944183
0.538,0.991578947368421,0.13301989436149597
0.538,0.9918421052631579,0.13300910592079163
0.544,0.9918421052631579,0.13195210695266724
0.544,0.9921052631578947,0.1318928748369217
0.545,0.9921052631578947,0.13164575397968292
0.545,0.9923684210526316,0.13160158693790436
0.546,0.9923684210526316,0.1314140409231186
0.546,0.9926315789473684,0.13139714300632477
0.548,0.9926315789473684,0.131194606423378
0.548,0.9928947368421053,0.13106296956539154
0.549,0.9928947368421053,0.13054175674915314
0.549,0.9931578947368421,0.13031071424484253
0.557,0.9931578947368421,0.1273917853832245
0.557,0.993421052631579,0.12708434462547302
0.562,0.993421052631579,0.12546393275260925
0.562,0.9936842105263158,0.12538665533065796
0.563,0.9936842105263158,0.125101700425148
0.563,0.9942105263157894,0.1248525083065033
0.564,0.9942105263157894,0.12451355904340744
0.564,0.9947368421052631,0.12407888472080231
0.565,0.9947368421052631,0.12374284863471985
0.565,0.995,0.12366268783807755
0.566,0.995,0.1233304813504219
0.566,0.9952631578947368,0.12319060415029526
0.569,0.9952631578947368,0.12231769412755966
0.569,0.9955263157894737,0.12218253314495087
0.57,0.9955263157894737,0.12208939343690872
0.57,0.9960526315789474,0.12166881561279297
0.571,0.9960526315789474,0.12146665900945663
0.571,0.9963157894736843,0.12118976563215256
0.572,0.9963157894736843,0.12088125944137573
0.572,0.9968421052631579,0.11958076804876328
0.575,0.9968421052631579,0.11878038197755814
0.575,0.9971052631578947,0.1186753511428833
0.579,0.9971052631578947,0.11609463393688202
0.579,0.9973684210526316,0.11540639400482178
0.582,0.9973684210526316,0.114202119410038
0.582,0.9978947368421053,0.11376755684614182
0.585,0.9978947368421053,0.11304577440023422
0.585,0.9981578947368421,0.11271198093891144
0.586,0.9981578947368421,0.11122215539216995
0.586,0.998421052631579,0.11112086474895477
0.587,0.998421052631579,0.11068787425756454
0.587,0.9989473684210526,0.11035342514514923
0.597,0.9989473684210526,0.1081055998802185
0.597,0.9992105263157894,0.10787003487348557
0.598,0.9992105263157894,0.10783856362104416
0.598,0.9994736842105263,0.1076432392001152
0.604,0.9994736842105263,0.10555413365364075
0.604,0.9997368421052631,0.10475095361471176
0.614,0.9997368421052631,0.10035960376262665
0.614,1.0,0.09967877715826035
1.0,1.0,0.003624043194577098
