FPR,TPR,Threshold
0.0,0.0,1.9648413062095642
0.0,0.0009615384615384616,0.9648413062095642
0.0,0.025961538461538463,0.9358507990837097
0.0007352941176470588,0.025961538461538463,0.9355812072753906
0.0007352941176470588,0.038461538461538464,0.9271999597549438
0.003676470588235294,0.038461538461538464,0.9246118068695068
0.003676470588235294,0.041346153846153845,0.9236969947814941
0.005147058823529412,0.041346153846153845,0.9232496023178101
0.005147058823529412,0.04423076923076923,0.9207439422607422
0.0058823529411764705,0.04423076923076923,0.9206451177597046
0.0058823529411764705,0.04903846153846154,0.9193856716156006
0.006617647058823529,0.04903846153846154,0.9192399978637695
0.006617647058823529,0.05096153846153846,0.918583869934082
0.007352941176470588,0.05096153846153846,0.9175785183906555
0.007352941176470588,0.051923076923076926,0.9166717529296875
0.008088235294117648,0.051923076923076926,0.9163268208503723
0.008088235294117648,0.05576923076923077,0.9145172834396362
0.008823529411764706,0.05576923076923077,0.9144861698150635
0.008823529411764706,0.06634615384615385,0.907305121421814
0.009558823529411765,0.06634615384615385,0.9065799713134766
0.009558823529411765,0.06826923076923076,0.9050862193107605
0.010294117647058823,0.06826923076923076,0.9041151404380798
0.010294117647058823,0.07211538461538461,0.902932345867157
0.011029411764705883,0.07211538461538461,0.9028879404067993
0.011029411764705883,0.07692307692307693,0.900359034538269
0.011764705882352941,0.07692307692307693,0.8994673490524292
0.011764705882352941,0.07788461538461539,0.89767986536026
0.0125,0.07788461538461539,0.8951672911643982
0.0125,0.08269230769230769,0.8922454714775085
0.013235294117647059,0.08269230769230769,0.8919297456741333
0.013235294117647059,0.09711538461538462,0.8818895220756531
0.013970588235294118,0.09711538461538462,0.8816367387771606
0.013970588235294118,0.10096153846153846,0.879203200340271
0.014705882352941176,0.10096153846153846,0.8782068490982056
0.014705882352941176,0.10576923076923077,0.8764172196388245
0.015441176470588236,0.10576923076923077,0.8760496377944946
0.015441176470588236,0.13653846153846153,0.8648629188537598
0.016176470588235296,0.13653846153846153,0.8642992973327637
0.016176470588235296,0.14711538461538462,0.8587029576301575
0.016911764705882352,0.14711538461538462,0.8586887717247009
0.016911764705882352,0.1519230769230769,0.8553958535194397
0.01764705882352941,0.1519230769230769,0.8550099730491638
0.01764705882352941,0.1528846153846154,0.85391765832901
0.01838235294117647,0.1528846153846154,0.853903591632843
0.01838235294117647,0.15865384615384615,0.8515391945838928
0.01911764705882353,0.15865384615384615,0.8513010144233704
0.01911764705882353,0.16442307692307692,0.8493356704711914
0.019852941176470587,0.16442307692307692,0.8493086695671082
0.019852941176470587,0.1673076923076923,0.8476566672325134
0.020588235294117647,0.1673076923076923,0.8474454283714294
0.020588235294117647,0.17115384615384616,0.8458725810050964
0.022058823529411766,0.17115384615384616,0.8437455296516418
0.022058823529411766,0.18269230769230768,0.8396689891815186
0.023529411764705882,0.18269230769230768,0.8394390344619751
0.023529411764705882,0.18653846153846154,0.8376831412315369
0.02426470588235294,0.18653846153846154,0.8376176357269287
0.02426470588235294,0.18846153846153846,0.8356487154960632
0.025,0.18846153846153846,0.8355377912521362
0.025,0.19038461538461537,0.8342586755752563
0.025735294117647058,0.19038461538461537,0.8338720798492432
0.025735294117647058,0.19326923076923078,0.8321842551231384
0.026470588235294117,0.19326923076923078,0.831997811794281
0.026470588235294117,0.20865384615384616,0.8244637846946716
0.027205882352941177,0.20865384615384616,0.8228127360343933
0.027205882352941177,0.21634615384615385,0.8178693652153015
0.027941176470588237,0.21634615384615385,0.8170775771141052
0.027941176470588237,0.2201923076923077,0.8160667419433594
0.028676470588235293,0.2201923076923077,0.8159183263778687
0.028676470588235293,0.2653846153846154,0.7873587608337402
0.029411764705882353,0.2653846153846154,0.7869138717651367
0.029411764705882353,0.2692307692307692,0.7849032878875732
0.030147058823529412,0.2692307692307692,0.7848480343818665
0.030147058823529412,0.27307692307692305,0.7833953499794006
0.030882352941176472,0.27307692307692305,0.7826950550079346
0.030882352941176472,0.2875,0.7751273512840271
0.03161764705882353,0.2875,0.775091290473938
0.03161764705882353,0.30288461538461536,0.7663789987564087
0.03235294117647059,0.30288461538461536,0.7659519910812378
0.03235294117647059,0.3038461538461538,0.7657264471054077
0.033823529411764704,0.3038461538461538,0.7650885581970215
0.033823529411764704,0.30865384615384617,0.7636249661445618
0.03529411764705882,0.30865384615384617,0.7632453441619873
0.03529411764705882,0.3096153846153846,0.7625550627708435
0.03602941176470588,0.3096153846153846,0.7624108791351318
0.03602941176470588,0.3192307692307692,0.7599446773529053
0.03676470588235294,0.3192307692307692,0.7597676515579224
0.03676470588235294,0.32211538461538464,0.7580578327178955
0.0375,0.32211538461538464,0.7576386332511902
0.0375,0.32403846153846155,0.757175087928772
0.03823529411764706,0.32403846153846155,0.7571684122085571
0.03823529411764706,0.3269230769230769,0.7554986476898193
0.03897058823529412,0.3269230769230769,0.7553557753562927
0.03897058823529412,0.3278846153846154,0.7547928690910339
0.039705882352941174,0.3278846153846154,0.7547168731689453
0.039705882352941174,0.33076923076923076,0.7542166113853455
0.04044117647058824,0.33076923076923076,0.7541544437408447
0.04044117647058824,0.3346153846153846,0.7535900473594666
0.041176470588235294,0.3346153846153846,0.7525742650032043
0.041176470588235294,0.33557692307692305,0.7522024512290955
0.04191176470588235,0.33557692307692305,0.7519174814224243
0.04191176470588235,0.3471153846153846,0.7474792003631592
0.04338235294117647,0.3471153846153846,0.747038722038269
0.04338235294117647,0.3490384615384615,0.7468401789665222
0.04411764705882353,0.3490384615384615,0.7467871904373169
0.04411764705882353,0.35192307692307695,0.7462207674980164
0.04485294117647059,0.35192307692307695,0.7461951375007629
0.04485294117647059,0.3548076923076923,0.7460029721260071
0.045588235294117645,0.3548076923076923,0.7454496622085571
0.045588235294117645,0.35865384615384616,0.7445533275604248
0.04632352941176471,0.35865384615384616,0.7442759871482849
0.04632352941176471,0.3605769230769231,0.7439384460449219
0.04779411764705882,0.3605769230769231,0.7433972954750061
0.04779411764705882,0.36153846153846153,0.7428819537162781
0.04852941176470588,0.36153846153846153,0.7427771687507629
0.04852941176470588,0.3682692307692308,0.739996075630188
0.05073529411764706,0.3682692307692308,0.7391688227653503
0.05073529411764706,0.37596153846153846,0.736902117729187
0.051470588235294115,0.37596153846153846,0.7368530631065369
0.051470588235294115,0.3778846153846154,0.7359709143638611
0.05220588235294118,0.3778846153846154,0.7358336448669434
0.05220588235294118,0.37884615384615383,0.7352766990661621
0.05367647058823529,0.37884615384615383,0.7350614666938782
0.05367647058823529,0.3798076923076923,0.7347175478935242
0.054411764705882354,0.3798076923076923,0.734647810459137
0.054411764705882354,0.38076923076923075,0.7345160245895386
0.05514705882352941,0.38076923076923075,0.7343174815177917
0.05514705882352941,0.3817307692307692,0.7338599562644958
0.05588235294117647,0.3817307692307692,0.7336603999137878
0.05588235294117647,0.38461538461538464,0.7328015565872192
0.05661764705882353,0.38461538461538464,0.7320860624313354
0.05661764705882353,0.3923076923076923,0.7292578220367432
0.05808823529411765,0.3923076923076923,0.7280095219612122
0.05808823529411765,0.39326923076923076,0.7279358506202698
0.06102941176470588,0.39326923076923076,0.7273382544517517
0.06102941176470588,0.39615384615384613,0.7268931269645691
0.06323529411764706,0.39615384615384613,0.7256988286972046
0.06323529411764706,0.4,0.72434401512146
0.06544117647058824,0.4,0.723537266254425
0.06544117647058824,0.4028846153846154,0.7228272557258606
0.0661764705882353,0.4028846153846154,0.7227665185928345
0.0661764705882353,0.4076923076923077,0.7211387753486633
0.06691176470588235,0.4076923076923077,0.7208389043807983
0.06691176470588235,0.41057692307692306,0.7198670506477356
0.06764705882352941,0.41057692307692306,0.7191873788833618
0.06764705882352941,0.4115384615384615,0.719106912612915
0.06838235294117648,0.4115384615384615,0.7188440561294556
0.06838235294117648,0.4173076923076923,0.7182227373123169
0.07058823529411765,0.4173076923076923,0.7178830504417419
0.07058823529411765,0.4182692307692308,0.7176029086112976
0.0713235294117647,0.4182692307692308,0.7175910472869873
0.0713235294117647,0.41923076923076924,0.717054009437561
0.07352941176470588,0.41923076923076924,0.7154227495193481
0.07352941176470588,0.4201923076923077,0.7150776982307434
0.075,0.4201923076923077,0.7148076295852661
0.075,0.4230769230769231,0.7142581343650818
0.07573529411764705,0.4230769230769231,0.7140443325042725
0.07573529411764705,0.4288461538461538,0.711631715297699
0.07647058823529412,0.4288461538461538,0.7112714648246765
0.07647058823529412,0.42980769230769234,0.7111904621124268
0.07720588235294118,0.42980769230769234,0.7110497951507568
0.07720588235294118,0.4307692307692308,0.7109689116477966
0.07794117647058824,0.4307692307692308,0.7101749777793884
0.07794117647058824,0.43365384615384617,0.7093361616134644
0.07867647058823529,0.43365384615384617,0.7092894911766052
0.07867647058823529,0.4355769230769231,0.7090854048728943
0.07941176470588235,0.4355769230769231,0.7089909315109253
0.07941176470588235,0.4375,0.7083001136779785
0.08088235294117647,0.4375,0.7079781293869019
0.08088235294117647,0.4394230769230769,0.7074242234230042
0.08308823529411764,0.4394230769230769,0.7069748044013977
0.08308823529411764,0.4480769230769231,0.705342710018158
0.08602941176470588,0.4480769230769231,0.70368492603302
0.08602941176470588,0.44903846153846155,0.7032150030136108
0.08897058823529412,0.44903846153846155,0.7021147608757019
0.08897058823529412,0.45096153846153847,0.7019268274307251
0.09044117647058823,0.45096153846153847,0.7015113830566406
0.09044117647058823,0.4528846153846154,0.7008238434791565
0.09117647058823529,0.4528846153846154,0.7007140517234802
0.09117647058823529,0.4548076923076923,0.6998202204704285
0.09191176470588236,0.4548076923076923,0.6995222568511963
0.09191176470588236,0.4567307692307692,0.6991729736328125
0.09338235294117647,0.4567307692307692,0.6978808045387268
0.09338235294117647,0.4596153846153846,0.697109043598175
0.09411764705882353,0.4596153846153846,0.6968199014663696
0.09411764705882353,0.4634615384615385,0.6962568163871765
0.09558823529411764,0.4634615384615385,0.6959052085876465
0.09558823529411764,0.46442307692307694,0.695797860622406
0.09632352941176471,0.46442307692307694,0.695279598236084
0.09632352941176471,0.46634615384615385,0.6946237087249756
0.09705882352941177,0.46634615384615385,0.6945970058441162
0.09705882352941177,0.46826923076923077,0.6942704319953918
0.09779411764705882,0.46826923076923077,0.6938912868499756
0.09779411764705882,0.46923076923076923,0.6935929656028748
0.09926470588235294,0.46923076923076923,0.6933814883232117
0.09926470588235294,0.4701923076923077,0.6930288076400757
0.1,0.4701923076923077,0.6930179595947266
0.1,0.4721153846153846,0.6925127506256104
0.10147058823529412,0.4721153846153846,0.6917392015457153
0.10147058823529412,0.47307692307692306,0.6915215253829956
0.10220588235294117,0.47307692307692306,0.6914430856704712
0.10220588235294117,0.4740384615384615,0.6912880539894104
0.10294117647058823,0.4740384615384615,0.6911773681640625
0.10294117647058823,0.47596153846153844,0.6909611225128174
0.10441176470588236,0.47596153846153844,0.690599262714386
0.10441176470588236,0.4778846153846154,0.6896668672561646
0.10588235294117647,0.4778846153846154,0.689483642578125
0.10588235294117647,0.47884615384615387,0.6891153454780579
0.10661764705882353,0.47884615384615387,0.6888379454612732
0.10661764705882353,0.4798076923076923,0.6882681846618652
0.10735294117647058,0.4798076923076923,0.6882278323173523
0.10735294117647058,0.4826923076923077,0.6879924535751343
0.10808823529411765,0.4826923076923077,0.6878793835639954
0.10808823529411765,0.4846153846153846,0.6877315640449524
0.10955882352941176,0.4846153846153846,0.6875377893447876
0.10955882352941176,0.48653846153846153,0.6864707469940186
0.11176470588235295,0.48653846153846153,0.6861612796783447
0.11176470588235295,0.4875,0.6856920123100281
0.1125,0.4875,0.6856814026832581
0.1125,0.49038461538461536,0.6852871775627136
0.11764705882352941,0.49038461538461536,0.6830563545227051
0.11764705882352941,0.4913461538461538,0.6830015182495117
0.11911764705882352,0.4913461538461538,0.6825965642929077
0.11911764705882352,0.4932692307692308,0.6813664436340332
0.12058823529411765,0.4932692307692308,0.6811310052871704
0.12058823529411765,0.49423076923076925,0.6808134317398071
0.12279411764705882,0.49423076923076925,0.6795996427536011
0.12279411764705882,0.4951923076923077,0.6786879301071167
0.12426470588235294,0.4951923076923077,0.6784634590148926
0.12426470588235294,0.4980769230769231,0.6776130795478821
0.1264705882352941,0.4980769230769231,0.6773800253868103
0.1264705882352941,0.49903846153846154,0.6769683361053467
0.12720588235294117,0.49903846153846154,0.6768958568572998
0.12720588235294117,0.5028846153846154,0.6759899258613586
0.12941176470588237,0.5028846153846154,0.6742740869522095
0.12941176470588237,0.5038461538461538,0.6735609173774719
0.13088235294117648,0.5038461538461538,0.672855794429779
0.13088235294117648,0.5048076923076923,0.672307014465332
0.13161764705882353,0.5048076923076923,0.6722948551177979
0.13161764705882353,0.5076923076923077,0.6712070107460022
0.1323529411764706,0.5076923076923077,0.6711546778678894
0.1323529411764706,0.5096153846153846,0.669928789138794
0.13676470588235295,0.5096153846153846,0.6679803729057312
0.13676470588235295,0.5115384615384615,0.666802704334259
0.1375,0.5115384615384615,0.6665319204330444
0.1375,0.5125,0.6659630537033081
0.13823529411764707,0.5125,0.6654415130615234
0.13823529411764707,0.5134615384615384,0.6647357940673828
0.13897058823529412,0.5134615384615384,0.6647135615348816
0.13897058823529412,0.5144230769230769,0.6646377444267273
0.14044117647058824,0.5144230769230769,0.6640699505805969
0.14044117647058824,0.5153846153846153,0.6635200381278992
0.1426470588235294,0.5153846153846153,0.6633591055870056
0.1426470588235294,0.5163461538461539,0.6631653308868408
0.1463235294117647,0.5163461538461539,0.6618202328681946
0.1463235294117647,0.5173076923076924,0.6615900993347168
0.14779411764705883,0.5173076923076924,0.6614980697631836
0.14779411764705883,0.5201923076923077,0.6605743169784546
0.14852941176470588,0.5201923076923077,0.6604272723197937
0.14852941176470588,0.5240384615384616,0.6598875522613525
0.14926470588235294,0.5240384615384616,0.6598349809646606
0.14926470588235294,0.525,0.6597495079040527
0.1514705882352941,0.525,0.6595316529273987
0.1514705882352941,0.5259615384615385,0.6591724157333374
0.15220588235294116,0.5259615384615385,0.6587488055229187
0.15220588235294116,0.5269230769230769,0.6587185263633728
0.15294117647058825,0.5269230769230769,0.6583074927330017
0.15294117647058825,0.5298076923076923,0.657623827457428
0.1536764705882353,0.5298076923076923,0.6573260426521301
0.1536764705882353,0.5307692307692308,0.6572272777557373
0.15441176470588236,0.5307692307692308,0.6568245887756348
0.15441176470588236,0.5384615384615384,0.6538129448890686
0.15588235294117647,0.5384615384615384,0.6532635688781738
0.15588235294117647,0.5403846153846154,0.6520251035690308
0.15661764705882353,0.5403846153846154,0.6516713500022888
0.15661764705882353,0.5432692307692307,0.651383101940155
0.15808823529411764,0.5432692307692307,0.6511577367782593
0.15808823529411764,0.5442307692307692,0.6506120562553406
0.1610294117647059,0.5442307692307692,0.6496976613998413
0.1610294117647059,0.5471153846153847,0.649019718170166
0.1625,0.5471153846153847,0.6482037305831909
0.1625,0.5509615384615385,0.6475803256034851
0.16397058823529412,0.5509615384615385,0.6470967531204224
0.16397058823529412,0.5557692307692308,0.6461383104324341
0.16470588235294117,0.5557692307692308,0.6455134749412537
0.16470588235294117,0.5576923076923077,0.6453273892402649
0.1661764705882353,0.5576923076923077,0.6448006629943848
0.1661764705882353,0.5596153846153846,0.6442108750343323
0.16691176470588234,0.5596153846153846,0.6441773176193237
0.16691176470588234,0.5615384615384615,0.6439148187637329
0.1676470588235294,0.5615384615384615,0.6436194777488708
0.1676470588235294,0.5634615384615385,0.643190860748291
0.16838235294117648,0.5634615384615385,0.6431641578674316
0.16838235294117648,0.5644230769230769,0.6429569125175476
0.16911764705882354,0.5644230769230769,0.6428857445716858
0.16911764705882354,0.5682692307692307,0.6416032314300537
0.1698529411764706,0.5682692307692307,0.6414201855659485
0.1698529411764706,0.5692307692307692,0.6412140130996704
0.1713235294117647,0.5692307692307692,0.6407667994499207
0.1713235294117647,0.5701923076923077,0.6406435966491699
0.17205882352941176,0.5701923076923077,0.6405247449874878
0.17205882352941176,0.575,0.6386843323707581
0.17352941176470588,0.575,0.6384031176567078
0.17352941176470588,0.5788461538461539,0.637551486492157
0.17647058823529413,0.5788461538461539,0.6364206075668335
0.17647058823529413,0.5807692307692308,0.6352818012237549
0.17720588235294119,0.5807692307692308,0.6352464556694031
0.17720588235294119,0.5855769230769231,0.633601188659668
0.1786764705882353,0.5855769230769231,0.6330130100250244
0.1786764705882353,0.5875,0.6323385238647461
0.1801470588235294,0.5875,0.6320962309837341
0.1801470588235294,0.5913461538461539,0.6316058039665222
0.18088235294117647,0.5913461538461539,0.631502628326416
0.18088235294117647,0.5942307692307692,0.63090580701828
0.18235294117647058,0.5942307692307692,0.630344808101654
0.18235294117647058,0.5951923076923077,0.629976749420166
0.18308823529411763,0.5951923076923077,0.6297418475151062
0.18308823529411763,0.5961538461538461,0.6292819380760193
0.18455882352941178,0.5961538461538461,0.6290154457092285
0.18455882352941178,0.5971153846153846,0.6287945508956909
0.18529411764705883,0.5971153846153846,0.6286405324935913
0.18529411764705883,0.5990384615384615,0.6285773515701294
0.18676470588235294,0.5990384615384615,0.6279065012931824
0.18676470588235294,0.6,0.6277896761894226
0.1875,0.6,0.6275643110275269
0.1875,0.6009615384615384,0.6274647116661072
0.19044117647058822,0.6009615384615384,0.6260908246040344
0.19044117647058822,0.6096153846153847,0.6240745782852173
0.19117647058823528,0.6096153846153847,0.6240286827087402
0.19117647058823528,0.6105769230769231,0.6228420734405518
0.19191176470588237,0.6105769230769231,0.622806966304779
0.19191176470588237,0.6115384615384616,0.6227368712425232
0.19264705882352942,0.6115384615384616,0.6225072741508484
0.19264705882352942,0.6125,0.6223857998847961
0.19338235294117648,0.6125,0.6222532391548157
0.19338235294117648,0.614423076923077,0.6208967566490173
0.19411764705882353,0.614423076923077,0.6206871867179871
0.19411764705882353,0.6182692307692308,0.619255781173706
0.1948529411764706,0.6182692307692308,0.6190739870071411
0.1948529411764706,0.6192307692307693,0.6186205744743347
0.1963235294117647,0.6192307692307693,0.6185463666915894
0.1963235294117647,0.6230769230769231,0.6173215508460999
0.19705882352941176,0.6230769230769231,0.6168190240859985
0.19705882352941176,0.6240384615384615,0.61653733253479
0.19779411764705881,0.6240384615384615,0.6164887547492981
0.19779411764705881,0.6278846153846154,0.6153111457824707
0.19852941176470587,0.6278846153846154,0.6152649521827698
0.19852941176470587,0.6307692307692307,0.6148442029953003
0.2,0.6307692307692307,0.6147280931472778
0.2,0.635576923076923,0.6128945350646973
0.20073529411764707,0.635576923076923,0.6126339435577393
0.20073529411764707,0.6365384615384615,0.6126145720481873
0.20147058823529412,0.6365384615384615,0.612153172492981
0.20147058823529412,0.6375,0.6121208667755127
0.20441176470588235,0.6375,0.6104758381843567
0.20441176470588235,0.6403846153846153,0.6100186109542847
0.2051470588235294,0.6403846153846153,0.6092789173126221
0.2051470588235294,0.6423076923076924,0.6091846227645874
0.20588235294117646,0.6423076923076924,0.6081773042678833
0.20588235294117646,0.6432692307692308,0.6076095700263977
0.20661764705882352,0.6432692307692308,0.6074393391609192
0.20661764705882352,0.6451923076923077,0.6070574522018433
0.20808823529411766,0.6451923076923077,0.6069411635398865
0.20808823529411766,0.6461538461538462,0.606226921081543
0.2088235294117647,0.6461538461538462,0.6057152152061462
0.2088235294117647,0.6480769230769231,0.6051840782165527
0.20955882352941177,0.6480769230769231,0.6050650477409363
0.20955882352941177,0.6490384615384616,0.6050499081611633
0.21029411764705883,0.6490384615384616,0.6048541069030762
0.21029411764705883,0.6509615384615385,0.604484498500824
0.21102941176470588,0.6509615384615385,0.6043251156806946
0.21102941176470588,0.6538461538461539,0.6034030318260193
0.2125,0.6538461538461539,0.6030294299125671
0.2125,0.6548076923076923,0.6016425490379333
0.21323529411764705,0.6548076923076923,0.6014661192893982
0.21323529411764705,0.6644230769230769,0.5983622074127197
0.2139705882352941,0.6644230769230769,0.5976107120513916
0.2139705882352941,0.6663461538461538,0.5971943736076355
0.21470588235294116,0.6663461538461538,0.5971654653549194
0.21470588235294116,0.6692307692307692,0.5963733196258545
0.2161764705882353,0.6692307692307692,0.5962700843811035
0.2161764705882353,0.675,0.5940316319465637
0.21691176470588236,0.675,0.5940173864364624
0.21691176470588236,0.6759615384615385,0.5940062999725342
0.21764705882352942,0.6759615384615385,0.5936423540115356
0.21764705882352942,0.676923076923077,0.5932604074478149
0.21838235294117647,0.676923076923077,0.592372715473175
0.21838235294117647,0.6778846153846154,0.5921301245689392
0.21911764705882353,0.6778846153846154,0.5919502973556519
0.21911764705882353,0.6788461538461539,0.5918364524841309
0.21985294117647058,0.6788461538461539,0.5917845964431763
0.21985294117647058,0.6807692307692308,0.5916195511817932
0.22058823529411764,0.6807692307692308,0.5909674763679504
0.22058823529411764,0.6826923076923077,0.5904337763786316
0.2213235294117647,0.6826923076923077,0.590330183506012
0.2213235294117647,0.6865384615384615,0.587977409362793
0.22205882352941175,0.6865384615384615,0.5874831080436707
0.22205882352941175,0.6894230769230769,0.5863962769508362
0.22279411764705884,0.6894230769230769,0.5860406756401062
0.22279411764705884,0.6913461538461538,0.5848014950752258
0.2235294117647059,0.6913461538461538,0.5843712091445923
0.2235294117647059,0.6923076923076923,0.5841405987739563
0.225,0.6923076923076923,0.5819441080093384
0.225,0.6951923076923077,0.5811794400215149
0.22573529411764706,0.6951923076923077,0.5805437564849854
0.22573529411764706,0.6990384615384615,0.5788912773132324
0.22647058823529412,0.6990384615384615,0.5776720643043518
0.22647058823529412,0.7,0.577234148979187
0.22720588235294117,0.7,0.576874852180481
0.22720588235294117,0.7019230769230769,0.5767616629600525
0.2286764705882353,0.7019230769230769,0.5763363838195801
0.2286764705882353,0.7038461538461539,0.5754711031913757
0.22941176470588234,0.7038461538461539,0.5752599835395813
0.22941176470588234,0.7048076923076924,0.575082004070282
0.2301470588235294,0.7048076923076924,0.5740696787834167
0.2301470588235294,0.7067307692307693,0.5733660459518433
0.23088235294117648,0.7067307692307693,0.573061466217041
0.23088235294117648,0.7086538461538462,0.5722704529762268
0.23161764705882354,0.7086538461538462,0.5713439583778381
0.23161764705882354,0.7153846153846154,0.5694573521614075
0.23308823529411765,0.7153846153846154,0.5691530704498291
0.23308823529411765,0.7163461538461539,0.5688778162002563
0.2338235294117647,0.7163461538461539,0.5688716173171997
0.2338235294117647,0.7173076923076923,0.5688093900680542
0.23529411764705882,0.7173076923076923,0.5676027536392212
0.23529411764705882,0.7182692307692308,0.5665984749794006
0.23602941176470588,0.7182692307692308,0.5664952397346497
0.23602941176470588,0.7192307692307692,0.5664153695106506
0.23676470588235293,0.7192307692307692,0.566260576248169
0.23676470588235293,0.7230769230769231,0.5641975998878479
0.2375,0.7230769230769231,0.5640420317649841
0.2375,0.7365384615384616,0.5575759410858154
0.23897058823529413,0.7365384615384616,0.5570970773696899
0.23897058823529413,0.7384615384615385,0.5563912391662598
0.23970588235294119,0.7384615384615385,0.5563498139381409
0.23970588235294119,0.7413461538461539,0.5554168820381165
0.24044117647058824,0.7413461538461539,0.5553686022758484
0.24044117647058824,0.7471153846153846,0.5542010068893433
0.2411764705882353,0.7471153846153846,0.5540140271186829
0.2411764705882353,0.7509615384615385,0.5526216626167297
0.2426470588235294,0.7509615384615385,0.5507944822311401
0.2426470588235294,0.7538461538461538,0.5494372844696045
0.24411764705882352,0.7538461538461538,0.5480921864509583
0.24411764705882352,0.7557692307692307,0.547771692276001
0.24485294117647058,0.7557692307692307,0.5476099848747253
0.24485294117647058,0.7586538461538461,0.5469181537628174
0.24632352941176472,0.7586538461538461,0.5462778806686401
0.24632352941176472,0.7596153846153846,0.5460584163665771
0.24779411764705883,0.7596153846153846,0.5447669625282288
0.24779411764705883,0.7625,0.5435733199119568
0.2485294117647059,0.7625,0.5432209372520447
0.2485294117647059,0.7644230769230769,0.5424837470054626
0.24926470588235294,0.7644230769230769,0.5423511266708374
0.24926470588235294,0.7663461538461539,0.5413243770599365
0.25,0.7663461538461539,0.5406308174133301
0.25,0.7673076923076924,0.5400468707084656
0.2514705882352941,0.7673076923076924,0.5393909215927124
0.2514705882352941,0.7682692307692308,0.5376879572868347
0.25220588235294117,0.7682692307692308,0.5368807315826416
0.25220588235294117,0.7759615384615385,0.5337201356887817
0.2529411764705882,0.7759615384615385,0.533006489276886
0.2529411764705882,0.7788461538461539,0.5322873592376709
0.2551470588235294,0.7788461538461539,0.5314198136329651
0.2551470588235294,0.7817307692307692,0.5304872393608093
0.25735294117647056,0.7817307692307692,0.529059112071991
0.25735294117647056,0.7836538461538461,0.5286444425582886
0.2580882352941177,0.7836538461538461,0.5283768773078918
0.2580882352941177,0.7846153846153846,0.5279988646507263
0.25882352941176473,0.7846153846153846,0.5277064442634583
0.25882352941176473,0.7855769230769231,0.5272552967071533
0.26029411764705884,0.7855769230769231,0.5269731283187866
0.26029411764705884,0.7865384615384615,0.5262748003005981
0.26176470588235295,0.7865384615384615,0.524715781211853
0.26176470588235295,0.7894230769230769,0.5239139795303345
0.2639705882352941,0.7894230769230769,0.5218963623046875
0.2639705882352941,0.7913461538461538,0.521378755569458
0.2647058823529412,0.7913461538461538,0.5206462740898132
0.2647058823529412,0.7923076923076923,0.5203115940093994
0.2661764705882353,0.7923076923076923,0.5197529792785645
0.2661764705882353,0.7932692307692307,0.5197096467018127
0.26691176470588235,0.7932692307692307,0.519482433795929
0.26691176470588235,0.7951923076923076,0.5186493396759033
0.2676470588235294,0.7951923076923076,0.5184137225151062
0.2676470588235294,0.7961538461538461,0.5182015895843506
0.26838235294117646,0.7961538461538461,0.5181807279586792
0.26838235294117646,0.7971153846153847,0.5171884298324585
0.2691176470588235,0.7971153846153847,0.5168818831443787
0.2691176470588235,0.7980769230769231,0.5164386034011841
0.2698529411764706,0.7980769230769231,0.5163482427597046
0.2698529411764706,0.8,0.5155191421508789
0.27058823529411763,0.8,0.515360951423645
0.27058823529411763,0.8009615384615385,0.515058696269989
0.2727941176470588,0.8009615384615385,0.5137616395950317
0.2727941176470588,0.8028846153846154,0.513473391532898
0.27426470588235297,0.8028846153846154,0.5133541226387024
0.27426470588235297,0.8038461538461539,0.5133050680160522
0.275,0.8038461538461539,0.5121368765830994
0.275,0.8048076923076923,0.5119834542274475
0.2757352941176471,0.8048076923076923,0.5119572281837463
0.2757352941176471,0.8057692307692308,0.5115424394607544
0.27647058823529413,0.8057692307692308,0.5114955306053162
0.27647058823529413,0.8076923076923077,0.5097329020500183
0.2786764705882353,0.8076923076923077,0.508019745349884
0.2786764705882353,0.8086538461538462,0.5071011185646057
0.28161764705882353,0.8086538461538462,0.5055944919586182
0.28161764705882353,0.8096153846153846,0.5054594278335571
0.2823529411764706,0.8096153846153846,0.5051209330558777
0.2823529411764706,0.8105769230769231,0.5045070648193359
0.28308823529411764,0.8105769230769231,0.503831148147583
0.28308823529411764,0.8115384615384615,0.5024234652519226
0.2852941176470588,0.8115384615384615,0.5012173652648926
0.2852941176470588,0.8134615384615385,0.5003727674484253
0.28602941176470587,0.8134615384615385,0.5002369284629822
0.28602941176470587,0.8144230769230769,0.49985092878341675
0.2889705882352941,0.8144230769230769,0.49801769852638245
0.2889705882352941,0.8163461538461538,0.4974663555622101
0.29044117647058826,0.8163461538461538,0.4971490204334259
0.29044117647058826,0.8173076923076923,0.4955097734928131
0.29191176470588237,0.8173076923076923,0.49363648891448975
0.29191176470588237,0.8182692307692307,0.49349164962768555
0.2977941176470588,0.8182692307692307,0.490780234336853
0.2977941176470588,0.8201923076923077,0.4905965328216553
0.2985294117647059,0.8201923076923077,0.49034759402275085
0.2985294117647059,0.8221153846153846,0.48989585041999817
0.29926470588235293,0.8221153846153846,0.4898379445075989
0.29926470588235293,0.8259615384615384,0.48880821466445923
0.3029411764705882,0.8259615384615384,0.4878832995891571
0.3029411764705882,0.8288461538461539,0.48691925406455994
0.3058823529411765,0.8288461538461539,0.4857436418533325
0.3058823529411765,0.8298076923076924,0.4853818714618683
0.30661764705882355,0.8298076923076924,0.48431164026260376
0.30661764705882355,0.8307692307692308,0.48425188660621643
0.3073529411764706,0.8307692307692308,0.4841172993183136
0.3073529411764706,0.8317307692307693,0.4840676784515381
0.30808823529411766,0.8317307692307693,0.48360028862953186
0.30808823529411766,0.8326923076923077,0.4832688570022583
0.3095588235294118,0.8326923076923077,0.482352077960968
0.3095588235294118,0.8336538461538462,0.4820685088634491
0.3125,0.8336538461538462,0.48008620738983154
0.3125,0.8346153846153846,0.4789528250694275
0.3161764705882353,0.8346153846153846,0.4778936207294464
0.3161764705882353,0.8355769230769231,0.4778817892074585
0.31838235294117645,0.8355769230769231,0.4771038591861725
0.31838235294117645,0.8365384615384616,0.4764496088027954
0.3191176470588235,0.8365384615384616,0.47609883546829224
0.3191176470588235,0.8384615384615385,0.47587573528289795
0.32426470588235295,0.8384615384615385,0.4697853922843933
0.32426470588235295,0.8413461538461539,0.46927428245544434
0.32573529411764707,0.8413461538461539,0.46807175874710083
0.32573529411764707,0.8423076923076923,0.4673682749271393
0.3272058823529412,0.8423076923076923,0.4667282700538635
0.3272058823529412,0.8432692307692308,0.46538451313972473
0.3286764705882353,0.8432692307692308,0.4641111195087433
0.3286764705882353,0.8442307692307692,0.46376878023147583
0.32941176470588235,0.8442307692307692,0.4636918306350708
0.32941176470588235,0.8461538461538461,0.4632803499698639
0.33455882352941174,0.8461538461538461,0.4608432650566101
0.33455882352941174,0.8471153846153846,0.460816890001297
0.3382352941176471,0.8471153846153846,0.4599727690219879
0.3382352941176471,0.8480769230769231,0.45934993028640747
0.34411764705882353,0.8480769230769231,0.4576875865459442
0.34411764705882353,0.8490384615384615,0.4573991000652313
0.3448529411764706,0.8490384615384615,0.4572680592536926
0.3448529411764706,0.85,0.4568212330341339
0.34558823529411764,0.85,0.45672112703323364
0.34558823529411764,0.8519230769230769,0.45541641116142273
0.35,0.8519230769230769,0.45418500900268555
0.35,0.8528846153846154,0.45375576615333557
0.3536764705882353,0.8528846153846154,0.45226433873176575
0.3536764705882353,0.8548076923076923,0.451327919960022
0.35441176470588237,0.8548076923076923,0.4505714774131775
0.35441176470588237,0.8557692307692307,0.45046359300613403
0.3610294117647059,0.8557692307692307,0.44882693886756897
0.3610294117647059,0.8567307692307692,0.448108434677124
0.3625,0.8567307692307692,0.4479884207248688
0.3625,0.8605769230769231,0.4465655982494354
0.3639705882352941,0.8605769230769231,0.4460260570049286
0.3639705882352941,0.864423076923077,0.4448309540748596
0.36470588235294116,0.864423076923077,0.444600373506546
0.36470588235294116,0.8653846153846154,0.44455063343048096
0.36617647058823527,0.8653846153846154,0.4441407024860382
0.36617647058823527,0.8663461538461539,0.4441205859184265
0.3683823529411765,0.8663461538461539,0.4439079761505127
0.3683823529411765,0.8673076923076923,0.4425157904624939
0.3713235294117647,0.8673076923076923,0.4413408041000366
0.3713235294117647,0.8682692307692308,0.44125792384147644
0.37573529411764706,0.8682692307692308,0.43980059027671814
0.37573529411764706,0.8692307692307693,0.43925538659095764
0.3764705882352941,0.8692307692307693,0.43913501501083374
0.3764705882352941,0.8701923076923077,0.4387749433517456
0.37720588235294117,0.8701923076923077,0.4387253522872925
0.37720588235294117,0.8711538461538462,0.43855351209640503
0.3779411764705882,0.8711538461538462,0.4383731186389923
0.3779411764705882,0.8721153846153846,0.4379243850708008
0.3801470588235294,0.8721153846153846,0.4372604489326477
0.3801470588235294,0.8730769230769231,0.4371214807033539
0.38529411764705884,0.8730769230769231,0.43534180521965027
0.38529411764705884,0.8740384615384615,0.4351423382759094
0.3875,0.8740384615384615,0.43481773138046265
0.3875,0.875,0.43458741903305054
0.39044117647058824,0.875,0.43379977345466614
0.39044117647058824,0.8759615384615385,0.4336438775062561
0.39338235294117646,0.8759615384615385,0.43284469842910767
0.39338235294117646,0.8769230769230769,0.4325847029685974
0.3948529411764706,0.8769230769230769,0.43156319856643677
0.3948529411764706,0.8798076923076923,0.43093225359916687
0.3963235294117647,0.8798076923076923,0.4307134747505188
0.3963235294117647,0.8807692307692307,0.4305976927280426
0.39705882352941174,0.8807692307692307,0.43042218685150146
0.39705882352941174,0.8817307692307692,0.4303244948387146
0.4,0.8817307692307692,0.4296130836009979
0.4,0.8826923076923077,0.42950108647346497
0.40147058823529413,0.8826923076923077,0.4288111627101898
0.40147058823529413,0.8836538461538461,0.42880409955978394
0.4102941176470588,0.8836538461538461,0.4261925518512726
0.4102941176470588,0.8846153846153846,0.42617014050483704
0.4125,0.8846153846153846,0.42536237835884094
0.4125,0.885576923076923,0.4252815842628479
0.4147058823529412,0.885576923076923,0.4248366057872772
0.4147058823529412,0.8865384615384615,0.424762099981308
0.4176470588235294,0.8865384615384615,0.4244835376739502
0.4176470588235294,0.8875,0.42428961396217346
0.4183823529411765,0.8875,0.42410269379615784
0.4183823529411765,0.8884615384615384,0.4240337908267975
0.42205882352941176,0.8884615384615384,0.42259496450424194
0.42205882352941176,0.8903846153846153,0.4225211441516876
0.42573529411764705,0.8903846153846153,0.42071712017059326
0.42573529411764705,0.8913461538461539,0.4205189645290375
0.4264705882352941,0.8913461538461539,0.4200673997402191
0.4264705882352941,0.8923076923076924,0.419920951128006
0.4294117647058823,0.8923076923076924,0.41908034682273865
0.4294117647058823,0.8932692307692308,0.4190421998500824
0.43014705882352944,0.8932692307692308,0.41892969608306885
0.43014705882352944,0.8951923076923077,0.41824018955230713
0.4323529411764706,0.8951923076923077,0.41726604104042053
0.4323529411764706,0.8961538461538462,0.4171205461025238
0.4345588235294118,0.8961538461538462,0.41653886437416077
0.4345588235294118,0.8980769230769231,0.41622719168663025
0.4360294117647059,0.8980769230769231,0.41596314311027527
0.4360294117647059,0.8990384615384616,0.41560113430023193
0.4389705882352941,0.8990384615384616,0.41485854983329773
0.4389705882352941,0.9,0.4144018888473511
0.44191176470588234,0.9,0.4137660562992096
0.44191176470588234,0.9009615384615385,0.4133145809173584
0.4441176470588235,0.9009615384615385,0.4120960831642151
0.4441176470588235,0.9019230769230769,0.4117526710033417
0.44485294117647056,0.9019230769230769,0.4117518961429596
0.44485294117647056,0.9048076923076923,0.41049668192863464
0.44632352941176473,0.9048076923076923,0.4096209406852722
0.44632352941176473,0.9057692307692308,0.4094781279563904
0.4514705882352941,0.9057692307692308,0.40841585397720337
0.4514705882352941,0.9067307692307692,0.40819305181503296
0.4522058823529412,0.9067307692307692,0.4080958664417267
0.4522058823529412,0.9086538461538461,0.40708088874816895
0.4588235294117647,0.9086538461538461,0.4052688479423523
0.4588235294117647,0.9096153846153846,0.4050419330596924
0.46397058823529413,0.9096153846153846,0.40417638421058655
0.46397058823529413,0.9105769230769231,0.40401309728622437
0.46544117647058825,0.9105769230769231,0.40353143215179443
0.46544117647058825,0.9115384615384615,0.40349578857421875
0.4661764705882353,0.9115384615384615,0.40339550375938416
0.4661764705882353,0.9125,0.40307730436325073
0.46838235294117647,0.9125,0.4018857479095459
0.46838235294117647,0.9134615384615384,0.40174388885498047
0.4727941176470588,0.9134615384615384,0.4001784920692444
0.4727941176470588,0.9153846153846154,0.39960789680480957
0.4742647058823529,0.9153846153846154,0.39911526441574097
0.4742647058823529,0.9173076923076923,0.3989432454109192
0.47573529411764703,0.9173076923076923,0.398380309343338
0.47573529411764703,0.9201923076923076,0.3976406157016754
0.4772058823529412,0.9201923076923076,0.39711251854896545
0.4772058823529412,0.9211538461538461,0.3970433175563812
0.4860294117647059,0.9211538461538461,0.392239511013031
0.4860294117647059,0.9221153846153847,0.3922017216682434
0.48676470588235293,0.9221153846153847,0.3917979300022125
0.48676470588235293,0.9230769230769231,0.391725093126297
0.49117647058823527,0.9230769230769231,0.3894842267036438
0.49117647058823527,0.9240384615384616,0.38920000195503235
0.49558823529411766,0.9240384615384616,0.3862840533256531
0.49558823529411766,0.925,0.3860490620136261
0.5007352941176471,0.925,0.38216155767440796
0.5007352941176471,0.9259615384615385,0.38207584619522095
0.5022058823529412,0.9259615384615385,0.3819447457790375
0.5022058823529412,0.9278846153846154,0.3816283047199249
0.5058823529411764,0.9278846153846154,0.38076910376548767
0.5058823529411764,0.9288461538461539,0.3807574510574341
0.5088235294117647,0.9288461538461539,0.37929415702819824
0.5088235294117647,0.9307692307692308,0.37887653708457947
0.5102941176470588,0.9307692307692308,0.37704145908355713
0.5102941176470588,0.9326923076923077,0.3763585686683655
0.5110294117647058,0.9326923076923077,0.37578192353248596
0.5110294117647058,0.9336538461538462,0.37566208839416504
0.5139705882352941,0.9336538461538462,0.3747517466545105
0.5139705882352941,0.9355769230769231,0.37468817830085754
0.5169117647058824,0.9355769230769231,0.37216541171073914
0.5169117647058824,0.9365384615384615,0.37165364623069763
0.5389705882352941,0.9365384615384615,0.35602474212646484
0.5389705882352941,0.9375,0.355918288230896
0.5411764705882353,0.9375,0.35442689061164856
0.5411764705882353,0.9384615384615385,0.3539150655269623
0.5485294117647059,0.9384615384615385,0.3509218990802765
0.5485294117647059,0.9394230769230769,0.35083886981010437
0.55,0.9394230769230769,0.3502883017063141
0.55,0.9403846153846154,0.3497505784034729
0.5558823529411765,0.9403846153846154,0.34692296385765076
0.5558823529411765,0.9413461538461538,0.34687864780426025
0.5786764705882353,0.9413461538461538,0.33657732605934143
0.5786764705882353,0.9423076923076923,0.3354805111885071
0.5801470588235295,0.9423076923076923,0.33497354388237
0.5801470588235295,0.9432692307692307,0.33480608463287354
0.5963235294117647,0.9432692307692307,0.3242376744747162
0.5963235294117647,0.9442307692307692,0.3242355287075043
0.5992647058823529,0.9442307692307692,0.32215678691864014
0.5992647058823529,0.9461538461538461,0.321402907371521
0.6044117647058823,0.9461538461538461,0.3189091682434082
0.6044117647058823,0.9471153846153846,0.31882113218307495
0.6058823529411764,0.9471153846153846,0.3167977035045624
0.6058823529411764,0.948076923076923,0.31674063205718994
0.6102941176470589,0.948076923076923,0.31481635570526123
0.6102941176470589,0.95,0.3143284022808075
0.6161764705882353,0.95,0.30794423818588257
0.6161764705882353,0.9519230769230769,0.3063381314277649
0.6191176470588236,0.9519230769230769,0.3052279055118561
0.6191176470588236,0.9528846153846153,0.3052169382572174
0.6205882352941177,0.9528846153846153,0.3029106855392456
0.6205882352941177,0.9538461538461539,0.30254530906677246
0.6235294117647059,0.9538461538461539,0.2993830740451813
0.6235294117647059,0.9548076923076924,0.2988288700580597
0.6264705882352941,0.9548076923076924,0.29714158177375793
0.6264705882352941,0.9557692307692308,0.29646000266075134
0.6279411764705882,0.9557692307692308,0.29500746726989746
0.6279411764705882,0.9567307692307693,0.2947266101837158
0.6375,0.9567307692307693,0.2914696931838989
0.6375,0.9586538461538462,0.29122745990753174
0.6470588235294118,0.9586538461538462,0.28628700971603394
0.6470588235294118,0.9596153846153846,0.28620457649230957
0.6514705882352941,0.9596153846153846,0.28411975502967834
0.6514705882352941,0.9625,0.28208863735198975
0.6551470588235294,0.9625,0.27978405356407166
0.6551470588235294,0.9634615384615385,0.2796083688735962
0.6566176470588235,0.9634615384615385,0.2785269320011139
0.6566176470588235,0.9644230769230769,0.27751395106315613
0.663235294117647,0.9644230769230769,0.2731885612010956
0.663235294117647,0.9653846153846154,0.27266600728034973
0.6764705882352942,0.9653846153846154,0.26562991738319397
0.6764705882352942,0.9673076923076923,0.26501548290252686
0.6838235294117647,0.9673076923076923,0.26247438788414
0.6838235294117647,0.9682692307692308,0.2622911334037781
0.6882352941176471,0.9682692307692308,0.2599758505821228
0.6882352941176471,0.9701923076923077,0.2588688135147095
0.6911764705882353,0.9701923076923077,0.25737425684928894
0.6911764705882353,0.9711538461538461,0.2569350004196167
0.6919117647058823,0.9711538461538461,0.25660958886146545
0.6919117647058823,0.9721153846153846,0.2564062476158142
0.6977941176470588,0.9721153846153846,0.25424259901046753
0.6977941176470588,0.9740384615384615,0.252505362033844
0.6985294117647058,0.9740384615384615,0.2524454593658447
0.6985294117647058,0.9759615384615384,0.2519093155860901
0.7029411764705882,0.9759615384615384,0.24884513020515442
0.7029411764705882,0.9769230769230769,0.2484288066625595
0.7058823529411765,0.9769230769230769,0.24657025933265686
0.7058823529411765,0.9778846153846154,0.24655906856060028
0.7389705882352942,0.9778846153846154,0.23032894730567932
0.7389705882352942,0.9788461538461538,0.23031868040561676
0.7470588235294118,0.9788461538461538,0.2269558608531952
0.7470588235294118,0.9798076923076923,0.22686871886253357
0.8044117647058824,0.9798076923076923,0.20579977333545685
0.8044117647058824,0.9807692307692307,0.20575805008411407
0.925,0.9807692307692307,0.09818930923938751
0.925,0.9817307692307692,0.09636436402797699
0.9257352941176471,0.9817307692307692,0.08956848829984665
0.9257352941176471,0.9826923076923076,0.08864112198352814
0.9264705882352942,0.9826923076923076,0.08582422882318497
0.9264705882352942,0.9836538461538461,0.08532974123954773
0.9272058823529412,0.9836538461538461,0.08530726283788681
0.9272058823529412,0.9846153846153847,0.08476817607879639
0.9301470588235294,0.9846153846153847,0.07827626913785934
0.9301470588235294,0.9855769230769231,0.07768601924180984
0.9323529411764706,0.9855769230769231,0.0754873976111412
0.9323529411764706,0.9903846153846154,0.07296861708164215
0.9330882352941177,0.9903846153846154,0.0726664736866951
0.9330882352941177,0.9923076923076923,0.07155115157365799
0.9338235294117647,0.9923076923076923,0.07112780958414078
0.9338235294117647,0.9932692307692308,0.07006360590457916
0.9352941176470588,0.9932692307692308,0.06885626167058945
0.9352941176470588,0.9942307692307693,0.06864302605390549
0.9367647058823529,0.9942307692307693,0.06790375709533691
0.9367647058823529,0.9951923076923077,0.06739415228366852
0.9397058823529412,0.9951923076923077,0.06545133143663406
0.9397058823529412,0.9971153846153846,0.06504352390766144
0.9404411764705882,0.9971153846153846,0.06490493565797806
0.9404411764705882,0.9980769230769231,0.06461440771818161
0.9514705882352941,0.9980769230769231,0.05954526364803314
0.9514705882352941,0.9990384615384615,0.0593029223382473
0.9573529411764706,0.9990384615384615,0.0572904497385025
0.9573529411764706,1.0,0.0572124607861042
1.0,1.0,0.041390080004930496
