FPR,TPR,Threshold
0.0,0.0,1.9665870666503906
0.0,0.0009615384615384616,0.9665870666503906
0.0,0.015384615384615385,0.9511160850524902
0.0007352941176470588,0.015384615384615385,0.9501346945762634
0.0007352941176470588,0.038461538461538464,0.9363012313842773
0.0014705882352941176,0.038461538461538464,0.9361515045166016
0.0014705882352941176,0.047115384615384615,0.9329274892807007
0.0022058823529411764,0.047115384615384615,0.932851254940033
0.0022058823529411764,0.05384615384615385,0.9294863939285278
0.003676470588235294,0.05384615384615385,0.9287067651748657
0.003676470588235294,0.05673076923076923,0.9275025129318237
0.005147058823529412,0.05673076923076923,0.9264493584632874
0.005147058823529412,0.058653846153846154,0.9260159730911255
0.007352941176470588,0.058653846153846154,0.9250403642654419
0.007352941176470588,0.06153846153846154,0.9245318174362183
0.008088235294117648,0.06153846153846154,0.9243276715278625
0.008088235294117648,0.06538461538461539,0.9230668544769287
0.009558823529411765,0.06538461538461539,0.9226579070091248
0.009558823529411765,0.06923076923076923,0.9221869707107544
0.010294117647058823,0.06923076923076923,0.922168493270874
0.010294117647058823,0.07307692307692308,0.9210336804389954
0.011029411764705883,0.07307692307692308,0.9204391241073608
0.011029411764705883,0.09615384615384616,0.9149768948554993
0.011764705882352941,0.09615384615384616,0.9147356748580933
0.011764705882352941,0.10192307692307692,0.9130029678344727
0.0125,0.10192307692307692,0.9125763773918152
0.0125,0.11923076923076924,0.906501293182373
0.013235294117647059,0.11923076923076924,0.9064120054244995
0.013235294117647059,0.1201923076923077,0.906248152256012
0.013970588235294118,0.1201923076923077,0.9054118394851685
0.013970588235294118,0.18076923076923077,0.8875805735588074
0.014705882352941176,0.18076923076923077,0.8872783780097961
0.014705882352941176,0.18557692307692308,0.8863123655319214
0.015441176470588236,0.18557692307692308,0.886296808719635
0.015441176470588236,0.19615384615384615,0.8831138014793396
0.016176470588235296,0.19615384615384615,0.8828222751617432
0.016176470588235296,0.23173076923076924,0.8639882802963257
0.016911764705882352,0.23173076923076924,0.8631377816200256
0.016911764705882352,0.24615384615384617,0.8596768379211426
0.01838235294117647,0.24615384615384617,0.8588486313819885
0.01838235294117647,0.25769230769230766,0.8551854491233826
0.01911764705882353,0.25769230769230766,0.8548501133918762
0.01911764705882353,0.2586538461538462,0.854364812374115
0.019852941176470587,0.2586538461538462,0.853926956653595
0.019852941176470587,0.26346153846153847,0.8506748080253601
0.020588235294117647,0.26346153846153847,0.8505024909973145
0.020588235294117647,0.2653846153846154,0.8496896624565125
0.021323529411764706,0.2653846153846154,0.8496506810188293
0.021323529411764706,0.2673076923076923,0.8484066724777222
0.023529411764705882,0.2673076923076923,0.8480187058448792
0.023529411764705882,0.26826923076923076,0.847331166267395
0.025,0.26826923076923076,0.8470045924186707
0.025,0.2692307692307692,0.846535325050354
0.026470588235294117,0.2692307692307692,0.846173107624054
0.026470588235294117,0.27115384615384613,0.8458536267280579
0.027205882352941177,0.27115384615384613,0.8455786108970642
0.027205882352941177,0.2759615384615385,0.8445590734481812
0.028676470588235293,0.2759615384615385,0.8442447185516357
0.028676470588235293,0.27692307692307694,0.8440665006637573
0.029411764705882353,0.27692307692307694,0.8437545299530029
0.029411764705882353,0.27884615384615385,0.8436797261238098
0.030147058823529412,0.27884615384615385,0.8435290455818176
0.030147058823529412,0.2798076923076923,0.8434849977493286
0.03161764705882353,0.2798076923076923,0.8429723978042603
0.03161764705882353,0.28173076923076923,0.8419116735458374
0.03308823529411765,0.28173076923076923,0.8415023684501648
0.03308823529411765,0.28557692307692306,0.8398374319076538
0.033823529411764704,0.28557692307692306,0.8394902348518372
0.033823529411764704,0.2903846153846154,0.8381987810134888
0.03455882352941177,0.2903846153846154,0.8380894064903259
0.03455882352941177,0.3057692307692308,0.8341055512428284
0.03602941176470588,0.3057692307692308,0.8339515924453735
0.03602941176470588,0.3105769230769231,0.8306613564491272
0.03676470588235294,0.3105769230769231,0.8305689692497253
0.03676470588235294,0.31346153846153846,0.829806387424469
0.0375,0.31346153846153846,0.829068124294281
0.0375,0.31634615384615383,0.8287314176559448
0.03823529411764706,0.31634615384615383,0.828308641910553
0.03823529411764706,0.33076923076923076,0.8245590925216675
0.03897058823529412,0.33076923076923076,0.8243539929389954
0.03897058823529412,0.33557692307692305,0.8239570260047913
0.039705882352941174,0.33557692307692305,0.8236310482025146
0.039705882352941174,0.34807692307692306,0.8213548064231873
0.04044117647058824,0.34807692307692306,0.8211759924888611
0.04044117647058824,0.36153846153846153,0.8191137909889221
0.041176470588235294,0.36153846153846153,0.8185986280441284
0.041176470588235294,0.36538461538461536,0.8167449235916138
0.04191176470588235,0.36538461538461536,0.8166775107383728
0.04191176470588235,0.3663461538461538,0.8166403770446777
0.04264705882352941,0.3663461538461538,0.8165675401687622
0.04264705882352941,0.3769230769230769,0.813240110874176
0.04338235294117647,0.3769230769230769,0.8131303787231445
0.04338235294117647,0.3855769230769231,0.8109279274940491
0.04411764705882353,0.3855769230769231,0.8108476400375366
0.04411764705882353,0.3903846153846154,0.8092471957206726
0.04485294117647059,0.3903846153846154,0.8089686036109924
0.04485294117647059,0.39134615384615384,0.8083547353744507
0.045588235294117645,0.39134615384615384,0.8081418871879578
0.045588235294117645,0.39615384615384613,0.8054659366607666
0.05,0.39615384615384613,0.8036991357803345
0.05,0.39807692307692305,0.8035522699356079
0.051470588235294115,0.39807692307692305,0.8032321929931641
0.051470588235294115,0.39903846153846156,0.8030316233634949
0.05220588235294118,0.39903846153846156,0.8029111623764038
0.05220588235294118,0.40192307692307694,0.8020234704017639
0.052941176470588235,0.40192307692307694,0.8019968867301941
0.052941176470588235,0.4028846153846154,0.801884114742279
0.054411764705882354,0.4028846153846154,0.8012065291404724
0.054411764705882354,0.4048076923076923,0.8005035519599915
0.05661764705882353,0.4048076923076923,0.7997685074806213
0.05661764705882353,0.40576923076923077,0.7997679114341736
0.057352941176470586,0.40576923076923077,0.7995791435241699
0.057352941176470586,0.40673076923076923,0.7994948625564575
0.058823529411764705,0.40673076923076923,0.7990850210189819
0.058823529411764705,0.4096153846153846,0.7976983189582825
0.05955882352941176,0.4096153846153846,0.7974240779876709
0.05955882352941176,0.4221153846153846,0.7948127388954163
0.060294117647058824,0.4221153846153846,0.7947491407394409
0.060294117647058824,0.42403846153846153,0.7945564985275269
0.06102941176470588,0.42403846153846153,0.7943892478942871
0.06102941176470588,0.42596153846153845,0.7942535281181335
0.06470588235294118,0.42596153846153845,0.793461799621582
0.06470588235294118,0.4269230769230769,0.7933725118637085
0.06544117647058824,0.4269230769230769,0.7933253645896912
0.06544117647058824,0.42788461538461536,0.7932519912719727
0.06691176470588235,0.42788461538461536,0.7923616170883179
0.06691176470588235,0.4288461538461538,0.7922077775001526
0.06838235294117648,0.4288461538461538,0.7918940782546997
0.06838235294117648,0.4307692307692308,0.791556179523468
0.06911764705882353,0.4307692307692308,0.7910552024841309
0.06911764705882353,0.43365384615384617,0.7903674840927124
0.0713235294117647,0.43365384615384617,0.7897301912307739
0.0713235294117647,0.43846153846153846,0.788824200630188
0.07352941176470588,0.43846153846153846,0.7879602313041687
0.07352941176470588,0.4394230769230769,0.7870932817459106
0.07426470588235294,0.4394230769230769,0.7870268225669861
0.07426470588235294,0.44134615384615383,0.7867371439933777
0.07573529411764705,0.44134615384615383,0.786618709564209
0.07573529411764705,0.4423076923076923,0.786491334438324
0.07647058823529412,0.4423076923076923,0.78596431016922
0.07647058823529412,0.4442307692307692,0.784517228603363
0.07720588235294118,0.4442307692307692,0.784289538860321
0.07720588235294118,0.44519230769230766,0.7836405038833618
0.07794117647058824,0.44519230769230766,0.7826928496360779
0.07794117647058824,0.44711538461538464,0.7822016477584839
0.07867647058823529,0.44711538461538464,0.7815808057785034
0.07867647058823529,0.4480769230769231,0.7812711000442505
0.07941176470588235,0.4480769230769231,0.7804063558578491
0.07941176470588235,0.44903846153846155,0.7801770567893982
0.08088235294117647,0.44903846153846155,0.7798407673835754
0.08088235294117647,0.45096153846153847,0.778810977935791
0.08161764705882353,0.45096153846153847,0.7786091566085815
0.08161764705882353,0.4548076923076923,0.7767238616943359
0.08235294117647059,0.4548076923076923,0.77659672498703
0.08235294117647059,0.4567307692307692,0.7757088541984558
0.0838235294117647,0.4567307692307692,0.7745239734649658
0.0838235294117647,0.46153846153846156,0.7727617025375366
0.08455882352941177,0.46153846153846156,0.7726843953132629
0.08455882352941177,0.4625,0.7726618647575378
0.08602941176470588,0.4625,0.7725788354873657
0.08602941176470588,0.4634615384615385,0.772430956363678
0.08676470588235294,0.4634615384615385,0.7718245983123779
0.08676470588235294,0.4653846153846154,0.7712589502334595
0.08970588235294118,0.4653846153846154,0.7705122232437134
0.08970588235294118,0.46923076923076923,0.76756751537323
0.09044117647058823,0.46923076923076923,0.7674566507339478
0.09044117647058823,0.47115384615384615,0.7671175003051758
0.09264705882352942,0.47115384615384615,0.7644956707954407
0.09264705882352942,0.4721153846153846,0.7642176151275635
0.09338235294117647,0.4721153846153846,0.7642123103141785
0.09338235294117647,0.47307692307692306,0.7636696100234985
0.09411764705882353,0.47307692307692306,0.7634824514389038
0.09411764705882353,0.475,0.7628582119941711
0.09485294117647058,0.475,0.762587308883667
0.09485294117647058,0.47596153846153844,0.7625718712806702
0.09558823529411764,0.47596153846153844,0.762441098690033
0.09558823529411764,0.48365384615384616,0.7610573172569275
0.09632352941176471,0.48365384615384616,0.7600094676017761
0.09632352941176471,0.49038461538461536,0.758461058139801
0.09705882352941177,0.49038461538461536,0.7582237124443054
0.09705882352941177,0.4913461538461538,0.7579399347305298
0.09852941176470588,0.4913461538461538,0.7574153542518616
0.09852941176470588,0.49423076923076925,0.7567716836929321
0.1,0.49423076923076925,0.7558860182762146
0.1,0.4951923076923077,0.7554748058319092
0.10073529411764706,0.4951923076923077,0.7550182938575745
0.10073529411764706,0.5009615384615385,0.7533056139945984
0.10147058823529412,0.5009615384615385,0.7527650594711304
0.10147058823529412,0.5057692307692307,0.7514414191246033
0.10441176470588236,0.5057692307692307,0.7506811022758484
0.10441176470588236,0.5067307692307692,0.750095009803772
0.10661764705882353,0.5067307692307692,0.7495561242103577
0.10661764705882353,0.5076923076923077,0.7492151260375977
0.10735294117647058,0.5076923076923077,0.7486754655838013
0.10735294117647058,0.5086538461538461,0.7486713528633118
0.10808823529411765,0.5086538461538461,0.7484898567199707
0.10808823529411765,0.510576923076923,0.7482529282569885
0.10882352941176471,0.510576923076923,0.7480278015136719
0.10882352941176471,0.5115384615384615,0.7476701736450195
0.10955882352941176,0.5115384615384615,0.7476536631584167
0.10955882352941176,0.5125,0.7476508021354675
0.11029411764705882,0.5125,0.747507631778717
0.11029411764705882,0.5134615384615384,0.7473891377449036
0.1125,0.5134615384615384,0.7465706467628479
0.1125,0.5153846153846153,0.7461459040641785
0.11323529411764706,0.5153846153846153,0.7457700967788696
0.11323529411764706,0.5163461538461539,0.7451112866401672
0.11397058823529412,0.5163461538461539,0.7447581887245178
0.11397058823529412,0.5173076923076924,0.7442159056663513
0.11544117647058824,0.5173076923076924,0.7438279986381531
0.11544117647058824,0.5182692307692308,0.7430154085159302
0.11764705882352941,0.5182692307692308,0.742355227470398
0.11764705882352941,0.5192307692307693,0.7418113946914673
0.11838235294117647,0.5192307692307693,0.7417641878128052
0.11838235294117647,0.5230769230769231,0.7407532930374146
0.11911764705882352,0.5230769230769231,0.7398577332496643
0.11911764705882352,0.5240384615384616,0.7398470640182495
0.12058823529411765,0.5240384615384616,0.7396791577339172
0.12058823529411765,0.525,0.7394794821739197
0.12205882352941176,0.525,0.7379589080810547
0.12205882352941176,0.5259615384615385,0.737734854221344
0.12352941176470589,0.5259615384615385,0.7375712990760803
0.12352941176470589,0.5269230769230769,0.7375105023384094
0.12573529411764706,0.5269230769230769,0.7338781952857971
0.12573529411764706,0.5278846153846154,0.7331655025482178
0.12720588235294117,0.5278846153846154,0.7325546145439148
0.12720588235294117,0.5307692307692308,0.7323760390281677
0.12794117647058822,0.5307692307692308,0.7311494946479797
0.12794117647058822,0.5346153846153846,0.730448842048645
0.12867647058823528,0.5346153846153846,0.7304214835166931
0.12867647058823528,0.5365384615384615,0.7296481132507324
0.12941176470588237,0.5365384615384615,0.7294905781745911
0.12941176470588237,0.5375,0.72935950756073
0.13088235294117648,0.5375,0.7279661297798157
0.13088235294117648,0.5461538461538461,0.7239009737968445
0.13161764705882353,0.5461538461538461,0.7229330539703369
0.13161764705882353,0.5490384615384616,0.7221611738204956
0.1323529411764706,0.5490384615384616,0.7220556139945984
0.1323529411764706,0.55,0.7219331860542297
0.13308823529411765,0.55,0.7218562364578247
0.13308823529411765,0.551923076923077,0.7214012742042542
0.13602941176470587,0.551923076923077,0.7197513580322266
0.13602941176470587,0.5567307692307693,0.7187583446502686
0.13676470588235295,0.5567307692307693,0.7184426188468933
0.13676470588235295,0.5586538461538462,0.7164337635040283
0.1375,0.5586538461538462,0.7162102460861206
0.1375,0.5596153846153846,0.7160035371780396
0.13823529411764707,0.5596153846153846,0.7159740328788757
0.13823529411764707,0.5605769230769231,0.715634286403656
0.1411764705882353,0.5605769230769231,0.7151892185211182
0.1411764705882353,0.5653846153846154,0.7138725519180298
0.1426470588235294,0.5653846153846154,0.713575541973114
0.1426470588235294,0.5673076923076923,0.7132708430290222
0.14338235294117646,0.5673076923076923,0.7125469446182251
0.14338235294117646,0.5721153846153846,0.7120262384414673
0.14705882352941177,0.5721153846153846,0.7110711932182312
0.14705882352941177,0.573076923076923,0.710894763469696
0.14779411764705883,0.573076923076923,0.7107919454574585
0.14779411764705883,0.5740384615384615,0.7103657126426697
0.15220588235294116,0.5740384615384615,0.7097834944725037
0.15220588235294116,0.575,0.709502637386322
0.15294117647058825,0.575,0.7092013359069824
0.15294117647058825,0.5759615384615384,0.7091622352600098
0.1536764705882353,0.5759615384615384,0.70894855260849
0.1536764705882353,0.5769230769230769,0.708764374256134
0.15441176470588236,0.5769230769230769,0.7085035443305969
0.15441176470588236,0.5778846153846153,0.7084496021270752
0.15588235294117647,0.5778846153846153,0.7076208591461182
0.15588235294117647,0.5807692307692308,0.7070262432098389
0.15735294117647058,0.5807692307692308,0.7064743638038635
0.15735294117647058,0.5817307692307693,0.7064167261123657
0.15955882352941175,0.5817307692307693,0.7058320641517639
0.15955882352941175,0.5826923076923077,0.7055872082710266
0.16029411764705884,0.5826923076923077,0.7053948640823364
0.16029411764705884,0.5846153846153846,0.7049442529678345
0.1610294117647059,0.5846153846153846,0.7047427892684937
0.1610294117647059,0.5855769230769231,0.7043114304542542
0.16323529411764706,0.5855769230769231,0.7038315534591675
0.16323529411764706,0.5865384615384616,0.7036422491073608
0.16397058823529412,0.5865384615384616,0.7032213807106018
0.16397058823529412,0.5875,0.7027444839477539
0.16691176470588234,0.5875,0.7023146152496338
0.16691176470588234,0.5884615384615385,0.7017868161201477
0.16838235294117648,0.5884615384615385,0.7017307877540588
0.16838235294117648,0.5903846153846154,0.701531171798706
0.16911764705882354,0.5903846153846154,0.7010889649391174
0.16911764705882354,0.5932692307692308,0.6999959349632263
0.17205882352941176,0.5932692307692308,0.6978873014450073
0.17205882352941176,0.5942307692307692,0.6974185705184937
0.17279411764705882,0.5942307692307692,0.6970710158348083
0.17279411764705882,0.5961538461538461,0.696681797504425
0.175,0.5961538461538461,0.6963281035423279
0.175,0.5971153846153846,0.6963115930557251
0.17647058823529413,0.5971153846153846,0.6958891153335571
0.17647058823529413,0.6,0.69413161277771
0.17720588235294119,0.6,0.6940606832504272
0.17720588235294119,0.6048076923076923,0.6927893757820129
0.17794117647058824,0.6048076923076923,0.6925515532493591
0.17794117647058824,0.6057692307692307,0.6914933919906616
0.1786764705882353,0.6057692307692307,0.6911553740501404
0.1786764705882353,0.6067307692307692,0.6904614567756653
0.18088235294117647,0.6067307692307692,0.6889829635620117
0.18088235294117647,0.6086538461538461,0.6883322596549988
0.18161764705882352,0.6086538461538461,0.6883043646812439
0.18161764705882352,0.6096153846153847,0.6880659461021423
0.18235294117647058,0.6096153846153847,0.6880595684051514
0.18235294117647058,0.6105769230769231,0.6876869201660156
0.18308823529411763,0.6105769230769231,0.6876238584518433
0.18308823529411763,0.6115384615384616,0.6869420409202576
0.18455882352941178,0.6115384615384616,0.6865789294242859
0.18455882352941178,0.6125,0.6865481734275818
0.18823529411764706,0.6125,0.6845683455467224
0.18823529411764706,0.614423076923077,0.6844020485877991
0.19191176470588237,0.614423076923077,0.6833237409591675
0.19191176470588237,0.6153846153846154,0.6828438639640808
0.19264705882352942,0.6153846153846154,0.6824625730514526
0.19264705882352942,0.6163461538461539,0.682460367679596
0.19411764705882353,0.6163461538461539,0.6819203495979309
0.19411764705882353,0.6173076923076923,0.6819048523902893
0.19558823529411765,0.6173076923076923,0.6817712187767029
0.19558823529411765,0.6211538461538462,0.6807613372802734
0.19705882352941176,0.6211538461538462,0.6796727776527405
0.19705882352941176,0.6230769230769231,0.6783907413482666
0.19779411764705881,0.6230769230769231,0.6782112121582031
0.19779411764705881,0.6278846153846154,0.6766607761383057
0.19926470588235295,0.6278846153846154,0.6765297055244446
0.19926470588235295,0.6288461538461538,0.6765061020851135
0.2,0.6288461538461538,0.676293671131134
0.2,0.6346153846153846,0.6747077107429504
0.20147058823529412,0.6346153846153846,0.6742653250694275
0.20147058823529412,0.635576923076923,0.674178957939148
0.20294117647058824,0.635576923076923,0.6728491187095642
0.20294117647058824,0.6423076923076924,0.6692754626274109
0.2036764705882353,0.6423076923076924,0.6691688299179077
0.2036764705882353,0.6432692307692308,0.669136106967926
0.2051470588235294,0.6432692307692308,0.6689630746841431
0.2051470588235294,0.6442307692307693,0.6688956022262573
0.20588235294117646,0.6442307692307693,0.668857753276825
0.20588235294117646,0.6451923076923077,0.668319046497345
0.20808823529411766,0.6451923076923077,0.6665754318237305
0.20808823529411766,0.6461538461538462,0.6665431261062622
0.2088235294117647,0.6461538461538462,0.6664082407951355
0.2088235294117647,0.6471153846153846,0.6662939786911011
0.20955882352941177,0.6471153846153846,0.6662352085113525
0.20955882352941177,0.65,0.6647815108299255
0.21029411764705883,0.65,0.6647052764892578
0.21029411764705883,0.6509615384615385,0.6646819114685059
0.21176470588235294,0.6509615384615385,0.6625194549560547
0.21176470588235294,0.6548076923076923,0.6612762808799744
0.21691176470588236,0.6548076923076923,0.6584487557411194
0.21691176470588236,0.6557692307692308,0.6583061218261719
0.21764705882352942,0.6557692307692308,0.6582434177398682
0.21764705882352942,0.6576923076923077,0.6580427885055542
0.21838235294117647,0.6576923076923077,0.6579920649528503
0.21838235294117647,0.6596153846153846,0.6578192114830017
0.21911764705882353,0.6596153846153846,0.6577978730201721
0.21911764705882353,0.6615384615384615,0.6576395630836487
0.21985294117647058,0.6615384615384615,0.6574750542640686
0.21985294117647058,0.6625,0.6574360132217407
0.22058823529411764,0.6625,0.6561316847801208
0.22058823529411764,0.6634615384615384,0.6561300158500671
0.22205882352941175,0.6634615384615384,0.655480146408081
0.22205882352941175,0.6692307692307692,0.6533865928649902
0.22279411764705884,0.6692307692307692,0.6533734798431396
0.22279411764705884,0.6701923076923076,0.6531687378883362
0.2235294117647059,0.6701923076923076,0.652405858039856
0.2235294117647059,0.6740384615384616,0.6509515047073364
0.22426470588235295,0.6740384615384616,0.6508941054344177
0.22426470588235295,0.675,0.6506244540214539
0.225,0.675,0.6502331495285034
0.225,0.676923076923077,0.6492782831192017
0.22573529411764706,0.676923076923077,0.6489562392234802
0.22573529411764706,0.6778846153846154,0.6479822993278503
0.22647058823529412,0.6778846153846154,0.6479432582855225
0.22647058823529412,0.6817307692307693,0.6477044224739075
0.22794117647058823,0.6817307692307693,0.646550178527832
0.22794117647058823,0.6826923076923077,0.6461840867996216
0.2286764705882353,0.6826923076923077,0.6461278200149536
0.2286764705882353,0.6865384615384615,0.6454110741615295
0.23161764705882354,0.6865384615384615,0.644664466381073
0.23161764705882354,0.6894230769230769,0.6433587670326233
0.23455882352941176,0.6894230769230769,0.6412814259529114
0.23455882352941176,0.6932692307692307,0.6397177577018738
0.23529411764705882,0.6932692307692307,0.6396427750587463
0.23529411764705882,0.6942307692307692,0.6395251750946045
0.23602941176470588,0.6942307692307692,0.639507532119751
0.23602941176470588,0.6971153846153846,0.6383644938468933
0.23676470588235293,0.6971153846153846,0.6378790140151978
0.23676470588235293,0.6990384615384615,0.6376012563705444
0.23823529411764705,0.6990384615384615,0.636723518371582
0.23823529411764705,0.7009615384615384,0.6357375383377075
0.23897058823529413,0.7009615384615384,0.6345133781433105
0.23897058823529413,0.7019230769230769,0.6342702507972717
0.23970588235294119,0.7019230769230769,0.6335210800170898
0.23970588235294119,0.7028846153846153,0.6334006190299988
0.24044117647058824,0.7028846153846153,0.6333668828010559
0.24044117647058824,0.7048076923076924,0.6320885419845581
0.2411764705882353,0.7048076923076924,0.6320198178291321
0.2411764705882353,0.7134615384615385,0.6273478269577026
0.24411764705882352,0.7134615384615385,0.6254386305809021
0.24411764705882352,0.7144230769230769,0.6252349019050598
0.24485294117647058,0.7144230769230769,0.6244799494743347
0.24485294117647058,0.7153846153846154,0.6242268085479736
0.24558823529411763,0.7153846153846154,0.6239902973175049
0.24558823529411763,0.7182692307692308,0.620727002620697
0.24632352941176472,0.7182692307692308,0.6205366849899292
0.24632352941176472,0.7192307692307692,0.6202916502952576
0.24779411764705883,0.7192307692307692,0.619308590888977
0.24779411764705883,0.725,0.6178820133209229
0.2485294117647059,0.725,0.6177625060081482
0.2485294117647059,0.7298076923076923,0.6148086786270142
0.24926470588235294,0.7298076923076923,0.6145426034927368
0.24926470588235294,0.7317307692307692,0.612898588180542
0.25,0.7317307692307692,0.6126728653907776
0.25,0.7336538461538461,0.6124579310417175
0.2514705882352941,0.7336538461538461,0.6119971871376038
0.2514705882352941,0.7375,0.6106560826301575
0.25220588235294117,0.7375,0.6099299192428589
0.25220588235294117,0.7442307692307693,0.6071935296058655
0.2529411764705882,0.7442307692307693,0.606737494468689
0.2529411764705882,0.7451923076923077,0.6065481305122375
0.25441176470588234,0.7451923076923077,0.6051040291786194
0.25441176470588234,0.7509615384615385,0.6027981042861938
0.25735294117647056,0.7509615384615385,0.6011356711387634
0.25735294117647056,0.7519230769230769,0.6006747484207153
0.25882352941176473,0.7519230769230769,0.5989179015159607
0.25882352941176473,0.7538461538461538,0.598361074924469
0.2595588235294118,0.7538461538461538,0.5980274677276611
0.2595588235294118,0.7548076923076923,0.5979917049407959
0.26029411764705884,0.7548076923076923,0.5974799394607544
0.26029411764705884,0.760576923076923,0.5967284440994263
0.2610294117647059,0.760576923076923,0.596342146396637
0.2610294117647059,0.7644230769230769,0.5955779552459717
0.26176470588235295,0.7644230769230769,0.5952218770980835
0.26176470588235295,0.7653846153846153,0.5947090983390808
0.2647058823529412,0.7653846153846153,0.5943024158477783
0.2647058823529412,0.7711538461538462,0.59275883436203
0.26544117647058824,0.7711538461538462,0.5925602316856384
0.26544117647058824,0.7721153846153846,0.591947615146637
0.2661764705882353,0.7721153846153846,0.5918025374412537
0.2661764705882353,0.775,0.5903531908988953
0.26691176470588235,0.775,0.5902637243270874
0.26691176470588235,0.7788461538461539,0.5875358581542969
0.2735294117647059,0.7788461538461539,0.583470344543457
0.2735294117647059,0.7817307692307692,0.5819041132926941
0.27426470588235297,0.7817307692307692,0.5818793773651123
0.27426470588235297,0.7826923076923077,0.5817996859550476
0.275,0.7826923076923077,0.5816637277603149
0.275,0.7836538461538461,0.581638753414154
0.27794117647058825,0.7836538461538461,0.5793809294700623
0.27794117647058825,0.7855769230769231,0.5790553689002991
0.2786764705882353,0.7855769230769231,0.5785325765609741
0.2786764705882353,0.7884615384615384,0.5768800973892212
0.2801470588235294,0.7884615384615384,0.576562225818634
0.2801470588235294,0.7932692307692307,0.5737038254737854
0.28088235294117647,0.7932692307692307,0.5735049843788147
0.28088235294117647,0.7961538461538461,0.5725244879722595
0.2823529411764706,0.7961538461538461,0.5723010897636414
0.2823529411764706,0.7990384615384616,0.5707901120185852
0.29044117647058826,0.7990384615384616,0.5657633543014526
0.29044117647058826,0.8,0.5650585889816284
0.29411764705882354,0.8,0.5635800361633301
0.29411764705882354,0.8009615384615385,0.5627809762954712
0.29558823529411765,0.8009615384615385,0.5619968175888062
0.29558823529411765,0.801923076923077,0.561408281326294
0.29926470588235293,0.801923076923077,0.5598262548446655
0.29926470588235293,0.8028846153846154,0.5596314668655396
0.3029411764705882,0.8028846153846154,0.557809591293335
0.3029411764705882,0.8038461538461539,0.5572899580001831
0.30514705882352944,0.8038461538461539,0.5553476810455322
0.30514705882352944,0.8057692307692308,0.5543566346168518
0.3058823529411765,0.8057692307692308,0.5534349083900452
0.3058823529411765,0.8076923076923077,0.5491179823875427
0.3088235294117647,0.8076923076923077,0.5475070476531982
0.3088235294117647,0.8086538461538462,0.5474666953086853
0.3095588235294118,0.8086538461538462,0.5473686456680298
0.3095588235294118,0.8096153846153846,0.5469291806221008
0.3139705882352941,0.8096153846153846,0.5444129705429077
0.3139705882352941,0.8105769230769231,0.54422926902771
0.31838235294117645,0.8105769230769231,0.542171061038971
0.31838235294117645,0.8115384615384615,0.5421639084815979
0.3191176470588235,0.8115384615384615,0.5421267151832581
0.3191176470588235,0.8125,0.5419653058052063
0.31985294117647056,0.8125,0.5418517589569092
0.31985294117647056,0.8134615384615385,0.541746199131012
0.3205882352941177,0.8134615384615385,0.5408501029014587
0.3205882352941177,0.8163461538461538,0.5399826765060425
0.325,0.8163461538461538,0.5378391146659851
0.325,0.8173076923076923,0.5376783609390259
0.3272058823529412,0.8173076923076923,0.5361884236335754
0.3272058823529412,0.8240384615384615,0.5339701771736145
0.32794117647058824,0.8240384615384615,0.5338620543479919
0.32794117647058824,0.825,0.532789945602417
0.3286764705882353,0.825,0.5327568650245667
0.3286764705882353,0.8278846153846153,0.5311159491539001
0.32941176470588235,0.8278846153846153,0.5310418009757996
0.32941176470588235,0.8298076923076924,0.5304200053215027
0.33088235294117646,0.8298076923076924,0.5294521450996399
0.33088235294117646,0.8317307692307693,0.5292763710021973
0.3323529411764706,0.8317307692307693,0.5289854407310486
0.3323529411764706,0.8365384615384616,0.5273962020874023
0.33308823529411763,0.8365384615384616,0.5271994471549988
0.33308823529411763,0.8375,0.5268299579620361
0.3352941176470588,0.8375,0.5246813893318176
0.3352941176470588,0.8384615384615385,0.524575412273407
0.33676470588235297,0.8384615384615385,0.5230433344841003
0.33676470588235297,0.8394230769230769,0.5229235291481018
0.3411764705882353,0.8394230769230769,0.5216748714447021
0.3411764705882353,0.8403846153846154,0.5210160613059998
0.3448529411764706,0.8403846153846154,0.5188707709312439
0.3448529411764706,0.8423076923076923,0.5188519358634949
0.34852941176470587,0.8423076923076923,0.5174875855445862
0.34852941176470587,0.8451923076923077,0.516833484172821
0.35073529411764703,0.8451923076923077,0.5165279507637024
0.35073529411764703,0.8471153846153846,0.5160182118415833
0.35441176470588237,0.8471153846153846,0.5152154564857483
0.35441176470588237,0.85,0.514822781085968
0.3573529411764706,0.85,0.5140275955200195
0.3573529411764706,0.8509615384615384,0.5130324959754944
0.35808823529411765,0.8509615384615384,0.5125465393066406
0.35808823529411765,0.8519230769230769,0.5124057531356812
0.3588235294117647,0.8519230769230769,0.5122663974761963
0.3588235294117647,0.8528846153846154,0.5120918154716492
0.35955882352941176,0.8528846153846154,0.5120730996131897
0.35955882352941176,0.8548076923076923,0.5111874938011169
0.3602941176470588,0.8548076923076923,0.5108912587165833
0.3602941176470588,0.8557692307692307,0.5107874274253845
0.36323529411764705,0.8557692307692307,0.5100042223930359
0.36323529411764705,0.8576923076923076,0.5092397928237915
0.36470588235294116,0.8576923076923076,0.5080461502075195
0.36470588235294116,0.8586538461538461,0.5079938173294067
0.3654411764705882,0.8586538461538461,0.5079643726348877
0.3654411764705882,0.8596153846153847,0.5074784159660339
0.36617647058823527,0.8596153846153847,0.5068339705467224
0.36617647058823527,0.8605769230769231,0.5066970586776733
0.36764705882352944,0.8605769230769231,0.5066500902175903
0.36764705882352944,0.8615384615384616,0.5066400170326233
0.3683823529411765,0.8615384615384616,0.5066254138946533
0.3683823529411765,0.8625,0.5066033005714417
0.3698529411764706,0.8625,0.5059534907341003
0.3698529411764706,0.8634615384615385,0.5058168768882751
0.37058823529411766,0.8634615384615385,0.5056707262992859
0.37058823529411766,0.8653846153846154,0.5049048662185669
0.3713235294117647,0.8653846153846154,0.5045225024223328
0.3713235294117647,0.8663461538461539,0.5044596195220947
0.37426470588235294,0.8663461538461539,0.5040732622146606
0.37426470588235294,0.8673076923076923,0.5037513375282288
0.37941176470588234,0.8673076923076923,0.5023562908172607
0.37941176470588234,0.8682692307692308,0.5022432804107666
0.3801470588235294,0.8682692307692308,0.5020869970321655
0.3801470588235294,0.8701923076923077,0.502009928226471
0.38088235294117645,0.8701923076923077,0.5016783475875854
0.38088235294117645,0.8711538461538462,0.5015249252319336
0.38235294117647056,0.8711538461538462,0.5013377666473389
0.38235294117647056,0.8730769230769231,0.5012258887290955
0.38382352941176473,0.8730769230769231,0.5011947154998779
0.38382352941176473,0.8740384615384615,0.5010651350021362
0.3948529411764706,0.8740384615384615,0.49870559573173523
0.3948529411764706,0.8759615384615385,0.4977470636367798
0.3963235294117647,0.8759615384615385,0.4975593686103821
0.3963235294117647,0.8769230769230769,0.4971993565559387
0.4,0.8769230769230769,0.496389240026474
0.4,0.8778846153846154,0.4963070750236511
0.4007352941176471,0.8778846153846154,0.49626678228378296
0.4007352941176471,0.8788461538461538,0.49610355496406555
0.40294117647058825,0.8788461538461538,0.4959132671356201
0.40294117647058825,0.8798076923076923,0.49587827920913696
0.4036764705882353,0.8798076923076923,0.49585211277008057
0.4036764705882353,0.8807692307692307,0.4958339035511017
0.4139705882352941,0.8807692307692307,0.4929340183734894
0.4139705882352941,0.8817307692307692,0.49213871359825134
0.41691176470588237,0.8817307692307692,0.4911758601665497
0.41691176470588237,0.8826923076923077,0.4910396933555603
0.4279411764705882,0.8826923076923077,0.4864960312843323
0.4279411764705882,0.8836538461538461,0.4863246977329254
0.4294117647058823,0.8836538461538461,0.48514291644096375
0.4294117647058823,0.8846153846153846,0.4849184453487396
0.43014705882352944,0.8846153846153846,0.484900563955307
0.43014705882352944,0.885576923076923,0.4847823679447174
0.4308823529411765,0.885576923076923,0.4839293956756592
0.4308823529411765,0.8865384615384615,0.48389533162117004
0.43161764705882355,0.8865384615384615,0.48384982347488403
0.43161764705882355,0.8875,0.48343342542648315
0.4345588235294118,0.8875,0.4821660816669464
0.4345588235294118,0.8884615384615384,0.48178166151046753
0.4375,0.8884615384615384,0.4799787700176239
0.4375,0.8894230769230769,0.47993141412734985
0.4389705882352941,0.8894230769230769,0.47935768961906433
0.4389705882352941,0.8903846153846153,0.4789355397224426
0.44338235294117645,0.8903846153846153,0.4756771922111511
0.44338235294117645,0.8913461538461539,0.47550904750823975
0.44779411764705884,0.8913461538461539,0.47325021028518677
0.44779411764705884,0.8932692307692308,0.4729395806789398
0.44926470588235295,0.8932692307692308,0.47171226143836975
0.44926470588235295,0.8961538461538462,0.47146061062812805
0.45588235294117646,0.8961538461538462,0.469104528427124
0.45588235294117646,0.8971153846153846,0.46879372000694275
0.46397058823529413,0.8971153846153846,0.467306524515152
0.46397058823529413,0.8980769230769231,0.46674588322639465
0.46544117647058825,0.8980769230769231,0.46606671810150146
0.46544117647058825,0.8990384615384616,0.46581795811653137
0.4838235294117647,0.8990384615384616,0.4565356969833374
0.4838235294117647,0.9009615384615385,0.45530804991722107
0.48970588235294116,0.9009615384615385,0.45244884490966797
0.48970588235294116,0.9019230769230769,0.45202696323394775
0.5147058823529411,0.9019230769230769,0.43925392627716064
0.5147058823529411,0.9028846153846154,0.4375044107437134
0.5154411764705882,0.9028846153846154,0.43643736839294434
0.5154411764705882,0.9038461538461539,0.4358682930469513
0.5330882352941176,0.9038461538461539,0.41938814520835876
0.5330882352941176,0.9048076923076923,0.41805633902549744
0.5375,0.9048076923076923,0.4146821200847626
0.5375,0.9057692307692308,0.4142983555793762
0.538235294117647,0.9057692307692308,0.41369590163230896
0.538235294117647,0.9067307692307692,0.41271665692329407
0.5463235294117647,0.9067307692307692,0.4033460021018982
0.5463235294117647,0.9086538461538461,0.40153878927230835
0.5470588235294118,0.9086538461538461,0.40128061175346375
0.5470588235294118,0.9105769230769231,0.4005407392978668
0.5507352941176471,0.9105769230769231,0.3968358039855957
0.5507352941176471,0.9115384615384615,0.39560607075691223
0.5522058823529412,0.9115384615384615,0.3922204375267029
0.5522058823529412,0.9153846153846154,0.3900437355041504
0.5544117647058824,0.9153846153846154,0.38782307505607605
0.5544117647058824,0.9163461538461538,0.3877282738685608
0.5551470588235294,0.9163461538461538,0.38659054040908813
0.5551470588235294,0.9230769230769231,0.37885716557502747
0.5580882352941177,0.9230769230769231,0.3715907037258148
0.5580882352941177,0.9375,0.3555966913700104
0.5632352941176471,0.9375,0.34147995710372925
0.5632352941176471,0.9384615384615385,0.3363078236579895
0.5698529411764706,0.9384615384615385,0.32968926429748535
0.5698529411764706,0.9394230769230769,0.3289652168750763
0.5713235294117647,0.9394230769230769,0.3269387483596802
0.5713235294117647,0.9403846153846154,0.32414281368255615
0.5720588235294117,0.9403846153846154,0.32289138436317444
0.5720588235294117,0.9423076923076923,0.3208685517311096
0.5727941176470588,0.9423076923076923,0.31741899251937866
0.5727941176470588,0.9432692307692307,0.31489697098731995
0.5735294117647058,0.9432692307692307,0.314378559589386
0.5735294117647058,0.9442307692307692,0.31158655881881714
0.575,0.9442307692307692,0.3096536695957184
0.575,0.9471153846153846,0.30736881494522095
0.5779411764705882,0.9471153846153846,0.3058411478996277
0.5779411764705882,0.9490384615384615,0.3055665194988251
0.5794117647058824,0.9490384615384615,0.30514681339263916
0.5794117647058824,0.9509615384615384,0.3048444092273712
0.5801470588235295,0.9509615384615384,0.30457833409309387
0.5801470588235295,0.9548076923076924,0.3023931682109833
0.5808823529411765,0.9548076923076924,0.30077728629112244
0.5808823529411765,0.9586538461538462,0.29803380370140076
0.5823529411764706,0.9586538461538462,0.2975162863731384
0.5823529411764706,0.9596153846153846,0.2969016432762146
0.5838235294117647,0.9596153846153846,0.2957664728164673
0.5838235294117647,0.9605769230769231,0.2952461838722229
0.5860294117647059,0.9605769230769231,0.2946467995643616
0.5860294117647059,0.9615384615384616,0.2946114242076874
0.5875,0.9615384615384616,0.2942092716693878
0.5875,0.9625,0.2936953604221344
0.5882352941176471,0.9625,0.29304224252700806
0.5882352941176471,0.9634615384615385,0.29300275444984436
0.5904411764705882,0.9634615384615385,0.2911851108074188
0.5904411764705882,0.9673076923076923,0.29082703590393066
0.5926470588235294,0.9673076923076923,0.28978490829467773
0.5926470588235294,0.9692307692307692,0.2882378399372101
0.5933823529411765,0.9692307692307692,0.28742772340774536
0.5933823529411765,0.9701923076923077,0.2870795428752899
0.5963235294117647,0.9701923076923077,0.2851858139038086
0.5963235294117647,0.9730769230769231,0.28362154960632324
0.5992647058823529,0.9730769230769231,0.28206759691238403
0.5992647058823529,0.9740384615384615,0.28191134333610535
0.6014705882352941,0.9740384615384615,0.2810366451740265
0.6014705882352941,0.975,0.2808423638343811
0.6022058823529411,0.975,0.2805444300174713
0.6022058823529411,0.9759615384615384,0.28054317831993103
0.6044117647058823,0.9759615384615384,0.27887389063835144
0.6044117647058823,0.9778846153846154,0.278234601020813
0.6058823529411764,0.9778846153846154,0.2772667109966278
0.6058823529411764,0.9788461538461538,0.2772585451602936
0.6095588235294118,0.9788461538461538,0.27616944909095764
0.6095588235294118,0.9807692307692307,0.27579477429389954
0.6132352941176471,0.9807692307692307,0.2750057578086853
0.6132352941176471,0.9826923076923076,0.27453330159187317
0.6176470588235294,0.9826923076923076,0.27223914861679077
0.6176470588235294,0.9846153846153847,0.2716129422187805
0.6191176470588236,0.9846153846153847,0.2714610695838928
0.6191176470588236,0.9855769230769231,0.2712234556674957
0.6227941176470588,0.9855769230769231,0.26968419551849365
0.6227941176470588,0.9865384615384616,0.2684946656227112
0.6235294117647059,0.9865384615384616,0.2680269181728363
0.6235294117647059,0.9884615384615385,0.2666715383529663
0.6272058823529412,0.9884615384615385,0.265147864818573
0.6272058823529412,0.989423076923077,0.2651160657405853
0.6286764705882353,0.989423076923077,0.26473355293273926
0.6286764705882353,0.9903846153846154,0.26435592770576477
0.6330882352941176,0.9903846153846154,0.25943437218666077
0.6330882352941176,0.9913461538461539,0.25891247391700745
0.6367647058823529,0.9913461538461539,0.2561540901660919
0.6367647058823529,0.9923076923076923,0.25433316826820374
0.6375,0.9923076923076923,0.2543313205242157
0.6375,0.9932692307692308,0.2523845136165619
0.6433823529411765,0.9932692307692308,0.24910414218902588
0.6433823529411765,0.9942307692307693,0.24901393055915833
0.649264705882353,0.9942307692307693,0.24502582848072052
0.649264705882353,0.9951923076923077,0.24467265605926514
0.65,0.9951923076923077,0.2444276660680771
0.65,0.9961538461538462,0.2440701574087143
0.6588235294117647,0.9961538461538462,0.23957788944244385
0.6588235294117647,0.9971153846153846,0.23950324952602386
0.6691176470588235,0.9971153846153846,0.23523257672786713
0.6691176470588235,0.9980769230769231,0.23515993356704712
0.7058823529411765,0.9980769230769231,0.21667848527431488
0.7058823529411765,0.9990384615384615,0.21640129387378693
0.7470588235294118,0.9990384615384615,0.19865776598453522
0.7470588235294118,1.0,0.1985287219285965
1.0,1.0,0.02275254763662815
