FPR,TPR,Threshold
0.0,0.0,1.9994867444038391
0.0,0.0002631578947368421,0.9994867444038391
0.0,0.022894736842105263,0.9988160133361816
0.0,0.023421052631578947,0.9988064765930176
0.0,0.02394736842105263,0.998801589012146
0.0,0.024473684210526314,0.9987994432449341
0.0,0.03263157894736842,0.9986045956611633
0.0,0.03315789473684211,0.9986018538475037
0.0,0.03763157894736842,0.9985277056694031
0.0,0.038157894736842106,0.9985260367393494
0.0,0.03921052631578947,0.998503565788269
0.0,0.03973684210526316,0.9984888434410095
0.0,0.06842105263157895,0.9973846077919006
0.0,0.06894736842105263,0.9973723888397217
0.0,0.14763157894736842,0.9907802939414978
0.0,0.1481578947368421,0.9907646179199219
0.0,0.18,0.9875767230987549
0.0,0.18052631578947367,0.9875592589378357
0.0,0.21421052631578946,0.984936535358429
0.0,0.21473684210526317,0.9849263429641724
0.0,0.4926315789473684,0.9226187467575073
0.0,0.49315789473684213,0.9225796461105347
0.0,0.56,0.8992429971694946
0.001,0.56,0.8990228772163391
0.001,0.5644736842105263,0.8977686166763306
0.002,0.5644736842105263,0.8976718783378601
0.002,0.5673684210526316,0.8967896699905396
0.003,0.5673684210526316,0.8967638611793518
0.003,0.5697368421052632,0.8955419063568115
0.004,0.5697368421052632,0.8955352306365967
0.004,0.593421052631579,0.8863127827644348
0.005,0.593421052631579,0.886243462562561
0.005,0.6026315789473684,0.8816841244697571
0.006,0.6026315789473684,0.8814008235931396
0.006,0.6042105263157894,0.880067765712738
0.007,0.6042105263157894,0.8800318837165833
0.007,0.6065789473684211,0.8786864876747131
0.008,0.6065789473684211,0.8786829710006714
0.008,0.6071052631578947,0.8783994913101196
0.009,0.6071052631578947,0.8783476948738098
0.009,0.6078947368421053,0.8781749606132507
0.01,0.6078947368421053,0.8779656291007996
0.01,0.6136842105263158,0.8742644190788269
0.011,0.6136842105263158,0.8741939663887024
0.011,0.62,0.8696050643920898
0.012,0.62,0.8695147037506104
0.012,0.6310526315789474,0.8646530508995056
0.014,0.6310526315789474,0.8644019961357117
0.014,0.6344736842105263,0.8628525733947754
0.015,0.6344736842105263,0.8627597093582153
0.015,0.6363157894736842,0.8618893027305603
0.016,0.6363157894736842,0.8618854880332947
0.016,0.636578947368421,0.86180180311203
0.017,0.636578947368421,0.8617001175880432
0.017,0.6386842105263157,0.8607273101806641
0.018,0.6386842105263157,0.860715389251709
0.018,0.6407894736842106,0.8599000573158264
0.019,0.6407894736842106,0.8596644401550293
0.019,0.6423684210526316,0.8593018651008606
0.02,0.6423684210526316,0.8592988848686218
0.02,0.6439473684210526,0.8589531779289246
0.023,0.6439473684210526,0.8585779666900635
0.023,0.6442105263157895,0.8584551215171814
0.024,0.6442105263157895,0.8583453893661499
0.024,0.6476315789473684,0.8574627637863159
0.025,0.6476315789473684,0.857454776763916
0.025,0.6481578947368422,0.8573047518730164
0.026,0.6481578947368422,0.8572921752929688
0.026,0.6489473684210526,0.8570650219917297
0.028,0.6489473684210526,0.8565111756324768
0.028,0.6518421052631579,0.8556088209152222
0.029,0.6518421052631579,0.8555939197540283
0.029,0.6584210526315789,0.851020336151123
0.03,0.6584210526315789,0.8509922027587891
0.03,0.6642105263157895,0.8459428548812866
0.031,0.6642105263157895,0.8458721041679382
0.031,0.6755263157894736,0.8407329320907593
0.032,0.6755263157894736,0.8407272100448608
0.032,0.6765789473684211,0.8404932022094727
0.033,0.6765789473684211,0.8404049873352051
0.033,0.6818421052631579,0.8386997580528259
0.034,0.6818421052631579,0.838649332523346
0.034,0.6873684210526316,0.8369455337524414
0.035,0.6873684210526316,0.8369123935699463
0.035,0.6960526315789474,0.832522988319397
0.036,0.6960526315789474,0.832293689250946
0.036,0.6968421052631579,0.8321133852005005
0.037,0.6968421052631579,0.8317326307296753
0.037,0.7018421052631579,0.829677939414978
0.038,0.7018421052631579,0.8294925093650818
0.038,0.7092105263157895,0.8261974453926086
0.039,0.7092105263157895,0.8261030316352844
0.039,0.7097368421052631,0.8258429765701294
0.04,0.7097368421052631,0.8257880806922913
0.04,0.7123684210526315,0.8241982460021973
0.041,0.7123684210526315,0.8240857124328613
0.041,0.7152631578947368,0.8230970501899719
0.042,0.7152631578947368,0.8230080604553223
0.042,0.7165789473684211,0.8225826621055603
0.043,0.7165789473684211,0.8225201368331909
0.043,0.7189473684210527,0.8204407691955566
0.044,0.7189473684210527,0.820397675037384
0.044,0.7292105263157894,0.8128036260604858
0.045,0.7292105263157894,0.8125506043434143
0.045,0.7323684210526316,0.8096405267715454
0.046,0.7323684210526316,0.809228241443634
0.046,0.7392105263157894,0.8044184446334839
0.047,0.7392105263157894,0.8042458295822144
0.047,0.7402631578947368,0.8038253784179688
0.049,0.7402631578947368,0.8035002946853638
0.049,0.7444736842105263,0.8010098338127136
0.05,0.7444736842105263,0.8009046316146851
0.05,0.7486842105263158,0.7977286577224731
0.051,0.7486842105263158,0.7976703643798828
0.051,0.7513157894736842,0.7963221073150635
0.052,0.7513157894736842,0.7959577441215515
0.052,0.7544736842105263,0.7941074371337891
0.053,0.7544736842105263,0.7938959002494812
0.053,0.7557894736842106,0.7927643656730652
0.054,0.7557894736842106,0.7926887273788452
0.054,0.7589473684210526,0.7906918525695801
0.055,0.7589473684210526,0.7897545099258423
0.055,0.7736842105263158,0.7758828401565552
0.056,0.7736842105263158,0.7757210731506348
0.056,0.7771052631578947,0.7729799151420593
0.057,0.7771052631578947,0.772973895072937
0.057,0.7784210526315789,0.7722045183181763
0.058,0.7784210526315789,0.7721713185310364
0.058,0.7826315789473685,0.7699356079101562
0.059,0.7826315789473685,0.7699241638183594
0.059,0.7855263157894737,0.7669954895973206
0.061,0.7855263157894737,0.7668245434761047
0.061,0.7868421052631579,0.7650712728500366
0.062,0.7868421052631579,0.7647202610969543
0.062,0.7873684210526316,0.7644480466842651
0.063,0.7873684210526316,0.7641744017601013
0.063,0.7886842105263158,0.7635518312454224
0.064,0.7886842105263158,0.7633784413337708
0.064,0.7889473684210526,0.7633526921272278
0.066,0.7889473684210526,0.7632505297660828
0.066,0.7892105263157895,0.763089120388031
0.068,0.7892105263157895,0.762774646282196
0.068,0.791578947368421,0.7615368962287903
0.069,0.791578947368421,0.7614583969116211
0.069,0.7923684210526316,0.7610193490982056
0.07,0.7923684210526316,0.7607936263084412
0.07,0.7926315789473685,0.7605448961257935
0.071,0.7926315789473685,0.7602636814117432
0.071,0.7928947368421052,0.7599772214889526
0.074,0.7928947368421052,0.7595924735069275
0.074,0.7936842105263158,0.7573018074035645
0.075,0.7936842105263158,0.756561279296875
0.075,0.7963157894736842,0.7534123063087463
0.076,0.7963157894736842,0.7533102035522461
0.076,0.8023684210526316,0.7461475133895874
0.077,0.8023684210526316,0.7453025579452515
0.077,0.8028947368421052,0.7445316314697266
0.078,0.8028947368421052,0.744493305683136
0.078,0.8042105263157895,0.743442714214325
0.079,0.8042105263157895,0.7433665990829468
0.079,0.8086842105263158,0.7387527227401733
0.08,0.8086842105263158,0.7385281324386597
0.08,0.8415789473684211,0.7008129358291626
0.081,0.8415789473684211,0.7002016305923462
0.081,0.853421052631579,0.6899025440216064
0.082,0.853421052631579,0.6893491744995117
0.082,0.858421052631579,0.6815031170845032
0.083,0.858421052631579,0.6809947490692139
0.083,0.8673684210526316,0.6709819436073303
0.084,0.8673684210526316,0.6704956293106079
0.084,0.881578947368421,0.6508983373641968
0.085,0.881578947368421,0.650454580783844
0.085,0.8818421052631579,0.6502776741981506
0.086,0.8818421052631579,0.6501962542533875
0.086,0.8857894736842106,0.647023618221283
0.088,0.8857894736842106,0.6452043652534485
0.088,0.8871052631578947,0.640281081199646
0.09,0.8871052631578947,0.6401869654655457
0.09,0.8876315789473684,0.6396051049232483
0.092,0.8876315789473684,0.6390955448150635
0.092,0.8878947368421053,0.6390619874000549
0.093,0.8878947368421053,0.6384801864624023
0.093,0.8889473684210526,0.6348782181739807
0.094,0.8889473684210526,0.634728193283081
0.094,0.8892105263157895,0.6333734393119812
0.095,0.8892105263157895,0.6333469748497009
0.095,0.89,0.6303168535232544
0.096,0.89,0.6290487051010132
0.096,0.8902631578947369,0.6278072595596313
0.097,0.8902631578947369,0.6270233392715454
0.097,0.8905263157894737,0.6269875168800354
0.098,0.8905263157894737,0.6269530057907104
0.098,0.8928947368421053,0.6198955774307251
0.099,0.8928947368421053,0.6197705864906311
0.099,0.8939473684210526,0.6187912821769714
0.1,0.8939473684210526,0.6181187629699707
0.1,0.9005263157894737,0.6083232164382935
0.101,0.9005263157894737,0.6083136796951294
0.101,0.9018421052631579,0.6008514761924744
0.104,0.9018421052631579,0.5976047515869141
0.104,0.9023684210526316,0.5960161089897156
0.105,0.9023684210526316,0.5959997177124023
0.105,0.9028947368421053,0.5928863883018494
0.106,0.9028947368421053,0.5926097631454468
0.106,0.9063157894736842,0.5830455422401428
0.107,0.9063157894736842,0.5805980563163757
0.107,0.9071052631578947,0.5792849063873291
0.108,0.9071052631578947,0.576892614364624
0.108,0.9073684210526316,0.5768096446990967
0.109,0.9073684210526316,0.5760190486907959
0.109,0.9084210526315789,0.5730807781219482
0.11,0.9084210526315789,0.5730383992195129
0.11,0.9152631578947369,0.5655245184898376
0.111,0.9152631578947369,0.5644739270210266
0.111,0.9155263157894736,0.5627620816230774
0.113,0.9155263157894736,0.5613735914230347
0.113,0.9157894736842105,0.5610646605491638
0.116,0.9157894736842105,0.5606582760810852
0.116,0.9163157894736842,0.5601582527160645
0.119,0.9163157894736842,0.5595385432243347
0.119,0.9171052631578948,0.5592840909957886
0.123,0.9171052631578948,0.5573439002037048
0.123,0.9173684210526316,0.5565833449363708
0.128,0.9173684210526316,0.5496771335601807
0.128,0.9178947368421052,0.5485104918479919
0.129,0.9178947368421052,0.5483402013778687
0.129,0.9181578947368421,0.5482602119445801
0.13,0.9181578947368421,0.5477214455604553
0.13,0.9186842105263158,0.5466982126235962
0.131,0.9186842105263158,0.5449207425117493
0.131,0.9189473684210526,0.5430998206138611
0.133,0.9189473684210526,0.5422413349151611
0.133,0.9192105263157895,0.5413342118263245
0.134,0.9192105263157895,0.5410903692245483
0.134,0.92,0.5373792052268982
0.135,0.92,0.53704434633255
0.135,0.9242105263157895,0.5231831669807434
0.136,0.9242105263157895,0.5216524004936218
0.136,0.9247368421052632,0.5203167200088501
0.137,0.9247368421052632,0.5167813897132874
0.137,0.925,0.5137984156608582
0.14,0.925,0.5108105540275574
0.14,0.9252631578947368,0.5107986330986023
0.144,0.9252631578947368,0.509426474571228
0.144,0.9257894736842105,0.5076941251754761
0.149,0.9257894736842105,0.5020971298217773
0.149,0.9260526315789473,0.4996729791164398
0.164,0.9260526315789473,0.47010332345962524
0.164,0.9263157894736842,0.46685415506362915
0.165,0.9263157894736842,0.4653909206390381
0.165,0.9265789473684211,0.4644847810268402
0.168,0.9265789473684211,0.4533374011516571
0.168,0.9271052631578948,0.4505116641521454
0.177,0.9271052631578948,0.4309840500354767
0.177,0.9273684210526316,0.42880862951278687
0.178,0.9273684210526316,0.428069531917572
0.178,0.9276315789473685,0.41476258635520935
0.179,0.9276315789473685,0.4134926497936249
0.179,0.9281578947368421,0.41255077719688416
0.181,0.9281578947368421,0.41122618317604065
0.181,0.9292105263157895,0.4040442705154419
0.186,0.9292105263157895,0.4014049172401428
0.186,0.9294736842105263,0.401262104511261
0.19,0.9294736842105263,0.39966922998428345
0.19,0.9297368421052632,0.3996566832065582
0.194,0.9297368421052632,0.39913031458854675
0.194,0.93,0.39904868602752686
0.195,0.93,0.39883655309677124
0.195,0.9302631578947368,0.39864179491996765
0.203,0.9302631578947368,0.3941207826137543
0.203,0.9305263157894736,0.3931981027126312
0.205,0.9305263157894736,0.3885898292064667
0.205,0.9307894736842105,0.3874090611934662
0.207,0.9307894736842105,0.38559669256210327
0.207,0.9310526315789474,0.3850485682487488
0.208,0.9310526315789474,0.3831363022327423
0.208,0.9313157894736842,0.3821047842502594
0.216,0.9313157894736842,0.3767540454864502
0.216,0.9318421052631579,0.37647560238838196
0.222,0.9318421052631579,0.3709523379802704
0.222,0.9321052631578948,0.3692900836467743
0.227,0.9321052631578948,0.36505064368247986
0.227,0.9326315789473684,0.35942158102989197
0.233,0.9326315789473684,0.3525646924972534
0.233,0.9328947368421052,0.3519113063812256
0.234,0.9328947368421052,0.34990599751472473
0.234,0.9334210526315789,0.34772607684135437
0.238,0.9334210526315789,0.345179945230484
0.238,0.9336842105263158,0.3446454703807831
0.24,0.9336842105263158,0.3420722186565399
0.24,0.9339473684210526,0.3419296443462372
0.241,0.9339473684210526,0.34141162037849426
0.241,0.9342105263157895,0.3407852053642273
0.242,0.9342105263157895,0.3396429717540741
0.242,0.9347368421052632,0.3386881649494171
0.243,0.9347368421052632,0.3380863666534424
0.243,0.9365789473684211,0.3357100188732147
0.245,0.9365789473684211,0.33515074849128723
0.245,0.9373684210526316,0.3340993821620941
0.246,0.9373684210526316,0.333881676197052
0.246,0.9376315789473684,0.3335232138633728
0.247,0.9376315789473684,0.3313617408275604
0.247,0.9384210526315789,0.32545605301856995
0.255,0.9384210526315789,0.32328251004219055
0.255,0.9386842105263158,0.3223119378089905
0.261,0.9386842105263158,0.31997981667518616
0.261,0.9389473684210526,0.3186855912208557
0.262,0.9389473684210526,0.318243145942688
0.262,0.9394736842105263,0.3169468343257904
0.268,0.9394736842105263,0.31255123019218445
0.268,0.9397368421052632,0.312502920627594
0.278,0.9397368421052632,0.30745425820350647
0.278,0.9405263157894737,0.30345138907432556
0.281,0.9405263157894737,0.30230844020843506
0.281,0.9407894736842105,0.3017245829105377
0.282,0.9407894736842105,0.29906296730041504
0.282,0.9413157894736842,0.2963239252567291
0.283,0.9413157894736842,0.2928623855113983
0.283,0.9415789473684211,0.29137343168258667
0.284,0.9415789473684211,0.29123908281326294
0.284,0.9418421052631579,0.2909791171550751
0.286,0.9418421052631579,0.2890251576900482
0.286,0.9434210526315789,0.2830277383327484
0.288,0.9434210526315789,0.28265419602394104
0.288,0.9439473684210526,0.28114837408065796
0.289,0.9439473684210526,0.2801915407180786
0.289,0.9447368421052632,0.2773791253566742
0.29,0.9447368421052632,0.2773127257823944
0.29,0.9465789473684211,0.27184784412384033
0.291,0.9465789473684211,0.27167919278144836
0.291,0.9468421052631579,0.2706761956214905
0.295,0.9468421052631579,0.268724650144577
0.295,0.9476315789473684,0.26795682311058044
0.296,0.9476315789473684,0.26756522059440613
0.296,0.9484210526315789,0.266817182302475
0.297,0.9484210526315789,0.2667393982410431
0.297,0.9486842105263158,0.2666499614715576
0.298,0.9486842105263158,0.2665105164051056
0.298,0.9489473684210527,0.26650774478912354
0.3,0.9489473684210527,0.266194611787796
0.3,0.9494736842105264,0.26566436886787415
0.301,0.9494736842105264,0.2656440734863281
0.301,0.9497368421052632,0.26500600576400757
0.302,0.9497368421052632,0.2641824185848236
0.302,0.9502631578947368,0.26388153433799744
0.303,0.9502631578947368,0.2636721134185791
0.303,0.9510526315789474,0.2633194029331207
0.304,0.9510526315789474,0.26322534680366516
0.304,0.9513157894736842,0.26320141553878784
0.305,0.9513157894736842,0.2624741792678833
0.305,0.9515789473684211,0.26040351390838623
0.308,0.9515789473684211,0.25832250714302063
0.308,0.9521052631578948,0.2577968239784241
0.31,0.9521052631578948,0.25727543234825134
0.31,0.953421052631579,0.25387611985206604
0.314,0.953421052631579,0.25190889835357666
0.314,0.9542105263157895,0.24888236820697784
0.315,0.9542105263157895,0.24851827323436737
0.315,0.9547368421052631,0.24802885949611664
0.318,0.9547368421052631,0.2468215674161911
0.318,0.955,0.246782585978508
0.319,0.955,0.24619829654693604
0.319,0.9555263157894737,0.24563361704349518
0.321,0.9555263157894737,0.2449568510055542
0.321,0.9557894736842105,0.24429069459438324
0.325,0.9557894736842105,0.24350149929523468
0.325,0.9565789473684211,0.24192413687705994
0.326,0.9565789473684211,0.24184449017047882
0.326,0.9568421052631579,0.2404589056968689
0.328,0.9568421052631579,0.2377893179655075
0.328,0.9573684210526315,0.23757155239582062
0.331,0.9573684210526315,0.23653988540172577
0.331,0.9576315789473684,0.23577456176280975
0.332,0.9576315789473684,0.23500651121139526
0.332,0.958421052631579,0.23210056126117706
0.334,0.958421052631579,0.23175764083862305
0.334,0.9586842105263158,0.23150812089443207
0.336,0.9586842105263158,0.22848382592201233
0.336,0.9589473684210527,0.2283632755279541
0.337,0.9589473684210527,0.22816534340381622
0.337,0.9592105263157895,0.22715245187282562
0.338,0.9592105263157895,0.22606922686100006
0.338,0.96,0.22432364523410797
0.34,0.96,0.2240104079246521
0.34,0.9602631578947368,0.22398166358470917
0.341,0.9602631578947368,0.22334186732769012
0.341,0.9605263157894737,0.22314053773880005
0.345,0.9605263157894737,0.22130508720874786
0.345,0.9607894736842105,0.22091083228588104
0.347,0.9607894736842105,0.22037971019744873
0.347,0.9613157894736842,0.21951210498809814
0.348,0.9613157894736842,0.21948835253715515
0.348,0.9631578947368421,0.21787528693675995
0.352,0.9631578947368421,0.2168426513671875
0.352,0.9642105263157895,0.215682715177536
0.353,0.9642105263157895,0.21535423398017883
0.353,0.9652631578947368,0.2146751582622528
0.354,0.9652631578947368,0.21432529389858246
0.354,0.9663157894736842,0.2138645201921463
0.355,0.9663157894736842,0.21372562646865845
0.355,0.9673684210526315,0.21344222128391266
0.358,0.9673684210526315,0.2126675844192505
0.358,0.9676315789473684,0.212615966796875
0.36,0.9676315789473684,0.21213142573833466
0.36,0.9678947368421053,0.21190541982650757
0.361,0.9678947368421053,0.21172301471233368
0.361,0.9694736842105263,0.2112259566783905
0.363,0.9694736842105263,0.21073107421398163
0.363,0.97,0.2105400562286377
0.364,0.97,0.2105022668838501
0.364,0.9707894736842105,0.2103339284658432
0.365,0.9707894736842105,0.2100703865289688
0.365,0.9710526315789474,0.20927651226520538
0.368,0.9710526315789474,0.20767122507095337
0.368,0.9713157894736842,0.20754748582839966
0.369,0.9713157894736842,0.2075406312942505
0.369,0.9715789473684211,0.20667636394500732
0.372,0.9715789473684211,0.20625150203704834
0.372,0.9723684210526315,0.20535585284233093
0.375,0.9723684210526315,0.2041284143924713
0.375,0.9726315789473684,0.20389200747013092
0.384,0.9726315789473684,0.20262333750724792
0.384,0.9728947368421053,0.2025897204875946
0.386,0.9728947368421053,0.20187972486019135
0.386,0.9731578947368421,0.20184023678302765
0.392,0.9731578947368421,0.20060858130455017
0.392,0.973421052631579,0.20047082006931305
0.4,0.973421052631579,0.1991482377052307
0.4,0.9736842105263158,0.1989554762840271
0.414,0.9736842105263158,0.19594208896160126
0.414,0.9739473684210527,0.1945393681526184
0.415,0.9739473684210527,0.19433896243572235
0.415,0.9742105263157895,0.19429680705070496
0.426,0.9742105263157895,0.19075442850589752
0.426,0.9747368421052631,0.18944595754146576
0.429,0.9747368421052631,0.1892431080341339
0.429,0.975,0.18863974511623383
0.43,0.975,0.18824635446071625
0.43,0.9755263157894737,0.18716080486774445
0.433,0.9755263157894737,0.186772421002388
0.433,0.9760526315789474,0.18671132624149323
0.443,0.9760526315789474,0.18347622454166412
0.443,0.9765789473684211,0.18302224576473236
0.444,0.9765789473684211,0.18290112912654877
0.444,0.9776315789473684,0.18031010031700134
0.447,0.9776315789473684,0.18027625977993011
0.447,0.9797368421052631,0.17810367047786713
0.448,0.9797368421052631,0.17774096131324768
0.448,0.98,0.1776646077632904
0.45,0.98,0.17712317407131195
0.45,0.9802631578947368,0.1768944412469864
0.451,0.9802631578947368,0.17659801244735718
0.451,0.9805263157894737,0.17652733623981476
0.452,0.9805263157894737,0.1764729619026184
0.452,0.9810526315789474,0.1763964593410492
0.468,0.9810526315789474,0.17535530030727386
0.468,0.9815789473684211,0.17515641450881958
0.471,0.9815789473684211,0.174867182970047
0.471,0.9818421052631578,0.17473357915878296
0.475,0.9818421052631578,0.17421254515647888
0.475,0.9821052631578947,0.17420363426208496
0.485,0.9821052631578947,0.17259639501571655
0.485,0.9823684210526316,0.17259152233600616
0.489,0.9823684210526316,0.17201292514801025
0.489,0.9831578947368421,0.17165644466876984
0.493,0.9831578947368421,0.1694524884223938
0.493,0.983421052631579,0.16912229359149933
0.495,0.983421052631579,0.16886433959007263
0.495,0.9836842105263158,0.16851842403411865
0.499,0.9836842105263158,0.16743366420269012
0.499,0.9842105263157894,0.16696469485759735
0.5,0.9842105263157894,0.16674594581127167
0.5,0.9847368421052631,0.16596031188964844
0.504,0.9847368421052631,0.16564849019050598
0.504,0.9852631578947368,0.16428139805793762
0.508,0.9852631578947368,0.16324284672737122
0.508,0.9855263157894737,0.16322338581085205
0.509,0.9855263157894737,0.1627584993839264
0.509,0.9857894736842105,0.16259253025054932
0.514,0.9857894736842105,0.16173847019672394
0.514,0.9863157894736843,0.16145211458206177
0.516,0.9863157894736843,0.16132667660713196
0.516,0.986578947368421,0.16127462685108185
0.517,0.986578947368421,0.16126658022403717
0.517,0.9871052631578947,0.16109786927700043
0.519,0.9871052631578947,0.16098690032958984
0.519,0.9873684210526316,0.16089482605457306
0.52,0.9873684210526316,0.16074885427951813
0.52,0.9876315789473684,0.1606062799692154
0.521,0.9876315789473684,0.16054466366767883
0.521,0.9881578947368421,0.16036395728588104
0.524,0.9881578947368421,0.16017799079418182
0.524,0.988421052631579,0.1601061373949051
0.528,0.988421052631579,0.15942105650901794
0.528,0.9886842105263158,0.15941569209098816
0.529,0.9886842105263158,0.1593782752752304
0.529,0.9889473684210527,0.15923824906349182
0.53,0.9889473684210527,0.15912912786006927
0.53,0.9892105263157894,0.15903227031230927
0.532,0.9892105263157894,0.15886950492858887
0.532,0.9894736842105263,0.15879303216934204
0.536,0.9894736842105263,0.1582663655281067
0.536,0.9910526315789474,0.15599316358566284
0.54,0.9910526315789474,0.15482765436172485
0.54,0.991578947368421,0.15463338792324066
0.544,0.991578947368421,0.15395532548427582
0.544,0.9918421052631579,0.1537960022687912
0.548,0.9918421052631579,0.1526619791984558
0.548,0.9921052631578947,0.15239916741847992
0.557,0.9921052631578947,0.15052315592765808
0.557,0.9926315789473684,0.15027675032615662
0.564,0.9926315789473684,0.14747729897499084
0.564,0.9928947368421053,0.14744186401367188
0.582,0.9928947368421053,0.1395312249660492
0.582,0.993421052631579,0.13917483389377594
0.588,0.993421052631579,0.137506365776062
0.588,0.9936842105263158,0.1370224505662918
0.595,0.9936842105263158,0.13571174442768097
0.595,0.9947368421052631,0.13389308750629425
0.596,0.9947368421052631,0.13382889330387115
0.596,0.995,0.13382774591445923
0.597,0.995,0.1337883621454239
0.597,0.9952631578947368,0.1337752789258957
0.6,0.9952631578947368,0.13336099684238434
0.6,0.9960526315789474,0.1331220120191574
0.602,0.9960526315789474,0.1330392211675644
0.602,0.996578947368421,0.13217373192310333
0.605,0.996578947368421,0.13186725974082947
0.605,0.9968421052631579,0.13173219561576843
0.608,0.9968421052631579,0.13137651979923248
0.608,0.9973684210526316,0.13132555782794952
0.612,0.9973684210526316,0.13121932744979858
0.612,0.9976315789473684,0.13114216923713684
0.618,0.9976315789473684,0.13006365299224854
0.618,0.9978947368421053,0.12996353209018707
0.62,0.9978947368421053,0.1291678100824356
0.62,0.9981578947368421,0.12898321449756622
0.625,0.9981578947368421,0.12824653089046478
0.625,0.998421052631579,0.12823255360126495
0.632,0.998421052631579,0.12636342644691467
0.632,0.9986842105263158,0.12560322880744934
0.637,0.9986842105263158,0.12456401437520981
0.637,0.9989473684210526,0.12361939996480942
0.641,0.9989473684210526,0.12296366691589355
0.641,0.9992105263157894,0.1224474161863327
0.646,0.9992105263157894,0.12191641330718994
0.646,0.9994736842105263,0.12129057198762894
0.649,0.9994736842105263,0.12011796236038208
0.649,0.9997368421052631,0.11902035772800446
0.719,0.9997368421052631,0.09717822074890137
0.719,1.0,0.09704957902431488
1.0,1.0,0.007345782592892647
