FPR,TPR,Threshold
0.0,0.0,1.9792519211769104
0.0,0.000925925925925926,0.9792519211769104
0.0,0.4666666666666667,0.8401495814323425
0.0007575757575757576,0.4666666666666667,0.8400235176086426
0.0007575757575757576,0.48148148148148145,0.8368663787841797
0.0015151515151515152,0.48148148148148145,0.836810290813446
0.0015151515151515152,0.48703703703703705,0.8352617621421814
0.0022727272727272726,0.48703703703703705,0.8346142768859863
0.0022727272727272726,0.4898148148148148,0.8335154056549072
0.003787878787878788,0.4898148148148148,0.833196222782135
0.003787878787878788,0.4981481481481482,0.8304102420806885
0.005303030303030303,0.4981481481481482,0.8300960659980774
0.005303030303030303,0.49907407407407406,0.8300864696502686
0.006060606060606061,0.49907407407407406,0.8292948007583618
0.006060606060606061,0.5,0.8282864689826965
0.006818181818181818,0.5,0.8282367587089539
0.006818181818181818,0.5018518518518519,0.8277239203453064
0.007575757575757576,0.5018518518518519,0.8276731371879578
0.007575757575757576,0.5027777777777778,0.8273853063583374
0.008333333333333333,0.5027777777777778,0.8268191814422607
0.008333333333333333,0.5074074074074074,0.8249949812889099
0.00909090909090909,0.5074074074074074,0.8245147466659546
0.00909090909090909,0.5092592592592593,0.8227695226669312
0.009848484848484848,0.5092592592592593,0.822537899017334
0.009848484848484848,0.5138888888888888,0.8216027021408081
0.011363636363636364,0.5138888888888888,0.8208441138267517
0.011363636363636364,0.5268518518518519,0.818193793296814
0.012878787878787878,0.5268518518518519,0.8180098533630371
0.012878787878787878,0.5287037037037037,0.8176311254501343
0.013636363636363636,0.5287037037037037,0.8166149854660034
0.013636363636363636,0.5296296296296297,0.8164135217666626
0.014393939393939395,0.5296296296296297,0.8163710236549377
0.014393939393939395,0.5314814814814814,0.8157851099967957
0.015151515151515152,0.5314814814814814,0.8157379627227783
0.015151515151515152,0.5324074074074074,0.8157150745391846
0.015909090909090907,0.5324074074074074,0.8144805431365967
0.015909090909090907,0.5388888888888889,0.8130776286125183
0.016666666666666666,0.5388888888888889,0.8130106329917908
0.016666666666666666,0.5509259259259259,0.8096378445625305
0.017424242424242425,0.5509259259259259,0.8092453479766846
0.017424242424242425,0.5694444444444444,0.8019974231719971
0.01893939393939394,0.5694444444444444,0.8010368943214417
0.01893939393939394,0.5722222222222222,0.8003004789352417
0.019696969696969695,0.5722222222222222,0.8002583980560303
0.019696969696969695,0.575925925925926,0.7995609641075134
0.02196969696969697,0.575925925925926,0.7979030013084412
0.02196969696969697,0.5842592592592593,0.7942073941230774
0.022727272727272728,0.5842592592592593,0.7941806316375732
0.022727272727272728,0.5851851851851851,0.7938748002052307
0.023484848484848483,0.5851851851851851,0.7934988141059875
0.023484848484848483,0.5879629629629629,0.79140305519104
0.024242424242424242,0.5879629629629629,0.7898664474487305
0.024242424242424242,0.5925925925925926,0.7877180576324463
0.025757575757575757,0.5925925925925926,0.7861695885658264
0.025757575757575757,0.5935185185185186,0.7855314612388611
0.026515151515151516,0.5935185185185186,0.7847602367401123
0.026515151515151516,0.6018518518518519,0.775839626789093
0.02803030303030303,0.6018518518518519,0.7747557163238525
0.02803030303030303,0.6055555555555555,0.771670937538147
0.02878787878787879,0.6055555555555555,0.7713397145271301
0.02878787878787879,0.6064814814814815,0.770908534526825
0.029545454545454545,0.6064814814814815,0.7707452774047852
0.029545454545454545,0.649074074074074,0.7503595352172852
0.030303030303030304,0.649074074074074,0.7494533061981201
0.030303030303030304,0.65,0.7485759854316711
0.03106060606060606,0.65,0.7482101321220398
0.03106060606060606,0.6592592592592592,0.7435373663902283
0.03257575757575758,0.6592592592592592,0.7434311509132385
0.03257575757575758,0.6620370370370371,0.7418766021728516
0.03333333333333333,0.6620370370370371,0.7416870594024658
0.03333333333333333,0.6638888888888889,0.7410829067230225
0.03484848484848485,0.6638888888888889,0.7391995191574097
0.03484848484848485,0.6648148148148149,0.738306999206543
0.03636363636363636,0.6648148148148149,0.7377126812934875
0.03636363636363636,0.6666666666666666,0.7360842823982239
0.03787878787878788,0.6666666666666666,0.7350505590438843
0.03787878787878788,0.6703703703703704,0.7330146431922913
0.038636363636363635,0.6703703703703704,0.7328749299049377
0.038636363636363635,0.6768518518518518,0.7315154671669006
0.03939393939393939,0.6768518518518518,0.7313032150268555
0.03939393939393939,0.6805555555555556,0.7299098968505859
0.04015151515151515,0.6805555555555556,0.7295602560043335
0.04015151515151515,0.6814814814814815,0.7291095852851868
0.04090909090909091,0.6814814814814815,0.7288358807563782
0.04090909090909091,0.687962962962963,0.7274909019470215
0.041666666666666664,0.687962962962963,0.7274380922317505
0.041666666666666664,0.6898148148148148,0.7270721197128296
0.04242424242424243,0.6898148148148148,0.7265191078186035
0.04242424242424243,0.6944444444444444,0.7247320413589478
0.04318181818181818,0.6944444444444444,0.7245139479637146
0.04318181818181818,0.6972222222222222,0.7242996692657471
0.045454545454545456,0.6972222222222222,0.7237151861190796
0.045454545454545456,0.7037037037037037,0.719694972038269
0.04696969696969697,0.7037037037037037,0.7180466055870056
0.04696969696969697,0.7185185185185186,0.7071313858032227
0.04772727272727273,0.7185185185185186,0.706646203994751
0.04772727272727273,0.7240740740740741,0.7039968967437744
0.048484848484848485,0.7240740740740741,0.7032003402709961
0.048484848484848485,0.7287037037037037,0.7009531855583191
0.04924242424242424,0.7287037037037037,0.7007359862327576
0.04924242424242424,0.7388888888888889,0.6937137246131897
0.05,0.7388888888888889,0.6931309103965759
0.05,0.7407407407407407,0.6927967071533203
0.051515151515151514,0.7407407407407407,0.6917489767074585
0.051515151515151514,0.7453703703703703,0.6875900626182556
0.05227272727272727,0.7453703703703703,0.6839050054550171
0.05227272727272727,0.7462962962962963,0.6838192939758301
0.05303030303030303,0.7462962962962963,0.6837514042854309
0.05303030303030303,0.7490740740740741,0.6822443604469299
0.05378787878787879,0.7490740740740741,0.6820662617683411
0.05378787878787879,0.75,0.6816645860671997
0.05454545454545454,0.75,0.6811336278915405
0.05454545454545454,0.7509259259259259,0.6802806854248047
0.055303030303030305,0.7509259259259259,0.6793959140777588
0.055303030303030305,0.7518518518518519,0.6781405806541443
0.05606060606060606,0.7518518518518519,0.6778918504714966
0.05606060606060606,0.7527777777777778,0.6767005324363708
0.056818181818181816,0.7527777777777778,0.6766972541809082
0.056818181818181816,0.7546296296296297,0.6762503981590271
0.05757575757575758,0.7546296296296297,0.6762032508850098
0.05757575757575758,0.7564814814814815,0.6759305000305176
0.059848484848484845,0.7564814814814815,0.675087034702301
0.059848484848484845,0.7583333333333333,0.6742420792579651
0.06060606060606061,0.7583333333333333,0.6710958480834961
0.06060606060606061,0.7601851851851852,0.6701427102088928
0.06212121212121212,0.7601851851851852,0.6690865755081177
0.06212121212121212,0.7666666666666667,0.657374382019043
0.06363636363636363,0.7666666666666667,0.6549548506736755
0.06363636363636363,0.7675925925925926,0.6549464464187622
0.06515151515151515,0.7675925925925926,0.6548143625259399
0.06515151515151515,0.7722222222222223,0.6488104462623596
0.0659090909090909,0.7722222222222223,0.6484563946723938
0.0659090909090909,0.7768518518518519,0.6463832855224609
0.06818181818181818,0.7768518518518519,0.6451230645179749
0.06818181818181818,0.7787037037037037,0.6444515585899353
0.06893939393939394,0.7787037037037037,0.6442425847053528
0.06893939393939394,0.7833333333333333,0.6393433809280396
0.07045454545454545,0.7833333333333333,0.6389344334602356
0.07045454545454545,0.7842592592592592,0.6384509205818176
0.07196969696969698,0.7842592592592592,0.6370878219604492
0.07196969696969698,0.7870370370370371,0.632176399230957
0.07348484848484849,0.7870370370370371,0.6301014423370361
0.07348484848484849,0.7898148148148149,0.6275302171707153
0.07424242424242425,0.7898148148148149,0.6255798935890198
0.07424242424242425,0.7907407407407407,0.6252047419548035
0.075,0.7907407407407407,0.6233445405960083
0.075,0.7925925925925926,0.6191810965538025
0.07651515151515151,0.7925925925925926,0.6180661916732788
0.07651515151515151,0.7972222222222223,0.61611008644104
0.0803030303030303,0.7972222222222223,0.6133118271827698
0.0803030303030303,0.7981481481481482,0.6106203198432922
0.08333333333333333,0.7981481481481482,0.6071156859397888
0.08333333333333333,0.799074074074074,0.6068316698074341
0.08787878787878788,0.799074074074074,0.5980580449104309
0.08787878787878788,0.8027777777777778,0.5902014374732971
0.08863636363636364,0.8027777777777778,0.5892593860626221
0.08863636363636364,0.8046296296296296,0.5870087742805481
0.0893939393939394,0.8046296296296296,0.5856406688690186
0.0893939393939394,0.8064814814814815,0.5841184854507446
0.09090909090909091,0.8064814814814815,0.5813899040222168
0.09090909090909091,0.8074074074074075,0.58131343126297
0.09166666666666666,0.8074074074074075,0.5780127644538879
0.09166666666666666,0.8092592592592592,0.5759344100952148
0.09318181818181819,0.8092592592592592,0.5756175518035889
0.09318181818181819,0.8101851851851852,0.5748482346534729
0.10909090909090909,0.8101851851851852,0.5590455532073975
0.10909090909090909,0.812962962962963,0.5472155213356018
0.11060606060606061,0.812962962962963,0.5433104634284973
0.11060606060606061,0.8138888888888889,0.542540431022644
0.11363636363636363,0.8138888888888889,0.5394457578659058
0.11363636363636363,0.8148148148148148,0.5380668044090271
0.11818181818181818,0.8148148148148148,0.5331516861915588
0.11818181818181818,0.8157407407407408,0.5327483415603638
0.11893939393939394,0.8157407407407408,0.5323802828788757
0.11893939393939394,0.8166666666666667,0.5322209000587463
0.12045454545454545,0.8166666666666667,0.5300041437149048
0.12045454545454545,0.8175925925925925,0.5296958684921265
0.12121212121212122,0.8175925925925925,0.5294289588928223
0.12121212121212122,0.8185185185185185,0.5293449759483337
0.12196969696969696,0.8185185185185185,0.5275976061820984
0.12196969696969696,0.8194444444444444,0.5272251963615417
0.12272727272727273,0.8194444444444444,0.5269398093223572
0.12272727272727273,0.825925925925926,0.5253845453262329
0.12424242424242424,0.825925925925926,0.5251374244689941
0.12424242424242424,0.8277777777777777,0.524298906326294
0.12575757575757576,0.8277777777777777,0.5242211818695068
0.12575757575757576,0.8287037037037037,0.5229018926620483
0.12727272727272726,0.8287037037037037,0.5221309661865234
0.12727272727272726,0.8296296296296296,0.5220770835876465
0.12878787878787878,0.8296296296296296,0.5209922194480896
0.12878787878787878,0.8314814814814815,0.5201173424720764
0.12954545454545455,0.8314814814814815,0.5197233557701111
0.12954545454545455,0.8324074074074074,0.5195102691650391
0.1303030303030303,0.8324074074074074,0.5194582343101501
0.1303030303030303,0.8361111111111111,0.5173282623291016
0.13333333333333333,0.8361111111111111,0.516780436038971
0.13333333333333333,0.8379629629629629,0.5149776935577393
0.1340909090909091,0.8379629629629629,0.5149312615394592
0.1340909090909091,0.8388888888888889,0.5148844718933105
0.13787878787878788,0.8388888888888889,0.5124070048332214
0.13787878787878788,0.8398148148148148,0.510459303855896
0.13863636363636364,0.8398148148148148,0.5102576613426208
0.13863636363636364,0.8416666666666667,0.5090618133544922
0.1409090909090909,0.8416666666666667,0.5053605437278748
0.1409090909090909,0.8425925925925926,0.5050777792930603
0.1462121212121212,0.8425925925925926,0.4977191984653473
0.1462121212121212,0.8435185185185186,0.49752938747406006
0.14696969696969697,0.8435185185185186,0.49388587474823
0.14696969696969697,0.8444444444444444,0.4935058057308197
0.14772727272727273,0.8444444444444444,0.49310582876205444
0.14772727272727273,0.8453703703703703,0.49184176325798035
0.15,0.8453703703703703,0.4896106421947479
0.15,0.8462962962962963,0.4893015921115875
0.15227272727272728,0.8462962962962963,0.4883917570114136
0.15227272727272728,0.8472222222222222,0.48820602893829346
0.15681818181818183,0.8472222222222222,0.4852895438671112
0.15681818181818183,0.8481481481481481,0.4848076403141022
0.1643939393939394,0.8481481481481481,0.47996556758880615
0.1643939393939394,0.85,0.47905316948890686
0.16590909090909092,0.85,0.4782380759716034
0.16590909090909092,0.850925925925926,0.4767287075519562
0.16818181818181818,0.850925925925926,0.4757179021835327
0.16818181818181818,0.8537037037037037,0.474834144115448
0.16893939393939394,0.8537037037037037,0.4747418165206909
0.16893939393939394,0.8546296296296296,0.47287267446517944
0.1712121212121212,0.8546296296296296,0.47132253646850586
0.1712121212121212,0.8555555555555555,0.4710523784160614
0.17196969696969697,0.8555555555555555,0.47091275453567505
0.17196969696969697,0.8583333333333333,0.4697508215904236
0.17272727272727273,0.8583333333333333,0.4693461060523987
0.17272727272727273,0.8611111111111112,0.4681929349899292
0.17424242424242425,0.8611111111111112,0.4679960310459137
0.17424242424242425,0.8629629629629629,0.46684199571609497
0.17575757575757575,0.8629629629629629,0.465385764837265
0.17575757575757575,0.8648148148148148,0.46344467997550964
0.1765151515151515,0.8648148148148148,0.4617628753185272
0.1765151515151515,0.8685185185185185,0.46030524373054504
0.17803030303030304,0.8685185185185185,0.45863673090934753
0.17803030303030304,0.8703703703703703,0.4580339193344116
0.17954545454545454,0.8703703703703703,0.4571462571620941
0.17954545454545454,0.8712962962962963,0.4559887647628784
0.18106060606060606,0.8712962962962963,0.4557688534259796
0.18106060606060606,0.8722222222222222,0.4550871253013611
0.18484848484848485,0.8722222222222222,0.450215607881546
0.18484848484848485,0.8731481481481481,0.4487210214138031
0.1856060606060606,0.8731481481481481,0.44837135076522827
0.1856060606060606,0.8759259259259259,0.44605565071105957
0.18636363636363637,0.8759259259259259,0.4456624984741211
0.18636363636363637,0.8768518518518519,0.4442335069179535
0.18712121212121213,0.8768518518518519,0.44350746273994446
0.18712121212121213,0.8805555555555555,0.4359239339828491
0.18787878787878787,0.8805555555555555,0.4357600808143616
0.18787878787878787,0.8814814814814815,0.4351709187030792
0.18863636363636363,0.8814814814814815,0.43379923701286316
0.18863636363636363,0.8824074074074074,0.43351253867149353
0.19318181818181818,0.8824074074074074,0.43226879835128784
0.19318181818181818,0.8842592592592593,0.4311758875846863
0.19393939393939394,0.8842592592592593,0.43035730719566345
0.19393939393939394,0.8851851851851852,0.43027374148368835
0.1946969696969697,0.8851851851851852,0.4286567270755768
0.1946969696969697,0.8861111111111111,0.42786410450935364
0.19545454545454546,0.8861111111111111,0.42748481035232544
0.19545454545454546,0.887962962962963,0.42667585611343384
0.19696969696969696,0.887962962962963,0.4250747859477997
0.19696969696969696,0.8888888888888888,0.42432916164398193
0.19772727272727272,0.8888888888888888,0.4234834909439087
0.19772727272727272,0.8907407407407407,0.4218423366546631
0.1984848484848485,0.8907407407407407,0.42149844765663147
0.1984848484848485,0.8916666666666667,0.42104634642601013
0.2,0.8916666666666667,0.4197794198989868
0.2,0.8925925925925926,0.4187668263912201
0.2037878787878788,0.8925925925925926,0.4171895980834961
0.2037878787878788,0.8962962962962963,0.41405946016311646
0.20454545454545456,0.8962962962962963,0.41366392374038696
0.20454545454545456,0.8972222222222223,0.41342899203300476
0.20606060606060606,0.8972222222222223,0.4118395149707794
0.20606060606060606,0.899074074074074,0.4094841182231903
0.2106060606060606,0.899074074074074,0.4054950475692749
0.2106060606060606,0.9,0.40411242842674255
0.21212121212121213,0.9,0.4035225510597229
0.21212121212121213,0.9009259259259259,0.40274113416671753
0.2143939393939394,0.9009259259259259,0.40122029185295105
0.2143939393939394,0.9027777777777778,0.3988223075866699
0.21515151515151515,0.9027777777777778,0.39862489700317383
0.21515151515151515,0.9064814814814814,0.3939476013183594
0.21666666666666667,0.9064814814814814,0.39309126138687134
0.21666666666666667,0.9074074074074074,0.3930889368057251
0.21818181818181817,0.9074074074074074,0.39218807220458984
0.21818181818181817,0.9092592592592592,0.3908108174800873
0.22045454545454546,0.9092592592592592,0.3891463875770569
0.22045454545454546,0.9101851851851852,0.38821008801460266
0.22272727272727272,0.9101851851851852,0.3879639208316803
0.22272727272727272,0.9111111111111111,0.38790908455848694
0.22803030303030303,0.9111111111111111,0.3865259885787964
0.22803030303030303,0.912962962962963,0.3855544626712799
0.2287878787878788,0.912962962962963,0.38549742102622986
0.2287878787878788,0.9138888888888889,0.3850843608379364
0.23030303030303031,0.9138888888888889,0.38470694422721863
0.23030303030303031,0.9157407407407407,0.38416603207588196
0.23106060606060605,0.9157407407407407,0.3841395676136017
0.23106060606060605,0.9166666666666666,0.38207897543907166
0.23333333333333334,0.9166666666666666,0.38097861409187317
0.23333333333333334,0.9185185185185185,0.3806784152984619
0.2340909090909091,0.9185185185185185,0.3805110454559326
0.2340909090909091,0.9212962962962963,0.38028955459594727
0.23787878787878788,0.9212962962962963,0.3787963092327118
0.23787878787878788,0.9222222222222223,0.37815454602241516
0.23863636363636365,0.9222222222222223,0.37796103954315186
0.23863636363636365,0.9231481481481482,0.37770238518714905
0.24015151515151514,0.9231481481481482,0.3753991723060608
0.24015151515151514,0.925,0.3749214708805084
0.24166666666666667,0.925,0.3736041486263275
0.24166666666666667,0.9277777777777778,0.37228062748908997
0.24242424242424243,0.9277777777777778,0.3715439736843109
0.24242424242424243,0.9296296296296296,0.3706873953342438
0.25,0.9296296296296296,0.36192888021469116
0.25,0.9305555555555556,0.36146244406700134
0.2515151515151515,0.9305555555555556,0.36071911454200745
0.2515151515151515,0.9314814814814815,0.36049023270606995
0.2553030303030303,0.9314814814814815,0.35826098918914795
0.2553030303030303,0.9351851851851852,0.35736289620399475
0.25606060606060604,0.9351851851851852,0.35725143551826477
0.25606060606060604,0.9361111111111111,0.3571282923221588
0.2590909090909091,0.9361111111111111,0.35496628284454346
0.2590909090909091,0.9388888888888889,0.35336047410964966
0.2606060606060606,0.9388888888888889,0.3527052700519562
0.2606060606060606,0.9407407407407408,0.35086312890052795
0.26136363636363635,0.9407407407407408,0.35081371665000916
0.26136363636363635,0.9425925925925925,0.3484381437301636
0.26212121212121214,0.9425925925925925,0.34828341007232666
0.26212121212121214,0.9435185185185185,0.3478696942329407
0.27424242424242423,0.9435185185185185,0.338852196931839
0.27424242424242423,0.9444444444444444,0.3379611670970917
0.27575757575757576,0.9444444444444444,0.33744269609451294
0.27575757575757576,0.9453703703703704,0.33717837929725647
0.2765151515151515,0.9453703703703704,0.3370261788368225
0.2765151515151515,0.9472222222222222,0.33633092045783997
0.2818181818181818,0.9472222222222222,0.33394908905029297
0.2818181818181818,0.9481481481481482,0.3338019847869873
0.2840909090909091,0.9481481481481482,0.33298006653785706
0.2840909090909091,0.9490740740740741,0.33292892575263977
0.29015151515151516,0.9490740740740741,0.3297271132469177
0.29015151515151516,0.95,0.3294619619846344
0.2916666666666667,0.95,0.32852187752723694
0.2916666666666667,0.950925925925926,0.3283756673336029
0.29393939393939394,0.950925925925926,0.32565411925315857
0.29393939393939394,0.9527777777777777,0.32116830348968506
0.2946969696969697,0.9527777777777777,0.3208600878715515
0.2946969696969697,0.9555555555555556,0.31989702582359314
0.29545454545454547,0.9555555555555556,0.3191969692707062
0.29545454545454547,0.9592592592592593,0.31631118059158325
0.29924242424242425,0.9592592592592593,0.3120218813419342
0.29924242424242425,0.9601851851851851,0.31186920404434204
0.3007575757575758,0.9601851851851851,0.3114531636238098
0.3007575757575758,0.9611111111111111,0.3085715174674988
0.3098484848484849,0.9611111111111111,0.29979783296585083
0.3098484848484849,0.9629629629629629,0.298974871635437
0.3106060606060606,0.9629629629629629,0.29889804124832153
0.3106060606060606,0.9638888888888889,0.29863038659095764
0.31287878787878787,0.9638888888888889,0.2983415126800537
0.31287878787878787,0.9648148148148148,0.29746896028518677
0.31363636363636366,0.9648148148148148,0.2970001697540283
0.31363636363636366,0.9657407407407408,0.2968863546848297
0.32196969696969696,0.9657407407407408,0.29390010237693787
0.32196969696969696,0.9666666666666667,0.29352983832359314
0.3242424242424242,0.9666666666666667,0.29150331020355225
0.3242424242424242,0.9675925925925926,0.29139262437820435
0.328030303030303,0.9675925925925926,0.29026806354522705
0.328030303030303,0.9685185185185186,0.2902521789073944
0.3303030303030303,0.9685185185185186,0.28941503167152405
0.3303030303030303,0.9694444444444444,0.28939712047576904
0.33181818181818185,0.9694444444444444,0.28680527210235596
0.33181818181818185,0.9703703703703703,0.2867482304573059
0.3333333333333333,0.9703703703703703,0.2851874828338623
0.3333333333333333,0.9712962962962963,0.2844667434692383
0.33560606060606063,0.9712962962962963,0.2835150361061096
0.33560606060606063,0.9722222222222222,0.28342458605766296
0.3560606060606061,0.9722222222222222,0.2710043489933014
0.3560606060606061,0.9731481481481481,0.2709084153175354
0.3568181818181818,0.9731481481481481,0.27025917172431946
0.3568181818181818,0.9740740740740741,0.26983213424682617
0.3878787878787879,0.9740740740740741,0.2532232403755188
0.3878787878787879,0.975925925925926,0.25118541717529297
0.3886363636363636,0.975925925925926,0.2511446475982666
0.3886363636363636,0.9768518518518519,0.2505773603916168
0.3893939393939394,0.9768518518518519,0.25047174096107483
0.3893939393939394,0.9777777777777777,0.2503158450126648
0.39090909090909093,0.9777777777777777,0.24928666651248932
0.39090909090909093,0.9787037037037037,0.24900388717651367
0.3924242424242424,0.9787037037037037,0.248665913939476
0.3924242424242424,0.9796296296296296,0.24759826064109802
0.4166666666666667,0.9796296296296296,0.23668676614761353
0.4166666666666667,0.9805555555555555,0.23581655323505402
0.41893939393939394,0.9805555555555555,0.2337174266576767
0.41893939393939394,0.9814814814814815,0.23336057364940643
0.42954545454545456,0.9814814814814815,0.22508256137371063
0.42954545454545456,0.9824074074074074,0.22428253293037415
0.43257575757575756,0.9824074074074074,0.22278743982315063
0.43257575757575756,0.9833333333333333,0.22249165177345276
0.4666666666666667,0.9833333333333333,0.21161504089832306
0.4666666666666667,0.9842592592592593,0.21135832369327545
0.4727272727272727,0.9842592592592593,0.2091822475194931
0.4727272727272727,0.9851851851851852,0.20900091528892517
0.47424242424242424,0.9851851851851852,0.20806635916233063
0.47424242424242424,0.9861111111111112,0.2079719752073288
0.47575757575757577,0.9861111111111112,0.2077764868736267
0.47575757575757577,0.987037037037037,0.20773465931415558
0.4765151515151515,0.987037037037037,0.2076883316040039
0.4765151515151515,0.9888888888888889,0.20721596479415894
0.47954545454545455,0.9888888888888889,0.20635771751403809
0.47954545454545455,0.9898148148148148,0.2063417285680771
0.48409090909090907,0.9898148148148148,0.2049826830625534
0.48409090909090907,0.9907407407407407,0.20400093495845795
0.48484848484848486,0.9907407407407407,0.20390917360782623
0.48484848484848486,0.9916666666666667,0.20389847457408905
0.4893939393939394,0.9916666666666667,0.20160476863384247
0.4893939393939394,0.9935185185185185,0.20155981183052063
0.49242424242424243,0.9935185185185185,0.2003915011882782
0.49242424242424243,0.9944444444444445,0.20031344890594482
0.5075757575757576,0.9944444444444445,0.19528093934059143
0.5075757575757576,0.9953703703703703,0.19497334957122803
0.509090909090909,0.9953703703703703,0.19468985497951508
0.509090909090909,0.9962962962962963,0.19427356123924255
0.5234848484848484,0.9962962962962963,0.18979652225971222
0.5234848484848484,0.9972222222222222,0.18967647850513458
0.5318181818181819,0.9972222222222222,0.18503345549106598
0.5318181818181819,0.9981481481481481,0.18486738204956055
0.5340909090909091,0.9981481481481481,0.18311181664466858
0.5340909090909091,0.9990740740740741,0.18309320509433746
0.5409090909090909,0.9990740740740741,0.1802244484424591
0.5409090909090909,1.0,0.1801942139863968
1.0,1.0,0.022083373740315437
