FPR,TPR,Threshold
0.0,0.0,1.9816938042640686
0.0,0.000925925925925926,0.9816938042640686
0.0,0.31203703703703706,0.8575096726417542
0.0007575757575757576,0.31203703703703706,0.8572097420692444
0.0007575757575757576,0.35648148148148145,0.8417003750801086
0.0015151515151515152,0.35648148148148145,0.8396273851394653
0.0015151515151515152,0.36203703703703705,0.8369079828262329
0.0030303030303030303,0.36203703703703705,0.8358747959136963
0.0030303030303030303,0.36574074074074076,0.8339042663574219
0.003787878787878788,0.36574074074074076,0.8332312703132629
0.003787878787878788,0.375,0.8303759694099426
0.004545454545454545,0.375,0.8293431997299194
0.004545454545454545,0.3787037037037037,0.8289899230003357
0.005303030303030303,0.3787037037037037,0.8280777335166931
0.005303030303030303,0.37962962962962965,0.8273012042045593
0.00909090909090909,0.37962962962962965,0.8263766765594482
0.00909090909090909,0.38333333333333336,0.8255176544189453
0.009848484848484848,0.38333333333333336,0.8254052996635437
0.009848484848484848,0.3861111111111111,0.824612021446228
0.010606060606060607,0.3861111111111111,0.8244554996490479
0.010606060606060607,0.38981481481481484,0.8239595890045166
0.012121212121212121,0.38981481481481484,0.8235246539115906
0.012121212121212121,0.3925925925925926,0.8227723836898804
0.012878787878787878,0.3925925925925926,0.8227299451828003
0.012878787878787878,0.39537037037037037,0.8207526206970215
0.014393939393939395,0.39537037037037037,0.8202863931655884
0.014393939393939395,0.4,0.819175124168396
0.015909090909090907,0.4,0.8188608884811401
0.015909090909090907,0.40185185185185185,0.8186725974082947
0.016666666666666666,0.40185185185185185,0.8185705542564392
0.016666666666666666,0.4101851851851852,0.8152900338172913
0.01818181818181818,0.4101851851851852,0.8146612048149109
0.01818181818181818,0.4111111111111111,0.8145701885223389
0.01893939393939394,0.4111111111111111,0.8144142627716064
0.01893939393939394,0.412962962962963,0.8142242431640625
0.019696969696969695,0.412962962962963,0.8141776919364929
0.019696969696969695,0.41388888888888886,0.8141094446182251
0.020454545454545454,0.41388888888888886,0.8139480352401733
0.020454545454545454,0.41574074074074074,0.8130103945732117
0.021212121212121213,0.41574074074074074,0.8129109740257263
0.021212121212121213,0.4166666666666667,0.8123989701271057
0.02196969696969697,0.4166666666666667,0.8121447563171387
0.02196969696969697,0.4185185185185185,0.8121128678321838
0.022727272727272728,0.4185185185185185,0.8118690848350525
0.022727272727272728,0.425,0.8108908534049988
0.023484848484848483,0.425,0.8108592629432678
0.023484848484848483,0.4287037037037037,0.8104958534240723
0.024242424242424242,0.4287037037037037,0.8101524114608765
0.024242424242424242,0.4388888888888889,0.8090478777885437
0.025,0.4388888888888889,0.8089421391487122
0.025,0.44537037037037036,0.8072271943092346
0.025757575757575757,0.44537037037037036,0.8063482642173767
0.025757575757575757,0.44814814814814813,0.8054690361022949
0.026515151515151516,0.44814814814814813,0.805112361907959
0.026515151515151516,0.45,0.803716778755188
0.02727272727272727,0.45,0.8036952614784241
0.02727272727272727,0.48333333333333334,0.7979592084884644
0.02803030303030303,0.48333333333333334,0.7976433634757996
0.02803030303030303,0.4925925925925926,0.7955381870269775
0.02878787878787879,0.4925925925925926,0.7953742146492004
0.02878787878787879,0.5055555555555555,0.7874832153320312
0.029545454545454545,0.5055555555555555,0.7874361276626587
0.029545454545454545,0.5194444444444445,0.7830232977867126
0.030303030303030304,0.5194444444444445,0.7825402021408081
0.030303030303030304,0.5277777777777778,0.7776257395744324
0.03106060606060606,0.5277777777777778,0.776997447013855
0.03106060606060606,0.5444444444444444,0.7682991623878479
0.031818181818181815,0.5444444444444444,0.7680492997169495
0.031818181818181815,0.5481481481481482,0.7652910351753235
0.03257575757575758,0.5481481481481482,0.7639235258102417
0.03257575757575758,0.5509259259259259,0.7624776363372803
0.03409090909090909,0.5509259259259259,0.7589438557624817
0.03409090909090909,0.5546296296296296,0.7572981119155884
0.03484848484848485,0.5546296296296296,0.7565383911132812
0.03484848484848485,0.5648148148148148,0.7534701228141785
0.035606060606060606,0.5648148148148148,0.7530772686004639
0.035606060606060606,0.5657407407407408,0.7529842853546143
0.04015151515151515,0.5657407407407408,0.7501583695411682
0.04015151515151515,0.5666666666666667,0.7498340606689453
0.041666666666666664,0.5666666666666667,0.7486490607261658
0.041666666666666664,0.5694444444444444,0.7480626702308655
0.04242424242424243,0.5694444444444444,0.7480108141899109
0.04242424242424243,0.5731481481481482,0.7453731298446655
0.04318181818181818,0.5731481481481482,0.7452806830406189
0.04318181818181818,0.5787037037037037,0.7433971762657166
0.0446969696969697,0.5787037037037037,0.7428878545761108
0.0446969696969697,0.5805555555555556,0.7394378781318665
0.04621212121212121,0.5805555555555556,0.7383089065551758
0.04621212121212121,0.5861111111111111,0.7332751750946045
0.04696969696969697,0.5861111111111111,0.7332584261894226
0.04696969696969697,0.612037037037037,0.7189435362815857
0.05,0.612037037037037,0.718470573425293
0.05,0.6157407407407407,0.7166008353233337
0.05075757575757576,0.6157407407407407,0.7149522304534912
0.05075757575757576,0.6185185185185185,0.7129077315330505
0.051515151515151514,0.6185185185185185,0.7128847241401672
0.051515151515151514,0.6351851851851852,0.7044357657432556
0.05227272727272727,0.6351851851851852,0.7042354345321655
0.05227272727272727,0.6407407407407407,0.7007246613502502
0.055303030303030305,0.6407407407407407,0.7000738978385925
0.055303030303030305,0.6416666666666667,0.699892520904541
0.05606060606060606,0.6416666666666667,0.6998233199119568
0.05606060606060606,0.6444444444444445,0.6997294425964355
0.056818181818181816,0.6444444444444445,0.6995169520378113
0.056818181818181816,0.6509259259259259,0.6976752877235413
0.05757575757575758,0.6509259259259259,0.6975952982902527
0.05757575757575758,0.6527777777777778,0.6970699429512024
0.059848484848484845,0.6527777777777778,0.6964070200920105
0.059848484848484845,0.6546296296296297,0.6957229375839233
0.06212121212121212,0.6546296296296297,0.6951707005500793
0.06212121212121212,0.6592592592592592,0.6944069862365723
0.06287878787878788,0.6592592592592592,0.6941723227500916
0.06287878787878788,0.6601851851851852,0.6941651701927185
0.06363636363636363,0.6601851851851852,0.6938767433166504
0.06363636363636363,0.6620370370370371,0.6938239932060242
0.06439393939393939,0.6620370370370371,0.6936127543449402
0.06439393939393939,0.6638888888888889,0.6933697462081909
0.0659090909090909,0.6638888888888889,0.6932234764099121
0.0659090909090909,0.6648148148148149,0.6930403709411621
0.06666666666666667,0.6648148148148149,0.6921465992927551
0.06666666666666667,0.6657407407407407,0.6918231844902039
0.06818181818181818,0.6657407407407407,0.6914001703262329
0.06818181818181818,0.6851851851851852,0.6819322109222412
0.06893939393939394,0.6851851851851852,0.6818983554840088
0.06893939393939394,0.6962962962962963,0.6788650155067444
0.0696969696969697,0.6962962962962963,0.6787847280502319
0.0696969696969697,0.6990740740740741,0.6785966753959656
0.07045454545454545,0.6990740740740741,0.6785611510276794
0.07045454545454545,0.7101851851851851,0.6750854849815369
0.07121212121212121,0.7101851851851851,0.6748559474945068
0.07121212121212121,0.7222222222222222,0.6662670969963074
0.07196969696969698,0.7222222222222222,0.6635685563087463
0.07196969696969698,0.7277777777777777,0.6537509560585022
0.07348484848484849,0.7277777777777777,0.6526423096656799
0.07348484848484849,0.7314814814814815,0.6478326916694641
0.07424242424242425,0.7314814814814815,0.6468554735183716
0.07424242424242425,0.7333333333333333,0.6456645727157593
0.075,0.7333333333333333,0.645394504070282
0.075,0.7342592592592593,0.6452575922012329
0.07575757575757576,0.7342592592592593,0.6452104449272156
0.07575757575757576,0.7351851851851852,0.6441894769668579
0.07651515151515151,0.7351851851851852,0.6440843343734741
0.07651515151515151,0.7361111111111112,0.643694281578064
0.07727272727272727,0.7361111111111112,0.6433664560317993
0.07727272727272727,0.737037037037037,0.6433640718460083
0.07803030303030303,0.737037037037037,0.6430872082710266
0.07803030303030303,0.7388888888888889,0.6424576640129089
0.07878787878787878,0.7388888888888889,0.6423596739768982
0.07878787878787878,0.7416666666666667,0.6415948867797852
0.0803030303030303,0.7416666666666667,0.6404957175254822
0.0803030303030303,0.7453703703703703,0.6400150656700134
0.08106060606060606,0.7453703703703703,0.6399786472320557
0.08106060606060606,0.7555555555555555,0.633161187171936
0.08333333333333333,0.7555555555555555,0.6324818134307861
0.08333333333333333,0.7574074074074074,0.6309711933135986
0.09090909090909091,0.7574074074074074,0.626681387424469
0.09090909090909091,0.7583333333333333,0.6264800429344177
0.09166666666666666,0.7583333333333333,0.6263988614082336
0.09166666666666666,0.7601851851851852,0.6262170672416687
0.09318181818181819,0.7601851851851852,0.6225581765174866
0.09318181818181819,0.7611111111111111,0.6217690110206604
0.09393939393939393,0.7611111111111111,0.6213761568069458
0.09393939393939393,0.7638888888888888,0.619510293006897
0.09545454545454546,0.7638888888888888,0.6190977096557617
0.09545454545454546,0.7648148148148148,0.6186439990997314
0.09621212121212121,0.7648148148148148,0.6166712641716003
0.09621212121212121,0.7657407407407407,0.6138216853141785
0.09696969696969697,0.7657407407407407,0.6132806539535522
0.09696969696969697,0.7694444444444445,0.611602783203125
0.09772727272727273,0.7694444444444445,0.61097651720047
0.09772727272727273,0.7759259259259259,0.6065760254859924
0.09848484848484848,0.7759259259259259,0.6065208911895752
0.09848484848484848,0.7796296296296297,0.6037465929985046
0.09924242424242424,0.7796296296296297,0.6036885976791382
0.09924242424242424,0.7805555555555556,0.6026318669319153
0.10075757575757575,0.7805555555555556,0.5986353754997253
0.10075757575757575,0.7842592592592592,0.5964880585670471
0.10454545454545454,0.7842592592592592,0.5942983031272888
0.10454545454545454,0.7851851851851852,0.5941709876060486
0.10909090909090909,0.7851851851851852,0.5927871465682983
0.10909090909090909,0.7861111111111111,0.592686116695404
0.11666666666666667,0.7861111111111111,0.5905712246894836
0.11666666666666667,0.7870370370370371,0.5903587937355042
0.11742424242424243,0.7870370370370371,0.5903437733650208
0.11742424242424243,0.7888888888888889,0.5890952348709106
0.11818181818181818,0.7888888888888889,0.5890776515007019
0.11818181818181818,0.7981481481481482,0.5825992226600647
0.12045454545454545,0.7981481481481482,0.5797390341758728
0.12045454545454545,0.8,0.5768783688545227
0.12196969696969696,0.8,0.575721800327301
0.12196969696969696,0.8018518518518518,0.5747230648994446
0.12272727272727273,0.8018518518518518,0.5733063817024231
0.12272727272727273,0.8037037037037037,0.5717874765396118
0.12424242424242424,0.8037037037037037,0.569229006767273
0.12424242424242424,0.8055555555555556,0.5675351619720459
0.12575757575757576,0.8055555555555556,0.5664032101631165
0.12575757575757576,0.8074074074074075,0.564117968082428
0.12727272727272726,0.8074074074074075,0.5634764432907104
0.12727272727272726,0.8083333333333333,0.562078595161438
0.12803030303030302,0.8083333333333333,0.5599213242530823
0.12803030303030302,0.8166666666666667,0.5543171167373657
0.12878787878787878,0.8166666666666667,0.554002583026886
0.12878787878787878,0.8175925925925925,0.553795337677002
0.1303030303030303,0.8175925925925925,0.5533552765846252
0.1303030303030303,0.8203703703703704,0.5520534515380859
0.13560606060606062,0.8203703703703704,0.5498285889625549
0.13560606060606062,0.8231481481481482,0.5493307113647461
0.13712121212121212,0.8231481481481482,0.5488641262054443
0.13712121212121212,0.8240740740740741,0.5487102270126343
0.13787878787878788,0.8240740740740741,0.5486412048339844
0.13787878787878788,0.8361111111111111,0.542713463306427
0.14015151515151514,0.8361111111111111,0.5393944382667542
0.14015151515151514,0.8379629629629629,0.538690447807312
0.14393939393939395,0.8379629629629629,0.5359570384025574
0.14393939393939395,0.8388888888888889,0.5337032079696655
0.1462121212121212,0.8388888888888889,0.5304505228996277
0.1462121212121212,0.8398148148148148,0.5302278995513916
0.1484848484848485,0.8398148148148148,0.5287246108055115
0.1484848484848485,0.8425925925925926,0.5271584987640381
0.15,0.8425925925925926,0.5269389152526855
0.15,0.8435185185185186,0.5268409848213196
0.15075757575757576,0.8435185185185186,0.5262373089790344
0.15075757575757576,0.8444444444444444,0.5257350206375122
0.15151515151515152,0.8444444444444444,0.5256487727165222
0.15151515151515152,0.8453703703703703,0.5254209041595459
0.15227272727272728,0.8453703703703703,0.5252408385276794
0.15227272727272728,0.8462962962962963,0.5246497392654419
0.15378787878787878,0.8462962962962963,0.5243470668792725
0.15378787878787878,0.8527777777777777,0.5217134356498718
0.15454545454545454,0.8527777777777777,0.5190265774726868
0.15454545454545454,0.8546296296296296,0.5176923274993896
0.15606060606060607,0.8546296296296296,0.5164592862129211
0.15606060606060607,0.8555555555555555,0.5163952708244324
0.15681818181818183,0.8555555555555555,0.5150792002677917
0.15681818181818183,0.8564814814814815,0.5134991407394409
0.1590909090909091,0.8564814814814815,0.5115604400634766
0.1590909090909091,0.8574074074074074,0.5082104802131653
0.15984848484848485,0.8574074074074074,0.5081818699836731
0.15984848484848485,0.8583333333333333,0.5066251158714294
0.16136363636363638,0.8583333333333333,0.5002804398536682
0.16136363636363638,0.8629629629629629,0.489124596118927
0.16363636363636364,0.8629629629629629,0.4860227108001709
0.16363636363636364,0.8638888888888889,0.4859898090362549
0.1712121212121212,0.8638888888888889,0.4788469672203064
0.1712121212121212,0.875,0.4730864465236664
0.17424242424242425,0.875,0.4688924551010132
0.17424242424242425,0.8833333333333333,0.46580666303634644
0.175,0.8833333333333333,0.46559983491897583
0.175,0.8870370370370371,0.46145927906036377
0.17803030303030304,0.8870370370370371,0.459401398897171
0.17803030303030304,0.887962962962963,0.4591551423072815
0.18636363636363637,0.887962962962963,0.4538930654525757
0.18636363636363637,0.8888888888888888,0.4533233046531677
0.18712121212121213,0.8888888888888888,0.45331624150276184
0.18712121212121213,0.8898148148148148,0.4532555043697357
0.19015151515151515,0.8898148148148148,0.45270299911499023
0.19015151515151515,0.8907407407407407,0.4524480700492859
0.19242424242424241,0.8907407407407407,0.4506232738494873
0.19242424242424241,0.8935185185185185,0.4498518109321594
0.19393939393939394,0.8935185185185185,0.4486449062824249
0.19393939393939394,0.8944444444444445,0.44828885793685913
0.1946969696969697,0.8944444444444445,0.44775187969207764
0.1946969696969697,0.8953703703703704,0.44770944118499756
0.1962121212121212,0.8953703703703704,0.4470288157463074
0.1962121212121212,0.8972222222222223,0.4458131790161133
0.19696969696969696,0.8972222222222223,0.44503307342529297
0.19696969696969696,0.8981481481481481,0.444834440946579
0.19772727272727272,0.8981481481481481,0.4444635212421417
0.19772727272727272,0.899074074074074,0.4441714286804199
0.19924242424242425,0.899074074074074,0.4421558976173401
0.19924242424242425,0.9,0.4415971636772156
0.20454545454545456,0.9,0.4374443590641022
0.20454545454545456,0.9018518518518519,0.43675312399864197
0.2053030303030303,0.9018518518518519,0.4364687502384186
0.2053030303030303,0.9046296296296297,0.4355469346046448
0.20909090909090908,0.9046296296296297,0.43463972210884094
0.20909090909090908,0.9055555555555556,0.4343871474266052
0.20984848484848484,0.9055555555555556,0.43414628505706787
0.20984848484848484,0.9074074074074074,0.43403390049934387
0.2128787878787879,0.9074074074074074,0.4329497814178467
0.2128787878787879,0.9083333333333333,0.43282851576805115
0.21515151515151515,0.9083333333333333,0.4320748746395111
0.21515151515151515,0.9101851851851852,0.4314955472946167
0.22121212121212122,0.9101851851851852,0.42833995819091797
0.22121212121212122,0.9120370370370371,0.42586708068847656
0.22196969696969698,0.9120370370370371,0.42582669854164124
0.22196969696969698,0.9138888888888889,0.4256269037723541
0.22272727272727272,0.9138888888888889,0.42523476481437683
0.22272727272727272,0.9157407407407407,0.4246636927127838
0.22424242424242424,0.9157407407407407,0.4244045615196228
0.22424242424242424,0.9166666666666666,0.4241136312484741
0.2265151515151515,0.9166666666666666,0.42167040705680847
0.2265151515151515,0.9194444444444444,0.42091116309165955
0.22803030303030303,0.9194444444444444,0.42003029584884644
0.22803030303030303,0.9203703703703704,0.4198901057243347
0.22954545454545455,0.9203703703703704,0.41894927620887756
0.22954545454545455,0.9231481481481482,0.4187091290950775
0.23030303030303031,0.9231481481481482,0.41851842403411865
0.23030303030303031,0.924074074074074,0.41841548681259155
0.23333333333333334,0.924074074074074,0.4177783727645874
0.23333333333333334,0.925,0.41763633489608765
0.23484848484848486,0.925,0.41696488857269287
0.23484848484848486,0.9259259259259259,0.41678953170776367
0.23636363636363636,0.9259259259259259,0.41593125462532043
0.23636363636363636,0.9296296296296296,0.41546881198883057
0.2409090909090909,0.9296296296296296,0.4139341711997986
0.2409090909090909,0.9305555555555556,0.4139021933078766
0.2431818181818182,0.9305555555555556,0.4129534661769867
0.2431818181818182,0.9351851851851852,0.4117105007171631
0.24393939393939393,0.9351851851851852,0.4116485118865967
0.24393939393939393,0.9361111111111111,0.41157129406929016
0.2446969696969697,0.9361111111111111,0.4112934172153473
0.2446969696969697,0.937037037037037,0.41102808713912964
0.24545454545454545,0.937037037037037,0.4107171297073364
0.24545454545454545,0.937962962962963,0.4104815125465393
0.24621212121212122,0.937962962962963,0.41014575958251953
0.24621212121212122,0.9388888888888889,0.4101131558418274
0.24696969696969698,0.9388888888888889,0.4099057614803314
0.24696969696969698,0.9398148148148148,0.409864604473114
0.24772727272727274,0.9398148148148148,0.40980976819992065
0.24772727272727274,0.9407407407407408,0.4092542231082916
0.24924242424242424,0.9407407407407408,0.4088596999645233
0.24924242424242424,0.9416666666666667,0.4086216986179352
0.25,0.9416666666666667,0.40834054350852966
0.25,0.9425925925925925,0.4075857996940613
0.25075757575757573,0.9425925925925925,0.40737470984458923
0.25075757575757573,0.9444444444444444,0.4059775769710541
0.2515151515151515,0.9444444444444444,0.4051302671432495
0.2515151515151515,0.9453703703703704,0.4051184058189392
0.26136363636363635,0.9453703703703704,0.3994002342224121
0.26136363636363635,0.9472222222222222,0.39874958992004395
0.2689393939393939,0.9472222222222222,0.394089937210083
0.2689393939393939,0.9481481481481482,0.39384615421295166
0.2696969696969697,0.9481481481481482,0.39377066493034363
0.2696969696969697,0.9490740740740741,0.3937407433986664
0.2772727272727273,0.9490740740740741,0.39214780926704407
0.2772727272727273,0.95,0.3906325101852417
0.2787878787878788,0.95,0.38903364539146423
0.2787878787878788,0.950925925925926,0.3886374831199646
0.27954545454545454,0.950925925925926,0.3884604275226593
0.27954545454545454,0.9518518518518518,0.3884037733078003
0.28106060606060607,0.9518518518518518,0.38810646533966064
0.28106060606060607,0.9527777777777777,0.38776782155036926
0.2840909090909091,0.9527777777777777,0.387102335691452
0.2840909090909091,0.9537037037037037,0.3861611783504486
0.28863636363636364,0.9537037037037037,0.38274896144866943
0.28863636363636364,0.9546296296296296,0.38150063157081604
0.2962121212121212,0.9546296296296296,0.37672507762908936
0.2962121212121212,0.9555555555555556,0.3762117326259613
0.31287878787878787,0.9555555555555556,0.360923707485199
0.31287878787878787,0.9564814814814815,0.36015915870666504
0.31666666666666665,0.9564814814814815,0.3560217618942261
0.31666666666666665,0.9574074074074074,0.3557170629501343
0.3181818181818182,0.9574074074074074,0.353605180978775
0.3181818181818182,0.9583333333333334,0.3525032103061676
0.3340909090909091,0.9583333333333334,0.3412185311317444
0.3340909090909091,0.9592592592592593,0.34103459119796753
0.3696969696969697,0.9592592592592593,0.32242149114608765
0.3696969696969697,0.9601851851851851,0.3223120868206024
0.375,0.9601851851851851,0.32153764367103577
0.375,0.9611111111111111,0.32129406929016113
0.4166666666666667,0.9611111111111111,0.29389238357543945
0.4166666666666667,0.962037037037037,0.29369688034057617
0.43636363636363634,0.962037037037037,0.2831270098686218
0.43636363636363634,0.9629629629629629,0.2827284336090088
0.49242424242424243,0.9629629629629629,0.23992908000946045
0.49242424242424243,0.9638888888888889,0.2397650182247162
0.5204545454545455,0.9638888888888889,0.22638878226280212
0.5204545454545455,0.9657407407407408,0.22602829337120056
0.5280303030303031,0.9657407407407408,0.22353555262088776
0.5280303030303031,0.9694444444444444,0.22247710824012756
0.5287878787878788,0.9694444444444444,0.22224633395671844
0.5287878787878788,0.9703703703703703,0.22210915386676788
0.5303030303030303,0.9703703703703703,0.22189897298812866
0.5303030303030303,0.9712962962962963,0.22183512151241302
0.531060606060606,0.9722222222222222,0.22181522846221924
0.5348484848484848,0.9722222222222222,0.22126416862010956
0.5348484848484848,0.9740740740740741,0.22090426087379456
0.5409090909090909,0.9740740740740741,0.2195889800786972
0.5409090909090909,0.975,0.2193630039691925
0.5515151515151515,0.975,0.21792328357696533
0.5515151515151515,0.975925925925926,0.2178572714328766
0.5628787878787879,0.975925925925926,0.21654833853244781
0.5628787878787879,0.9768518518518519,0.21651437878608704
0.5734848484848485,0.9768518518518519,0.21469786763191223
0.5734848484848485,0.9777777777777777,0.21453581750392914
0.6181818181818182,0.9777777777777777,0.20554371178150177
0.6181818181818182,0.9787037037037037,0.2054290920495987
0.6303030303030303,0.9787037037037037,0.2032100409269333
0.6303030303030303,0.9796296296296296,0.20319709181785583
0.6356060606060606,0.9796296296296296,0.2027028650045395
0.6356060606060606,0.9805555555555555,0.20268464088439941
0.6893939393939394,0.9805555555555555,0.1909388303756714
0.6893939393939394,0.9814814814814815,0.19090129435062408
0.7325757575757575,0.9814814814814815,0.17160488665103912
0.7325757575757575,0.9851851851851852,0.17036087810993195
0.7348484848484849,0.9851851851851852,0.1700175553560257
0.7348484848484849,0.9907407407407407,0.16725219786167145
0.7492424242424243,0.9907407407407407,0.16411608457565308
0.7492424242424243,0.9916666666666667,0.16399437189102173
0.7568181818181818,0.9916666666666667,0.1591842919588089
0.7568181818181818,0.9925925925925926,0.15904992818832397
0.7575757575757576,0.9925925925925926,0.15844491124153137
0.7575757575757576,0.9935185185185185,0.1580246388912201
0.7704545454545455,0.9935185185185185,0.1489841490983963
0.7704545454545455,0.9944444444444445,0.14889435470104218
0.796969696969697,0.9944444444444445,0.14165741205215454
0.796969696969697,0.9962962962962963,0.1408325582742691
0.7992424242424242,0.9962962962962963,0.13969217240810394
0.7992424242424242,0.9972222222222222,0.13968102633953094
0.8196969696969697,0.9972222222222222,0.1306827813386917
0.8196969696969697,0.9981481481481481,0.12975002825260162
0.8265151515151515,0.9981481481481481,0.1260453313589096
0.8265151515151515,0.9990740740740741,0.12586858868598938
0.8522727272727273,0.9990740740740741,0.12012506276369095
0.8522727272727273,1.0,0.11993685364723206
1.0,1.0,0.02448800578713417
