FPR,TPR,Threshold
0.0,0.0,1.989073932170868
0.0,0.0005263157894736842,0.9890739321708679
0.0,0.029473684210526315,0.9794365763664246
0.0,0.030526315789473683,0.9794173836708069
0.0,0.2131578947368421,0.9081011414527893
0.002,0.2131578947368421,0.9080616235733032
0.002,0.27157894736842103,0.8778059482574463
0.004,0.27157894736842103,0.8777305483818054
0.004,0.27473684210526317,0.875127375125885
0.012,0.27473684210526317,0.8743913173675537
0.012,0.2752631578947368,0.8742644190788269
0.018,0.2752631578947368,0.8733097314834595
0.018,0.2926315789473684,0.8670228719711304
0.02,0.2926315789473684,0.8668922185897827
0.02,0.29578947368421055,0.8660398125648499
0.022,0.29578947368421055,0.8658022284507751
0.022,0.3026315789473684,0.8641213178634644
0.024,0.3026315789473684,0.8640787601470947
0.024,0.3057894736842105,0.8630054593086243
0.026,0.3057894736842105,0.862732470035553
0.026,0.3078947368421053,0.8618680238723755
0.028,0.3078947368421053,0.8617491126060486
0.028,0.3142105263157895,0.8601799607276917
0.03,0.3142105263157895,0.8597320318222046
0.03,0.3257894736842105,0.8574502468109131
0.032,0.3257894736842105,0.8571621775627136
0.032,0.33157894736842103,0.8542102575302124
0.034,0.33157894736842103,0.8540828824043274
0.034,0.3368421052631579,0.8518877625465393
0.038,0.3368421052631579,0.8515852093696594
0.038,0.33842105263157896,0.8510499000549316
0.04,0.33842105263157896,0.8509777784347534
0.04,0.5657894736842105,0.7314286828041077
0.042,0.5657894736842105,0.7313328981399536
0.042,0.5778947368421052,0.7159443497657776
0.044,0.5778947368421052,0.7158328890800476
0.044,0.6052631578947368,0.6866056323051453
0.052,0.6052631578947368,0.6825349926948547
0.052,0.6094736842105263,0.681419312953949
0.054,0.6094736842105263,0.6812344789505005
0.054,0.61,0.6811744570732117
0.058,0.61,0.6799768805503845
0.058,0.6305263157894737,0.6639246344566345
0.06,0.6305263157894737,0.66301429271698
0.06,0.6347368421052632,0.6566057801246643
0.062,0.6347368421052632,0.6562846302986145
0.062,0.6352631578947369,0.6553612947463989
0.064,0.6352631578947369,0.6551967263221741
0.064,0.6363157894736842,0.6538639664649963
0.066,0.6363157894736842,0.6536202430725098
0.066,0.6421052631578947,0.6465975046157837
0.068,0.6421052631578947,0.6463474035263062
0.068,0.6468421052631579,0.6430992484092712
0.07,0.6468421052631579,0.6428842544555664
0.07,0.6605263157894737,0.6347061991691589
0.072,0.6605263157894737,0.6346620917320251
0.072,0.661578947368421,0.6332953572273254
0.078,0.661578947368421,0.6330481171607971
0.078,0.6621052631578948,0.6327999830245972
0.08,0.6621052631578948,0.6326586604118347
0.08,0.6626315789473685,0.6323511004447937
0.084,0.6626315789473685,0.6310328841209412
0.084,0.6631578947368421,0.630815327167511
0.094,0.6631578947368421,0.6299659609794617
0.094,0.6657894736842105,0.6285755634307861
0.096,0.6657894736842105,0.627461314201355
0.096,0.6678947368421052,0.6247241497039795
0.098,0.6678947368421052,0.6246561408042908
0.098,0.6721052631578948,0.6188660860061646
0.1,0.6721052631578948,0.6187794804573059
0.1,0.6742105263157895,0.6171241402626038
0.102,0.6742105263157895,0.61707603931427
0.102,0.6757894736842105,0.616625189781189
0.106,0.6757894736842105,0.6164025068283081
0.106,0.6789473684210526,0.6145569086074829
0.108,0.6789473684210526,0.6137630939483643
0.108,0.6810526315789474,0.6115544438362122
0.11,0.6810526315789474,0.6105468273162842
0.11,0.6815789473684211,0.6103861331939697
0.112,0.6815789473684211,0.6100503206253052
0.112,0.6852631578947368,0.6070752739906311
0.114,0.6852631578947368,0.6069180965423584
0.114,0.6878947368421052,0.6042578220367432
0.116,0.6878947368421052,0.6032375693321228
0.116,0.69,0.6012324690818787
0.118,0.69,0.6001219749450684
0.118,0.6942105263157895,0.593685507774353
0.12,0.6942105263157895,0.5927131772041321
0.12,0.6957894736842105,0.5912238359451294
0.122,0.6957894736842105,0.5908602476119995
0.122,0.7005263157894737,0.5861471891403198
0.124,0.7005263157894737,0.585421085357666
0.124,0.7057894736842105,0.5831045508384705
0.126,0.7057894736842105,0.5828985571861267
0.126,0.73,0.5643075108528137
0.128,0.73,0.5639433264732361
0.128,0.7389473684210527,0.5584902763366699
0.136,0.7389473684210527,0.5572394728660583
0.136,0.741578947368421,0.5545770525932312
0.14,0.741578947368421,0.5544683933258057
0.14,0.7421052631578947,0.554412305355072
0.142,0.7421052631578947,0.5540823936462402
0.142,0.7542105263157894,0.5389807820320129
0.144,0.7542105263157894,0.5382657647132874
0.144,0.7552631578947369,0.5379155874252319
0.146,0.7552631578947369,0.5371649265289307
0.146,0.7563157894736842,0.5329701900482178
0.148,0.7563157894736842,0.532931387424469
0.148,0.758421052631579,0.527218222618103
0.15,0.758421052631579,0.5269993543624878
0.15,0.7605263157894737,0.525436282157898
0.152,0.7605263157894737,0.5241029262542725
0.152,0.7610526315789473,0.5236058831214905
0.154,0.7610526315789473,0.5234338641166687
0.154,0.7631578947368421,0.5180543065071106
0.156,0.7631578947368421,0.517849326133728
0.156,0.7684210526315789,0.5127176642417908
0.162,0.7684210526315789,0.5066684484481812
0.162,0.77,0.5045525431632996
0.164,0.77,0.5045485496520996
0.164,0.7736842105263158,0.5022650957107544
0.166,0.7736842105263158,0.5019593238830566
0.166,0.7747368421052632,0.5015296936035156
0.168,0.7747368421052632,0.5012733936309814
0.168,0.7810526315789473,0.4886094331741333
0.172,0.7810526315789473,0.4880717396736145
0.172,0.7821052631578947,0.48744043707847595
0.174,0.7821052631578947,0.4874109923839569
0.174,0.7826315789473685,0.4873395562171936
0.176,0.7826315789473685,0.4870607256889343
0.176,0.7842105263157895,0.48575231432914734
0.178,0.7842105263157895,0.4846956431865692
0.178,0.7852631578947369,0.4843920171260834
0.18,0.7852631578947369,0.48428720235824585
0.18,0.7857894736842105,0.484024316072464
0.182,0.7857894736842105,0.48396483063697815
0.182,0.7868421052631579,0.4839056134223938
0.184,0.7868421052631579,0.4830433428287506
0.184,0.7878947368421053,0.4812416434288025
0.186,0.7878947368421053,0.4795677065849304
0.186,0.79,0.475741982460022
0.188,0.79,0.475462943315506
0.188,0.7931578947368421,0.4707566797733307
0.19,0.7931578947368421,0.46986979246139526
0.19,0.7978947368421052,0.4666723906993866
0.196,0.7978947368421052,0.46595674753189087
0.196,0.7984210526315789,0.4657365381717682
0.204,0.7984210526315789,0.46391934156417847
0.204,0.7989473684210526,0.46359726786613464
0.21,0.7989473684210526,0.4625976085662842
0.21,0.8010526315789473,0.4613541066646576
0.214,0.8010526315789473,0.46055465936660767
0.214,0.8015789473684211,0.46019408106803894
0.216,0.8015789473684211,0.45930737257003784
0.216,0.8063157894736842,0.4549464285373688
0.218,0.8063157894736842,0.4534471035003662
0.218,0.8068421052631579,0.4526408016681671
0.22,0.8068421052631579,0.4513324797153473
0.22,0.8084210526315789,0.4462534487247467
0.224,0.8084210526315789,0.44517165422439575
0.224,0.8142105263157895,0.44132405519485474
0.228,0.8142105263157895,0.4410311281681061
0.228,0.8152631578947368,0.43793338537216187
0.234,0.8152631578947368,0.4363642930984497
0.234,0.8163157894736842,0.43321317434310913
0.236,0.8163157894736842,0.4317959249019623
0.236,0.8226315789473684,0.4264320731163025
0.238,0.8226315789473684,0.4260532259941101
0.238,0.8242105263157895,0.4237714409828186
0.24,0.8242105263157895,0.42352914810180664
0.24,0.8278947368421052,0.416594922542572
0.242,0.8278947368421052,0.4160269796848297
0.242,0.8289473684210527,0.4122198522090912
0.244,0.8289473684210527,0.4121895134449005
0.244,0.8321052631578948,0.4083242416381836
0.246,0.8321052631578948,0.40600094199180603
0.246,0.8389473684210527,0.3993641436100006
0.26,0.8389473684210527,0.39564621448516846
0.26,0.8478947368421053,0.3848034739494324
0.262,0.8478947368421053,0.3832476735115051
0.262,0.8531578947368421,0.37726256251335144
0.268,0.8531578947368421,0.3756752908229828
0.268,0.8594736842105263,0.3708272874355316
0.27,0.8594736842105263,0.37000519037246704
0.27,0.8610526315789474,0.36674559116363525
0.272,0.8610526315789474,0.3661764860153198
0.272,0.8636842105263158,0.36458444595336914
0.274,0.8636842105263158,0.36423826217651367
0.274,0.8642105263157894,0.36408698558807373
0.276,0.8642105263157894,0.3638313114643097
0.276,0.8652631578947368,0.3625606298446655
0.278,0.8652631578947368,0.36200591921806335
0.278,0.8673684210526316,0.3611234128475189
0.28,0.8673684210526316,0.36104458570480347
0.28,0.8678947368421053,0.36038488149642944
0.282,0.8678947368421053,0.3587815463542938
0.282,0.8710526315789474,0.3562973737716675
0.284,0.8710526315789474,0.3558060824871063
0.284,0.8726315789473684,0.35411354899406433
0.288,0.8726315789473684,0.3541014492511749
0.288,0.8731578947368421,0.353323370218277
0.29,0.8731578947368421,0.3532630503177643
0.29,0.8789473684210526,0.34439748525619507
0.292,0.8789473684210526,0.34423530101776123
0.292,0.8794736842105263,0.34405696392059326
0.296,0.8794736842105263,0.34355592727661133
0.296,0.88,0.34285831451416016
0.3,0.88,0.34267017245292664
0.3,0.8805263157894737,0.34192225337028503
0.302,0.8805263157894737,0.34116435050964355
0.302,0.8810526315789474,0.3411562740802765
0.306,0.8810526315789474,0.3405347764492035
0.306,0.8910526315789473,0.33040329813957214
0.308,0.8910526315789473,0.3300303518772125
0.308,0.8921052631578947,0.32835304737091064
0.312,0.8921052631578947,0.3271505832672119
0.312,0.8952631578947369,0.32194098830223083
0.316,0.8952631578947369,0.3208718001842499
0.316,0.8989473684210526,0.31769514083862305
0.318,0.8989473684210526,0.3176737129688263
0.318,0.9026315789473685,0.31454867124557495
0.32,0.9026315789473685,0.3141176402568817
0.32,0.9052631578947369,0.3102085590362549
0.324,0.9052631578947369,0.31005004048347473
0.324,0.9078947368421053,0.3062497675418854
0.332,0.9078947368421053,0.3033357560634613
0.332,0.9094736842105263,0.3016758859157562
0.334,0.9094736842105263,0.3004704415798187
0.334,0.91,0.2998560965061188
0.336,0.91,0.2989790737628937
0.336,0.9152631578947369,0.28722909092903137
0.338,0.9152631578947369,0.2855597138404846
0.338,0.9157894736842105,0.28538778424263
0.366,0.9157894736842105,0.2787306606769562
0.366,0.9168421052631579,0.2773834466934204
0.368,0.9168421052631579,0.2771320044994354
0.368,0.9173684210526316,0.27700650691986084
0.372,0.9173684210526316,0.2764129936695099
0.372,0.9184210526315789,0.2750398814678192
0.374,0.9184210526315789,0.2747710645198822
0.374,0.9194736842105263,0.2747548520565033
0.38,0.9194736842105263,0.27356430888175964
0.38,0.9210526315789473,0.2726672291755676
0.382,0.9210526315789473,0.2726532816886902
0.382,0.921578947368421,0.27240651845932007
0.386,0.921578947368421,0.2720046639442444
0.386,0.9221052631578948,0.2718476951122284
0.398,0.9221052631578948,0.270221471786499
0.398,0.9226315789473685,0.26989105343818665
0.422,0.9226315789473685,0.26648253202438354
0.422,0.9231578947368421,0.26553407311439514
0.424,0.9231578947368421,0.2652454972267151
0.424,0.9257894736842105,0.264373779296875
0.426,0.9257894736842105,0.26360583305358887
0.426,0.9278947368421052,0.2621704339981079
0.43,0.9278947368421052,0.26125410199165344
0.43,0.9284210526315789,0.2607719302177429
0.436,0.9284210526315789,0.25928354263305664
0.436,0.9294736842105263,0.2584674060344696
0.44,0.9294736842105263,0.2568361163139343
0.44,0.93,0.2568358778953552
0.442,0.93,0.25660282373428345
0.442,0.9305263157894736,0.25636395812034607
0.452,0.9305263157894736,0.25372254848480225
0.452,0.9310526315789474,0.2522856593132019
0.46,0.9310526315789474,0.2502237856388092
0.46,0.9315789473684211,0.249607652425766
0.464,0.9315789473684211,0.24801725149154663
0.464,0.9336842105263158,0.24634352326393127
0.47,0.9336842105263158,0.24413593113422394
0.47,0.9347368421052632,0.24365316331386566
0.474,0.9347368421052632,0.24220189452171326
0.474,0.9357894736842105,0.24178531765937805
0.476,0.9357894736842105,0.2417294681072235
0.476,0.9363157894736842,0.24100857973098755
0.48,0.9363157894736842,0.24033735692501068
0.48,0.9373684210526316,0.2392236292362213
0.482,0.9373684210526316,0.23911620676517487
0.482,0.94,0.2362436056137085
0.484,0.94,0.2354457974433899
0.484,0.9426315789473684,0.2306705117225647
0.49,0.9426315789473684,0.22937221825122833
0.49,0.9431578947368421,0.22919724881649017
0.492,0.9431578947368421,0.22809858620166779
0.492,0.9442105263157895,0.2257014513015747
0.498,0.9442105263157895,0.22518819570541382
0.498,0.9447368421052632,0.2251775562763214
0.5,0.9447368421052632,0.22510594129562378
0.5,0.9452631578947368,0.2233925461769104
0.506,0.9452631578947368,0.22291669249534607
0.506,0.9457894736842105,0.22289714217185974
0.51,0.9457894736842105,0.2163415253162384
0.51,0.9463157894736842,0.21566987037658691
0.512,0.9463157894736842,0.2156188040971756
0.512,0.9468421052631579,0.21532456576824188
0.516,0.9468421052631579,0.21194075047969818
0.516,0.9478947368421052,0.20986105501651764
0.584,0.9478947368421052,0.18248334527015686
0.584,0.9484210526315789,0.18123246729373932
0.602,0.9484210526315789,0.16731826961040497
0.602,0.9489473684210527,0.16700619459152222
0.604,0.9489473684210527,0.166990727186203
0.604,0.9510526315789474,0.16646459698677063
0.606,0.9510526315789474,0.16573379933834076
0.606,0.9547368421052631,0.15648022294044495
0.614,0.9547368421052631,0.15508876740932465
0.614,0.9557894736842105,0.15408693253993988
0.622,0.9557894736842105,0.15333512425422668
0.622,0.9563157894736842,0.1480373591184616
0.626,0.9563157894736842,0.14693111181259155
0.626,0.9568421052631579,0.14647038280963898
0.628,0.9568421052631579,0.14607782661914825
0.628,0.9578947368421052,0.14469628036022186
0.636,0.9578947368421052,0.1436181515455246
0.636,0.958421052631579,0.14131522178649902
0.682,0.958421052631579,0.11444828659296036
0.682,0.9589473684210527,0.1111755296587944
0.686,0.9589473684210527,0.10402423143386841
0.686,0.9647368421052631,0.09529642015695572
0.688,0.9647368421052631,0.09474264830350876
0.688,0.9652631578947368,0.09448891133069992
0.69,0.9652631578947368,0.09430620074272156
0.69,0.966842105263158,0.09097325801849365
0.71,0.966842105263158,0.08817047625780106
0.71,0.9678947368421053,0.08714723587036133
0.712,0.9678947368421053,0.08562283962965012
0.712,0.968421052631579,0.0855526477098465
0.714,0.968421052631579,0.08516468852758408
0.714,0.9689473684210527,0.0848773717880249
0.726,0.9689473684210527,0.0791221633553505
0.726,0.9694736842105263,0.0788775384426117
0.728,0.9694736842105263,0.07790285348892212
0.728,0.97,0.07766979187726974
0.734,0.97,0.07320596277713776
0.734,0.9710526315789474,0.07180493324995041
0.77,0.9710526315789474,0.06795956939458847
0.77,0.9715789473684211,0.0678069144487381
0.772,0.9715789473684211,0.06768964976072311
0.772,0.9721052631578947,0.06687049567699432
0.774,0.9721052631578947,0.06683280318975449
0.774,0.9726315789473684,0.0664159506559372
0.78,0.9726315789473684,0.06583849340677261
0.78,0.9731578947368421,0.06575611233711243
0.782,0.9731578947368421,0.06564586609601974
0.782,0.9742105263157895,0.06550947576761246
0.784,0.9742105263157895,0.06529011577367783
0.784,0.9763157894736842,0.06474773585796356
0.794,0.9763157894736842,0.06285138428211212
0.794,0.9768421052631578,0.06267493218183517
0.796,0.9768421052631578,0.06257439404726028
0.796,0.9773684210526316,0.062340475618839264
0.798,0.9773684210526316,0.06209595501422882
0.798,0.978421052631579,0.060724887996912
0.804,0.978421052631579,0.06007673591375351
0.804,0.9789473684210527,0.05996565520763397
0.806,0.9789473684210527,0.05978330597281456
0.806,0.9794736842105263,0.05939518287777901
0.808,0.9794736842105263,0.058612972497940063
0.808,0.9815789473684211,0.05676322430372238
0.814,0.9815789473684211,0.055670369416475296
0.814,0.9821052631578947,0.055574286729097366
0.816,0.9821052631578947,0.05552680790424347
0.816,0.9836842105263158,0.055176328867673874
0.824,0.9836842105263158,0.054856184870004654
0.824,0.9842105263157894,0.054823823273181915
0.826,0.9842105263157894,0.05479985103011131
0.826,0.9852631578947368,0.05455676466226578
0.83,0.9852631578947368,0.05398173630237579
0.83,0.9863157894736843,0.053663983941078186
0.832,0.9863157894736843,0.05301671847701073
0.832,0.9873684210526316,0.052163731306791306
0.834,0.9873684210526316,0.05158442631363869
0.834,0.9878947368421053,0.05156609043478966
0.836,0.9878947368421053,0.051230672746896744
0.836,0.9921052631578947,0.04956531524658203
0.84,0.9921052631578947,0.049520350992679596
0.84,0.9926315789473684,0.04948890581727028
0.844,0.9926315789473684,0.0490875318646431
0.844,0.9942105263157894,0.04849717766046524
0.846,0.9942105263157894,0.048414990305900574
0.846,0.9963157894736843,0.04785878211259842
0.848,0.9963157894736843,0.047825656831264496
0.848,0.9968421052631579,0.04749066382646561
0.85,0.9968421052631579,0.04611320048570633
0.85,0.9973684210526316,0.04590901732444763
0.852,0.9973684210526316,0.04576801508665085
0.852,0.9978947368421053,0.045698706060647964
0.868,0.9978947368421053,0.044279102236032486
0.868,0.9994736842105263,0.04335347190499306
0.87,0.9994736842105263,0.04307050630450249
0.87,1.0,0.04274408891797066
1.0,1.0,0.01567862555384636
