FPR,TPR,Threshold
0.0,0.0,1.9595751762390137
0.0,0.0009615384615384616,0.9595751762390137
0.0,0.0375,0.91390061378479
0.0007352941176470588,0.0375,0.9135079979896545
0.0007352941176470588,0.04807692307692308,0.9097650647163391
0.0014705882352941176,0.04807692307692308,0.909723162651062
0.0014705882352941176,0.04903846153846154,0.9089987874031067
0.0029411764705882353,0.04903846153846154,0.9066478610038757
0.0029411764705882353,0.057692307692307696,0.9019995331764221
0.003676470588235294,0.057692307692307696,0.9015613198280334
0.003676470588235294,0.05961538461538462,0.9008514285087585
0.004411764705882353,0.05961538461538462,0.899251401424408
0.004411764705882353,0.06346153846153846,0.8976150155067444
0.008088235294117648,0.06346153846153846,0.8946548104286194
0.008088235294117648,0.06826923076923076,0.8908201456069946
0.008823529411764706,0.06826923076923076,0.8905639052391052
0.008823529411764706,0.06923076923076923,0.8905054330825806
0.009558823529411765,0.06923076923076923,0.8902550339698792
0.009558823529411765,0.07403846153846154,0.8870499730110168
0.010294117647058823,0.07403846153846154,0.8867849111557007
0.010294117647058823,0.08942307692307692,0.8770279288291931
0.011029411764705883,0.08942307692307692,0.8767752051353455
0.011029411764705883,0.09615384615384616,0.8728130459785461
0.011764705882352941,0.09615384615384616,0.8725992441177368
0.011764705882352941,0.10865384615384616,0.869956374168396
0.0125,0.10865384615384616,0.8696866631507874
0.0125,0.11153846153846154,0.8691813945770264
0.013235294117647059,0.11153846153846154,0.8691125512123108
0.013235294117647059,0.11826923076923077,0.8665043711662292
0.013970588235294118,0.11826923076923077,0.8659246563911438
0.013970588235294118,0.12596153846153846,0.8641374111175537
0.014705882352941176,0.12596153846153846,0.8637887835502625
0.014705882352941176,0.13557692307692307,0.8577869534492493
0.015441176470588236,0.13557692307692307,0.8576463460922241
0.015441176470588236,0.13942307692307693,0.8560909032821655
0.016176470588235296,0.13942307692307693,0.855624258518219
0.016176470588235296,0.14038461538461539,0.8553973436355591
0.016911764705882352,0.14038461538461539,0.8551744222640991
0.016911764705882352,0.1423076923076923,0.8544871211051941
0.01764705882352941,0.1423076923076923,0.8525660634040833
0.01764705882352941,0.14903846153846154,0.8485073447227478
0.01838235294117647,0.14903846153846154,0.8480110764503479
0.01838235294117647,0.15096153846153845,0.8476395606994629
0.01911764705882353,0.15096153846153845,0.8474540114402771
0.01911764705882353,0.15576923076923077,0.8465838432312012
0.020588235294117647,0.15576923076923077,0.845924973487854
0.020588235294117647,0.1673076923076923,0.8412630558013916
0.022058823529411766,0.1673076923076923,0.8402712345123291
0.022058823529411766,0.1701923076923077,0.8394595980644226
0.023529411764705882,0.1701923076923077,0.8383604884147644
0.023529411764705882,0.17211538461538461,0.8380243182182312
0.02426470588235294,0.17211538461538461,0.8373305201530457
0.02426470588235294,0.175,0.8363534212112427
0.025,0.175,0.8353607058525085
0.025,0.20961538461538462,0.8143264055252075
0.025735294117647058,0.20961538461538462,0.8142883777618408
0.025735294117647058,0.2125,0.8139647245407104
0.026470588235294117,0.2125,0.8138312697410583
0.026470588235294117,0.23942307692307693,0.8009617924690247
0.027205882352941177,0.23942307692307693,0.8007206320762634
0.027205882352941177,0.24807692307692308,0.7967410087585449
0.027941176470588237,0.24807692307692308,0.7962009906768799
0.027941176470588237,0.25,0.7948513031005859
0.028676470588235293,0.25,0.7942545413970947
0.028676470588235293,0.25096153846153846,0.7934315204620361
0.029411764705882353,0.25096153846153846,0.7931389808654785
0.029411764705882353,0.2567307692307692,0.7900617122650146
0.030147058823529412,0.2567307692307692,0.7899400591850281
0.030147058823529412,0.26153846153846155,0.7882234454154968
0.030882352941176472,0.26153846153846155,0.787165105342865
0.030882352941176472,0.27115384615384613,0.7815607190132141
0.03161764705882353,0.27115384615384613,0.7814499735832214
0.03161764705882353,0.2798076923076923,0.7783059477806091
0.03235294117647059,0.2798076923076923,0.7782083749771118
0.03235294117647059,0.29134615384615387,0.7763751745223999
0.03308823529411765,0.29134615384615387,0.7760844230651855
0.03308823529411765,0.2932692307692308,0.7745070457458496
0.033823529411764704,0.2932692307692308,0.7742462754249573
0.033823529411764704,0.29615384615384616,0.7727291584014893
0.03676470588235294,0.29615384615384616,0.7712087631225586
0.03676470588235294,0.3019230769230769,0.7702673077583313
0.0375,0.3019230769230769,0.7701873183250427
0.0375,0.30288461538461536,0.7700284123420715
0.03823529411764706,0.30288461538461536,0.7695499658584595
0.03823529411764706,0.30480769230769234,0.769404947757721
0.039705882352941174,0.30480769230769234,0.7692307829856873
0.039705882352941174,0.3076923076923077,0.7684674859046936
0.04044117647058824,0.3076923076923077,0.7683698534965515
0.04044117647058824,0.31346153846153846,0.7662191987037659
0.041176470588235294,0.31346153846153846,0.7662004828453064
0.041176470588235294,0.3211538461538462,0.763137936592102
0.04191176470588235,0.3211538461538462,0.7624459862709045
0.04191176470588235,0.325,0.7612029910087585
0.04264705882352941,0.325,0.7602313756942749
0.04264705882352941,0.3269230769230769,0.7598069310188293
0.04338235294117647,0.3269230769230769,0.759360671043396
0.04338235294117647,0.33076923076923076,0.7585647702217102
0.04411764705882353,0.33076923076923076,0.7582632303237915
0.04411764705882353,0.3317307692307692,0.7579972147941589
0.04485294117647059,0.3317307692307692,0.7579768300056458
0.04485294117647059,0.33653846153846156,0.7573913931846619
0.045588235294117645,0.33653846153846156,0.757117509841919
0.045588235294117645,0.34134615384615385,0.7550405263900757
0.04632352941176471,0.34134615384615385,0.7544732093811035
0.04632352941176471,0.3423076923076923,0.7543402910232544
0.04779411764705882,0.3423076923076923,0.7537755966186523
0.04779411764705882,0.34423076923076923,0.7529921531677246
0.04852941176470588,0.34423076923076923,0.7529856562614441
0.04852941176470588,0.3490384615384615,0.7520842552185059
0.04926470588235294,0.3490384615384615,0.7516841888427734
0.04926470588235294,0.35096153846153844,0.7511214017868042
0.05,0.35096153846153844,0.7509321570396423
0.05,0.3528846153846154,0.75026535987854
0.05073529411764706,0.3528846153846154,0.7499421238899231
0.05073529411764706,0.3576923076923077,0.7483422160148621
0.051470588235294115,0.3576923076923077,0.7481528520584106
0.051470588235294115,0.35865384615384616,0.7478529214859009
0.05367647058823529,0.35865384615384616,0.7441149353981018
0.05367647058823529,0.3663461538461538,0.7410957217216492
0.054411764705882354,0.3663461538461538,0.7408532500267029
0.054411764705882354,0.3817307692307692,0.7377581596374512
0.05514705882352941,0.3817307692307692,0.7377116680145264
0.05514705882352941,0.3836538461538462,0.7373976707458496
0.05588235294117647,0.3836538461538462,0.7370204329490662
0.05588235294117647,0.38846153846153847,0.7357945442199707
0.05808823529411765,0.38846153846153847,0.7353653907775879
0.05808823529411765,0.39134615384615384,0.7348824143409729
0.05955882352941176,0.39134615384615384,0.7345967888832092
0.05955882352941176,0.3942307692307692,0.7342992424964905
0.06102941176470588,0.3942307692307692,0.733293890953064
0.06102941176470588,0.39615384615384613,0.7330787777900696
0.061764705882352944,0.39615384615384613,0.732968807220459
0.061764705882352944,0.3971153846153846,0.7323886156082153
0.0625,0.3971153846153846,0.7323721647262573
0.0625,0.4,0.7317050695419312
0.06323529411764706,0.4,0.7316548228263855
0.06323529411764706,0.40192307692307694,0.7305353879928589
0.06397058823529411,0.40192307692307694,0.7301206588745117
0.06397058823529411,0.4028846153846154,0.7293328046798706
0.06544117647058824,0.4028846153846154,0.7288818955421448
0.06544117647058824,0.40673076923076923,0.7282939553260803
0.06691176470588235,0.40673076923076923,0.7276200652122498
0.06691176470588235,0.4076923076923077,0.7276146411895752
0.06764705882352941,0.4076923076923077,0.7270217537879944
0.06764705882352941,0.4125,0.7253634333610535
0.06838235294117648,0.4125,0.7249650359153748
0.06838235294117648,0.4182692307692308,0.7233404517173767
0.06985294117647059,0.4182692307692308,0.7230314612388611
0.06985294117647059,0.4201923076923077,0.7227762937545776
0.0713235294117647,0.4201923076923077,0.7223638892173767
0.0713235294117647,0.4221153846153846,0.7211579084396362
0.07205882352941176,0.4221153846153846,0.7211377620697021
0.07205882352941176,0.42403846153846153,0.7202502489089966
0.07279411764705883,0.42403846153846153,0.7199699878692627
0.07279411764705883,0.425,0.7193859219551086
0.07352941176470588,0.425,0.7193121314048767
0.07352941176470588,0.4269230769230769,0.7189309597015381
0.07426470588235294,0.4269230769230769,0.7186031341552734
0.07426470588235294,0.42980769230769234,0.7182794213294983
0.075,0.42980769230769234,0.7182291746139526
0.075,0.4346153846153846,0.7172480225563049
0.07573529411764705,0.4346153846153846,0.7171521782875061
0.07573529411764705,0.43653846153846154,0.7168954014778137
0.07647058823529412,0.43653846153846154,0.7167310118675232
0.07647058823529412,0.4403846153846154,0.7161446213722229
0.07867647058823529,0.4403846153846154,0.7155911326408386
0.07867647058823529,0.44326923076923075,0.7151816487312317
0.08088235294117647,0.44326923076923075,0.7145131230354309
0.08088235294117647,0.4442307692307692,0.7144944667816162
0.0838235294117647,0.4442307692307692,0.7138089537620544
0.0838235294117647,0.4461538461538462,0.7134418487548828
0.08676470588235294,0.4461538461538462,0.7119550108909607
0.08676470588235294,0.44903846153846155,0.7111870050430298
0.0875,0.44903846153846155,0.7103267312049866
0.0875,0.45,0.7102996706962585
0.08823529411764706,0.45,0.71024489402771
0.08823529411764706,0.45096153846153847,0.7100754976272583
0.08970588235294118,0.45096153846153847,0.7096195220947266
0.08970588235294118,0.4519230769230769,0.7094739079475403
0.09191176470588236,0.4519230769230769,0.7083736658096313
0.09191176470588236,0.4528846153846154,0.7082849740982056
0.09411764705882353,0.4528846153846154,0.7063162922859192
0.09411764705882353,0.45384615384615384,0.706118106842041
0.09558823529411764,0.45384615384615384,0.705671489238739
0.09558823529411764,0.4596153846153846,0.704088568687439
0.09852941176470588,0.4596153846153846,0.7023602724075317
0.09852941176470588,0.46634615384615385,0.7005016207695007
0.09926470588235294,0.46634615384615385,0.7004028558731079
0.09926470588235294,0.4673076923076923,0.7003551125526428
0.10073529411764706,0.4673076923076923,0.6993919610977173
0.10073529411764706,0.46826923076923077,0.6992067098617554
0.10147058823529412,0.46826923076923077,0.6986637115478516
0.10147058823529412,0.4740384615384615,0.6975787878036499
0.10294117647058823,0.4740384615384615,0.6971397399902344
0.10294117647058823,0.475,0.6969483494758606
0.10441176470588236,0.475,0.6965168118476868
0.10441176470588236,0.4778846153846154,0.6951844692230225
0.10661764705882353,0.4778846153846154,0.6943852305412292
0.10661764705882353,0.47884615384615387,0.6942228078842163
0.10735294117647058,0.47884615384615387,0.6940198540687561
0.10735294117647058,0.4798076923076923,0.6939200162887573
0.10808823529411765,0.4798076923076923,0.6938214302062988
0.10808823529411765,0.4807692307692308,0.6936947703361511
0.10882352941176471,0.4807692307692308,0.6934908628463745
0.10882352941176471,0.48365384615384616,0.6929622888565063
0.11102941176470588,0.48365384615384616,0.6918845772743225
0.11102941176470588,0.4894230769230769,0.6901242733001709
0.11323529411764706,0.4894230769230769,0.69002765417099
0.11323529411764706,0.49038461538461536,0.6896967887878418
0.11397058823529412,0.49038461538461536,0.6896905303001404
0.11397058823529412,0.4932692307692308,0.6889904737472534
0.11544117647058824,0.4932692307692308,0.6886583566665649
0.11544117647058824,0.49423076923076925,0.6884583830833435
0.1161764705882353,0.49423076923076925,0.6883362531661987
0.1161764705882353,0.4951923076923077,0.6882314085960388
0.11691176470588235,0.4951923076923077,0.6878842711448669
0.11691176470588235,0.4980769230769231,0.6875510215759277
0.11838235294117647,0.4980769230769231,0.6872772574424744
0.11838235294117647,0.5009615384615385,0.6866284012794495
0.11911764705882352,0.5009615384615385,0.6862902641296387
0.11911764705882352,0.5019230769230769,0.68622225522995
0.11985294117647059,0.5019230769230769,0.6862049102783203
0.11985294117647059,0.5028846153846154,0.6860203742980957
0.12058823529411765,0.5028846153846154,0.685854434967041
0.12058823529411765,0.5048076923076923,0.6854364275932312
0.12279411764705882,0.5048076923076923,0.6849105358123779
0.12279411764705882,0.5067307692307692,0.6845259666442871
0.12352941176470589,0.5067307692307692,0.6842736601829529
0.12352941176470589,0.5086538461538461,0.6840371489524841
0.12426470588235294,0.5086538461538461,0.6836660504341125
0.12426470588235294,0.5096153846153846,0.6823433041572571
0.125,0.5096153846153846,0.6821109652519226
0.125,0.5163461538461539,0.6801793575286865
0.12720588235294117,0.5163461538461539,0.6796384453773499
0.12720588235294117,0.5192307692307693,0.6783877611160278
0.12794117647058822,0.5192307692307693,0.6781549453735352
0.12794117647058822,0.5201923076923077,0.6780190467834473
0.12867647058823528,0.5201923076923077,0.6779819130897522
0.12867647058823528,0.5221153846153846,0.677585244178772
0.13014705882352942,0.5221153846153846,0.6775097250938416
0.13014705882352942,0.5230769230769231,0.6769559383392334
0.13088235294117648,0.5230769230769231,0.6769357919692993
0.13088235294117648,0.5269230769230769,0.6759070754051208
0.13308823529411765,0.5269230769230769,0.6755504012107849
0.13308823529411765,0.5278846153846154,0.6752052307128906
0.1338235294117647,0.5278846153846154,0.6751915216445923
0.1338235294117647,0.5298076923076923,0.6749178767204285
0.13529411764705881,0.5298076923076923,0.6748285293579102
0.13529411764705881,0.5336538461538461,0.673885703086853
0.13602941176470587,0.5336538461538461,0.6734827756881714
0.13602941176470587,0.5346153846153846,0.6732789278030396
0.13676470588235295,0.5346153846153846,0.6726782321929932
0.13676470588235295,0.5384615384615384,0.6721362471580505
0.13897058823529412,0.5384615384615384,0.6711169481277466
0.13897058823529412,0.5394230769230769,0.6707507371902466
0.14044117647058824,0.5394230769230769,0.670430064201355
0.14044117647058824,0.5423076923076923,0.6697139739990234
0.1411764705882353,0.5423076923076923,0.6694948673248291
0.1411764705882353,0.5432692307692307,0.6694299578666687
0.14191176470588235,0.5432692307692307,0.6690952181816101
0.14191176470588235,0.5442307692307692,0.6686218976974487
0.1426470588235294,0.5442307692307692,0.668597400188446
0.1426470588235294,0.5451923076923076,0.668522834777832
0.14338235294117646,0.5451923076923076,0.6684258580207825
0.14338235294117646,0.5471153846153847,0.6675289869308472
0.14411764705882352,0.5471153846153847,0.6674968600273132
0.14411764705882352,0.5490384615384616,0.6672024130821228
0.1448529411764706,0.5490384615384616,0.6668872237205505
0.1448529411764706,0.55,0.6662330627441406
0.14779411764705883,0.55,0.6646667122840881
0.14779411764705883,0.551923076923077,0.6633712649345398
0.14852941176470588,0.551923076923077,0.6628140807151794
0.14852941176470588,0.5557692307692308,0.6618243455886841
0.14926470588235294,0.5557692307692308,0.6611801385879517
0.14926470588235294,0.5576923076923077,0.6600364446640015
0.15,0.5576923076923077,0.6598696112632751
0.15,0.5596153846153846,0.6595092415809631
0.1514705882352941,0.5596153846153846,0.6584540009498596
0.1514705882352941,0.5605769230769231,0.6583535671234131
0.15514705882352942,0.5605769230769231,0.6568390130996704
0.15514705882352942,0.5625,0.656524121761322
0.15735294117647058,0.5625,0.6559870839118958
0.15735294117647058,0.5663461538461538,0.6547507643699646
0.15808823529411764,0.5663461538461538,0.6546869277954102
0.15808823529411764,0.5673076923076923,0.6546305418014526
0.1588235294117647,0.5673076923076923,0.6544597148895264
0.1588235294117647,0.5711538461538461,0.6529334187507629
0.15955882352941175,0.5711538461538461,0.6525039076805115
0.15955882352941175,0.5721153846153846,0.6522042751312256
0.16029411764705884,0.5721153846153846,0.6520456075668335
0.16029411764705884,0.573076923076923,0.6517183184623718
0.16176470588235295,0.573076923076923,0.6510964632034302
0.16176470588235295,0.5740384615384615,0.6510710716247559
0.16323529411764706,0.5740384615384615,0.6505399942398071
0.16323529411764706,0.575,0.6504133343696594
0.16397058823529412,0.575,0.6500740647315979
0.16397058823529412,0.5759615384615384,0.6497976183891296
0.16470588235294117,0.5759615384615384,0.6496328115463257
0.16470588235294117,0.5788461538461539,0.6489245891571045
0.16691176470588234,0.5788461538461539,0.6481791138648987
0.16691176470588234,0.5807692307692308,0.6479504108428955
0.1676470588235294,0.5807692307692308,0.6475774645805359
0.1676470588235294,0.5826923076923077,0.6473313570022583
0.16911764705882354,0.5826923076923077,0.6472095251083374
0.16911764705882354,0.5836538461538462,0.6460961103439331
0.1698529411764706,0.5836538461538462,0.6456877589225769
0.1698529411764706,0.5855769230769231,0.6453752517700195
0.17058823529411765,0.5855769230769231,0.6446860432624817
0.17058823529411765,0.5865384615384616,0.6437499523162842
0.1713235294117647,0.5865384615384616,0.6437052488327026
0.1713235294117647,0.5875,0.6435686349868774
0.17279411764705882,0.5875,0.6433811783790588
0.17279411764705882,0.5894230769230769,0.6428658366203308
0.175,0.5894230769230769,0.642130434513092
0.175,0.5903846153846154,0.6421253681182861
0.17573529411764705,0.5903846153846154,0.6419885754585266
0.17573529411764705,0.5913461538461539,0.6418269872665405
0.17647058823529413,0.5913461538461539,0.6417894959449768
0.17647058823529413,0.5932692307692308,0.6414137482643127
0.17720588235294119,0.5932692307692308,0.6412802338600159
0.17720588235294119,0.5951923076923077,0.6406479477882385
0.1801470588235294,0.5951923076923077,0.6402271389961243
0.1801470588235294,0.5961538461538461,0.639388918876648
0.18161764705882352,0.5961538461538461,0.6389954686164856
0.18161764705882352,0.6,0.6379497647285461
0.18308823529411763,0.6,0.6378042697906494
0.18308823529411763,0.6028846153846154,0.637324333190918
0.18455882352941178,0.6028846153846154,0.6367594003677368
0.18455882352941178,0.6048076923076923,0.6362812519073486
0.1860294117647059,0.6048076923076923,0.6360867023468018
0.1860294117647059,0.6067307692307692,0.6346296668052673
0.18676470588235294,0.6067307692307692,0.6345608830451965
0.18676470588235294,0.6115384615384616,0.6333438754081726
0.1875,0.6115384615384616,0.6329476833343506
0.1875,0.6134615384615385,0.6321315765380859
0.18823529411764706,0.6134615384615385,0.6321216225624084
0.18823529411764706,0.6163461538461539,0.6312349438667297
0.1889705882352941,0.6163461538461539,0.6311892867088318
0.1889705882352941,0.6192307692307693,0.6305567026138306
0.19044117647058822,0.6192307692307693,0.6304419040679932
0.19044117647058822,0.625,0.627753496170044
0.19117647058823528,0.625,0.6269509196281433
0.19117647058823528,0.6259615384615385,0.6268745064735413
0.19264705882352942,0.6259615384615385,0.6255726218223572
0.19264705882352942,0.6269230769230769,0.6254080533981323
0.19411764705882353,0.6269230769230769,0.6250988841056824
0.19411764705882353,0.6288461538461538,0.6249363422393799
0.1948529411764706,0.6288461538461538,0.6239294409751892
0.1948529411764706,0.6307692307692307,0.6233974695205688
0.19558823529411765,0.6307692307692307,0.6233864426612854
0.19558823529411765,0.6375,0.621228814125061
0.1963235294117647,0.6375,0.6211922764778137
0.1963235294117647,0.6519230769230769,0.6151915192604065
0.19779411764705881,0.6519230769230769,0.6150162816047668
0.19779411764705881,0.6576923076923077,0.6136889457702637
0.19926470588235295,0.6576923076923077,0.6135356426239014
0.19926470588235295,0.6586538461538461,0.6134628057479858
0.2,0.6586538461538461,0.613288402557373
0.2,0.6605769230769231,0.6125126481056213
0.20294117647058824,0.6605769230769231,0.6115694642066956
0.20294117647058824,0.6625,0.6114405393600464
0.2051470588235294,0.6625,0.6109240651130676
0.2051470588235294,0.6673076923076923,0.6091178059577942
0.20661764705882352,0.6673076923076923,0.608523964881897
0.20661764705882352,0.6682692307692307,0.6082699298858643
0.20955882352941177,0.6682692307692307,0.6069944500923157
0.20955882352941177,0.6692307692307692,0.6066409349441528
0.21176470588235294,0.6692307692307692,0.6057637929916382
0.21176470588235294,0.6701923076923076,0.6056032776832581
0.2125,0.6701923076923076,0.6051427721977234
0.2125,0.6740384615384616,0.6048712730407715
0.2139705882352941,0.6740384615384616,0.6044029593467712
0.2139705882352941,0.6759615384615385,0.6028133630752563
0.2161764705882353,0.6759615384615385,0.6015582084655762
0.2161764705882353,0.6807692307692308,0.5997747778892517
0.21691176470588236,0.6807692307692308,0.5996783971786499
0.21691176470588236,0.6836538461538462,0.5986757278442383
0.21764705882352942,0.6836538461538462,0.598567545413971
0.21764705882352942,0.6846153846153846,0.5983540415763855
0.21838235294117647,0.6846153846153846,0.5982128977775574
0.21838235294117647,0.6903846153846154,0.5967856049537659
0.21911764705882353,0.6903846153846154,0.5961560606956482
0.21911764705882353,0.6932692307692307,0.5954346656799316
0.22058823529411764,0.6932692307692307,0.5951297879219055
0.22058823529411764,0.6942307692307692,0.5950519442558289
0.22205882352941175,0.6942307692307692,0.5938589572906494
0.22205882352941175,0.7028846153846153,0.5906078219413757
0.22279411764705884,0.7028846153846153,0.5901333689689636
0.22279411764705884,0.7038461538461539,0.5899861454963684
0.22426470588235295,0.7038461538461539,0.588996171951294
0.22426470588235295,0.7048076923076924,0.588742733001709
0.22647058823529412,0.7048076923076924,0.5876947045326233
0.22647058823529412,0.7076923076923077,0.5871880650520325
0.22941176470588234,0.7076923076923077,0.5859128832817078
0.22941176470588234,0.7086538461538462,0.5858845114707947
0.2301470588235294,0.7086538461538462,0.5849090814590454
0.2301470588235294,0.7105769230769231,0.584093451499939
0.23088235294117648,0.7105769230769231,0.584035336971283
0.23088235294117648,0.7115384615384616,0.5838273763656616
0.2323529411764706,0.7115384615384616,0.5828515887260437
0.2323529411764706,0.7144230769230769,0.581662654876709
0.23308823529411765,0.7144230769230769,0.5810799598693848
0.23308823529411765,0.7182692307692308,0.5802898406982422
0.2338235294117647,0.7182692307692308,0.5802834630012512
0.2338235294117647,0.7192307692307692,0.5799035429954529
0.23455882352941176,0.7192307692307692,0.5798243880271912
0.23455882352941176,0.7201923076923077,0.5796985030174255
0.2375,0.7201923076923077,0.578281819820404
0.2375,0.7221153846153846,0.577690601348877
0.23823529411764705,0.7221153846153846,0.5775393843650818
0.23823529411764705,0.7230769230769231,0.5774821639060974
0.23897058823529413,0.7230769230769231,0.577202320098877
0.23897058823529413,0.7259615384615384,0.5763062238693237
0.23970588235294119,0.7259615384615384,0.5756493210792542
0.23970588235294119,0.7298076923076923,0.5742474794387817
0.24044117647058824,0.7298076923076923,0.5738598108291626
0.24044117647058824,0.7307692307692307,0.5737960934638977
0.2411764705882353,0.7307692307692307,0.5737778544425964
0.2411764705882353,0.7336538461538461,0.5726884007453918
0.24191176470588235,0.7336538461538461,0.572572648525238
0.24191176470588235,0.7355769230769231,0.5718090534210205
0.2426470588235294,0.7355769230769231,0.571121335029602
0.2426470588235294,0.7365384615384616,0.5710849165916443
0.24338235294117647,0.7365384615384616,0.5709753036499023
0.24338235294117647,0.7375,0.570709764957428
0.24411764705882352,0.7375,0.5702106952667236
0.24411764705882352,0.739423076923077,0.5697730779647827
0.24485294117647058,0.739423076923077,0.5690986514091492
0.24485294117647058,0.7403846153846154,0.5690361857414246
0.24705882352941178,0.7403846153846154,0.5687081217765808
0.24705882352941178,0.7413461538461539,0.5683925747871399
0.24926470588235294,0.7413461538461539,0.5677567720413208
0.24926470588235294,0.7442307692307693,0.5653336644172668
0.25,0.7442307692307693,0.5644046068191528
0.25,0.7490384615384615,0.5631768703460693
0.2514705882352941,0.7490384615384615,0.5627737641334534
0.2514705882352941,0.7509615384615385,0.5604889988899231
0.25220588235294117,0.7509615384615385,0.5602850914001465
0.25220588235294117,0.7519230769230769,0.5602309107780457
0.2529411764705882,0.7519230769230769,0.5601676106452942
0.2529411764705882,0.7528846153846154,0.5598387718200684
0.25588235294117645,0.7528846153846154,0.5588474273681641
0.25588235294117645,0.7538461538461538,0.5586909651756287
0.25735294117647056,0.7538461538461538,0.5583319664001465
0.25735294117647056,0.7548076923076923,0.5576220154762268
0.25882352941176473,0.7548076923076923,0.5573012828826904
0.25882352941176473,0.7567307692307692,0.5567343235015869
0.2595588235294118,0.7567307692307692,0.5562610030174255
0.2595588235294118,0.7576923076923077,0.5562266111373901
0.2610294117647059,0.7576923076923077,0.5549318790435791
0.2610294117647059,0.7586538461538461,0.5549266934394836
0.2639705882352941,0.7586538461538461,0.5536364912986755
0.2639705882352941,0.7596153846153846,0.5531160831451416
0.2647058823529412,0.7596153846153846,0.5524606108665466
0.2647058823529412,0.760576923076923,0.5522698760032654
0.26544117647058824,0.760576923076923,0.5516992807388306
0.26544117647058824,0.7673076923076924,0.547227680683136
0.2661764705882353,0.7673076923076924,0.5463005304336548
0.2661764705882353,0.7701923076923077,0.5452136993408203
0.2676470588235294,0.7701923076923077,0.5442690849304199
0.2676470588235294,0.7721153846153846,0.5436334013938904
0.26838235294117646,0.7721153846153846,0.5435165166854858
0.26838235294117646,0.7730769230769231,0.5434088110923767
0.2698529411764706,0.7730769230769231,0.5428557395935059
0.2698529411764706,0.7759615384615385,0.5418795943260193
0.2735294117647059,0.7759615384615385,0.5411932468414307
0.2735294117647059,0.7798076923076923,0.540225625038147
0.27426470588235297,0.7798076923076923,0.5399458408355713
0.27426470588235297,0.7807692307692308,0.5392655730247498
0.2757352941176471,0.7807692307692308,0.5390422344207764
0.2757352941176471,0.7817307692307692,0.5384281277656555
0.27647058823529413,0.7817307692307692,0.5381605625152588
0.27647058823529413,0.7826923076923077,0.5374983549118042
0.2786764705882353,0.7826923076923077,0.5364936590194702
0.2786764705882353,0.7836538461538461,0.5361770987510681
0.2801470588235294,0.7836538461538461,0.536095380783081
0.2801470588235294,0.7875,0.5350927114486694
0.2823529411764706,0.7875,0.5342944264411926
0.2823529411764706,0.7894230769230769,0.5336443781852722
0.28308823529411764,0.7894230769230769,0.5334954857826233
0.28308823529411764,0.7903846153846154,0.5333564281463623
0.28602941176470587,0.7903846153846154,0.5325410962104797
0.28602941176470587,0.7913461538461538,0.5323185920715332
0.2875,0.7913461538461538,0.5312564373016357
0.2875,0.7923076923076923,0.5310056209564209
0.2889705882352941,0.7923076923076923,0.5306847095489502
0.2889705882352941,0.7932692307692307,0.53067547082901
0.2897058823529412,0.7932692307692307,0.5306353569030762
0.2897058823529412,0.7942307692307692,0.5305531620979309
0.29044117647058826,0.7942307692307692,0.5301951766014099
0.29044117647058826,0.7951923076923076,0.529303789138794
0.2911764705882353,0.7951923076923076,0.5289022922515869
0.2911764705882353,0.7971153846153847,0.5280461311340332
0.29191176470588237,0.7971153846153847,0.5268208384513855
0.29191176470588237,0.8028846153846154,0.5255858898162842
0.2933823529411765,0.8028846153846154,0.5245887637138367
0.2933823529411765,0.8048076923076923,0.5243873596191406
0.2948529411764706,0.8048076923076923,0.5232425928115845
0.2948529411764706,0.8057692307692308,0.5231073498725891
0.2963235294117647,0.8057692307692308,0.5226635336875916
0.2963235294117647,0.8067307692307693,0.5221813321113586
0.2985294117647059,0.8067307692307693,0.5212055444717407
0.2985294117647059,0.8086538461538462,0.5208186507225037
0.29926470588235293,0.8086538461538462,0.5205156207084656
0.29926470588235293,0.8096153846153846,0.5203683376312256
0.3,0.8096153846153846,0.5199299454689026
0.3,0.8134615384615385,0.5193005800247192
0.3014705882352941,0.8134615384615385,0.5186110734939575
0.3014705882352941,0.8163461538461538,0.5174484848976135
0.3044117647058823,0.8163461538461538,0.5160750150680542
0.3044117647058823,0.8173076923076923,0.515631914138794
0.3058823529411765,0.8173076923076923,0.5149694681167603
0.3058823529411765,0.8201923076923077,0.514032244682312
0.30661764705882355,0.8201923076923077,0.5137779712677002
0.30661764705882355,0.8221153846153846,0.5136334300041199
0.3110294117647059,0.8221153846153846,0.5114850997924805
0.3110294117647059,0.823076923076923,0.5114351511001587
0.31176470588235294,0.823076923076923,0.511029839515686
0.31176470588235294,0.825,0.5104753971099854
0.3125,0.825,0.5104233622550964
0.3125,0.8259615384615384,0.5103723406791687
0.31323529411764706,0.8259615384615384,0.5103437900543213
0.31323529411764706,0.8269230769230769,0.5098589062690735
0.3176470588235294,0.8269230769230769,0.5091937184333801
0.3176470588235294,0.8288461538461539,0.5075284838676453
0.31838235294117645,0.8288461538461539,0.5060868263244629
0.31838235294117645,0.8326923076923077,0.5050243735313416
0.31985294117647056,0.8326923076923077,0.5036580562591553
0.31985294117647056,0.8346153846153846,0.5030290484428406
0.32132352941176473,0.8346153846153846,0.5021847486495972
0.32132352941176473,0.8355769230769231,0.5020735263824463
0.32573529411764707,0.8355769230769231,0.500245213508606
0.32573529411764707,0.8365384615384616,0.5000165700912476
0.3264705882352941,0.8365384615384616,0.4997312128543854
0.3264705882352941,0.8384615384615385,0.4988516867160797
0.33088235294117646,0.8384615384615385,0.49613529443740845
0.33088235294117646,0.8413461538461539,0.49555110931396484
0.3316176470588235,0.8413461538461539,0.49490147829055786
0.3316176470588235,0.8423076923076923,0.49488386511802673
0.33676470588235297,0.8423076923076923,0.491367369890213
0.33676470588235297,0.8442307692307692,0.49089568853378296
0.33897058823529413,0.8442307692307692,0.48933207988739014
0.33897058823529413,0.8461538461538461,0.48878008127212524
0.34705882352941175,0.8461538461538461,0.48608535528182983
0.34705882352941175,0.8471153846153846,0.4860316216945648
0.3477941176470588,0.8471153846153846,0.4857255220413208
0.3477941176470588,0.8490384615384615,0.48531222343444824
0.35,0.8490384615384615,0.48497626185417175
0.35,0.85,0.48491227626800537
0.3522058823529412,0.85,0.48469850420951843
0.3522058823529412,0.8509615384615384,0.4844907820224762
0.3536764705882353,0.8509615384615384,0.48429134488105774
0.3536764705882353,0.8519230769230769,0.4842078387737274
0.35441176470588237,0.8519230769230769,0.48325660824775696
0.35441176470588237,0.8538461538461538,0.48177918791770935
0.3558823529411765,0.8538461538461538,0.48157477378845215
0.3558823529411765,0.8557692307692307,0.4810080826282501
0.35661764705882354,0.8557692307692307,0.4809281826019287
0.35661764705882354,0.8567307692307692,0.4802180826663971
0.3639705882352941,0.8567307692307692,0.4774942696094513
0.3639705882352941,0.8596153846153847,0.47645246982574463
0.36470588235294116,0.8596153846153847,0.47644689679145813
0.36470588235294116,0.8605769230769231,0.4758148491382599
0.3654411764705882,0.8605769230769231,0.47539567947387695
0.3654411764705882,0.864423076923077,0.47503501176834106
0.3669117647058823,0.864423076923077,0.47435083985328674
0.3669117647058823,0.8653846153846154,0.47431275248527527
0.36764705882352944,0.8653846153846154,0.47333598136901855
0.36764705882352944,0.8663461538461539,0.4732126295566559
0.3764705882352941,0.8663461538461539,0.46818703413009644
0.3764705882352941,0.8673076923076923,0.467909574508667
0.3779411764705882,0.8673076923076923,0.4676477909088135
0.3779411764705882,0.8692307692307693,0.4672373831272125
0.37941176470588234,0.8692307692307693,0.46711552143096924
0.37941176470588234,0.8711538461538462,0.46688351035118103
0.3830882352941177,0.8711538461538462,0.4652980864048004
0.3830882352941177,0.8721153846153846,0.4652039706707001
0.3845588235294118,0.8721153846153846,0.46510985493659973
0.3845588235294118,0.8730769230769231,0.46464088559150696
0.38676470588235295,0.8730769230769231,0.4637487232685089
0.38676470588235295,0.875,0.4637162387371063
0.3897058823529412,0.875,0.4621703326702118
0.3897058823529412,0.8759615384615385,0.46213990449905396
0.3911764705882353,0.8759615384615385,0.461545467376709
0.3911764705882353,0.8778846153846154,0.46143388748168945
0.39558823529411763,0.8778846153846154,0.45958298444747925
0.39558823529411763,0.8788461538461538,0.4595623314380646
0.3963235294117647,0.8788461538461538,0.459541380405426
0.3963235294117647,0.8798076923076923,0.45949557423591614
0.39705882352941174,0.8798076923076923,0.4594629406929016
0.39705882352941174,0.8807692307692307,0.45928797125816345
0.39926470588235297,0.8807692307692307,0.4590509533882141
0.39926470588235297,0.8817307692307692,0.45872658491134644
0.4036764705882353,0.8817307692307692,0.4582239091396332
0.4036764705882353,0.8826923076923077,0.45802226662635803
0.41102941176470587,0.8826923076923077,0.45587289333343506
0.41102941176470587,0.885576923076923,0.45518046617507935
0.4117647058823529,0.885576923076923,0.4551441967487335
0.4117647058823529,0.8865384615384615,0.45499342679977417
0.4139705882352941,0.8865384615384615,0.4545445740222931
0.4139705882352941,0.8875,0.4544987082481384
0.41691176470588237,0.8875,0.45399612188339233
0.41691176470588237,0.8884615384615384,0.45382288098335266
0.4176470588235294,0.8884615384615384,0.4535706639289856
0.4176470588235294,0.8923076923076924,0.45292550325393677
0.4183823529411765,0.8923076923076924,0.45220330357551575
0.4183823529411765,0.8942307692307693,0.4516158998012543
0.4213235294117647,0.8942307692307693,0.4491138756275177
0.4213235294117647,0.8961538461538462,0.44874560832977295
0.42205882352941176,0.8961538461538462,0.4486863613128662
0.42205882352941176,0.8971153846153846,0.4471474587917328
0.425,0.8971153846153846,0.44620978832244873
0.425,0.8980769230769231,0.4459128975868225
0.42720588235294116,0.8980769230769231,0.4440412223339081
0.42720588235294116,0.8990384615384616,0.44394978880882263
0.4411764705882353,0.8990384615384616,0.43933022022247314
0.4411764705882353,0.9,0.4383556544780731
0.4485294117647059,0.9,0.4357554614543915
0.4485294117647059,0.9009615384615385,0.4356909990310669
0.4536764705882353,0.9009615384615385,0.4332534074783325
0.4536764705882353,0.9019230769230769,0.43310701847076416
0.4551470588235294,0.9019230769230769,0.432456910610199
0.4551470588235294,0.9038461538461539,0.43223127722740173
0.46691176470588236,0.9038461538461539,0.42817965149879456
0.46691176470588236,0.9048076923076923,0.4281325936317444
0.4676470588235294,0.9048076923076923,0.4280428886413574
0.4676470588235294,0.9057692307692308,0.42739585041999817
0.47205882352941175,0.9057692307692308,0.4265459179878235
0.47205882352941175,0.9076923076923077,0.42605721950531006
0.475,0.9076923076923077,0.4241500198841095
0.475,0.9086538461538461,0.4241063892841339
0.4772058823529412,0.9086538461538461,0.423374205827713
0.4772058823529412,0.9096153846153846,0.4227003753185272
0.47794117647058826,0.9096153846153846,0.422619104385376
0.47794117647058826,0.9105769230769231,0.422445148229599
0.4786764705882353,0.9105769230769231,0.42243438959121704
0.4786764705882353,0.9115384615384615,0.42236194014549255
0.47941176470588237,0.9115384615384615,0.4216099679470062
0.47941176470588237,0.9125,0.42160844802856445
0.48455882352941176,0.9125,0.4188667833805084
0.48455882352941176,0.9134615384615384,0.41873592138290405
0.49264705882352944,0.9134615384615384,0.41512975096702576
0.49264705882352944,0.9163461538461538,0.41481271386146545
0.4948529411764706,0.9163461538461538,0.41329425573349
0.4948529411764706,0.9182692307692307,0.41294655203819275
0.4963235294117647,0.9182692307692307,0.41255250573158264
0.4963235294117647,0.9201923076923076,0.41235530376434326
0.5014705882352941,0.9201923076923076,0.41000136733055115
0.5014705882352941,0.9211538461538461,0.40985479950904846
0.5051470588235294,0.9211538461538461,0.40870556235313416
0.5051470588235294,0.9221153846153847,0.40857434272766113
0.5169117647058824,0.9221153846153847,0.4038165509700775
0.5169117647058824,0.9230769230769231,0.40329504013061523
0.5235294117647059,0.9230769230769231,0.4009503722190857
0.5235294117647059,0.9240384615384616,0.40066105127334595
0.5411764705882353,0.9240384615384616,0.3910248875617981
0.5411764705882353,0.925,0.39083775877952576
0.5426470588235294,0.925,0.3902895748615265
0.5426470588235294,0.9259615384615385,0.3893120288848877
0.5448529411764705,0.9259615384615385,0.3881418704986572
0.5448529411764705,0.9278846153846154,0.387042760848999
0.5507352941176471,0.9278846153846154,0.38269418478012085
0.5507352941176471,0.9288461538461539,0.3826868236064911
0.5522058823529412,0.9288461538461539,0.3824892044067383
0.5522058823529412,0.9298076923076923,0.38208895921707153
0.5566176470588236,0.9298076923076923,0.37989455461502075
0.5566176470588236,0.9307692307692308,0.37919992208480835
0.5669117647058823,0.9307692307692308,0.3747410476207733
0.5669117647058823,0.9326923076923077,0.37437963485717773
0.5698529411764706,0.9326923076923077,0.3732718229293823
0.5698529411764706,0.9346153846153846,0.37216347455978394
0.5786764705882353,0.9346153846153846,0.3696421980857849
0.5786764705882353,0.9375,0.36860600113868713
0.5816176470588236,0.9375,0.3670462369918823
0.5816176470588236,0.9384615384615385,0.36684468388557434
0.5830882352941177,0.9384615384615385,0.36621037125587463
0.5830882352941177,0.9403846153846154,0.36589768528938293
0.5860294117647059,0.9403846153846154,0.3646056056022644
0.5860294117647059,0.9413461538461538,0.3641190230846405
0.586764705882353,0.9413461538461538,0.36278241872787476
0.586764705882353,0.9423076923076923,0.36184608936309814
0.5889705882352941,0.9423076923076923,0.3603740930557251
0.5889705882352941,0.9442307692307692,0.35903793573379517
0.5926470588235294,0.9442307692307692,0.35663455724716187
0.5926470588235294,0.9451923076923077,0.35658738017082214
0.6029411764705882,0.9451923076923077,0.348023921251297
0.6029411764705882,0.9461538461538461,0.3479098081588745
0.6051470588235294,0.9461538461538461,0.34557390213012695
0.6051470588235294,0.9471153846153846,0.3452982008457184
0.6095588235294118,0.9471153846153846,0.3435196876525879
0.6095588235294118,0.9490384615384615,0.3425180912017822
0.6132352941176471,0.9490384615384615,0.3412042260169983
0.6132352941176471,0.95,0.3400302827358246
0.6161764705882353,0.95,0.33908140659332275
0.6161764705882353,0.9509615384615384,0.3385143578052521
0.6183823529411765,0.9509615384615384,0.33676838874816895
0.6183823529411765,0.9519230769230769,0.3361848294734955
0.6345588235294117,0.9519230769230769,0.32623589038848877
0.6345588235294117,0.9528846153846153,0.32587531208992004
0.6352941176470588,0.9528846153846153,0.3256979286670685
0.6352941176470588,0.9548076923076924,0.3253498375415802
0.6375,0.9548076923076924,0.3244505822658539
0.6375,0.9557692307692308,0.3242844045162201
0.638235294117647,0.9557692307692308,0.323843389749527
0.638235294117647,0.9567307692307693,0.32258519530296326
0.6404411764705882,0.9567307692307693,0.32059720158576965
0.6404411764705882,0.9576923076923077,0.3204965889453888
0.6441176470588236,0.9576923076923077,0.3191276788711548
0.6441176470588236,0.9596153846153846,0.31899693608283997
0.6463235294117647,0.9596153846153846,0.31814441084861755
0.6463235294117647,0.9605769230769231,0.3175152838230133
0.6588235294117647,0.9605769230769231,0.3082805275917053
0.6588235294117647,0.9625,0.3071970045566559
0.6595588235294118,0.9625,0.30576422810554504
0.6595588235294118,0.9634615384615385,0.3054206669330597
0.6720588235294118,0.9634615384615385,0.299161434173584
0.6720588235294118,0.9644230769230769,0.2990870475769043
0.6735294117647059,0.9644230769230769,0.298805296421051
0.6735294117647059,0.9653846153846154,0.2984970510005951
0.6816176470588236,0.9653846153846154,0.29220446944236755
0.6816176470588236,0.9663461538461539,0.2917340099811554
0.6823529411764706,0.9663461538461539,0.29139021039009094
0.6823529411764706,0.9673076923076923,0.2906200587749481
0.6955882352941176,0.9673076923076923,0.2847772538661957
0.6955882352941176,0.9682692307692308,0.284684419631958
0.7,0.9682692307692308,0.28276723623275757
0.7,0.9692307692307692,0.2825418710708618
0.7036764705882353,0.9692307692307692,0.2812888026237488
0.7036764705882353,0.9701923076923077,0.28068023920059204
0.7088235294117647,0.9701923076923077,0.27906087040901184
0.7088235294117647,0.9711538461538461,0.2785678803920746
0.7102941176470589,0.9711538461538461,0.27798232436180115
0.7102941176470589,0.9721153846153846,0.2773090600967407
0.7235294117647059,0.9721153846153846,0.2712545096874237
0.7235294117647059,0.9730769230769231,0.2710449993610382
0.7345588235294118,0.9730769230769231,0.26578855514526367
0.7345588235294118,0.975,0.26464545726776123
0.736764705882353,0.975,0.2642208933830261
0.736764705882353,0.9759615384615384,0.26403921842575073
0.7470588235294118,0.9759615384615384,0.25988760590553284
0.7470588235294118,0.9769230769230769,0.2598067820072174
0.7676470588235295,0.9769230769230769,0.24956926703453064
0.7676470588235295,0.9778846153846154,0.2493215799331665
0.8029411764705883,0.9778846153846154,0.2330271452665329
0.8029411764705883,0.9788461538461538,0.23260781168937683
0.8169117647058823,0.9788461538461538,0.22417184710502625
0.8169117647058823,0.9807692307692307,0.2230837643146515
0.9279411764705883,0.9807692307692307,0.10351411998271942
0.9279411764705883,0.9826923076923076,0.10120312869548798
0.9294117647058824,0.9826923076923076,0.10043227672576904
0.9294117647058824,0.9836538461538461,0.09593579173088074
0.9301470588235294,0.9836538461538461,0.09566701203584671
0.9301470588235294,0.9846153846153847,0.09471997618675232
0.9308823529411765,0.9846153846153847,0.0944838598370552
0.9308823529411765,0.9865384615384616,0.09329470992088318
0.9316176470588236,0.9865384615384616,0.09319165349006653
0.9316176470588236,0.9875,0.09230701625347137
0.9375,0.9875,0.08763886988162994
0.9375,0.9884615384615385,0.08754806965589523
0.9389705882352941,0.9884615384615385,0.08605661988258362
0.9389705882352941,0.989423076923077,0.08600562810897827
0.9455882352941176,0.989423076923077,0.08364427089691162
0.9455882352941176,0.9903846153846154,0.08275851607322693
0.9463235294117647,0.9903846153846154,0.08232023566961288
0.9463235294117647,0.9932692307692308,0.0807214006781578
0.9477941176470588,0.9932692307692308,0.08023922145366669
0.9477941176470588,0.9951923076923077,0.07927875220775604
0.9492647058823529,0.9951923076923077,0.0790693536400795
0.9492647058823529,0.9961538461538462,0.07888656109571457
0.95,0.9961538461538462,0.07862880080938339
0.95,0.9971153846153846,0.07859949767589569
0.9580882352941177,0.9971153846153846,0.0732039213180542
0.9580882352941177,0.9980769230769231,0.07302997261285782
0.9647058823529412,0.9980769230769231,0.07139723002910614
0.9647058823529412,0.9990384615384615,0.07113787531852722
0.9713235294117647,0.9990384615384615,0.06738189607858658
0.9713235294117647,1.0,0.0672997459769249
1.0,1.0,0.04655321687459946
