FPR,TPR,Threshold
0.0,0.0,1.9992688298225403
0.0,0.0002631578947368421,0.9992688298225403
0.0,0.012105263157894737,0.9987527132034302
0.0,0.01263157894736842,0.9987480044364929
0.0,0.016578947368421054,0.998694121837616
0.0,0.017105263157894738,0.9986938834190369
0.0,0.02394736842105263,0.9986284971237183
0.0,0.024473684210526314,0.9986268281936646
0.0,0.05473684210526316,0.997827410697937
0.0,0.05526315789473684,0.9978270530700684
0.0,0.10236842105263158,0.9950746893882751
0.0,0.10289473684210526,0.9950700998306274
0.0,0.12263157894736842,0.9937394857406616
0.0,0.1231578947368421,0.9937381744384766
0.0,0.14736842105263157,0.9903653264045715
0.0,0.14789473684210527,0.9903650879859924
0.0,0.17157894736842105,0.9878247976303101
0.0,0.17210526315789473,0.9878181219100952
0.0,0.21763157894736843,0.9839255809783936
0.0,0.2181578947368421,0.9839232563972473
0.0,0.23578947368421052,0.982743501663208
0.0,0.2363157894736842,0.9827257394790649
0.0,0.3726315789473684,0.9640917778015137
0.0,0.37315789473684213,0.9640791416168213
0.0,0.501578947368421,0.9229891300201416
0.001,0.501578947368421,0.9229762554168701
0.001,0.5026315789473684,0.9226287603378296
0.002,0.5026315789473684,0.922620415687561
0.002,0.5444736842105263,0.9129503965377808
0.003,0.5444736842105263,0.9129136204719543
0.003,0.5694736842105264,0.903525710105896
0.004,0.5694736842105264,0.9033397436141968
0.004,0.5821052631578948,0.8982532024383545
0.005,0.5821052631578948,0.8981003165245056
0.005,0.5823684210526315,0.8980573415756226
0.006,0.5823684210526315,0.8980000615119934
0.006,0.5878947368421052,0.8964070677757263
0.007,0.5878947368421052,0.8962804079055786
0.007,0.618421052631579,0.885037362575531
0.008,0.618421052631579,0.8849013447761536
0.008,0.6205263157894737,0.8818274140357971
0.009,0.6205263157894737,0.8817695379257202
0.009,0.631578947368421,0.8743852376937866
0.01,0.631578947368421,0.8743714690208435
0.01,0.6342105263157894,0.8736287951469421
0.011,0.6342105263157894,0.8736080527305603
0.011,0.6347368421052632,0.8732963800430298
0.012,0.6347368421052632,0.8732671141624451
0.012,0.6352631578947369,0.8730572462081909
0.013,0.6352631578947369,0.8730363249778748
0.013,0.6368421052631579,0.872848629951477
0.014,0.6368421052631579,0.872837483882904
0.014,0.64,0.8720396161079407
0.015,0.64,0.8720329999923706
0.015,0.6413157894736842,0.87175053358078
0.016,0.6413157894736842,0.8717454075813293
0.016,0.6439473684210526,0.8704962134361267
0.017,0.6439473684210526,0.8701736330986023
0.017,0.6442105263157895,0.8701586723327637
0.018,0.6442105263157895,0.8700912594795227
0.018,0.645,0.8696990609169006
0.019,0.645,0.8694341778755188
0.019,0.6452631578947369,0.8694120645523071
0.02,0.6452631578947369,0.8693520426750183
0.02,0.6455263157894737,0.8690722584724426
0.021,0.6455263157894737,0.8689821362495422
0.021,0.6457894736842106,0.8689000606536865
0.022,0.6457894736842106,0.8688103556632996
0.022,0.6494736842105263,0.8675562739372253
0.023,0.6494736842105263,0.8674660325050354
0.023,0.6518421052631579,0.867261528968811
0.024,0.6518421052631579,0.8672505021095276
0.024,0.6555263157894737,0.8662039041519165
0.025,0.6555263157894737,0.8660850524902344
0.025,0.6578947368421053,0.8650065660476685
0.028,0.6578947368421053,0.8647123575210571
0.028,0.658157894736842,0.8646880984306335
0.029,0.658157894736842,0.864656388759613
0.029,0.6584210526315789,0.8646562099456787
0.034,0.6584210526315789,0.8643763661384583
0.034,0.6586842105263158,0.8643153309822083
0.035,0.6586842105263158,0.8641096949577332
0.035,0.66,0.8639256358146667
0.036,0.66,0.8634231090545654
0.036,0.6602631578947369,0.86328125
0.039,0.6602631578947369,0.8631488680839539
0.039,0.6671052631578948,0.860788106918335
0.04,0.6671052631578948,0.8606770634651184
0.04,0.6689473684210526,0.8600975871086121
0.041,0.6689473684210526,0.8600790500640869
0.041,0.6886842105263158,0.8516165614128113
0.042,0.6886842105263158,0.8515825271606445
0.042,0.6965789473684211,0.848335862159729
0.043,0.6965789473684211,0.8476802706718445
0.043,0.703421052631579,0.843667209148407
0.044,0.703421052631579,0.8436005711555481
0.044,0.7036842105263158,0.8435950875282288
0.045,0.7036842105263158,0.843587338924408
0.045,0.7128947368421052,0.8377727270126343
0.046,0.7128947368421052,0.8377646207809448
0.046,0.7207894736842105,0.8324385285377502
0.047,0.7207894736842105,0.8322939276695251
0.047,0.7218421052631578,0.8319709897041321
0.048,0.7218421052631578,0.831969678401947
0.048,0.7221052631578947,0.8319650888442993
0.049,0.7221052631578947,0.831605851650238
0.049,0.7239473684210527,0.8301569223403931
0.05,0.7239473684210527,0.8301314115524292
0.05,0.7286842105263158,0.828269898891449
0.051,0.7286842105263158,0.8282325863838196
0.051,0.73,0.8278653621673584
0.052,0.73,0.8277770280838013
0.052,0.7310526315789474,0.8275881409645081
0.054,0.7310526315789474,0.8274628520011902
0.054,0.7313157894736843,0.8270969390869141
0.055,0.7313157894736843,0.8269839882850647
0.055,0.7326315789473684,0.8264214992523193
0.056,0.7326315789473684,0.8264037370681763
0.056,0.738421052631579,0.8247941136360168
0.057,0.738421052631579,0.8247905373573303
0.057,0.7389473684210527,0.8246454000473022
0.057,0.7394736842105263,0.8246238231658936
0.057,0.7439473684210526,0.823361873626709
0.058,0.7439473684210526,0.8233217000961304
0.058,0.7492105263157894,0.8218475580215454
0.059,0.7492105263157894,0.8218404054641724
0.059,0.75,0.8216288685798645
0.06,0.75,0.8214130997657776
0.06,0.7544736842105263,0.8199942111968994
0.061,0.7544736842105263,0.8199767470359802
0.061,0.7557894736842106,0.8187605738639832
0.062,0.7557894736842106,0.8180645704269409
0.062,0.7568421052631579,0.8174468278884888
0.065,0.7568421052631579,0.8169561624526978
0.065,0.7571052631578947,0.8169525265693665
0.069,0.7571052631578947,0.8165431618690491
0.069,0.7576315789473684,0.8165184259414673
0.071,0.7576315789473684,0.8162750601768494
0.071,0.7581578947368421,0.8162389993667603
0.073,0.7581578947368421,0.8161197900772095
0.073,0.7586842105263157,0.8159679174423218
0.074,0.7586842105263157,0.815923273563385
0.074,0.7602631578947369,0.8153494000434875
0.075,0.7602631578947369,0.8152742981910706
0.075,0.7610526315789473,0.8149781823158264
0.076,0.7610526315789473,0.8149167895317078
0.076,0.7628947368421053,0.8135932087898254
0.077,0.7628947368421053,0.8131876587867737
0.077,0.763421052631579,0.812076985836029
0.078,0.763421052631579,0.8118902444839478
0.078,0.7660526315789473,0.8087196350097656
0.079,0.7660526315789473,0.8075817823410034
0.079,0.7721052631578947,0.8014622330665588
0.08,0.7721052631578947,0.801339328289032
0.08,0.7778947368421053,0.7973586320877075
0.081,0.7778947368421053,0.7969204187393188
0.081,0.7834210526315789,0.7914078235626221
0.082,0.7834210526315789,0.791191816329956
0.082,0.7857894736842105,0.7890706062316895
0.083,0.7857894736842105,0.7889034748077393
0.083,0.8107894736842105,0.7736908197402954
0.084,0.8107894736842105,0.7734202146530151
0.084,0.8231578947368421,0.7611343860626221
0.085,0.8231578947368421,0.7609682679176331
0.085,0.8531578947368421,0.7354044914245605
0.086,0.8531578947368421,0.7354010343551636
0.086,0.8655263157894737,0.7230830192565918
0.089,0.8655263157894737,0.7219421863555908
0.089,0.8728947368421053,0.7187115550041199
0.09,0.8728947368421053,0.7183648943901062
0.09,0.8757894736842106,0.7122316956520081
0.094,0.8757894736842106,0.7077588438987732
0.094,0.8773684210526316,0.7002097964286804
0.098,0.8773684210526316,0.6977131962776184
0.098,0.8786842105263157,0.6951457858085632
0.099,0.8786842105263157,0.694476842880249
0.099,0.8792105263157894,0.6937549710273743
0.101,0.8792105263157894,0.6936098337173462
0.101,0.8797368421052632,0.6934381723403931
0.102,0.8797368421052632,0.6928766369819641
0.102,0.8807894736842106,0.6914294362068176
0.103,0.8807894736842106,0.6904019117355347
0.103,0.8813157894736842,0.689765453338623
0.104,0.8813157894736842,0.6895531415939331
0.104,0.8823684210526316,0.6881965398788452
0.105,0.8823684210526316,0.6880432963371277
0.105,0.8831578947368421,0.6864433288574219
0.107,0.8831578947368421,0.6857936978340149
0.107,0.883421052631579,0.6857010126113892
0.117,0.883421052631579,0.684460461139679
0.117,0.8836842105263157,0.6841362714767456
0.118,0.8836842105263157,0.6834784746170044
0.118,0.8839473684210526,0.683348536491394
0.119,0.8839473684210526,0.6832585334777832
0.119,0.8876315789473684,0.6785306334495544
0.12,0.8876315789473684,0.6775764226913452
0.12,0.8897368421052632,0.6668955683708191
0.121,0.8897368421052632,0.6655445098876953
0.121,0.8905263157894737,0.6632364988327026
0.122,0.8905263157894737,0.6632256507873535
0.122,0.8913157894736842,0.6621518135070801
0.123,0.8913157894736842,0.6613264083862305
0.123,0.8942105263157895,0.6527449488639832
0.124,0.8942105263157895,0.6526277661323547
0.124,0.9023684210526316,0.6448271870613098
0.125,0.9023684210526316,0.6443043351173401
0.125,0.908157894736842,0.6322932839393616
0.126,0.908157894736842,0.6316787600517273
0.126,0.9094736842105263,0.6288612484931946
0.127,0.9094736842105263,0.6265194416046143
0.127,0.9160526315789473,0.6105256676673889
0.128,0.9160526315789473,0.6102645397186279
0.128,0.9207894736842105,0.5960077047348022
0.129,0.9207894736842105,0.5941888689994812
0.129,0.9213157894736842,0.5914965271949768
0.13,0.9213157894736842,0.5914487242698669
0.13,0.921578947368421,0.5914188623428345
0.131,0.921578947368421,0.5913629531860352
0.131,0.9234210526315789,0.590604305267334
0.132,0.9234210526315789,0.5904315710067749
0.132,0.9247368421052632,0.5878232717514038
0.136,0.9247368421052632,0.5817108154296875
0.136,0.925,0.5815770030021667
0.137,0.925,0.5815574526786804
0.137,0.9252631578947368,0.5808210372924805
0.138,0.9252631578947368,0.5806848406791687
0.138,0.9255263157894736,0.579771876335144
0.139,0.9255263157894736,0.5786784291267395
0.139,0.9257894736842105,0.5779494047164917
0.144,0.9257894736842105,0.5709893107414246
0.144,0.9260526315789473,0.5698234438896179
0.162,0.9260526315789473,0.5620230436325073
0.162,0.9268421052631579,0.5543990731239319
0.165,0.9268421052631579,0.5490093231201172
0.165,0.9271052631578948,0.5473769307136536
0.168,0.9271052631578948,0.5399488806724548
0.168,0.9276315789473685,0.5379778146743774
0.173,0.9276315789473685,0.509243369102478
0.173,0.9278947368421052,0.5057767033576965
0.179,0.9278947368421052,0.4890157878398895
0.179,0.9281578947368421,0.48855507373809814
0.181,0.9281578947368421,0.48774176836013794
0.181,0.9286842105263158,0.48716235160827637
0.182,0.9286842105263158,0.48207876086235046
0.182,0.9289473684210526,0.48146429657936096
0.187,0.9289473684210526,0.47795411944389343
0.187,0.9294736842105263,0.47619396448135376
0.189,0.9294736842105263,0.47461363673210144
0.189,0.9297368421052632,0.4736270308494568
0.19,0.9297368421052632,0.4732249081134796
0.19,0.93,0.47176700830459595
0.194,0.93,0.4666905701160431
0.194,0.9305263157894736,0.46352630853652954
0.195,0.9305263157894736,0.4624383747577667
0.195,0.9307894736842105,0.46197864413261414
0.205,0.9307894736842105,0.46071043610572815
0.205,0.9310526315789474,0.46028175950050354
0.206,0.9310526315789474,0.46001026034355164
0.206,0.9315789473684211,0.4589330852031708
0.209,0.9315789473684211,0.458190381526947
0.209,0.9323684210526316,0.45477259159088135
0.21,0.9323684210526316,0.4543306231498718
0.21,0.9326315789473684,0.45384207367897034
0.212,0.9326315789473684,0.4513860046863556
0.212,0.9328947368421052,0.4512558579444885
0.214,0.9328947368421052,0.45007747411727905
0.214,0.9339473684210526,0.4491264224052429
0.215,0.9339473684210526,0.44885432720184326
0.215,0.9365789473684211,0.44685593247413635
0.218,0.9365789473684211,0.44311970472335815
0.218,0.9368421052631579,0.4391110837459564
0.228,0.9368421052631579,0.42742061614990234
0.228,0.9371052631578948,0.4273320734500885
0.229,0.9371052631578948,0.42641863226890564
0.229,0.9373684210526316,0.42637255787849426
0.232,0.9373684210526316,0.42591413855552673
0.232,0.9376315789473684,0.42534875869750977
0.233,0.9376315789473684,0.42517244815826416
0.233,0.9381578947368421,0.42463067173957825
0.238,0.9381578947368421,0.42031440138816833
0.238,0.9384210526315789,0.42020824551582336
0.251,0.9384210526315789,0.4147156774997711
0.251,0.9386842105263158,0.4146845042705536
0.254,0.9386842105263158,0.41377732157707214
0.254,0.9389473684210526,0.41356921195983887
0.259,0.9389473684210526,0.41097569465637207
0.259,0.9392105263157895,0.4081350266933441
0.281,0.9392105263157895,0.3949357867240906
0.281,0.9394736842105263,0.39469271898269653
0.285,0.9394736842105263,0.3888861835002899
0.285,0.9397368421052632,0.38507962226867676
0.288,0.9397368421052632,0.3782787621021271
0.288,0.94,0.37704741954803467
0.291,0.94,0.3715425431728363
0.291,0.9402631578947368,0.37012341618537903
0.293,0.9402631578947368,0.3673928678035736
0.293,0.9413157894736842,0.35884159803390503
0.294,0.9413157894736842,0.3588108718395233
0.294,0.9415789473684211,0.3566940128803253
0.298,0.9415789473684211,0.3541828691959381
0.298,0.9423684210526316,0.3517502248287201
0.301,0.9423684210526316,0.3469049334526062
0.301,0.9436842105263158,0.34331560134887695
0.302,0.9436842105263158,0.3427225947380066
0.302,0.9442105263157895,0.3408106863498688
0.307,0.9442105263157895,0.33792850375175476
0.307,0.9489473684210527,0.3306346535682678
0.31,0.9489473684210527,0.3299396336078644
0.31,0.9494736842105264,0.3292885720729828
0.316,0.9494736842105264,0.323685884475708
0.316,0.95,0.32313263416290283
0.324,0.95,0.31821179389953613
0.324,0.9502631578947368,0.318182110786438
0.332,0.9502631578947368,0.31616005301475525
0.332,0.9505263157894737,0.3161395192146301
0.335,0.9505263157894737,0.31583040952682495
0.335,0.9507894736842105,0.3147910237312317
0.339,0.9507894736842105,0.31392335891723633
0.339,0.9510526315789474,0.3136154115200043
0.341,0.9510526315789474,0.31107521057128906
0.341,0.9515789473684211,0.309673011302948
0.342,0.9515789473684211,0.3093317151069641
0.342,0.9518421052631579,0.30920442938804626
0.344,0.9518421052631579,0.3085346519947052
0.344,0.9526315789473684,0.306755930185318
0.345,0.9526315789473684,0.30645209550857544
0.345,0.953421052631579,0.30035343766212463
0.348,0.953421052631579,0.2990795969963074
0.348,0.9536842105263158,0.29907721281051636
0.349,0.9536842105263158,0.2983952760696411
0.349,0.9539473684210527,0.2981770932674408
0.35,0.9539473684210527,0.29784494638442993
0.35,0.9542105263157895,0.29780957102775574
0.351,0.9542105263157895,0.2970540523529053
0.351,0.9544736842105264,0.2969335913658142
0.352,0.9544736842105264,0.29680371284484863
0.352,0.9547368421052631,0.29669615626335144
0.354,0.9547368421052631,0.2954147458076477
0.354,0.955,0.29523947834968567
0.356,0.955,0.29436731338500977
0.356,0.9557894736842105,0.293980211019516
0.357,0.9557894736842105,0.29350218176841736
0.357,0.9560526315789474,0.2929847538471222
0.358,0.9560526315789474,0.29253795742988586
0.358,0.9563157894736842,0.29234209656715393
0.359,0.9563157894736842,0.29164427518844604
0.359,0.9565789473684211,0.29120081663131714
0.36,0.9565789473684211,0.2909691035747528
0.36,0.9568421052631579,0.29011040925979614
0.361,0.9568421052631579,0.29001185297966003
0.361,0.9578947368421052,0.28840991854667664
0.366,0.9578947368421052,0.2866154611110687
0.366,0.9581578947368421,0.28653576970100403
0.37,0.9581578947368421,0.2861095070838928
0.37,0.958421052631579,0.2860112190246582
0.371,0.958421052631579,0.2860105633735657
0.371,0.9589473684210527,0.2858330309391022
0.372,0.9589473684210527,0.28581371903419495
0.372,0.9592105263157895,0.28572091460227966
0.373,0.9592105263157895,0.28571364283561707
0.373,0.9605263157894737,0.2850645184516907
0.374,0.9605263157894737,0.28503575921058655
0.374,0.9610526315789474,0.28464409708976746
0.376,0.9610526315789474,0.28450435400009155
0.376,0.9623684210526315,0.2838846445083618
0.377,0.9623684210526315,0.2829790711402893
0.377,0.9626315789473684,0.2828364372253418
0.378,0.9626315789473684,0.28215768933296204
0.378,0.963421052631579,0.2800656855106354
0.382,0.963421052631579,0.27673032879829407
0.382,0.965,0.27411818504333496
0.383,0.965,0.2733915448188782
0.383,0.9665789473684211,0.27101656794548035
0.384,0.9665789473684211,0.27098172903060913
0.384,0.968421052631579,0.2700139582157135
0.385,0.968421052631579,0.2695538401603699
0.385,0.9689473684210527,0.26880699396133423
0.387,0.9689473684210527,0.2685178518295288
0.387,0.9692105263157895,0.26717692613601685
0.388,0.9692105263157895,0.2667042315006256
0.388,0.9697368421052631,0.2655288875102997
0.389,0.9697368421052631,0.26330482959747314
0.389,0.9705263157894737,0.2610970139503479
0.397,0.9705263157894737,0.2543399930000305
0.397,0.9710526315789474,0.2538876235485077
0.404,0.9710526315789474,0.2512844204902649
0.404,0.9713157894736842,0.25056976079940796
0.405,0.9713157894736842,0.25049129128456116
0.405,0.9715789473684211,0.24904237687587738
0.408,0.9715789473684211,0.2437792271375656
0.408,0.9718421052631578,0.24308538436889648
0.409,0.9718421052631578,0.24280798435211182
0.409,0.9721052631578947,0.2420128881931305
0.417,0.9721052631578947,0.23777548968791962
0.417,0.9723684210526315,0.23771719634532928
0.418,0.9723684210526315,0.23697441816329956
0.418,0.9726315789473684,0.2365099936723709
0.42,0.9726315789473684,0.2359866499900818
0.42,0.9736842105263158,0.2345295548439026
0.421,0.9736842105263158,0.23422382771968842
0.421,0.9739473684210527,0.23374104499816895
0.423,0.9739473684210527,0.23354949057102203
0.423,0.9744736842105263,0.233200341463089
0.424,0.9744736842105263,0.23312614858150482
0.424,0.9747368421052631,0.23307767510414124
0.426,0.9747368421052631,0.2330292910337448
0.426,0.975,0.2328340709209442
0.43,0.975,0.23112653195858002
0.43,0.9752631578947368,0.2307177633047104
0.433,0.9752631578947368,0.22961939871311188
0.433,0.9755263157894737,0.2294418066740036
0.443,0.9755263157894737,0.22842444479465485
0.443,0.9757894736842105,0.22822457551956177
0.447,0.9757894736842105,0.22706393897533417
0.447,0.9760526315789474,0.2270428091287613
0.451,0.9760526315789474,0.22612358629703522
0.451,0.9771052631578947,0.22458334267139435
0.452,0.9771052631578947,0.22453342378139496
0.452,0.9776315789473684,0.22399817407131195
0.453,0.9776315789473684,0.22384262084960938
0.453,0.9778947368421053,0.2235674411058426
0.457,0.9778947368421053,0.22311855852603912
0.457,0.9781578947368421,0.22308476269245148
0.458,0.9781578947368421,0.22303584218025208
0.458,0.9794736842105263,0.22234560549259186
0.459,0.9794736842105263,0.22230662405490875
0.459,0.9805263157894737,0.22194050252437592
0.461,0.9805263157894737,0.22175489366054535
0.461,0.9810526315789474,0.22162319719791412
0.462,0.9810526315789474,0.22123956680297852
0.462,0.9813157894736843,0.22102980315685272
0.463,0.9813157894736843,0.22097033262252808
0.463,0.9815789473684211,0.22093245387077332
0.465,0.9815789473684211,0.22072789072990417
0.465,0.9818421052631578,0.22060434520244598
0.469,0.9818421052631578,0.22005954384803772
0.469,0.9823684210526316,0.2200186550617218
0.477,0.9823684210526316,0.21876633167266846
0.477,0.9826315789473684,0.21864740550518036
0.492,0.9826315789473684,0.21610602736473083
0.492,0.9828947368421053,0.21595802903175354
0.5,0.9828947368421053,0.21539431810379028
0.5,0.9831578947368421,0.2153477966785431
0.511,0.9831578947368421,0.21373866498470306
0.511,0.983421052631579,0.21331840753555298
0.513,0.983421052631579,0.21286968886852264
0.513,0.9836842105263158,0.21278634667396545
0.514,0.9836842105263158,0.21251125633716583
0.514,0.9839473684210527,0.21224701404571533
0.515,0.9839473684210527,0.21223829686641693
0.515,0.9842105263157894,0.2121995985507965
0.519,0.9842105263157894,0.21161815524101257
0.519,0.9844736842105263,0.21152372658252716
0.526,0.9844736842105263,0.21097297966480255
0.526,0.9847368421052631,0.21093587577342987
0.532,0.9847368421052631,0.20988163352012634
0.532,0.985,0.20965754985809326
0.535,0.985,0.20897921919822693
0.535,0.9857894736842105,0.20874887704849243
0.552,0.9857894736842105,0.2068309634923935
0.552,0.9860526315789474,0.20681947469711304
0.562,0.9860526315789474,0.2059539258480072
0.562,0.9863157894736843,0.20594379305839539
0.566,0.9863157894736843,0.2049129605293274
0.566,0.9881578947368421,0.2035432755947113
0.567,0.9881578947368421,0.20341336727142334
0.567,0.9894736842105263,0.20258940756320953
0.568,0.9894736842105263,0.20229947566986084
0.568,0.9897368421052631,0.20199571549892426
0.573,0.9897368421052631,0.1992376297712326
0.573,0.99,0.1978248655796051
0.576,0.99,0.19607748091220856
0.576,0.9905263157894737,0.19355660676956177
0.578,0.9905263157894737,0.1915302723646164
0.578,0.9907894736842106,0.19140812754631042
0.584,0.9907894736842106,0.18630628287792206
0.584,0.9910526315789474,0.1859631985425949
0.597,0.9910526315789474,0.18028701841831207
0.597,0.9913157894736843,0.18021510541439056
0.6,0.9913157894736843,0.17943128943443298
0.6,0.9918421052631579,0.1791265606880188
0.602,0.9918421052631579,0.17759162187576294
0.602,0.9921052631578947,0.17746976017951965
0.607,0.9921052631578947,0.17562364041805267
0.607,0.9931578947368421,0.17403583228588104
0.608,0.9931578947368421,0.17403115332126617
0.608,0.993421052631579,0.17368845641613007
0.609,0.993421052631579,0.17353251576423645
0.609,0.9936842105263158,0.17323115468025208
0.613,0.9936842105263158,0.17110909521579742
0.613,0.9939473684210526,0.17076805233955383
0.616,0.9939473684210526,0.17029230296611786
0.616,0.9942105263157894,0.1702701300382614
0.634,0.9942105263157894,0.16898110508918762
0.634,0.9944736842105263,0.16887548565864563
0.637,0.9944736842105263,0.16830559074878693
0.637,0.9947368421052631,0.16789613664150238
0.639,0.9947368421052631,0.16746406257152557
0.639,0.995,0.16744740307331085
0.64,0.995,0.16703173518180847
0.64,0.9952631578947368,0.16660772264003754
0.641,0.9952631578947368,0.1663183718919754
0.641,0.9955263157894737,0.16628898680210114
0.643,0.9955263157894737,0.16577084362506866
0.643,0.9960526315789474,0.16502830386161804
0.644,0.9960526315789474,0.16447791457176208
0.644,0.9963157894736843,0.1643323004245758
0.645,0.9963157894736843,0.16408757865428925
0.645,0.9968421052631579,0.16367696225643158
0.646,0.9968421052631579,0.16367311775684357
0.646,0.9981578947368421,0.1631842702627182
0.648,0.9981578947368421,0.16313187777996063
0.648,0.9986842105263158,0.1626676321029663
0.649,0.9986842105263158,0.16259363293647766
0.649,0.9989473684210526,0.1622440069913864
0.663,0.9989473684210526,0.16045023500919342
0.663,0.9992105263157894,0.16022208333015442
0.67,0.9992105263157894,0.15588180720806122
0.67,0.9994736842105263,0.15455299615859985
0.678,0.9994736842105263,0.15252628922462463
0.678,0.9997368421052631,0.15219879150390625
0.702,0.9997368421052631,0.1464211344718933
0.702,1.0,0.1463685929775238
1.0,1.0,0.01748228631913662
