FPR,TPR,Threshold
0.0,0.0,1.9710200428962708
0.0,0.0009615384615384616,0.9710200428962708
0.0,0.05480769230769231,0.9312878847122192
0.0014705882352941176,0.05480769230769231,0.9294752478599548
0.0014705882352941176,0.05576923076923077,0.9286686182022095
0.0029411764705882353,0.05576923076923077,0.9285603761672974
0.0029411764705882353,0.05961538461538462,0.928063690662384
0.003676470588235294,0.05961538461538462,0.9276642203330994
0.003676470588235294,0.06153846153846154,0.9270943999290466
0.005147058823529412,0.06153846153846154,0.9263795614242554
0.005147058823529412,0.0625,0.9263647794723511
0.0058823529411764705,0.0625,0.9261660575866699
0.0058823529411764705,0.06346153846153846,0.9261239171028137
0.007352941176470588,0.06346153846153846,0.9240636229515076
0.007352941176470588,0.0673076923076923,0.9233245253562927
0.008823529411764706,0.0673076923076923,0.9225621223449707
0.008823529411764706,0.06826923076923076,0.9225241541862488
0.009558823529411765,0.06826923076923076,0.9221827983856201
0.009558823529411765,0.07403846153846154,0.9193093180656433
0.011029411764705883,0.07403846153846154,0.9192113876342773
0.011029411764705883,0.07788461538461539,0.9150902032852173
0.011764705882352941,0.07788461538461539,0.9148375391960144
0.011764705882352941,0.0798076923076923,0.9140743017196655
0.013235294117647059,0.0798076923076923,0.9127267599105835
0.013235294117647059,0.08653846153846154,0.9090911746025085
0.014705882352941176,0.08653846153846154,0.9087563753128052
0.014705882352941176,0.09519230769230769,0.9045584201812744
0.015441176470588236,0.09519230769230769,0.9040347337722778
0.015441176470588236,0.09807692307692308,0.9022670984268188
0.016176470588235296,0.09807692307692308,0.9012840986251831
0.016176470588235296,0.11826923076923077,0.8956066966056824
0.016911764705882352,0.11826923076923077,0.8951358795166016
0.016911764705882352,0.13365384615384615,0.8900405168533325
0.01764705882352941,0.13365384615384615,0.8899990916252136
0.01764705882352941,0.13653846153846153,0.889624834060669
0.01838235294117647,0.13653846153846153,0.8896144032478333
0.01838235294117647,0.14326923076923076,0.8874340057373047
0.019852941176470587,0.14326923076923076,0.8873153328895569
0.019852941176470587,0.14615384615384616,0.884702205657959
0.020588235294117647,0.14615384615384616,0.884584367275238
0.020588235294117647,0.15096153846153845,0.8828389048576355
0.021323529411764706,0.15096153846153845,0.882602334022522
0.021323529411764706,0.15384615384615385,0.8810880184173584
0.022058823529411766,0.15384615384615385,0.8810281157493591
0.022058823529411766,0.1576923076923077,0.880075991153717
0.023529411764705882,0.1576923076923077,0.8787274360656738
0.023529411764705882,0.16346153846153846,0.8761413097381592
0.02426470588235294,0.16346153846153846,0.8759123086929321
0.02426470588235294,0.16442307692307692,0.8754948377609253
0.025,0.16442307692307692,0.8754845261573792
0.025,0.16538461538461538,0.8754796385765076
0.025735294117647058,0.16538461538461538,0.8747199177742004
0.025735294117647058,0.17403846153846153,0.8715420365333557
0.026470588235294117,0.17403846153846153,0.8712865114212036
0.026470588235294117,0.18173076923076922,0.8688315153121948
0.027205882352941177,0.18173076923076922,0.8685805797576904
0.027205882352941177,0.18461538461538463,0.8668717741966248
0.027941176470588237,0.18461538461538463,0.8659579157829285
0.027941176470588237,0.19038461538461537,0.8633928298950195
0.028676470588235293,0.19038461538461537,0.8632791042327881
0.028676470588235293,0.19903846153846153,0.8612123727798462
0.029411764705882353,0.19903846153846153,0.8611316680908203
0.029411764705882353,0.25384615384615383,0.8402530550956726
0.030147058823529412,0.25384615384615383,0.8394477367401123
0.030147058823529412,0.2644230769230769,0.8352577686309814
0.030882352941176472,0.2644230769230769,0.8351163268089294
0.030882352941176472,0.2980769230769231,0.8254854679107666
0.03161764705882353,0.2980769230769231,0.8253625631332397
0.03161764705882353,0.30288461538461536,0.8244261145591736
0.03235294117647059,0.30288461538461536,0.824107825756073
0.03235294117647059,0.3153846153846154,0.81983482837677
0.03308823529411765,0.3153846153846154,0.8195958733558655
0.03308823529411765,0.33557692307692305,0.8122128844261169
0.033823529411764704,0.33557692307692305,0.8119633793830872
0.033823529411764704,0.33942307692307694,0.8110015392303467
0.03455882352941177,0.33942307692307694,0.8109919428825378
0.03455882352941177,0.34615384615384615,0.809269905090332
0.03602941176470588,0.34615384615384615,0.8087172508239746
0.03602941176470588,0.35096153846153844,0.8072497248649597
0.0375,0.35096153846153844,0.8067629337310791
0.0375,0.3576923076923077,0.803766131401062
0.03823529411764706,0.3576923076923077,0.8037059903144836
0.03823529411764706,0.3605769230769231,0.8026956915855408
0.03897058823529412,0.3605769230769231,0.8026177883148193
0.03897058823529412,0.36153846153846153,0.8023133277893066
0.041176470588235294,0.36153846153846153,0.8011205792427063
0.041176470588235294,0.3644230769230769,0.7998761534690857
0.04191176470588235,0.3644230769230769,0.7998546957969666
0.04191176470588235,0.3663461538461538,0.798389732837677
0.04338235294117647,0.3663461538461538,0.7981157302856445
0.04338235294117647,0.36730769230769234,0.7979793548583984
0.04411764705882353,0.36730769230769234,0.7978861927986145
0.04411764705882353,0.375,0.7947054505348206
0.04485294117647059,0.375,0.7946749925613403
0.04485294117647059,0.37596153846153846,0.7945370078086853
0.04852941176470588,0.37596153846153846,0.7932869791984558
0.04852941176470588,0.3769230769230769,0.7932368516921997
0.04926470588235294,0.3769230769230769,0.7927875518798828
0.04926470588235294,0.3817307692307692,0.7922012209892273
0.05,0.3817307692307692,0.7918437719345093
0.05,0.38269230769230766,0.7910757064819336
0.052941176470588235,0.38269230769230766,0.7890605330467224
0.052941176470588235,0.3836538461538462,0.7888269424438477
0.05367647058823529,0.3836538461538462,0.7884455323219299
0.05367647058823529,0.38461538461538464,0.7883558869361877
0.05588235294117647,0.38461538461538464,0.7872467041015625
0.05588235294117647,0.3875,0.7871100306510925
0.05661764705882353,0.3875,0.7868091464042664
0.05661764705882353,0.38846153846153847,0.7867584228515625
0.057352941176470586,0.38846153846153847,0.7867558598518372
0.057352941176470586,0.3894230769230769,0.7865713834762573
0.05808823529411765,0.3894230769230769,0.7864850163459778
0.05808823529411765,0.39615384615384613,0.7845805287361145
0.058823529411764705,0.39615384615384613,0.7844047546386719
0.058823529411764705,0.39807692307692305,0.7840425968170166
0.060294117647058824,0.39807692307692305,0.7837077975273132
0.060294117647058824,0.4028846153846154,0.783082127571106
0.06102941176470588,0.4028846153846154,0.7830719351768494
0.06102941176470588,0.4048076923076923,0.7820619344711304
0.061764705882352944,0.4048076923076923,0.7819659113883972
0.061764705882352944,0.4076923076923077,0.7808265686035156
0.0625,0.4076923076923077,0.7801993489265442
0.0625,0.40865384615384615,0.7800313234329224
0.06323529411764706,0.40865384615384615,0.7798941731452942
0.06323529411764706,0.4115384615384615,0.7793535590171814
0.06397058823529411,0.4115384615384615,0.7791880369186401
0.06397058823529411,0.4125,0.7789588570594788
0.06470588235294118,0.4125,0.7788535952568054
0.06470588235294118,0.41442307692307695,0.7786940932273865
0.0661764705882353,0.41442307692307695,0.7781763672828674
0.0661764705882353,0.4153846153846154,0.777778685092926
0.06691176470588235,0.4153846153846154,0.7777714133262634
0.06691176470588235,0.4182692307692308,0.7774326801300049
0.06764705882352941,0.4182692307692308,0.7773656249046326
0.06764705882352941,0.41923076923076924,0.7769072651863098
0.06838235294117648,0.41923076923076924,0.7762318849563599
0.06838235294117648,0.4221153846153846,0.7756441235542297
0.07426470588235294,0.4221153846153846,0.7743972539901733
0.07426470588235294,0.42403846153846153,0.7737618088722229
0.07647058823529412,0.42403846153846153,0.773116409778595
0.07647058823529412,0.425,0.7731002569198608
0.07720588235294118,0.425,0.7729432582855225
0.07720588235294118,0.42596153846153845,0.7728252410888672
0.07794117647058824,0.42596153846153845,0.772759735584259
0.07794117647058824,0.4307692307692308,0.771639883518219
0.07867647058823529,0.4307692307692308,0.7715924382209778
0.07867647058823529,0.43173076923076925,0.7710335850715637
0.07941176470588235,0.43173076923076925,0.7709904909133911
0.07941176470588235,0.4326923076923077,0.7707734704017639
0.08014705882352942,0.4326923076923077,0.7705379724502563
0.08014705882352942,0.4346153846153846,0.7704464197158813
0.08088235294117647,0.4346153846153846,0.7703643441200256
0.08088235294117647,0.4355769230769231,0.770099401473999
0.08161764705882353,0.4355769230769231,0.7698044180870056
0.08161764705882353,0.4375,0.7690873146057129
0.08455882352941177,0.4375,0.7677056193351746
0.08455882352941177,0.44134615384615383,0.7673122882843018
0.08529411764705883,0.44134615384615383,0.7668321132659912
0.08529411764705883,0.44326923076923075,0.7666446566581726
0.08602941176470588,0.44326923076923075,0.7663722038269043
0.08602941176470588,0.44519230769230766,0.7659503221511841
0.08676470588235294,0.44519230769230766,0.7658639550209045
0.08676470588235294,0.44711538461538464,0.7656445503234863
0.08823529411764706,0.44711538461538464,0.7650899887084961
0.08823529411764706,0.45,0.7645630240440369
0.08897058823529412,0.45,0.7641623020172119
0.08897058823529412,0.4528846153846154,0.7639190554618835
0.08970588235294118,0.4528846153846154,0.7632157802581787
0.08970588235294118,0.45576923076923076,0.7626409530639648
0.09044117647058823,0.45576923076923076,0.7625780701637268
0.09044117647058823,0.45865384615384613,0.7619900107383728
0.09191176470588236,0.45865384615384613,0.761534571647644
0.09191176470588236,0.46153846153846156,0.7605007290840149
0.09264705882352942,0.46153846153846156,0.7602904438972473
0.09264705882352942,0.4634615384615385,0.7601075768470764
0.09411764705882353,0.4634615384615385,0.7593977451324463
0.09411764705882353,0.46442307692307694,0.7593621611595154
0.09632352941176471,0.46442307692307694,0.7581363916397095
0.09632352941176471,0.4653846153846154,0.7581166625022888
0.1,0.4653846153846154,0.7568943500518799
0.1,0.4673076923076923,0.7565691471099854
0.10073529411764706,0.4673076923076923,0.756070077419281
0.10073529411764706,0.46923076923076923,0.7558528184890747
0.10147058823529412,0.46923076923076923,0.7554072141647339
0.10147058823529412,0.4701923076923077,0.7551175951957703
0.10294117647058823,0.4701923076923077,0.7542309761047363
0.10294117647058823,0.47115384615384615,0.7538848519325256
0.1036764705882353,0.47115384615384615,0.7535095810890198
0.1036764705882353,0.47307692307692306,0.7525097727775574
0.10441176470588236,0.47307692307692306,0.752411425113678
0.10441176470588236,0.47596153846153844,0.7515503764152527
0.10588235294117647,0.47596153846153844,0.7514948844909668
0.10588235294117647,0.47692307692307695,0.7513910531997681
0.10955882352941176,0.47692307692307695,0.7499843835830688
0.10955882352941176,0.4778846153846154,0.7499760985374451
0.11029411764705882,0.4778846153846154,0.7494063973426819
0.11029411764705882,0.47884615384615387,0.748894214630127
0.11102941176470588,0.47884615384615387,0.7488301396369934
0.11102941176470588,0.4798076923076923,0.7483349442481995
0.1125,0.4798076923076923,0.7474800944328308
0.1125,0.48846153846153845,0.7449848055839539
0.11323529411764706,0.48846153846153845,0.7449742555618286
0.11323529411764706,0.4913461538461538,0.7440803050994873
0.11470588235294117,0.4913461538461538,0.7436608076095581
0.11470588235294117,0.49230769230769234,0.7434152364730835
0.11544117647058824,0.49230769230769234,0.7425532937049866
0.11544117647058824,0.49615384615384617,0.7411482930183411
0.1161764705882353,0.49615384615384617,0.7411443591117859
0.1161764705882353,0.5,0.7407819032669067
0.11764705882352941,0.5,0.7405228614807129
0.11764705882352941,0.5009615384615385,0.7399367094039917
0.11838235294117647,0.5009615384615385,0.7395626902580261
0.11838235294117647,0.5038461538461538,0.7383657693862915
0.11985294117647059,0.5038461538461538,0.7380610108375549
0.11985294117647059,0.5057692307692307,0.7379329800605774
0.12058823529411765,0.5057692307692307,0.7376899719238281
0.12058823529411765,0.5086538461538461,0.7370281219482422
0.1213235294117647,0.5086538461538461,0.7365134954452515
0.1213235294117647,0.510576923076923,0.7355428338050842
0.12352941176470589,0.510576923076923,0.7352502346038818
0.12352941176470589,0.5115384615384615,0.7349511981010437
0.12426470588235294,0.5115384615384615,0.7349456548690796
0.12426470588235294,0.5125,0.7349151968955994
0.1264705882352941,0.5125,0.7340453863143921
0.1264705882352941,0.5173076923076924,0.7320990562438965
0.12720588235294117,0.5173076923076924,0.7317596077919006
0.12720588235294117,0.5182692307692308,0.7315775156021118
0.12867647058823528,0.5182692307692308,0.7314717769622803
0.12867647058823528,0.5192307692307693,0.7313777208328247
0.13014705882352942,0.5192307692307693,0.731344997882843
0.13014705882352942,0.5201923076923077,0.7313402891159058
0.13088235294117648,0.5201923076923077,0.7313008904457092
0.13088235294117648,0.5269230769230769,0.7301614880561829
0.13161764705882353,0.5269230769230769,0.73009192943573
0.13161764705882353,0.5278846153846154,0.7296819090843201
0.1323529411764706,0.5278846153846154,0.7296369671821594
0.1323529411764706,0.5307692307692308,0.7288427948951721
0.13308823529411765,0.5307692307692308,0.7275259494781494
0.13308823529411765,0.5317307692307692,0.7273445129394531
0.1338235294117647,0.5317307692307692,0.7270313501358032
0.1338235294117647,0.5336538461538461,0.7257474660873413
0.13455882352941176,0.5336538461538461,0.7256620526313782
0.13455882352941176,0.5346153846153846,0.7248356938362122
0.13602941176470587,0.5346153846153846,0.7247167825698853
0.13602941176470587,0.5355769230769231,0.7246697545051575
0.13676470588235295,0.5355769230769231,0.7244952917098999
0.13676470588235295,0.5403846153846154,0.723869264125824
0.1375,0.5403846153846154,0.7236216068267822
0.1375,0.5413461538461538,0.7234849333763123
0.13970588235294118,0.5413461538461538,0.7226155400276184
0.13970588235294118,0.5461538461538461,0.72216796875
0.1411764705882353,0.5461538461538461,0.7219635248184204
0.1411764705882353,0.5490384615384616,0.7205519676208496
0.14191176470588235,0.5490384615384616,0.7205350995063782
0.14191176470588235,0.55,0.720229983329773
0.1426470588235294,0.55,0.7199985384941101
0.1426470588235294,0.5509615384615385,0.7198288440704346
0.1463235294117647,0.5509615384615385,0.7190873026847839
0.1463235294117647,0.5528846153846154,0.7189275026321411
0.14705882352941177,0.5528846153846154,0.7188811898231506
0.14705882352941177,0.5538461538461539,0.718379020690918
0.14779411764705883,0.5538461538461539,0.7181149125099182
0.14779411764705883,0.5576923076923077,0.7168815732002258
0.14852941176470588,0.5576923076923077,0.7167965173721313
0.14852941176470588,0.5596153846153846,0.71668541431427
0.15,0.5596153846153846,0.7159010171890259
0.15,0.5625,0.7153387069702148
0.1514705882352941,0.5625,0.7147247791290283
0.1514705882352941,0.5634615384615385,0.714687705039978
0.15220588235294116,0.5634615384615385,0.7145293354988098
0.15220588235294116,0.5653846153846154,0.7143539786338806
0.15441176470588236,0.5653846153846154,0.713085949420929
0.15441176470588236,0.573076923076923,0.7104398012161255
0.15661764705882353,0.573076923076923,0.7088429927825928
0.15661764705882353,0.5740384615384615,0.708473265171051
0.15735294117647058,0.5740384615384615,0.7082085013389587
0.15735294117647058,0.5759615384615384,0.7075509428977966
0.15808823529411764,0.5759615384615384,0.7071573138237
0.15808823529411764,0.5769230769230769,0.7071051001548767
0.15955882352941175,0.5769230769230769,0.7068548202514648
0.15955882352941175,0.5807692307692308,0.7060940861701965
0.16029411764705884,0.5807692307692308,0.7060686349868774
0.16029411764705884,0.5817307692307693,0.7060158252716064
0.16176470588235295,0.5817307692307693,0.7058348059654236
0.16176470588235295,0.5875,0.7043250203132629
0.1625,0.5875,0.7041391730308533
0.1625,0.5884615384615385,0.7038212418556213
0.16323529411764706,0.5884615384615385,0.7037100195884705
0.16323529411764706,0.5894230769230769,0.7035514116287231
0.16544117647058823,0.5894230769230769,0.7024821639060974
0.16544117647058823,0.5913461538461539,0.7021747827529907
0.1661764705882353,0.5913461538461539,0.7019777297973633
0.1661764705882353,0.5942307692307692,0.7014299631118774
0.1676470588235294,0.5942307692307692,0.7013309597969055
0.1676470588235294,0.5951923076923077,0.7007648348808289
0.16911764705882354,0.5951923076923077,0.7002094984054565
0.16911764705882354,0.5971153846153846,0.7000077962875366
0.1698529411764706,0.5971153846153846,0.6998690962791443
0.1698529411764706,0.6,0.6985700130462646
0.17205882352941176,0.6,0.6977872848510742
0.17205882352941176,0.6009615384615384,0.6977556943893433
0.17279411764705882,0.6009615384615384,0.6976839900016785
0.17279411764705882,0.6038461538461538,0.6970154643058777
0.17426470588235293,0.6038461538461538,0.6966908574104309
0.17426470588235293,0.6057692307692307,0.6964824199676514
0.17647058823529413,0.6057692307692307,0.6958404183387756
0.17647058823529413,0.6115384615384616,0.6951605677604675
0.17794117647058824,0.6115384615384616,0.6948533654212952
0.17794117647058824,0.6125,0.6946499347686768
0.1801470588235294,0.6125,0.6941785216331482
0.1801470588235294,0.6134615384615385,0.6939666271209717
0.18088235294117647,0.6134615384615385,0.693638801574707
0.18088235294117647,0.6173076923076923,0.6929015517234802
0.18235294117647058,0.6173076923076923,0.6923981308937073
0.18235294117647058,0.6201923076923077,0.6918990015983582
0.18308823529411763,0.6201923076923077,0.6917719841003418
0.18308823529411763,0.6230769230769231,0.6911186575889587
0.1860294117647059,0.6230769230769231,0.6903680562973022
0.1860294117647059,0.6259615384615385,0.6888869404792786
0.18676470588235294,0.6259615384615385,0.6888219118118286
0.18676470588235294,0.6269230769230769,0.6883883476257324
0.18823529411764706,0.6269230769230769,0.688008189201355
0.18823529411764706,0.6278846153846154,0.6879382133483887
0.1889705882352941,0.6278846153846154,0.6874300241470337
0.1889705882352941,0.6288461538461538,0.6872472763061523
0.18970588235294117,0.6288461538461538,0.6870718002319336
0.18970588235294117,0.6298076923076923,0.6868597865104675
0.19044117647058822,0.6298076923076923,0.6863061189651489
0.19044117647058822,0.6307692307692307,0.6861027479171753
0.19117647058823528,0.6307692307692307,0.6857092976570129
0.19117647058823528,0.6317307692307692,0.6856937408447266
0.19191176470588237,0.6317307692307692,0.6851966977119446
0.19191176470588237,0.6326923076923077,0.68485027551651
0.19264705882352942,0.6326923076923077,0.6848390698432922
0.19264705882352942,0.6384615384615384,0.6829929351806641
0.19338235294117648,0.6384615384615384,0.6829497814178467
0.19338235294117648,0.6413461538461539,0.6822608709335327
0.1948529411764706,0.6413461538461539,0.6820828318595886
0.1948529411764706,0.6423076923076924,0.6820214986801147
0.19558823529411765,0.6423076923076924,0.6820020079612732
0.19558823529411765,0.6442307692307693,0.6817336678504944
0.1963235294117647,0.6442307692307693,0.6815053224563599
0.1963235294117647,0.6451923076923077,0.6809096336364746
0.19926470588235295,0.6451923076923077,0.6804054379463196
0.19926470588235295,0.6480769230769231,0.6801794767379761
0.20147058823529412,0.6480769230769231,0.6792504191398621
0.20147058823529412,0.6538461538461539,0.6774721145629883
0.20294117647058824,0.6538461538461539,0.6769276857376099
0.20294117647058824,0.6548076923076923,0.6763259768486023
0.2036764705882353,0.6548076923076923,0.6762335896492004
0.2036764705882353,0.6567307692307692,0.6758258938789368
0.20441176470588235,0.6567307692307692,0.675773024559021
0.20441176470588235,0.6586538461538461,0.6755398511886597
0.2051470588235294,0.6586538461538461,0.6752982139587402
0.2051470588235294,0.6596153846153846,0.675143301486969
0.20808823529411766,0.6596153846153846,0.6749868392944336
0.20808823529411766,0.6605769230769231,0.674626886844635
0.20955882352941177,0.6605769230769231,0.6743884086608887
0.20955882352941177,0.6615384615384615,0.6742908358573914
0.21029411764705883,0.6615384615384615,0.6737794876098633
0.21029411764705883,0.6653846153846154,0.672330915927887
0.21102941176470588,0.6653846153846154,0.6720635294914246
0.21102941176470588,0.6740384615384616,0.6708167791366577
0.2125,0.6740384615384616,0.6704015731811523
0.2125,0.6788461538461539,0.6700040698051453
0.2139705882352941,0.6788461538461539,0.6699640154838562
0.2139705882352941,0.6817307692307693,0.669650673866272
0.21544117647058825,0.6817307692307693,0.6690894365310669
0.21544117647058825,0.6826923076923077,0.6688173413276672
0.21691176470588236,0.6826923076923077,0.6685816049575806
0.21691176470588236,0.6836538461538462,0.6684610843658447
0.21764705882352942,0.6836538461538462,0.6680825352668762
0.21764705882352942,0.6875,0.6670774817466736
0.21838235294117647,0.6875,0.666863739490509
0.21838235294117647,0.6913461538461538,0.6659514904022217
0.21911764705882353,0.6913461538461538,0.6658392548561096
0.21911764705882353,0.6961538461538461,0.6652480363845825
0.21985294117647058,0.6961538461538461,0.6645792126655579
0.21985294117647058,0.6971153846153846,0.6645539999008179
0.22058823529411764,0.6971153846153846,0.6644586324691772
0.22058823529411764,0.7,0.6637515425682068
0.2235294117647059,0.7,0.6628680229187012
0.2235294117647059,0.7048076923076924,0.66166090965271
0.225,0.7048076923076924,0.6610873937606812
0.225,0.7096153846153846,0.6597955822944641
0.22573529411764706,0.7096153846153846,0.659785270690918
0.22573529411764706,0.7115384615384616,0.6593073010444641
0.22647058823529412,0.7115384615384616,0.6590579152107239
0.22647058823529412,0.7134615384615385,0.6588485836982727
0.22720588235294117,0.7134615384615385,0.6586483120918274
0.22720588235294117,0.7144230769230769,0.6584786772727966
0.22794117647058823,0.7144230769230769,0.6577726006507874
0.22794117647058823,0.7173076923076923,0.657468855381012
0.2301470588235294,0.7173076923076923,0.6570949554443359
0.2301470588235294,0.7230769230769231,0.6557966470718384
0.2323529411764706,0.7230769230769231,0.6545560359954834
0.2323529411764706,0.7259615384615384,0.6537480354309082
0.23308823529411765,0.7259615384615384,0.6536664962768555
0.23308823529411765,0.7298076923076923,0.6519615650177002
0.2338235294117647,0.7298076923076923,0.651900053024292
0.2338235294117647,0.7336538461538461,0.6505138874053955
0.23455882352941176,0.7336538461538461,0.6505007743835449
0.23455882352941176,0.7365384615384616,0.649860143661499
0.23529411764705882,0.7365384615384616,0.6497623324394226
0.23529411764705882,0.7423076923076923,0.6487244963645935
0.23602941176470588,0.7423076923076923,0.6486548185348511
0.23602941176470588,0.7432692307692308,0.6481149792671204
0.23823529411764705,0.7432692307692308,0.6466922760009766
0.23823529411764705,0.7461538461538462,0.6452767848968506
0.23897058823529413,0.7461538461538462,0.6450940370559692
0.23897058823529413,0.7557692307692307,0.6427026391029358
0.23970588235294119,0.7557692307692307,0.6426201462745667
0.23970588235294119,0.7567307692307692,0.6424233317375183
0.24044117647058824,0.7567307692307692,0.6424176692962646
0.24044117647058824,0.7625,0.6410875916481018
0.2411764705882353,0.7625,0.6410676836967468
0.2411764705882353,0.7701923076923077,0.6370025277137756
0.2426470588235294,0.7701923076923077,0.6364272832870483
0.2426470588235294,0.7721153846153846,0.6359158754348755
0.24338235294117647,0.7721153846153846,0.6356562376022339
0.24338235294117647,0.7740384615384616,0.6353937387466431
0.24411764705882352,0.7740384615384616,0.6349356174468994
0.24411764705882352,0.7788461538461539,0.6322765350341797
0.24632352941176472,0.7788461538461539,0.6312582492828369
0.24632352941176472,0.7846153846153846,0.6300258636474609
0.24705882352941178,0.7846153846153846,0.6297571659088135
0.24705882352941178,0.7875,0.6278268098831177
0.24779411764705883,0.7875,0.6275664567947388
0.24779411764705883,0.7884615384615384,0.6267233490943909
0.24926470588235294,0.7884615384615384,0.6262347102165222
0.24926470588235294,0.7894230769230769,0.6260340213775635
0.25,0.7894230769230769,0.6259670853614807
0.25,0.7942307692307692,0.6247106194496155
0.2514705882352941,0.7942307692307692,0.6244290471076965
0.2514705882352941,0.7951923076923076,0.6236586570739746
0.25220588235294117,0.7951923076923076,0.6232778429985046
0.25220588235294117,0.7961538461538461,0.6224697828292847
0.2536764705882353,0.7961538461538461,0.621476948261261
0.2536764705882353,0.7971153846153847,0.6210713386535645
0.25441176470588234,0.7971153846153847,0.6207748055458069
0.25441176470588234,0.8009615384615385,0.6185880303382874
0.2551470588235294,0.8009615384615385,0.6179664731025696
0.2551470588235294,0.801923076923077,0.6177472472190857
0.25588235294117645,0.801923076923077,0.6166914105415344
0.25588235294117645,0.8038461538461539,0.6157598495483398
0.25735294117647056,0.8038461538461539,0.614007294178009
0.25735294117647056,0.8057692307692308,0.6134172081947327
0.25882352941176473,0.8057692307692308,0.6117079257965088
0.25882352941176473,0.8067307692307693,0.6114497780799866
0.2595588235294118,0.8067307692307693,0.6105021238327026
0.2595588235294118,0.8076923076923077,0.6099427938461304
0.26176470588235295,0.8076923076923077,0.6081281900405884
0.26176470588235295,0.8086538461538462,0.608101487159729
0.2625,0.8086538461538462,0.6071726083755493
0.2625,0.8096153846153846,0.606586754322052
0.2639705882352941,0.8096153846153846,0.6052595376968384
0.2639705882352941,0.8125,0.6048981547355652
0.2713235294117647,0.8125,0.6015187501907349
0.2713235294117647,0.8134615384615385,0.600858747959137
0.27205882352941174,0.8134615384615385,0.6006308794021606
0.27205882352941174,0.8144230769230769,0.6000082492828369
0.2772058823529412,0.8144230769230769,0.5963125228881836
0.2772058823529412,0.8153846153846154,0.5961750745773315
0.2823529411764706,0.8153846153846154,0.5917429327964783
0.2823529411764706,0.8163461538461538,0.591181755065918
0.28455882352941175,0.8163461538461538,0.5901970863342285
0.28455882352941175,0.8192307692307692,0.5890872478485107
0.2852941176470588,0.8192307692307692,0.5890069007873535
0.2852941176470588,0.8201923076923077,0.5885687470436096
0.2867647058823529,0.8201923076923077,0.5882949829101562
0.2867647058823529,0.823076923076923,0.5874475240707397
0.2875,0.823076923076923,0.5873850584030151
0.2875,0.8240384615384615,0.5871660113334656
0.2897058823529412,0.8240384615384615,0.5867336392402649
0.2897058823529412,0.825,0.5865548253059387
0.2926470588235294,0.825,0.584876298904419
0.2926470588235294,0.8259615384615384,0.5846523642539978
0.29411764705882354,0.8259615384615384,0.5832505822181702
0.29411764705882354,0.8269230769230769,0.5827699899673462
0.2948529411764706,0.8269230769230769,0.5823134183883667
0.2948529411764706,0.8278846153846153,0.5813517570495605
0.30661764705882355,0.8278846153846153,0.5751433372497559
0.30661764705882355,0.8288461538461539,0.5749980807304382
0.30808823529411766,0.8288461538461539,0.5746163129806519
0.30808823529411766,0.8298076923076924,0.5741439461708069
0.3088235294117647,0.8298076923076924,0.5739347338676453
0.3088235294117647,0.8317307692307693,0.573016345500946
0.3161764705882353,0.8317307692307693,0.5699695944786072
0.3161764705882353,0.8336538461538462,0.5688673853874207
0.31838235294117645,0.8336538461538462,0.5673028230667114
0.31838235294117645,0.8346153846153846,0.5669857859611511
0.3191176470588235,0.8346153846153846,0.5661733746528625
0.3191176470588235,0.8355769230769231,0.566143810749054
0.3220588235294118,0.8355769230769231,0.5653977990150452
0.3220588235294118,0.8365384615384616,0.5653694272041321
0.325,0.8365384615384616,0.5638497471809387
0.325,0.8384615384615385,0.5637295842170715
0.32573529411764707,0.8384615384615385,0.5636422634124756
0.32573529411764707,0.8403846153846154,0.5628637671470642
0.3264705882352941,0.8403846153846154,0.562389075756073
0.3264705882352941,0.8413461538461539,0.5622052550315857
0.33088235294117646,0.8413461538461539,0.560467541217804
0.33088235294117646,0.8442307692307692,0.5601616501808167
0.33308823529411763,0.8442307692307692,0.5585554838180542
0.33308823529411763,0.8471153846153846,0.557575523853302
0.33455882352941174,0.8471153846153846,0.5565240383148193
0.33455882352941174,0.8490384615384615,0.5554425120353699
0.3397058823529412,0.8490384615384615,0.5547411441802979
0.3397058823529412,0.8509615384615384,0.5540486574172974
0.34191176470588236,0.8509615384615384,0.5535547137260437
0.34191176470588236,0.8519230769230769,0.5530323386192322
0.34338235294117647,0.8519230769230769,0.5529425144195557
0.34338235294117647,0.8528846153846154,0.5525916814804077
0.34411764705882353,0.8528846153846154,0.5524378418922424
0.34411764705882353,0.8538461538461538,0.5522118806838989
0.3448529411764706,0.8538461538461538,0.5515206456184387
0.3448529411764706,0.8548076923076923,0.5512952208518982
0.3477941176470588,0.8548076923076923,0.5504175424575806
0.3477941176470588,0.8567307692307692,0.549945592880249
0.3492647058823529,0.8567307692307692,0.5491231083869934
0.3492647058823529,0.8586538461538461,0.5488242506980896
0.35,0.8586538461538461,0.5485823750495911
0.35,0.8605769230769231,0.5481443405151367
0.3514705882352941,0.8605769230769231,0.5479130744934082
0.3514705882352941,0.8615384615384616,0.5470453500747681
0.35441176470588237,0.8615384615384616,0.5462554693222046
0.35441176470588237,0.8625,0.5454418659210205
0.3558823529411765,0.8625,0.5448105931282043
0.3558823529411765,0.864423076923077,0.5446549654006958
0.3573529411764706,0.864423076923077,0.5439077615737915
0.3573529411764706,0.8653846153846154,0.5438784956932068
0.35955882352941176,0.8653846153846154,0.5434557199478149
0.35955882352941176,0.8663461538461539,0.5434138178825378
0.36323529411764705,0.8663461538461539,0.542289674282074
0.36323529411764705,0.8692307692307693,0.5418819785118103
0.3669117647058823,0.8692307692307693,0.5409605503082275
0.3669117647058823,0.8711538461538462,0.5402660965919495
0.37279411764705883,0.8711538461538462,0.5390406847000122
0.37279411764705883,0.8721153846153846,0.5389520525932312
0.37426470588235294,0.8721153846153846,0.538194477558136
0.37426470588235294,0.8730769230769231,0.5375877618789673
0.3779411764705882,0.8730769230769231,0.536365807056427
0.3779411764705882,0.8759615384615385,0.5359770655632019
0.3830882352941177,0.8759615384615385,0.5332722663879395
0.3830882352941177,0.8769230769230769,0.5331568717956543
0.3845588235294118,0.8769230769230769,0.5322362780570984
0.3845588235294118,0.8788461538461538,0.5316833257675171
0.38529411764705884,0.8788461538461538,0.5316118001937866
0.38529411764705884,0.8807692307692307,0.5314480066299438
0.38676470588235295,0.8807692307692307,0.529937744140625
0.38676470588235295,0.8817307692307692,0.5297440886497498
0.3889705882352941,0.8817307692307692,0.5292738080024719
0.3889705882352941,0.8826923076923077,0.529198944568634
0.3897058823529412,0.8826923076923077,0.5291042327880859
0.3897058823529412,0.8836538461538461,0.5290020704269409
0.39191176470588235,0.8836538461538461,0.5284721851348877
0.39191176470588235,0.8846153846153846,0.5283538103103638
0.3948529411764706,0.8846153846153846,0.5272741913795471
0.3948529411764706,0.8865384615384615,0.5271078944206238
0.39558823529411763,0.8865384615384615,0.5271002650260925
0.39558823529411763,0.8875,0.5268756151199341
0.3977941176470588,0.8875,0.5267373323440552
0.3977941176470588,0.8884615384615384,0.5252289772033691
0.4,0.8884615384615384,0.524601399898529
0.4,0.8894230769230769,0.5243145823478699
0.4007352941176471,0.8894230769230769,0.5241101384162903
0.4007352941176471,0.8903846153846153,0.5238638520240784
0.4036764705882353,0.8903846153846153,0.5228239297866821
0.4036764705882353,0.8913461538461539,0.5227737426757812
0.4051470588235294,0.8913461538461539,0.5221476554870605
0.4051470588235294,0.8942307692307693,0.5216351747512817
0.4073529411764706,0.8942307692307693,0.521394670009613
0.4073529411764706,0.8951923076923077,0.5212940573692322
0.4161764705882353,0.8951923076923077,0.5177261233329773
0.4161764705882353,0.8971153846153846,0.5174319744110107
0.41691176470588237,0.8971153846153846,0.5169931054115295
0.41691176470588237,0.8980769230769231,0.5169360041618347
0.4176470588235294,0.8980769230769231,0.5169095993041992
0.4176470588235294,0.8990384615384616,0.516810417175293
0.4183823529411765,0.8990384615384616,0.516577959060669
0.4183823529411765,0.9,0.5165674686431885
0.4213235294117647,0.9,0.5158053636550903
0.4213235294117647,0.9009615384615385,0.5147060751914978
0.4235294117647059,0.9009615384615385,0.5132668018341064
0.4235294117647059,0.9019230769230769,0.5128034949302673
0.42867647058823527,0.9019230769230769,0.5113822817802429
0.42867647058823527,0.9038461538461539,0.511175274848938
0.43308823529411766,0.9038461538461539,0.51021409034729
0.43308823529411766,0.9048076923076923,0.5100276470184326
0.4338235294117647,0.9048076923076923,0.5099613070487976
0.4338235294117647,0.9057692307692308,0.5097284913063049
0.43823529411764706,0.9057692307692308,0.5084006786346436
0.43823529411764706,0.9067307692307692,0.5082648992538452
0.4404411764705882,0.9067307692307692,0.5074530839920044
0.4404411764705882,0.9076923076923077,0.5070739388465881
0.4455882352941177,0.9076923076923077,0.5055156350135803
0.4455882352941177,0.9086538461538461,0.5054404139518738
0.45,0.9086538461538461,0.5040128231048584
0.45,0.9105769230769231,0.5034723877906799
0.45073529411764707,0.9105769230769231,0.5033770799636841
0.45073529411764707,0.9115384615384615,0.5028761625289917
0.4514705882352941,0.9115384615384615,0.5027923583984375
0.4514705882352941,0.9125,0.502642035484314
0.45294117647058824,0.9125,0.5024924874305725
0.45294117647058824,0.9134615384615384,0.502476692199707
0.4551470588235294,0.9134615384615384,0.5017063617706299
0.4551470588235294,0.9144230769230769,0.5015847086906433
0.45588235294117646,0.9144230769230769,0.5013085603713989
0.45588235294117646,0.9153846153846154,0.5011115670204163
0.4566176470588235,0.9153846153846154,0.5011102557182312
0.4566176470588235,0.9163461538461538,0.5005818605422974
0.4588235294117647,0.9163461538461538,0.4995722770690918
0.4588235294117647,0.9173076923076923,0.4994824528694153
0.4610294117647059,0.9173076923076923,0.4981643855571747
0.4610294117647059,0.9182692307692307,0.498123437166214
0.4632352941176471,0.9182692307692307,0.4961850643157959
0.4632352941176471,0.9192307692307692,0.4961286783218384
0.46397058823529413,0.9192307692307692,0.496092826128006
0.46397058823529413,0.9201923076923076,0.4960019290447235
0.46544117647058825,0.9201923076923076,0.49585211277008057
0.46544117647058825,0.9211538461538461,0.4956739842891693
0.46691176470588236,0.9211538461538461,0.4952143430709839
0.46691176470588236,0.9221153846153847,0.4948393702507019
0.4698529411764706,0.9221153846153847,0.4936446249485016
0.4698529411764706,0.9230769230769231,0.4933854043483734
0.4727941176470588,0.9230769230769231,0.4925432801246643
0.4727941176470588,0.9240384615384616,0.49236124753952026
0.47794117647058826,0.9240384615384616,0.49017763137817383
0.47794117647058826,0.925,0.48997962474823
0.4808823529411765,0.925,0.4888731837272644
0.4808823529411765,0.926923076923077,0.4881652295589447
0.4904411764705882,0.926923076923077,0.4864470958709717
0.4904411764705882,0.9278846153846154,0.4861237704753876
0.4963235294117647,0.9278846153846154,0.48401403427124023
0.4963235294117647,0.9288461538461539,0.483871728181839
0.5007352941176471,0.9288461538461539,0.4825499653816223
0.5007352941176471,0.9298076923076923,0.48213326930999756
0.5058823529411764,0.9298076923076923,0.48107850551605225
0.5058823529411764,0.9307692307692308,0.4810299277305603
0.5102941176470588,0.9307692307692308,0.48050278425216675
0.5102941176470588,0.9317307692307693,0.4801356792449951
0.5161764705882353,0.9317307692307693,0.4787537157535553
0.5161764705882353,0.9346153846153846,0.47770947217941284
0.5169117647058824,0.9346153846153846,0.4776158630847931
0.5183823529411765,0.9346153846153846,0.4773259162902832
0.5257352941176471,0.9346153846153846,0.4740879535675049
0.5257352941176471,0.9355769230769231,0.473183274269104
0.5272058823529412,0.9355769230769231,0.4727141857147217
0.5272058823529412,0.9365384615384615,0.4722955822944641
0.5279411764705882,0.9365384615384615,0.4717678725719452
0.5279411764705882,0.9375,0.4717467427253723
0.5367647058823529,0.9375,0.46929827332496643
0.5367647058823529,0.9394230769230769,0.4689294695854187
0.5433823529411764,0.9394230769230769,0.46728911995887756
0.5433823529411764,0.9403846153846154,0.4659377336502075
0.5485294117647059,0.9403846153846154,0.463828444480896
0.5485294117647059,0.9413461538461538,0.463544636964798
0.5588235294117647,0.9413461538461538,0.4587717354297638
0.5588235294117647,0.9423076923076923,0.45873671770095825
0.586764705882353,0.9423076923076923,0.4442693889141083
0.586764705882353,0.9432692307692307,0.4429093897342682
0.5941176470588235,0.9432692307692307,0.43684664368629456
0.5941176470588235,0.9442307692307692,0.43604058027267456
0.6102941176470589,0.9442307692307692,0.42131826281547546
0.6102941176470589,0.9451923076923077,0.42085108160972595
0.6161764705882353,0.9451923076923077,0.4136504530906677
0.6161764705882353,0.9461538461538461,0.4110545516014099
0.6235294117647059,0.9461538461538461,0.40457668900489807
0.6235294117647059,0.9471153846153846,0.4044702649116516
0.6301470588235294,0.9471153846153846,0.39862871170043945
0.6301470588235294,0.948076923076923,0.3985477685928345
0.6316176470588235,0.948076923076923,0.3969910740852356
0.6316176470588235,0.9490384615384615,0.39679867029190063
0.6323529411764706,0.9490384615384615,0.39603477716445923
0.6323529411764706,0.95,0.39595189690589905
0.6338235294117647,0.95,0.39551055431365967
0.6338235294117647,0.9509615384615384,0.3954087197780609
0.6389705882352941,0.9509615384615384,0.3916930556297302
0.6389705882352941,0.9519230769230769,0.3916749060153961
0.6411764705882353,0.9519230769230769,0.38893285393714905
0.6411764705882353,0.9528846153846153,0.3888539671897888
0.6455882352941177,0.9528846153846153,0.38614189624786377
0.6455882352941177,0.9548076923076924,0.38466188311576843
0.6536764705882353,0.9548076923076924,0.37814861536026
0.6536764705882353,0.9557692307692308,0.37721726298332214
0.6544117647058824,0.9557692307692308,0.3770359754562378
0.6544117647058824,0.9576923076923077,0.3753226399421692
0.6558823529411765,0.9576923076923077,0.3738826513290405
0.6558823529411765,0.9586538461538462,0.37375015020370483
0.6595588235294118,0.9586538461538462,0.3687778115272522
0.6595588235294118,0.9605769230769231,0.36838406324386597
0.6602941176470588,0.9605769230769231,0.3677762448787689
0.6602941176470588,0.9625,0.36679860949516296
0.6610294117647059,0.9625,0.36619529128074646
0.6610294117647059,0.9634615384615385,0.36556476354599
0.6617647058823529,0.9634615384615385,0.36552873253822327
0.6617647058823529,0.9644230769230769,0.36513301730155945
0.663235294117647,0.9644230769230769,0.3629779815673828
0.663235294117647,0.9653846153846154,0.3629607558250427
0.6639705882352941,0.9653846153846154,0.36295706033706665
0.6639705882352941,0.9663461538461539,0.3629334568977356
0.6654411764705882,0.9663461538461539,0.3626735210418701
0.6654411764705882,0.9682692307692308,0.36135274171829224
0.6683823529411764,0.9682692307692308,0.3563857674598694
0.6683823529411764,0.9692307692307692,0.35623854398727417
0.6691176470588235,0.9692307692307692,0.3553934097290039
0.6691176470588235,0.9701923076923077,0.3552609980106354
0.6698529411764705,0.9701923076923077,0.3541637063026428
0.6698529411764705,0.9711538461538461,0.3538631498813629
0.6852941176470588,0.9711538461538461,0.346112459897995
0.6852941176470588,0.9730769230769231,0.345293253660202
0.6875,0.9730769230769231,0.34368064999580383
0.6875,0.975,0.34206780791282654
0.6941176470588235,0.975,0.33901265263557434
0.6941176470588235,0.9769230769230769,0.3367355763912201
0.6992647058823529,0.9769230769230769,0.33391571044921875
0.6992647058823529,0.9778846153846154,0.3337875306606293
0.7051470588235295,0.9778846153846154,0.3324427306652069
0.7051470588235295,0.9788461538461538,0.33080530166625977
0.7080882352941177,0.9788461538461538,0.32790666818618774
0.7080882352941177,0.9798076923076923,0.32786548137664795
0.7139705882352941,0.9798076923076923,0.3238195478916168
0.7139705882352941,0.9807692307692307,0.3233378231525421
0.9264705882352942,0.9807692307692307,0.15155403316020966
0.9264705882352942,0.9826923076923076,0.1294843852519989
0.9272058823529412,0.9826923076923076,0.12539838254451752
0.9272058823529412,0.9836538461538461,0.12315773218870163
0.9308823529411765,0.9836538461538461,0.11409258842468262
0.9308823529411765,0.9855769230769231,0.11150342971086502
0.9323529411764706,0.9855769230769231,0.11111617833375931
0.9323529411764706,0.9923076923076923,0.10596337914466858
0.9345588235294118,0.9923076923076923,0.1035066619515419
0.9345588235294118,0.9932692307692308,0.1028268113732338
0.9360294117647059,0.9932692307692308,0.1025066152215004
0.9360294117647059,0.9961538461538462,0.10169100761413574
0.9375,0.9961538461538462,0.10139891505241394
0.9375,0.9971153846153846,0.10139551013708115
0.9382352941176471,0.9971153846153846,0.10053256154060364
0.9382352941176471,1.0,0.09946414828300476
1.0,1.0,0.06881057471036911
