FPR,TPR,Threshold
0.0,0.0,1.9836170673370361
0.0,0.000925925925925926,0.9836170673370361
0.0,0.24537037037037038,0.9441719651222229
0.0007575757575757576,0.24537037037037038,0.9441481828689575
0.0007575757575757576,0.24722222222222223,0.9437732696533203
0.0015151515151515152,0.24722222222222223,0.9436432123184204
0.0015151515151515152,0.2537037037037037,0.9428995847702026
0.0022727272727272726,0.2537037037037037,0.9428659081459045
0.0022727272727272726,0.2722222222222222,0.9393477439880371
0.0030303030303030303,0.2722222222222222,0.9389067888259888
0.0030303030303030303,0.287962962962963,0.9362058043479919
0.003787878787878788,0.287962962962963,0.9360517263412476
0.003787878787878788,0.30185185185185187,0.9332221746444702
0.004545454545454545,0.30185185185185187,0.9331933856010437
0.004545454545454545,0.31203703703703706,0.9314895272254944
0.005303030303030303,0.31203703703703706,0.9313940405845642
0.005303030303030303,0.31296296296296294,0.9313266277313232
0.006060606060606061,0.31296296296296294,0.9311720728874207
0.006060606060606061,0.3148148148148148,0.9307467341423035
0.006818181818181818,0.3148148148148148,0.9307047128677368
0.006818181818181818,0.3175925925925926,0.9302829504013062
0.007575757575757576,0.3175925925925926,0.9302186965942383
0.007575757575757576,0.3194444444444444,0.9300543069839478
0.008333333333333333,0.3194444444444444,0.9300510883331299
0.008333333333333333,0.3212962962962963,0.9298520088195801
0.00909090909090909,0.3212962962962963,0.9298095703125
0.00909090909090909,0.32222222222222224,0.9298085570335388
0.009848484848484848,0.32222222222222224,0.9297018647193909
0.009848484848484848,0.3490740740740741,0.926332950592041
0.010606060606060607,0.3490740740740741,0.9258806109428406
0.010606060606060607,0.3611111111111111,0.9227340817451477
0.011363636363636364,0.3611111111111111,0.9222601652145386
0.011363636363636364,0.3685185185185185,0.9208436012268066
0.012121212121212121,0.3685185185185185,0.9201114177703857
0.012121212121212121,0.36944444444444446,0.9200367331504822
0.012878787878787878,0.36944444444444446,0.9198958277702332
0.012878787878787878,0.38425925925925924,0.915148913860321
0.013636363636363636,0.38425925925925924,0.9151430130004883
0.013636363636363636,0.39166666666666666,0.9133775234222412
0.014393939393939395,0.39166666666666666,0.9132206439971924
0.014393939393939395,0.3962962962962963,0.9097135066986084
0.015151515151515152,0.3962962962962963,0.9094833731651306
0.015151515151515152,0.5175925925925926,0.8709728717803955
0.015909090909090907,0.5175925925925926,0.8702341318130493
0.015909090909090907,0.5212962962962963,0.868543803691864
0.016666666666666666,0.5212962962962963,0.8681540489196777
0.016666666666666666,0.5398148148148149,0.8616153001785278
0.017424242424242425,0.5398148148148149,0.861491322517395
0.017424242424242425,0.5453703703703704,0.8610036969184875
0.01818181818181818,0.5453703703703704,0.8606071472167969
0.01818181818181818,0.5527777777777778,0.8593751192092896
0.01893939393939394,0.5527777777777778,0.8586394190788269
0.01893939393939394,0.575,0.8524608612060547
0.020454545454545454,0.575,0.8509395718574524
0.020454545454545454,0.5805555555555556,0.8476885557174683
0.021212121212121213,0.5805555555555556,0.8471243977546692
0.021212121212121213,0.587037037037037,0.8444725871086121
0.02196969696969697,0.587037037037037,0.8442980647087097
0.02196969696969697,0.5888888888888889,0.8438704609870911
0.023484848484848483,0.5888888888888889,0.8425670862197876
0.023484848484848483,0.5898148148148148,0.8425158262252808
0.024242424242424242,0.5898148148148148,0.842357873916626
0.024242424242424242,0.5925925925925926,0.8420908451080322
0.02727272727272727,0.5925925925925926,0.8407310843467712
0.02727272727272727,0.5935185185185186,0.8403781056404114
0.030303030303030304,0.5935185185185186,0.83859783411026
0.030303030303030304,0.5944444444444444,0.8380887508392334
0.03106060606060606,0.5944444444444444,0.8376354575157166
0.03106060606060606,0.5981481481481481,0.8370298743247986
0.03409090909090909,0.5981481481481481,0.8366619944572449
0.03409090909090909,0.5990740740740741,0.8362683057785034
0.03636363636363636,0.5990740740740741,0.8352628946304321
0.03636363636363636,0.600925925925926,0.8344195485115051
0.04015151515151515,0.600925925925926,0.8323333859443665
0.04015151515151515,0.6037037037037037,0.829927384853363
0.04090909090909091,0.6037037037037037,0.8292139172554016
0.04090909090909091,0.6046296296296296,0.8290103673934937
0.04393939393939394,0.6046296296296296,0.8283668756484985
0.04393939393939394,0.6064814814814815,0.8282644748687744
0.0446969696969697,0.6064814814814815,0.8267757296562195
0.0446969696969697,0.6083333333333333,0.8257417678833008
0.045454545454545456,0.6083333333333333,0.8253331780433655
0.045454545454545456,0.7212962962962963,0.7607485055923462
0.04696969696969697,0.7212962962962963,0.7600733041763306
0.04696969696969697,0.7361111111111112,0.7533858418464661
0.04772727272727273,0.7361111111111112,0.7528781294822693
0.04772727272727273,0.7537037037037037,0.741908073425293
0.04924242424242424,0.7537037037037037,0.741154670715332
0.04924242424242424,0.7555555555555555,0.7408992648124695
0.051515151515151514,0.7555555555555555,0.7382005453109741
0.051515151515151514,0.7564814814814815,0.7380127310752869
0.05454545454545454,0.7564814814814815,0.7364328503608704
0.05454545454545454,0.7583333333333333,0.7359123826026917
0.05606060606060606,0.7583333333333333,0.7348772883415222
0.05606060606060606,0.7592592592592593,0.7338883280754089
0.06212121212121212,0.7592592592592593,0.7223596572875977
0.06212121212121212,0.7611111111111111,0.720179557800293
0.06363636363636363,0.7611111111111111,0.7145604491233826
0.06363636363636363,0.7620370370370371,0.7107875347137451
0.075,0.7620370370370371,0.6955879330635071
0.075,0.762962962962963,0.694252610206604
0.07575757575757576,0.762962962962963,0.6927843689918518
0.07575757575757576,0.774074074074074,0.6634660959243774
0.07727272727272727,0.774074074074074,0.6569247245788574
0.07727272727272727,0.7777777777777778,0.6531946659088135
0.07803030303030303,0.7777777777777778,0.6481587886810303
0.07803030303030303,0.7796296296296297,0.6445126533508301
0.07954545454545454,0.7796296296296297,0.6405540108680725
0.07954545454545454,0.7824074074074074,0.6356126070022583
0.08106060606060606,0.7824074074074074,0.6341138482093811
0.08106060606060606,0.7833333333333333,0.6340837478637695
0.08181818181818182,0.7833333333333333,0.6334026455879211
0.08181818181818182,0.7870370370370371,0.6317260265350342
0.0856060606060606,0.7870370370370371,0.6295257806777954
0.0856060606060606,0.7907407407407407,0.6284200549125671
0.08636363636363636,0.7907407407407407,0.6271568536758423
0.08636363636363636,0.7925925925925926,0.6260128021240234
0.08863636363636364,0.7925925925925926,0.6252973675727844
0.08863636363636364,0.7935185185185185,0.6241388320922852
0.0893939393939394,0.7935185185185185,0.622917115688324
0.0893939393939394,0.7962962962962963,0.6217946410179138
0.09015151515151515,0.7962962962962963,0.6215407848358154
0.09015151515151515,0.799074074074074,0.6209380626678467
0.09166666666666666,0.799074074074074,0.6185746788978577
0.09166666666666666,0.8,0.6178687214851379
0.09393939393939393,0.8,0.6152889132499695
0.09393939393939393,0.8027777777777778,0.6130159497261047
0.0946969696969697,0.8027777777777778,0.6129211783409119
0.0946969696969697,0.8037037037037037,0.6126540899276733
0.09545454545454546,0.8037037037037037,0.6108151078224182
0.09545454545454546,0.8055555555555556,0.6103716492652893
0.09621212121212121,0.8055555555555556,0.6103428602218628
0.09621212121212121,0.8064814814814815,0.609944224357605
0.09696969696969697,0.8064814814814815,0.6094546318054199
0.09696969696969697,0.8101851851851852,0.6056739687919617
0.09772727272727273,0.8101851851851852,0.6056368350982666
0.09772727272727273,0.8111111111111111,0.605387270450592
0.09924242424242424,0.8111111111111111,0.6038932204246521
0.09924242424242424,0.812037037037037,0.6014811396598816
0.10075757575757575,0.812037037037037,0.6007140874862671
0.10075757575757575,0.812962962962963,0.6004903316497803
0.10151515151515152,0.812962962962963,0.5994595885276794
0.10151515151515152,0.8138888888888889,0.5990226864814758
0.10227272727272728,0.8138888888888889,0.5988699197769165
0.10227272727272728,0.8148148148148148,0.5983722805976868
0.1053030303030303,0.8148148148148148,0.5972623229026794
0.1053030303030303,0.8157407407407408,0.5972284078598022
0.10606060606060606,0.8157407407407408,0.5972169041633606
0.10606060606060606,0.8166666666666667,0.5967162251472473
0.10681818181818181,0.8166666666666667,0.5961658954620361
0.10681818181818181,0.8231481481481482,0.5940252542495728
0.10909090909090909,0.8231481481481482,0.5922518968582153
0.10909090909090909,0.825925925925926,0.5907340049743652
0.10984848484848485,0.825925925925926,0.5897353887557983
0.10984848484848485,0.8268518518518518,0.589296281337738
0.11060606060606061,0.8268518518518518,0.5890924334526062
0.11060606060606061,0.8287037037037037,0.586638867855072
0.11212121212121212,0.8287037037037037,0.5853960514068604
0.11212121212121212,0.8314814814814815,0.58467698097229
0.11287878787878788,0.8314814814814815,0.5831997990608215
0.11287878787878788,0.8324074074074074,0.5821515917778015
0.1159090909090909,0.8324074074074074,0.5781048536300659
0.1159090909090909,0.8333333333333334,0.5775450468063354
0.11666666666666667,0.8333333333333334,0.5770306587219238
0.11666666666666667,0.8351851851851851,0.5757068395614624
0.11818181818181818,0.8351851851851851,0.5751500129699707
0.11818181818181818,0.837037037037037,0.5744665861129761
0.11893939393939394,0.837037037037037,0.573981523513794
0.11893939393939394,0.8407407407407408,0.5708860754966736
0.11969696969696969,0.8407407407407408,0.5699132084846497
0.11969696969696969,0.8425925925925926,0.5673338174819946
0.12045454545454545,0.8425925925925926,0.5659865140914917
0.12045454545454545,0.8453703703703703,0.5634332299232483
0.12121212121212122,0.8453703703703703,0.5609870553016663
0.12121212121212122,0.850925925925926,0.5437120795249939
0.12272727272727273,0.850925925925926,0.5412636399269104
0.12272727272727273,0.8555555555555555,0.5343067049980164
0.12348484848484849,0.8555555555555555,0.5316144824028015
0.12348484848484849,0.862037037037037,0.5158307552337646
0.12424242424242424,0.862037037037037,0.5156720280647278
0.12424242424242424,0.8722222222222222,0.5063637495040894
0.125,0.8722222222222222,0.506278395652771
0.125,0.8777777777777778,0.49885809421539307
0.12651515151515152,0.8777777777777778,0.497379869222641
0.12651515151515152,0.8805555555555555,0.4961073696613312
0.12727272727272726,0.8805555555555555,0.49558770656585693
0.12727272727272726,0.8824074074074074,0.4951685070991516
0.12803030303030302,0.8824074074074074,0.49516430497169495
0.12803030303030302,0.8861111111111111,0.48988452553749084
0.12878787878787878,0.8861111111111111,0.48918893933296204
0.12878787878787878,0.8898148148148148,0.4882849156856537
0.1318181818181818,0.8898148148148148,0.4866328537464142
0.1318181818181818,0.8907407407407407,0.48640748858451843
0.13333333333333333,0.8907407407407407,0.48486876487731934
0.13333333333333333,0.8916666666666667,0.48404449224472046
0.13484848484848486,0.8916666666666667,0.48249495029449463
0.13484848484848486,0.8925925925925926,0.4817114472389221
0.13560606060606062,0.8925925925925926,0.4810050129890442
0.13560606060606062,0.8953703703703704,0.47951796650886536
0.13712121212121212,0.8953703703703704,0.47834718227386475
0.13712121212121212,0.8981481481481481,0.47762271761894226
0.13787878787878788,0.8981481481481481,0.4768233299255371
0.13787878787878788,0.9287037037037037,0.46318989992141724
0.13863636363636364,0.9287037037037037,0.46314582228660583
0.13863636363636364,0.9574074074074074,0.44404253363609314
0.1393939393939394,0.9574074074074074,0.4439930319786072
0.1393939393939394,0.962037037037037,0.4392430782318115
0.1409090909090909,0.962037037037037,0.4364628493785858
0.1409090909090909,0.9629629629629629,0.43637460470199585
0.1431818181818182,0.9629629629629629,0.43598949909210205
0.1431818181818182,0.9638888888888889,0.4337671995162964
0.14393939393939395,0.9638888888888889,0.4335819184780121
0.14393939393939395,0.9657407407407408,0.43138158321380615
0.14545454545454545,0.9657407407407408,0.43099549412727356
0.14545454545454545,0.9666666666666667,0.43014734983444214
0.14772727272727273,0.9666666666666667,0.4286317527294159
0.14772727272727273,0.9694444444444444,0.4259415864944458
0.14924242424242423,0.9694444444444444,0.424770712852478
0.14924242424242423,0.9740740740740741,0.42052263021469116
0.15075757575757576,0.9740740740740741,0.41986069083213806
0.15075757575757576,0.9768518518518519,0.4187544584274292
0.15151515151515152,0.9768518518518519,0.4154006838798523
0.15151515151515152,0.9814814814814815,0.4119563102722168
0.28939393939393937,0.9814814814814815,0.27358806133270264
0.28939393939393937,0.9824074074074074,0.2735801041126251
0.2916666666666667,0.9824074074074074,0.272413432598114
0.2916666666666667,0.9833333333333333,0.27162492275238037
0.30606060606060603,0.9833333333333333,0.2613276243209839
0.30606060606060603,0.9842592592592593,0.26125654578208923
0.3090909090909091,0.9842592592592593,0.25723186135292053
0.3090909090909091,0.9851851851851852,0.2570565640926361
0.31363636363636366,0.9851851851851852,0.25369706749916077
0.31363636363636366,0.9861111111111112,0.2535918354988098
0.32196969696969696,0.9861111111111112,0.2477085441350937
0.32196969696969696,0.9879629629629629,0.24752435088157654
0.325,0.9879629629629629,0.24626785516738892
0.325,0.9898148148148148,0.24483221769332886
0.32727272727272727,0.9898148148148148,0.24146176874637604
0.32727272727272727,0.9944444444444445,0.23750227689743042
0.32954545454545453,0.9944444444444445,0.2361275851726532
0.32954545454545453,0.9953703703703703,0.23533478379249573
0.33106060606060606,0.9953703703703703,0.23506155610084534
0.33106060606060606,0.9962962962962963,0.23475176095962524
0.3393939393939394,0.9962962962962963,0.22917449474334717
0.3393939393939394,0.9972222222222222,0.22896717488765717
0.34015151515151515,0.9972222222222222,0.22882476449012756
0.34015151515151515,0.9981481481481481,0.22862236201763153
0.3424242424242424,0.9981481481481481,0.22818946838378906
0.3424242424242424,0.9990740740740741,0.2280404418706894
0.35075757575757577,0.9990740740740741,0.22407132387161255
0.35075757575757577,1.0,0.2239636331796646
1.0,1.0,0.01286937016993761
