FPR,TPR,Threshold
0.0,0.0,1.9946509003639221
0.0,0.0005263157894736842,0.9946509003639221
0.0,0.7789473684210526,0.7353153824806213
0.002,0.7789473684210526,0.73432856798172
0.002,0.7926315789473685,0.7189720273017883
0.004,0.7926315789473685,0.7182198762893677
0.004,0.7931578947368421,0.7181451916694641
0.006,0.7931578947368421,0.7181271314620972
0.006,0.7947368421052632,0.7177520990371704
0.01,0.7947368421052632,0.7163674831390381
0.01,0.7984210526315789,0.7149907350540161
0.012,0.7984210526315789,0.7143764495849609
0.012,0.7989473684210526,0.7141813039779663
0.016,0.7989473684210526,0.7128674983978271
0.016,0.8010526315789473,0.7124453186988831
0.018,0.8010526315789473,0.7124059796333313
0.018,0.8031578947368421,0.7088019847869873
0.02,0.8031578947368421,0.7082118988037109
0.02,0.8036842105263158,0.707992672920227
0.022,0.8036842105263158,0.7074036002159119
0.022,0.8052631578947368,0.7061229348182678
0.024,0.8052631578947368,0.70606929063797
0.024,0.8057894736842105,0.7052180171012878
0.026,0.8057894736842105,0.7031099796295166
0.026,0.8094736842105263,0.7021073698997498
0.028,0.8094736842105263,0.7019959092140198
0.028,0.8105263157894737,0.7015056610107422
0.032,0.8105263157894737,0.7009341716766357
0.032,0.8110526315789474,0.7005660533905029
0.034,0.8110526315789474,0.7005621194839478
0.034,0.8115789473684211,0.7002527713775635
0.036,0.8115789473684211,0.70023512840271
0.036,0.8136842105263158,0.6995965838432312
0.042,0.8136842105263158,0.6988739371299744
0.042,0.8142105263157895,0.698583722114563
0.044,0.8142105263157895,0.6982064843177795
0.044,0.8152631578947368,0.6978071928024292
0.046,0.8152631578947368,0.697771430015564
0.046,0.8157894736842105,0.6977301239967346
0.048,0.8157894736842105,0.6973783373832703
0.048,0.8173684210526316,0.6967516541481018
0.05,0.8173684210526316,0.6965405941009521
0.05,0.8189473684210526,0.6963770985603333
0.054,0.8189473684210526,0.6961838006973267
0.054,0.8221052631578948,0.6937783360481262
0.056,0.8221052631578948,0.6931169033050537
0.056,0.8236842105263158,0.690079391002655
0.06,0.8236842105263158,0.6881903409957886
0.06,0.8242105263157895,0.6874275207519531
0.062,0.8242105263157895,0.6873183846473694
0.062,0.8263157894736842,0.685431957244873
0.064,0.8263157894736842,0.6852278113365173
0.064,0.8273684210526315,0.6842004060745239
0.07,0.8273684210526315,0.6827576160430908
0.07,0.8278947368421052,0.6826847791671753
0.078,0.8278947368421052,0.6810392141342163
0.078,0.8305263157894737,0.6765750646591187
0.08,0.8305263157894737,0.6762527227401733
0.08,0.8336842105263158,0.6730722784996033
0.082,0.8336842105263158,0.6730579733848572
0.082,0.8347368421052631,0.6712988018989563
0.084,0.8347368421052631,0.6711751818656921
0.084,0.8368421052631579,0.6683356165885925
0.088,0.8368421052631579,0.667894721031189
0.088,0.8378947368421052,0.6665593981742859
0.09,0.8378947368421052,0.6662576198577881
0.09,0.8405263157894737,0.6633109450340271
0.092,0.8405263157894737,0.6631003618240356
0.092,0.8426315789473684,0.6622532606124878
0.094,0.8426315789473684,0.6617293357849121
0.094,0.858421052631579,0.6460612416267395
0.096,0.858421052631579,0.6458569169044495
0.096,0.8589473684210527,0.6457582116127014
0.098,0.8589473684210527,0.6455897092819214
0.098,0.861578947368421,0.6432135105133057
0.1,0.861578947368421,0.6428743600845337
0.1,0.8757894736842106,0.6161072254180908
0.104,0.8757894736842106,0.6154372096061707
0.104,0.8763157894736842,0.6154046654701233
0.106,0.8763157894736842,0.6150434613227844
0.106,0.8768421052631579,0.6138471364974976
0.108,0.8768421052631579,0.613640546798706
0.108,0.8805263157894737,0.6024329662322998
0.11,0.8805263157894737,0.6008252501487732
0.11,0.881578947368421,0.5936704874038696
0.114,0.881578947368421,0.5930147767066956
0.114,0.8821052631578947,0.5895201563835144
0.116,0.8821052631578947,0.5892027020454407
0.116,0.8842105263157894,0.5830206871032715
0.118,0.8842105263157894,0.5801417827606201
0.118,0.8847368421052632,0.5778953433036804
0.12,0.8847368421052632,0.5768547654151917
0.12,0.9052631578947369,0.5213649868965149
0.122,0.9052631578947369,0.5209440588951111
0.122,0.9110526315789473,0.5102643370628357
0.126,0.9110526315789473,0.5086477994918823
0.126,0.911578947368421,0.5054091811180115
0.128,0.911578947368421,0.5018397569656372
0.128,0.9121052631578948,0.49761727452278137
0.134,0.9121052631578948,0.49481526017189026
0.134,0.9136842105263158,0.4920456111431122
0.142,0.9136842105263158,0.4884074032306671
0.142,0.9142105263157895,0.48763754963874817
0.152,0.9142105263157895,0.4848182201385498
0.152,0.9147368421052632,0.483419269323349
0.154,0.9147368421052632,0.4794873297214508
0.154,0.9152631578947369,0.4764695167541504
0.156,0.9152631578947369,0.4747328758239746
0.156,0.9163157894736842,0.4731546640396118
0.17,0.9163157894736842,0.4666687548160553
0.17,0.9168421052631579,0.4656308591365814
0.172,0.9168421052631579,0.4653860628604889
0.172,0.9173684210526316,0.46441370248794556
0.174,0.9173684210526316,0.4638446271419525
0.174,0.9178947368421052,0.46037524938583374
0.176,0.9178947368421052,0.4546048641204834
0.176,0.9184210526315789,0.45331811904907227
0.178,0.9184210526315789,0.45319628715515137
0.178,0.92,0.4481131434440613
0.182,0.92,0.4459647238254547
0.182,0.9205263157894736,0.4447728395462036
0.184,0.9205263157894736,0.44452542066574097
0.184,0.9221052631578948,0.4441782534122467
0.192,0.9221052631578948,0.44183608889579773
0.192,0.9226315789473685,0.4418307840824127
0.246,0.9226315789473685,0.4195719361305237
0.246,0.9231578947368421,0.419540673494339
0.248,0.9231578947368421,0.41881638765335083
0.248,0.9236842105263158,0.4182935953140259
0.272,0.9236842105263158,0.40391120314598083
0.272,0.9242105263157895,0.4034586548805237
0.284,0.9242105263157895,0.39922279119491577
0.284,0.9247368421052632,0.39804792404174805
0.29,0.9247368421052632,0.39604243636131287
0.29,0.9252631578947368,0.39587295055389404
0.292,0.9252631578947368,0.39540448784828186
0.292,0.9284210526315789,0.3890528380870819
0.294,0.9284210526315789,0.3871772289276123
0.294,0.9289473684210526,0.38672521710395813
0.304,0.9289473684210526,0.3831108808517456
0.304,0.9321052631578948,0.3756077289581299
0.308,0.9321052631578948,0.3752434253692627
0.308,0.9368421052631579,0.37093859910964966
0.312,0.9368421052631579,0.370760440826416
0.312,0.9373684210526316,0.36991238594055176
0.314,0.9373684210526316,0.36862289905548096
0.314,0.9389473684210526,0.36357665061950684
0.316,0.9389473684210526,0.36347779631614685
0.316,0.9394736842105263,0.3598102927207947
0.32,0.9394736842105263,0.3586795926094055
0.32,0.9426315789473684,0.3573337495326996
0.322,0.9426315789473684,0.35688498616218567
0.322,0.9442105263157895,0.35549354553222656
0.324,0.9442105263157895,0.35418593883514404
0.324,0.9463157894736842,0.3521248400211334
0.33,0.9463157894736842,0.3501184582710266
0.33,0.9468421052631579,0.34993553161621094
0.334,0.9468421052631579,0.3487812578678131
0.334,0.9484210526315789,0.34793832898139954
0.338,0.9484210526315789,0.34730008244514465
0.338,0.9505263157894737,0.3400368392467499
0.34,0.9505263157894737,0.3399055004119873
0.34,0.9563157894736842,0.3326617479324341
0.342,0.9563157894736842,0.33262985944747925
0.342,0.958421052631579,0.3301703631877899
0.344,0.958421052631579,0.3300723731517792
0.344,0.9626315789473684,0.31607988476753235
0.348,0.9626315789473684,0.3131018280982971
0.348,0.9652631578947368,0.2980826795101166
0.35,0.9652631578947368,0.2956227958202362
0.35,0.9663157894736842,0.2893580198287964
0.356,0.9663157894736842,0.28422439098358154
0.356,0.966842105263158,0.2836782932281494
0.368,0.966842105263158,0.27410459518432617
0.368,0.9678947368421053,0.2725445628166199
0.4,0.9678947368421053,0.2597857415676117
0.4,0.968421052631579,0.2588740289211273
0.446,0.968421052631579,0.24236692488193512
0.446,0.9689473684210527,0.24219919741153717
0.472,0.9689473684210527,0.2277604043483734
0.472,0.9694736842105263,0.2276824414730072
0.476,0.9694736842105263,0.227273091673851
0.476,0.97,0.22696635127067566
0.478,0.97,0.22636009752750397
0.478,0.9705263157894737,0.2259548455476761
0.48,0.9705263157894737,0.22520869970321655
0.48,0.9721052631578947,0.22370514273643494
0.494,0.9721052631578947,0.22046323120594025
0.494,0.9726315789473684,0.21917518973350525
0.496,0.9726315789473684,0.21671022474765778
0.496,0.9736842105263158,0.214961439371109
0.498,0.9736842105263158,0.21393625438213348
0.498,0.9742105263157895,0.21360401809215546
0.504,0.9742105263157895,0.21174032986164093
0.504,0.9747368421052631,0.21115326881408691
0.506,0.9747368421052631,0.21113236248493195
0.506,0.9773684210526316,0.20964735746383667
0.516,0.9773684210526316,0.20444035530090332
0.516,0.9778947368421053,0.20371240377426147
0.536,0.9778947368421053,0.1959606260061264
0.536,0.978421052631579,0.19488981366157532
0.552,0.978421052631579,0.19030874967575073
0.552,0.9789473684210527,0.1903063803911209
0.634,0.9789473684210527,0.15752461552619934
0.634,0.9794736842105263,0.15735392272472382
0.656,0.9794736842105263,0.14851443469524384
0.656,0.9810526315789474,0.14512541890144348
0.666,0.9810526315789474,0.14440932869911194
0.666,0.9815789473684211,0.14415805041790009
0.67,0.9815789473684211,0.14370942115783691
0.67,0.9821052631578947,0.1436157524585724
0.674,0.9821052631578947,0.14270378649234772
0.674,0.9831578947368421,0.14041222631931305
0.678,0.9831578947368421,0.13842348754405975
0.678,0.9836842105263158,0.13788233697414398
0.68,0.9836842105263158,0.13616935908794403
0.68,0.9852631578947368,0.13445886969566345
0.682,0.9852631578947368,0.13443632423877716
0.682,0.9878947368421053,0.1299450695514679
0.688,0.9878947368421053,0.12680834531784058
0.688,0.988421052631579,0.12617425620555878
0.704,0.988421052631579,0.1211978867650032
0.704,0.9889473684210527,0.12040651589632034
0.706,0.9889473684210527,0.11941535770893097
0.706,0.9894736842105263,0.11938472837209702
0.804,0.9894736842105263,0.056609686464071274
0.804,0.9905263157894737,0.055681489408016205
0.812,0.9905263157894737,0.05255388841032982
0.812,0.991578947368421,0.051970649510622025
0.822,0.991578947368421,0.05171024426817894
0.822,0.9921052631578947,0.051691848784685135
0.832,0.9921052631578947,0.05101573467254639
0.832,0.9926315789473684,0.05097748711705208
0.84,0.9926315789473684,0.05052883177995682
0.84,0.9931578947368421,0.050493136048316956
0.842,0.9931578947368421,0.05008628964424133
0.842,0.9936842105263158,0.049914486706256866
0.844,0.9936842105263158,0.049697816371917725
0.844,0.9942105263157894,0.049375951290130615
0.846,0.9942105263157894,0.04932408034801483
0.846,0.9957894736842106,0.049124352633953094
0.854,0.9957894736842106,0.04856890067458153
0.854,0.9978947368421053,0.04767097160220146
0.874,0.9978947368421053,0.0473799854516983
0.874,0.998421052631579,0.04737551137804985
0.882,0.998421052631579,0.047126490622758865
0.882,0.9989473684210526,0.047037798911333084
0.91,0.9989473684210526,0.04508431255817413
0.91,0.9994736842105263,0.04507358372211456
0.952,0.9994736842105263,0.04161510616540909
0.952,1.0,0.04148980975151062
1.0,1.0,0.01897410675883293
