FPR,TPR,Threshold
0.0,0.0,1.9825661182403564
0.0,0.0004807692307692308,0.9825661182403564
0.0,0.04807692307692308,0.969986617565155
0.0011029411764705882,0.04807692307692308,0.9696296453475952
0.0011029411764705882,0.04951923076923077,0.9695705771446228
0.001838235294117647,0.04951923076923077,0.969338059425354
0.001838235294117647,0.05,0.9691020250320435
0.002573529411764706,0.05,0.9690206050872803
0.002573529411764706,0.05048076923076923,0.9688921570777893
0.003676470588235294,0.05048076923076923,0.9683508276939392
0.003676470588235294,0.05384615384615385,0.9677788019180298
0.004044117647058824,0.05384615384615385,0.9677053689956665
0.004044117647058824,0.05480769230769231,0.9676554799079895
0.004411764705882353,0.05480769230769231,0.9675899744033813
0.004411764705882353,0.05673076923076923,0.9675658345222473
0.004779411764705883,0.05673076923076923,0.9675618410110474
0.004779411764705883,0.05913461538461538,0.9674435257911682
0.0055147058823529415,0.05913461538461538,0.9674319624900818
0.0055147058823529415,0.06009615384615385,0.9674230217933655
0.0058823529411764705,0.06009615384615385,0.9674208760261536
0.0058823529411764705,0.06153846153846154,0.9673934578895569
0.00625,0.06153846153846154,0.9673910140991211
0.00625,0.06298076923076923,0.9673448204994202
0.008455882352941176,0.06298076923076923,0.967289924621582
0.008455882352941176,0.06490384615384616,0.9672722816467285
0.009191176470588236,0.06490384615384616,0.9671915769577026
0.009191176470588236,0.06538461538461539,0.9671859741210938
0.0125,0.06538461538461539,0.9670215249061584
0.0125,0.06586538461538462,0.9669315814971924
0.012867647058823529,0.06586538461538462,0.9669062495231628
0.012867647058823529,0.06634615384615385,0.9668795466423035
0.013970588235294118,0.06634615384615385,0.9664989709854126
0.013970588235294118,0.06826923076923076,0.9664059281349182
0.015441176470588236,0.06826923076923076,0.9661906361579895
0.015441176470588236,0.06875,0.9661768078804016
0.016911764705882352,0.06875,0.9660773277282715
0.01764705882352941,0.06875,0.9660530090332031
0.022058823529411766,0.06875,0.9656510949134827
0.022058823529411766,0.06971153846153846,0.9655120372772217
0.022426470588235294,0.06971153846153846,0.9652220010757446
0.022426470588235294,0.07307692307692308,0.9647105932235718
0.022794117647058822,0.07307692307692308,0.9646612405776978
0.022794117647058822,0.08125,0.964410126209259
0.023161764705882354,0.08125,0.9643988013267517
0.023161764705882354,0.09326923076923077,0.9639708399772644
0.023529411764705882,0.09326923076923077,0.9639264941215515
0.023529411764705882,0.09471153846153846,0.9636595249176025
0.02426470588235294,0.09471153846153846,0.9633955955505371
0.02426470588235294,0.1,0.9595852494239807
0.025,0.1,0.9588778614997864
0.025,0.10096153846153846,0.9579709768295288
0.02536764705882353,0.10096153846153846,0.9577426910400391
0.02536764705882353,0.10144230769230769,0.9576205015182495
0.026470588235294117,0.10144230769230769,0.9563068151473999
0.026470588235294117,0.10240384615384615,0.9560627937316895
0.027205882352941177,0.10240384615384615,0.9552052617073059
0.027205882352941177,0.10480769230769231,0.9540223479270935
0.028308823529411765,0.10480769230769231,0.9535893201828003
0.028308823529411765,0.10576923076923077,0.9534733295440674
0.029044117647058824,0.10576923076923077,0.9533565044403076
0.029044117647058824,0.10625,0.9532903432846069
0.029411764705882353,0.10625,0.95322185754776
0.029411764705882353,0.10673076923076923,0.9532021284103394
0.03419117647058824,0.10673076923076923,0.9526171684265137
0.03419117647058824,0.10721153846153846,0.9526162147521973
0.036397058823529414,0.10721153846153846,0.9523619413375854
0.036397058823529414,0.10817307692307693,0.9520295858383179
0.03676470588235294,0.10817307692307693,0.9519725441932678
0.03676470588235294,0.10865384615384616,0.9516891837120056
0.03713235294117647,0.10865384615384616,0.9515873789787292
0.03713235294117647,0.10913461538461539,0.9514674544334412
0.0375,0.10913461538461539,0.9513822793960571
0.0375,0.11057692307692307,0.951168954372406
0.03786764705882353,0.11057692307692307,0.951064944267273
0.03786764705882353,0.12067307692307692,0.9502460956573486
0.03823529411764706,0.12067307692307692,0.9502341151237488
0.03823529411764706,0.1264423076923077,0.9494999647140503
0.03860294117647059,0.1264423076923077,0.9494476318359375
0.03860294117647059,0.14134615384615384,0.9438673853874207
0.03897058823529412,0.14134615384615384,0.9433647990226746
0.03897058823529412,0.16105769230769232,0.9368496537208557
0.039338235294117646,0.16105769230769232,0.936829686164856
0.039338235294117646,0.16538461538461538,0.9356784820556641
0.039705882352941174,0.16538461538461538,0.9356440305709839
0.039705882352941174,0.17548076923076922,0.9338139295578003
0.04044117647058824,0.17548076923076922,0.9335746765136719
0.04044117647058824,0.17884615384615385,0.9325135350227356
0.040808823529411765,0.17884615384615385,0.9324996471405029
0.040808823529411765,0.19326923076923078,0.9310169816017151
0.041176470588235294,0.19326923076923078,0.930978536605835
0.041176470588235294,0.19567307692307692,0.9301396012306213
0.04154411764705882,0.19567307692307692,0.9300909042358398
0.04154411764705882,0.22163461538461537,0.9262890815734863
0.04191176470588235,0.22163461538461537,0.9262796640396118
0.04191176470588235,0.22596153846153846,0.9259363412857056
0.042279411764705885,0.22596153846153846,0.9258911609649658
0.042279411764705885,0.22692307692307692,0.9251946210861206
0.04264705882352941,0.22692307692307692,0.9251371622085571
0.04264705882352941,0.2283653846153846,0.9240695238113403
0.04301470588235294,0.2283653846153846,0.924060583114624
0.04301470588235294,0.22932692307692307,0.9233292937278748
0.04375,0.22932692307692307,0.9230416417121887
0.04375,0.23942307692307693,0.9215241074562073
0.04411764705882353,0.23942307692307693,0.9214943647384644
0.04411764705882353,0.24326923076923077,0.9210461378097534
0.04485294117647059,0.24326923076923077,0.9196912050247192
0.04485294117647059,0.24423076923076922,0.9194294810295105
0.045588235294117645,0.24423076923076922,0.9189940690994263
0.045588235294117645,0.24471153846153845,0.9189768433570862
0.046691176470588236,0.24471153846153845,0.9184895157814026
0.04742647058823529,0.24471153846153845,0.9183060526847839
0.04889705882352941,0.24471153846153845,0.9181907773017883
0.04889705882352941,0.2456730769230769,0.9180203080177307
0.05073529411764706,0.2456730769230769,0.9177281856536865
0.05073529411764706,0.24615384615384617,0.9177001714706421
0.052941176470588235,0.24615384615384617,0.9174429178237915
0.052941176470588235,0.24951923076923077,0.9161125421524048
0.05330882352941176,0.24951923076923077,0.9159886837005615
0.05330882352941176,0.25048076923076923,0.9153448343276978
0.054044117647058826,0.25048076923076923,0.9150112271308899
0.054044117647058826,0.2514423076923077,0.9146966338157654
0.054411764705882354,0.2514423076923077,0.9143096208572388
0.054411764705882354,0.25432692307692306,0.9123610854148865
0.05477941176470588,0.25432692307692306,0.9123303890228271
0.05477941176470588,0.2668269230769231,0.9102140665054321
0.05514705882352941,0.2668269230769231,0.9100610017776489
0.05514705882352941,0.2826923076923077,0.9075015783309937
0.05551470588235294,0.2826923076923077,0.9065443277359009
0.05551470588235294,0.28365384615384615,0.9063605666160583
0.05588235294117647,0.28365384615384615,0.9063289165496826
0.05588235294117647,0.2846153846153846,0.9057809114456177
0.05625,0.2846153846153846,0.9057238101959229
0.05625,0.3004807692307692,0.9016791582107544
0.05661764705882353,0.3004807692307692,0.9009066820144653
0.05661764705882353,0.30096153846153845,0.9008934497833252
0.057352941176470586,0.30096153846153845,0.8997318148612976
0.057352941176470586,0.30240384615384613,0.8985065221786499
0.05845588235294118,0.30240384615384613,0.8976643085479736
0.05845588235294118,0.3033653846153846,0.896992564201355
0.058823529411764705,0.3033653846153846,0.8957680463790894
0.058823529411764705,0.3038461538461538,0.895506739616394
0.05919117647058823,0.3038461538461538,0.8953336477279663
0.05919117647058823,0.30432692307692305,0.8952162861824036
0.06801470588235294,0.30432692307692305,0.8921898603439331
0.06801470588235294,0.30480769230769234,0.8921685814857483
0.06948529411764706,0.30480769230769234,0.8919250965118408
0.06948529411764706,0.30528846153846156,0.8917983174324036
0.06985294117647059,0.30528846153846156,0.8916476964950562
0.06985294117647059,0.30673076923076925,0.8910926580429077
0.07058823529411765,0.30673076923076925,0.8899292945861816
0.07058823529411765,0.3076923076923077,0.8885126709938049
0.0713235294117647,0.3076923076923077,0.8884087800979614
0.0713235294117647,0.30865384615384617,0.8881533145904541
0.07169117647058823,0.30865384615384617,0.8876138925552368
0.07169117647058823,0.3091346153846154,0.8875714540481567
0.07647058823529412,0.3091346153846154,0.8859241008758545
0.07647058823529412,0.3096153846153846,0.8859184980392456
0.07794117647058824,0.3096153846153846,0.8855618834495544
0.07794117647058824,0.31009615384615385,0.8855587840080261
0.08125,0.31009615384615385,0.8847999572753906
0.08125,0.31153846153846154,0.8845556378364563
0.08161764705882353,0.31153846153846154,0.8844552040100098
0.08161764705882353,0.3125,0.883854866027832
0.08198529411764706,0.3125,0.8838517665863037
0.08198529411764706,0.3158653846153846,0.8828467130661011
0.08235294117647059,0.3158653846153846,0.8828179836273193
0.08235294117647059,0.3173076923076923,0.8823782205581665
0.08272058823529412,0.3173076923076923,0.8822617530822754
0.08272058823529412,0.31971153846153844,0.8819602727890015
0.08308823529411764,0.31971153846153844,0.8817389011383057
0.08308823529411764,0.32211538461538464,0.8815511465072632
0.0838235294117647,0.32211538461538464,0.8815439939498901
0.0838235294117647,0.32259615384615387,0.8815359473228455
0.08419117647058824,0.32259615384615387,0.8814598321914673
0.08419117647058824,0.32548076923076924,0.8810607194900513
0.08455882352941177,0.32548076923076924,0.8810080289840698
0.08455882352941177,0.32596153846153847,0.8809753656387329
0.0849264705882353,0.32596153846153847,0.8809349536895752
0.0849264705882353,0.3283653846153846,0.8806844353675842
0.08529411764705883,0.3283653846153846,0.8806828260421753
0.08529411764705883,0.3293269230769231,0.8806270956993103
0.08566176470588235,0.3293269230769231,0.880557656288147
0.08566176470588235,0.33076923076923076,0.8804730772972107
0.09117647058823529,0.33076923076923076,0.8794688582420349
0.09117647058823529,0.3317307692307692,0.8792967796325684
0.09338235294117647,0.3317307692307692,0.8792110681533813
0.09338235294117647,0.33365384615384613,0.8790083527565002
0.09375,0.33365384615384613,0.8789547681808472
0.09375,0.33557692307692305,0.8783614039421082
0.09411764705882353,0.33557692307692305,0.8783562779426575
0.09411764705882353,0.3375,0.878110945224762
0.09448529411764706,0.3375,0.8780514597892761
0.09448529411764706,0.34471153846153846,0.8772096037864685
0.09485294117647058,0.34471153846153846,0.877051830291748
0.09485294117647058,0.34615384615384615,0.8769090175628662
0.09522058823529411,0.34615384615384615,0.8768209218978882
0.09522058823529411,0.34759615384615383,0.8766316771507263
0.09558823529411764,0.34759615384615383,0.8765899538993835
0.09558823529411764,0.34807692307692306,0.8764131665229797
0.09595588235294118,0.34807692307692306,0.8761634826660156
0.09595588235294118,0.35096153846153844,0.8757311105728149
0.09669117647058824,0.35096153846153844,0.875583827495575
0.09669117647058824,0.3528846153846154,0.8754526972770691
0.09705882352941177,0.3528846153846154,0.8753589987754822
0.09705882352941177,0.35336538461538464,0.8753393292427063
0.0974264705882353,0.35336538461538464,0.8751510977745056
0.0974264705882353,0.3557692307692308,0.8749275207519531
0.09779411764705882,0.3557692307692308,0.8749179840087891
0.09779411764705882,0.3605769230769231,0.8741848468780518
0.09816176470588235,0.3605769230769231,0.8740905523300171
0.09816176470588235,0.3625,0.8736011981964111
0.09889705882352941,0.3625,0.8733201026916504
0.09889705882352941,0.3658653846153846,0.8727373480796814
0.09926470588235294,0.3658653846153846,0.8727295398712158
0.09926470588235294,0.37259615384615385,0.8716750741004944
0.09963235294117648,0.37259615384615385,0.87163907289505
0.09963235294117648,0.3798076923076923,0.8706803321838379
0.1,0.3798076923076923,0.8706564903259277
0.1,0.38125,0.8705412745475769
0.10036764705882353,0.38125,0.87038654088974
0.10036764705882353,0.38221153846153844,0.8701886534690857
0.10073529411764706,0.38221153846153844,0.870180606842041
0.10073529411764706,0.38317307692307695,0.8700593709945679
0.10110294117647059,0.38317307692307695,0.8699855804443359
0.10110294117647059,0.38461538461538464,0.8697863221168518
0.10147058823529412,0.38461538461538464,0.8697134852409363
0.10147058823529412,0.3855769230769231,0.8696065545082092
0.10183823529411765,0.3855769230769231,0.8695933818817139
0.10183823529411765,0.3875,0.8693860769271851
0.10294117647058823,0.3875,0.8692740797996521
0.10294117647058823,0.38846153846153847,0.8692049384117126
0.10735294117647058,0.38846153846153847,0.8684631586074829
0.10735294117647058,0.3889423076923077,0.868445873260498
0.10992647058823529,0.3889423076923077,0.8682829141616821
0.10992647058823529,0.3894230769230769,0.8682223558425903
0.11029411764705882,0.3894230769230769,0.8681506514549255
0.11029411764705882,0.38990384615384616,0.8681095242500305
0.11213235294117647,0.38990384615384616,0.8679627180099487
0.11213235294117647,0.3903846153846154,0.867961585521698
0.11397058823529412,0.3903846153846154,0.8677968978881836
0.11397058823529412,0.3908653846153846,0.8677878379821777
0.11764705882352941,0.3908653846153846,0.8675243258476257
0.11764705882352941,0.39134615384615384,0.8674562573432922
0.12316176470588236,0.39134615384615384,0.8668569922447205
0.12316176470588236,0.3918269230769231,0.866801917552948
0.12389705882352942,0.3918269230769231,0.8665061593055725
0.12389705882352942,0.39278846153846153,0.8664456009864807
0.12536764705882353,0.39278846153846153,0.8661662936210632
0.12536764705882353,0.39326923076923076,0.8660503625869751
0.12867647058823528,0.39326923076923076,0.8651365637779236
0.12867647058823528,0.39471153846153845,0.8639397025108337
0.13014705882352942,0.39471153846153845,0.863608717918396
0.13014705882352942,0.3951923076923077,0.8625650405883789
0.13088235294117648,0.3951923076923077,0.8619582056999207
0.13088235294117648,0.39615384615384613,0.8615833520889282
0.13125,0.39615384615384613,0.861304759979248
0.13125,0.3975961538461538,0.8609116673469543
0.13198529411764706,0.3975961538461538,0.8602509498596191
0.13198529411764706,0.39807692307692305,0.8601770997047424
0.1323529411764706,0.39807692307692305,0.8599782586097717
0.1323529411764706,0.39855769230769234,0.8593907952308655
0.1338235294117647,0.39855769230769234,0.8581324815750122
0.1338235294117647,0.3995192307692308,0.8577678799629211
0.13566176470588234,0.3995192307692308,0.8562970757484436
0.13566176470588234,0.4,0.8555713295936584
0.1386029411764706,0.4,0.8548880815505981
0.1386029411764706,0.40048076923076925,0.8548703789710999
0.13897058823529412,0.40048076923076925,0.8545719981193542
0.13897058823529412,0.4009615384615385,0.8545016050338745
0.1400735294117647,0.4009615384615385,0.8542724847793579
0.1400735294117647,0.4014423076923077,0.8541709780693054
0.1411764705882353,0.4014423076923077,0.853863537311554
0.1411764705882353,0.40192307692307694,0.8538165092468262
0.14301470588235293,0.40192307692307694,0.8533148169517517
0.14301470588235293,0.4033653846153846,0.8525429368019104
0.14338235294117646,0.4033653846153846,0.8525020480155945
0.14338235294117646,0.4129807692307692,0.8507095575332642
0.14375,0.4129807692307692,0.850695788860321
0.14375,0.41634615384615387,0.8500882387161255
0.14448529411764705,0.41634615384615387,0.8498581647872925
0.14448529411764705,0.4168269230769231,0.849829912185669
0.1448529411764706,0.4168269230769231,0.8493910431861877
0.1448529411764706,0.41923076923076924,0.8480492234230042
0.14558823529411766,0.41923076923076924,0.8476459980010986
0.14558823529411766,0.41971153846153847,0.8471377491950989
0.14595588235294119,0.41971153846153847,0.8467980027198792
0.14595588235294119,0.42115384615384616,0.8462230563163757
0.1463235294117647,0.42115384615384616,0.8454616665840149
0.1463235294117647,0.4216346153846154,0.8451406955718994
0.14669117647058824,0.4216346153846154,0.8447487950325012
0.14669117647058824,0.4221153846153846,0.8443558216094971
0.1474264705882353,0.4221153846153846,0.8433921337127686
0.1474264705882353,0.4230769230769231,0.8422513604164124
0.14779411764705883,0.4230769230769231,0.8419255018234253
0.14779411764705883,0.42451923076923076,0.8412896990776062
0.14816176470588235,0.42451923076923076,0.8412544131278992
0.14816176470588235,0.42596153846153845,0.8405112624168396
0.14852941176470588,0.42596153846153845,0.8403850793838501
0.14852941176470588,0.4283653846153846,0.8399530649185181
0.1488970588235294,0.4283653846153846,0.839826762676239
0.1488970588235294,0.43509615384615385,0.8384900093078613
0.14926470588235294,0.43509615384615385,0.8384759426116943
0.14926470588235294,0.44326923076923075,0.8367208242416382
0.14963235294117647,0.44326923076923075,0.8366336822509766
0.14963235294117647,0.4442307692307692,0.8364513516426086
0.15,0.4442307692307692,0.8364449739456177
0.15,0.44903846153846155,0.8357693552970886
0.15073529411764705,0.44903846153846155,0.8347415328025818
0.15073529411764705,0.4495192307692308,0.8347256779670715
0.15110294117647058,0.4495192307692308,0.8347090482711792
0.15110294117647058,0.45096153846153847,0.8343286514282227
0.1514705882352941,0.45096153846153847,0.8341764807701111
0.1514705882352941,0.4519230769230769,0.8337966799736023
0.1536764705882353,0.4519230769230769,0.8328506350517273
0.1536764705882353,0.4528846153846154,0.8327786922454834
0.15551470588235294,0.4528846153846154,0.8326727747917175
0.15551470588235294,0.4533653846153846,0.832615852355957
0.15661764705882353,0.4533653846153846,0.8324641585350037
0.15661764705882353,0.45384615384615384,0.8324571847915649
0.15698529411764706,0.45384615384615384,0.8323825597763062
0.15698529411764706,0.4543269230769231,0.8322225213050842
0.16139705882352942,0.4543269230769231,0.8309654593467712
0.16139705882352942,0.4548076923076923,0.8308757543563843
0.16213235294117648,0.4548076923076923,0.830665647983551
0.16213235294117648,0.45576923076923076,0.8287341594696045
0.1625,0.45576923076923076,0.8284943699836731
0.1625,0.45625,0.8282853960990906
0.16286764705882353,0.45625,0.8276281356811523
0.16286764705882353,0.4567307692307692,0.8273285627365112
0.16323529411764706,0.4567307692307692,0.8272019028663635
0.16323529411764706,0.45721153846153845,0.8270534873008728
0.1650735294117647,0.45721153846153845,0.8261572122573853
0.1650735294117647,0.4581730769230769,0.8257992267608643
0.1661764705882353,0.4581730769230769,0.825568437576294
0.1661764705882353,0.45865384615384613,0.8254032135009766
0.16654411764705881,0.45865384615384613,0.8251873850822449
0.16654411764705881,0.45913461538461536,0.8251250386238098
0.16691176470588234,0.45913461538461536,0.8251062035560608
0.16691176470588234,0.4596153846153846,0.8250758647918701
0.16727941176470587,0.4596153846153846,0.8250084519386292
0.16727941176470587,0.4600961538461538,0.8247211575508118
0.16948529411764707,0.4600961538461538,0.8244605660438538
0.16948529411764707,0.46153846153846156,0.8240841627120972
0.1698529411764706,0.46153846153846156,0.824049174785614
0.1698529411764706,0.4620192307692308,0.8240393996238708
0.17095588235294118,0.4620192307692308,0.8238716125488281
0.17095588235294118,0.4625,0.8238614797592163
0.1713235294117647,0.4625,0.8238595724105835
0.1713235294117647,0.46298076923076925,0.8236947655677795
0.1724264705882353,0.46298076923076925,0.8234548568725586
0.1724264705882353,0.4639423076923077,0.8233834505081177
0.17352941176470588,0.4639423076923077,0.8233190178871155
0.17352941176470588,0.46490384615384617,0.8232833743095398
0.1738970588235294,0.46490384615384617,0.8232746720314026
0.1738970588235294,0.4653846153846154,0.8231755495071411
0.17426470588235293,0.4653846153846154,0.8231683969497681
0.17426470588235293,0.4716346153846154,0.8218274712562561
0.17463235294117646,0.4716346153846154,0.8215474486351013
0.17463235294117646,0.4740384615384615,0.8205552101135254
0.175,0.4740384615384615,0.819855272769928
0.175,0.47451923076923075,0.8192317485809326
0.17536764705882352,0.47451923076923075,0.8185974359512329
0.17536764705882352,0.47644230769230766,0.8177819848060608
0.1761029411764706,0.47644230769230766,0.8175410628318787
0.1761029411764706,0.47692307692307695,0.8173794150352478
0.17647058823529413,0.47692307692307695,0.8169254660606384
0.17647058823529413,0.4778846153846154,0.8166273236274719
0.17720588235294119,0.4778846153846154,0.8160621523857117
0.17720588235294119,0.47836538461538464,0.8159855604171753
0.18088235294117647,0.47836538461538464,0.81460040807724
0.18088235294117647,0.47884615384615387,0.8145343065261841
0.18235294117647058,0.47884615384615387,0.8139925003051758
0.18235294117647058,0.4793269230769231,0.8139863610267639
0.1827205882352941,0.4793269230769231,0.8139612674713135
0.1827205882352941,0.4798076923076923,0.8139362931251526
0.18382352941176472,0.4798076923076923,0.8134779334068298
0.18382352941176472,0.48028846153846155,0.8134568929672241
0.18676470588235294,0.48028846153846155,0.8124135136604309
0.18676470588235294,0.48125,0.8119711875915527
0.1875,0.48125,0.8115262985229492
0.1875,0.48173076923076924,0.8113218545913696
0.18786764705882353,0.48173076923076924,0.8108872175216675
0.18786764705882353,0.4831730769230769,0.8097594380378723
0.18823529411764706,0.4831730769230769,0.8095507025718689
0.18823529411764706,0.48365384615384616,0.8093390464782715
0.1889705882352941,0.48365384615384616,0.8090514540672302
0.1889705882352941,0.48509615384615384,0.8085825443267822
0.18933823529411764,0.48509615384615384,0.8085776567459106
0.18933823529411764,0.4879807692307692,0.8079037070274353
0.18970588235294117,0.4879807692307692,0.8079031705856323
0.18970588235294117,0.4894230769230769,0.8077405095100403
0.1900735294117647,0.4894230769230769,0.8075894117355347
0.1900735294117647,0.49038461538461536,0.8074442744255066
0.19044117647058822,0.49038461538461536,0.8073235750198364
0.19044117647058822,0.5076923076923077,0.8048396706581116
0.19117647058823528,0.5076923076923077,0.8046532273292542
0.19117647058823528,0.5081730769230769,0.804472804069519
0.19264705882352942,0.5081730769230769,0.8023906350135803
0.19264705882352942,0.5096153846153846,0.8021478056907654
0.19301470588235295,0.5096153846153846,0.8018100261688232
0.19301470588235295,0.5100961538461538,0.8016982674598694
0.19411764705882353,0.5100961538461538,0.8014011383056641
0.19411764705882353,0.510576923076923,0.8012604117393494
0.1948529411764706,0.510576923076923,0.8008904457092285
0.1948529411764706,0.5110576923076923,0.8008148074150085
0.19779411764705881,0.5110576923076923,0.8000434041023254
0.19779411764705881,0.5115384615384615,0.7999232411384583
0.19963235294117648,0.5115384615384615,0.799653172492981
0.19963235294117648,0.5120192307692307,0.7996485233306885
0.2011029411764706,0.5120192307692307,0.7994334697723389
0.2011029411764706,0.5125,0.7994334101676941
0.20220588235294118,0.5125,0.7990177869796753
0.20220588235294118,0.5129807692307692,0.7990133166313171
0.20772058823529413,0.5129807692307692,0.7981483936309814
0.20772058823529413,0.5134615384615384,0.7981293797492981
0.21066176470588235,0.5134615384615384,0.7975561618804932
0.21066176470588235,0.5139423076923076,0.7975079417228699
0.21176470588235294,0.5139423076923076,0.7973544597625732
0.21176470588235294,0.5153846153846153,0.7960748672485352
0.21213235294117647,0.5153846153846153,0.7959715723991394
0.21213235294117647,0.5168269230769231,0.7956125140190125
0.2125,0.5168269230769231,0.7955640554428101
0.2125,0.5201923076923077,0.7938228845596313
0.21286764705882352,0.5201923076923077,0.7935935854911804
0.21286764705882352,0.5216346153846154,0.7934349775314331
0.21360294117647058,0.5216346153846154,0.7933889031410217
0.21360294117647058,0.5235576923076923,0.7931723594665527
0.2139705882352941,0.5235576923076923,0.793161928653717
0.2139705882352941,0.5240384615384616,0.7930958271026611
0.21433823529411763,0.5240384615384616,0.7930536866188049
0.21433823529411763,0.5264423076923077,0.792404055595398
0.21470588235294116,0.5264423076923077,0.7923275828361511
0.21470588235294116,0.5317307692307692,0.791341245174408
0.21507352941176472,0.5317307692307692,0.7912728786468506
0.21507352941176472,0.5322115384615385,0.7910186052322388
0.2161764705882353,0.5322115384615385,0.790264368057251
0.2161764705882353,0.5336538461538461,0.7890346646308899
0.21911764705882353,0.5336538461538461,0.7884663343429565
0.21911764705882353,0.5360576923076923,0.7874479293823242
0.21985294117647058,0.5360576923076923,0.7869868874549866
0.21985294117647058,0.5370192307692307,0.7868250608444214
0.2202205882352941,0.5370192307692307,0.7868016958236694
0.2202205882352941,0.5379807692307692,0.7861988544464111
0.22058823529411764,0.5379807692307692,0.7861547470092773
0.22058823529411764,0.5384615384615384,0.7859448790550232
0.22095588235294117,0.5384615384615384,0.7858268022537231
0.22095588235294117,0.5403846153846154,0.7857398986816406
0.22169117647058822,0.5403846153846154,0.7855479717254639
0.22169117647058822,0.541826923076923,0.7854764461517334
0.22205882352941175,0.541826923076923,0.7854030132293701
0.22205882352941175,0.5461538461538461,0.7846509218215942
0.22242647058823528,0.5461538461538461,0.7846264839172363
0.22242647058823528,0.5466346153846153,0.7845924496650696
0.22279411764705884,0.5466346153846153,0.7845789194107056
0.22279411764705884,0.5475961538461539,0.7843448519706726
0.22316176470588237,0.5475961538461539,0.7842968106269836
0.22316176470588237,0.5490384615384616,0.784206211566925
0.2235294117647059,0.5490384615384616,0.7841874957084656
0.2235294117647059,0.55,0.7841113209724426
0.22389705882352942,0.55,0.7840789556503296
0.22389705882352942,0.5543269230769231,0.7834595441818237
0.225,0.5543269230769231,0.7833341956138611
0.225,0.55625,0.782991886138916
0.22536764705882353,0.55625,0.7829357385635376
0.22536764705882353,0.5567307692307693,0.782882034778595
0.22573529411764706,0.5567307692307693,0.7827128767967224
0.22573529411764706,0.5586538461538462,0.7825160622596741
0.22647058823529412,0.5586538461538462,0.7823167443275452
0.22647058823529412,0.5591346153846154,0.7823101282119751
0.22720588235294117,0.5591346153846154,0.7822316288948059
0.22720588235294117,0.5596153846153846,0.7821738123893738
0.23419117647058824,0.5596153846153846,0.7801284790039062
0.23419117647058824,0.5600961538461539,0.779670000076294
0.23455882352941176,0.5600961538461539,0.7795466780662537
0.23455882352941176,0.5605769230769231,0.7786726951599121
0.2349264705882353,0.5605769230769231,0.7784650325775146
0.2349264705882353,0.5615384615384615,0.7778772711753845
0.2363970588235294,0.5615384615384615,0.7775468826293945
0.2363970588235294,0.5620192307692308,0.777212917804718
0.2386029411764706,0.5620192307692308,0.7761881947517395
0.2386029411764706,0.5625,0.7761610746383667
0.23933823529411766,0.5625,0.7759045362472534
0.23933823529411766,0.5629807692307692,0.7758933901786804
0.24301470588235294,0.5629807692307692,0.7754108309745789
0.24301470588235294,0.5634615384615385,0.7753682136535645
0.2474264705882353,0.5634615384615385,0.7746871113777161
0.2474264705882353,0.5639423076923077,0.7745214700698853
0.25036764705882353,0.5639423076923077,0.7740304470062256
0.25036764705882353,0.5644230769230769,0.7739840745925903
0.25330882352941175,0.5644230769230769,0.7736920118331909
0.25330882352941175,0.5649038461538461,0.7736010551452637
0.25588235294117645,0.5649038461538461,0.7733623385429382
0.25588235294117645,0.5653846153846154,0.7731158137321472
0.25698529411764703,0.5653846153846154,0.7728360295295715
0.25698529411764703,0.5658653846153846,0.7727704644203186
0.2577205882352941,0.5658653846153846,0.7722078561782837
0.2577205882352941,0.5663461538461538,0.772059440612793
0.25882352941176473,0.5663461538461538,0.771766722202301
0.25882352941176473,0.5668269230769231,0.7714702486991882
0.25919117647058826,0.5668269230769231,0.7714126706123352
0.25919117647058826,0.5673076923076923,0.77110356092453
0.26286764705882354,0.5673076923076923,0.7703633904457092
0.26286764705882354,0.5677884615384615,0.7702823877334595
0.2647058823529412,0.5677884615384615,0.7700327038764954
0.2647058823529412,0.5682692307692307,0.7699715495109558
0.26691176470588235,0.5682692307692307,0.7694916129112244
0.26691176470588235,0.56875,0.7692663669586182
0.26801470588235293,0.56875,0.7690446376800537
0.26801470588235293,0.5692307692307692,0.7690262198448181
0.2698529411764706,0.5692307692307692,0.7683963775634766
0.2698529411764706,0.5697115384615384,0.7682185769081116
0.27058823529411763,0.5697115384615384,0.7680056691169739
0.27058823529411763,0.5706730769230769,0.767186164855957
0.27095588235294116,0.5706730769230769,0.767143726348877
0.27095588235294116,0.5711538461538461,0.7671247720718384
0.2716911764705882,0.5711538461538461,0.7665567398071289
0.2716911764705882,0.5716346153846154,0.7663626074790955
0.27389705882352944,0.5716346153846154,0.7638871669769287
0.27389705882352944,0.5721153846153846,0.7638412117958069
0.27426470588235297,0.5721153846153846,0.7636613249778748
0.27426470588235297,0.5725961538461538,0.7636135220527649
0.28308823529411764,0.5725961538461538,0.7612103819847107
0.28308823529411764,0.573076923076923,0.7611613273620605
0.28345588235294117,0.573076923076923,0.7611587047576904
0.28345588235294117,0.5735576923076923,0.7611113786697388
0.2849264705882353,0.5735576923076923,0.760699450969696
0.2849264705882353,0.5740384615384615,0.7606375217437744
0.2863970588235294,0.5740384615384615,0.7600706815719604
0.2863970588235294,0.5745192307692307,0.7600444555282593
0.2893382352941177,0.5745192307692307,0.7592024207115173
0.2893382352941177,0.5754807692307692,0.7591532468795776
0.29154411764705884,0.5754807692307692,0.7585621476173401
0.29154411764705884,0.5783653846153847,0.7571495175361633
0.29191176470588237,0.5783653846153847,0.7567254304885864
0.29191176470588237,0.5802884615384616,0.7555927634239197
0.2922794117647059,0.5802884615384616,0.755455493927002
0.2922794117647059,0.58125,0.7551736831665039
0.2926470588235294,0.58125,0.7548619508743286
0.2926470588235294,0.5850961538461539,0.7545138001441956
0.29301470588235295,0.5850961538461539,0.7544755935668945
0.29301470588235295,0.5870192307692308,0.7536198496818542
0.2933823529411765,0.5870192307692308,0.7533685564994812
0.2933823529411765,0.5918269230769231,0.7521432042121887
0.29375,0.5918269230769231,0.7517499327659607
0.29375,0.5942307692307692,0.7499592900276184
0.2948529411764706,0.5942307692307692,0.7493774890899658
0.2948529411764706,0.5956730769230769,0.7491721510887146
0.2952205882352941,0.5956730769230769,0.7490562796592712
0.2952205882352941,0.5961538461538461,0.7487728595733643
0.29558823529411765,0.5961538461538461,0.7484829425811768
0.29558823529411765,0.5980769230769231,0.7479269504547119
0.2959558823529412,0.5980769230769231,0.7478528618812561
0.2959558823529412,0.6048076923076923,0.7461100220680237
0.29669117647058824,0.6048076923076923,0.7459096312522888
0.29669117647058824,0.6067307692307692,0.7457310557365417
0.29705882352941176,0.6067307692307692,0.7456747889518738
0.29705882352941176,0.6105769230769231,0.7439491748809814
0.2977941176470588,0.6105769230769231,0.7438817620277405
0.2977941176470588,0.6110576923076924,0.7438066601753235
0.29816176470588235,0.6110576923076924,0.7436951994895935
0.29816176470588235,0.6120192307692308,0.7434304356575012
0.2985294117647059,0.6120192307692308,0.7432758212089539
0.2985294117647059,0.61875,0.7417308688163757
0.2988970588235294,0.61875,0.741622805595398
0.2988970588235294,0.6197115384615385,0.7414990663528442
0.29926470588235293,0.6197115384615385,0.7412247657775879
0.29926470588235293,0.6216346153846154,0.7409142851829529
0.29963235294117646,0.6216346153846154,0.7407663464546204
0.29963235294117646,0.6230769230769231,0.7398439049720764
0.3,0.6230769230769231,0.739814281463623
0.3,0.6235576923076923,0.7385399341583252
0.3003676470588235,0.6235576923076923,0.7382276654243469
0.3003676470588235,0.6245192307692308,0.7368851900100708
0.30073529411764705,0.6245192307692308,0.7353129982948303
0.30073529411764705,0.6269230769230769,0.7337673902511597
0.3014705882352941,0.6269230769230769,0.7333128452301025
0.3014705882352941,0.6274038461538461,0.7332856059074402
0.3025735294117647,0.6274038461538461,0.7322823405265808
0.3025735294117647,0.6278846153846154,0.732129693031311
0.30330882352941174,0.6278846153846154,0.7316160202026367
0.30330882352941174,0.6288461538461538,0.7313366532325745
0.30367647058823527,0.6288461538461538,0.7313103675842285
0.30367647058823527,0.6307692307692307,0.7310113906860352
0.3040441176470588,0.6307692307692307,0.730985164642334
0.3040441176470588,0.6341346153846154,0.7301021814346313
0.30551470588235297,0.6341346153846154,0.729754626750946
0.30551470588235297,0.6350961538461538,0.7295393347740173
0.30625,0.6350961538461538,0.7293886542320251
0.30625,0.6360576923076923,0.7293534874916077
0.3073529411764706,0.6360576923076923,0.7291259169578552
0.3073529411764706,0.6375,0.7287745475769043
0.30808823529411766,0.6375,0.7285521626472473
0.30808823529411766,0.6379807692307692,0.7284892201423645
0.30919117647058825,0.6379807692307692,0.7283563017845154
0.30919117647058825,0.6394230769230769,0.7282074093818665
0.31029411764705883,0.6394230769230769,0.7279357314109802
0.31029411764705883,0.6399038461538461,0.7278835773468018
0.31066176470588236,0.6399038461538461,0.7278132438659668
0.31066176470588236,0.6403846153846153,0.7278100252151489
0.3125,0.6403846153846153,0.7273768186569214
0.3125,0.6408653846153847,0.7268170118331909
0.3136029411764706,0.6408653846153847,0.726007342338562
0.3136029411764706,0.6413461538461539,0.725766122341156
0.3139705882352941,0.6413461538461539,0.7257130146026611
0.3139705882352941,0.6427884615384616,0.7251668572425842
0.31433823529411764,0.6427884615384616,0.7250387072563171
0.31433823529411764,0.64375,0.7246561646461487
0.3150735294117647,0.64375,0.723849892616272
0.3150735294117647,0.6442307692307693,0.7238246202468872
0.31580882352941175,0.6442307692307693,0.7232382297515869
0.31580882352941175,0.6461538461538462,0.7228773236274719
0.31691176470588234,0.6461538461538462,0.7219706773757935
0.31691176470588234,0.6466346153846154,0.7217732071876526
0.31727941176470587,0.6466346153846154,0.7217682003974915
0.31727941176470587,0.6480769230769231,0.7210434675216675
0.3176470588235294,0.6480769230769231,0.7210317850112915
0.3176470588235294,0.6485576923076923,0.721026599407196
0.31838235294117645,0.6485576923076923,0.7206531167030334
0.31838235294117645,0.6490384615384616,0.720483124256134
0.3191176470588235,0.6490384615384616,0.7199700474739075
0.3191176470588235,0.6495192307692308,0.7194849252700806
0.31948529411764703,0.6495192307692308,0.719327449798584
0.31948529411764703,0.6509615384615385,0.7186623215675354
0.3202205882352941,0.6509615384615385,0.7180966138839722
0.3202205882352941,0.6524038461538462,0.7178298830986023
0.3205882352941177,0.6524038461538462,0.7176894545555115
0.3205882352941177,0.6528846153846154,0.7176617980003357
0.32169117647058826,0.6528846153846154,0.7170876264572144
0.32169117647058826,0.6533653846153846,0.7168433666229248
0.3220588235294118,0.6533653846153846,0.7166481614112854
0.3220588235294118,0.6552884615384615,0.7156624794006348
0.3224264705882353,0.6552884615384615,0.7152351140975952
0.3224264705882353,0.6567307692307692,0.7149090766906738
0.32279411764705884,0.6567307692307692,0.7148391604423523
0.32279411764705884,0.6581730769230769,0.7143564224243164
0.32316176470588237,0.6581730769230769,0.7142876982688904
0.32316176470588237,0.6591346153846154,0.7129409909248352
0.3238970588235294,0.6591346153846154,0.7119966745376587
0.3238970588235294,0.6610576923076923,0.7114768624305725
0.3246323529411765,0.6610576923076923,0.7108383178710938
0.3246323529411765,0.6620192307692307,0.7106981873512268
0.325,0.6620192307692307,0.7105070352554321
0.325,0.6629807692307692,0.7097718119621277
0.32536764705882354,0.6629807692307692,0.7095503211021423
0.32536764705882354,0.6677884615384615,0.7085463404655457
0.32683823529411765,0.6677884615384615,0.7082113027572632
0.32683823529411765,0.6682692307692307,0.7081828117370605
0.3272058823529412,0.6682692307692307,0.7081122398376465
0.3272058823529412,0.66875,0.7080883383750916
0.3275735294117647,0.66875,0.7080442905426025
0.3275735294117647,0.6692307692307692,0.7079511284828186
0.32794117647058824,0.6692307692307692,0.70790696144104
0.32794117647058824,0.6697115384615384,0.7078899145126343
0.32830882352941176,0.6697115384615384,0.7078898549079895
0.32830882352941176,0.6701923076923076,0.7078884243965149
0.3286764705882353,0.6701923076923076,0.707703709602356
0.3286764705882353,0.6716346153846153,0.7073567509651184
0.32941176470588235,0.6716346153846153,0.7071524262428284
0.32941176470588235,0.6721153846153847,0.7070827484130859
0.3297794117647059,0.6721153846153847,0.7070476412773132
0.3297794117647059,0.6740384615384616,0.7069703936576843
0.3301470588235294,0.6740384615384616,0.7069376111030579
0.3301470588235294,0.6754807692307693,0.7068672776222229
0.3316176470588235,0.6754807692307693,0.7066798806190491
0.3316176470588235,0.6764423076923077,0.7064085602760315
0.33198529411764705,0.6764423076923077,0.7063813209533691
0.33198529411764705,0.6774038461538462,0.7062491178512573
0.3323529411764706,0.6774038461538462,0.7061723470687866
0.3323529411764706,0.6783653846153846,0.7061099410057068
0.33308823529411763,0.6783653846153846,0.705965518951416
0.33308823529411763,0.6788461538461539,0.7059407830238342
0.33345588235294116,0.6788461538461539,0.7059210538864136
0.33345588235294116,0.6793269230769231,0.7058964371681213
0.33455882352941174,0.6793269230769231,0.7057754397392273
0.33455882352941174,0.6807692307692308,0.7055193185806274
0.3352941176470588,0.6807692307692308,0.7053475975990295
0.3352941176470588,0.6822115384615385,0.7052499651908875
0.3356617647058823,0.6822115384615385,0.7051681876182556
0.3356617647058823,0.6826923076923077,0.7051456570625305
0.3360294117647059,0.6826923076923077,0.705142617225647
0.3360294117647059,0.6831730769230769,0.7050999999046326
0.33639705882352944,0.6831730769230769,0.7050797939300537
0.33639705882352944,0.6841346153846154,0.7049999833106995
0.33676470588235297,0.6841346153846154,0.704986035823822
0.33676470588235297,0.6846153846153846,0.7049440145492554
0.3382352941176471,0.6846153846153846,0.7048240303993225
0.3382352941176471,0.6855769230769231,0.7047269344329834
0.3386029411764706,0.6855769230769231,0.7046846151351929
0.3386029411764706,0.6860576923076923,0.7046659588813782
0.34044117647058825,0.6860576923076923,0.7044035792350769
0.34044117647058825,0.6865384615384615,0.7043141722679138
0.3408088235294118,0.6865384615384615,0.7042566537857056
0.3408088235294118,0.6870192307692308,0.7042269706726074
0.3411764705882353,0.6870192307692308,0.7042113542556763
0.3411764705882353,0.6875,0.704139769077301
0.34191176470588236,0.6875,0.7040939331054688
0.34191176470588236,0.6879807692307692,0.7040738463401794
0.3422794117647059,0.6879807692307692,0.7040492296218872
0.3422794117647059,0.6884615384615385,0.7039334177970886
0.3426470588235294,0.6884615384615385,0.7039064764976501
0.3426470588235294,0.6908653846153846,0.703697919845581
0.34411764705882353,0.6908653846153846,0.7035278677940369
0.34411764705882353,0.6913461538461538,0.7034996151924133
0.34448529411764706,0.6913461538461538,0.7033640742301941
0.34448529411764706,0.6927884615384615,0.7032653093338013
0.34558823529411764,0.6927884615384615,0.7032244801521301
0.34558823529411764,0.69375,0.7031764388084412
0.34595588235294117,0.69375,0.7031630277633667
0.34595588235294117,0.6942307692307692,0.7030965685844421
0.3463235294117647,0.6942307692307692,0.7030220627784729
0.3463235294117647,0.6971153846153846,0.7028912901878357
0.3466911764705882,0.6971153846153846,0.7028601169586182
0.3466911764705882,0.6975961538461538,0.70283043384552
0.34705882352941175,0.6975961538461538,0.7026109099388123
0.34705882352941175,0.6990384615384615,0.7025249600410461
0.3477941176470588,0.6990384615384615,0.7024658918380737
0.3477941176470588,0.7,0.7024518847465515
0.34852941176470587,0.7,0.7023680210113525
0.34852941176470587,0.7014423076923076,0.7023131251335144
0.3488970588235294,0.7014423076923076,0.7022470235824585
0.3488970588235294,0.7028846153846153,0.7022156715393066
0.3492647058823529,0.7028846153846153,0.702107310295105
0.3492647058823529,0.7038461538461539,0.7020825743675232
0.35073529411764703,0.7038461538461539,0.7018246650695801
0.35073529411764703,0.7043269230769231,0.7017025351524353
0.35110294117647056,0.7043269230769231,0.7016609311103821
0.35110294117647056,0.7057692307692308,0.7015514969825745
0.3514705882352941,0.7057692307692308,0.7015513777732849
0.3514705882352941,0.7067307692307693,0.7013459801673889
0.35257352941176473,0.7067307692307693,0.7012476921081543
0.35257352941176473,0.7072115384615385,0.7012425065040588
0.3533088235294118,0.7072115384615385,0.7011939883232117
0.3533088235294118,0.7086538461538462,0.7010703086853027
0.3536764705882353,0.7086538461538462,0.7010210156440735
0.3536764705882353,0.7163461538461539,0.6984996795654297
0.35404411764705884,0.7163461538461539,0.6978906989097595
0.35404411764705884,0.7168269230769231,0.6978729963302612
0.35441176470588237,0.7168269230769231,0.69752037525177
0.35441176470588237,0.7177884615384615,0.6969507932662964
0.3551470588235294,0.7177884615384615,0.6966764330863953
0.3551470588235294,0.7206730769230769,0.6957753300666809
0.35551470588235295,0.7206730769230769,0.695744514465332
0.35551470588235295,0.7274038461538461,0.693886935710907
0.35625,0.7274038461538461,0.6936767101287842
0.35625,0.7302884615384615,0.6930633783340454
0.35661764705882354,0.7302884615384615,0.6930314898490906
0.35661764705882354,0.7336538461538461,0.6926084160804749
0.35698529411764707,0.7336538461538461,0.6925988793373108
0.35698529411764707,0.7341346153846153,0.6925647854804993
0.3577205882352941,0.7341346153846153,0.6922668218612671
0.3577205882352941,0.7413461538461539,0.6910766959190369
0.35808823529411765,0.7413461538461539,0.6910024285316467
0.35808823529411765,0.7427884615384616,0.6905550360679626
0.3584558823529412,0.7427884615384616,0.6904003024101257
0.3584558823529412,0.7447115384615385,0.68994140625
0.3588235294117647,0.7447115384615385,0.6898705959320068
0.3588235294117647,0.7451923076923077,0.6898471713066101
0.35919117647058824,0.7451923076923077,0.6895897388458252
0.35919117647058824,0.7456730769230769,0.6895543336868286
0.35955882352941176,0.7456730769230769,0.6887559294700623
0.35955882352941176,0.7461538461538462,0.688389241695404
0.3599264705882353,0.7461538461538462,0.6881014704704285
0.3599264705882353,0.7466346153846154,0.6876116991043091
0.3602941176470588,0.7466346153846154,0.6871159672737122
0.3602941176470588,0.7485576923076923,0.6856920719146729
0.3613970588235294,0.7485576923076923,0.6847483515739441
0.3613970588235294,0.7514423076923077,0.6837400197982788
0.36176470588235293,0.7514423076923077,0.6830487847328186
0.36176470588235293,0.7538461538461538,0.6826575398445129
0.36213235294117646,0.7538461538461538,0.6823037266731262
0.36213235294117646,0.7567307692307692,0.6818360090255737
0.3625,0.7567307692307692,0.6815143823623657
0.3625,0.7596153846153846,0.6803992390632629
0.3628676470588235,0.7596153846153846,0.6803571581840515
0.3628676470588235,0.7600961538461538,0.6801837086677551
0.36323529411764705,0.7600961538461538,0.6800945401191711
0.36323529411764705,0.7634615384615384,0.6792830228805542
0.3639705882352941,0.7634615384615384,0.6791003942489624
0.3639705882352941,0.7644230769230769,0.6781631708145142
0.36433823529411763,0.7644230769230769,0.6780692934989929
0.36433823529411763,0.7649038461538461,0.6777439713478088
0.36470588235294116,0.7649038461538461,0.6776435375213623
0.36470588235294116,0.7663461538461539,0.6768598556518555
0.3650735294117647,0.7663461538461539,0.6765982508659363
0.3650735294117647,0.7668269230769231,0.6763849258422852
0.3654411764705882,0.7668269230769231,0.6760509610176086
0.3654411764705882,0.7701923076923077,0.6744428277015686
0.36617647058823527,0.7701923076923077,0.6743103861808777
0.36617647058823527,0.7725961538461539,0.6735878586769104
0.3665441176470588,0.7725961538461539,0.6731870770454407
0.3665441176470588,0.7783653846153846,0.6716100573539734
0.3669117647058823,0.7783653846153846,0.671576738357544
0.3669117647058823,0.7793269230769231,0.6711455583572388
0.36801470588235297,0.7793269230769231,0.6706151962280273
0.36801470588235297,0.7802884615384615,0.6702035069465637
0.36911764705882355,0.7802884615384615,0.669875979423523
0.36911764705882355,0.7807692307692308,0.6698641180992126
0.3698529411764706,0.7807692307692308,0.6695131659507751
0.3698529411764706,0.78125,0.6686974763870239
0.37058823529411766,0.78125,0.6685338616371155
0.37058823529411766,0.7817307692307692,0.668378472328186
0.3720588235294118,0.7817307692307692,0.6681448817253113
0.3720588235294118,0.7826923076923077,0.6680678129196167
0.3801470588235294,0.7826923076923077,0.6657799482345581
0.3801470588235294,0.7836538461538461,0.6655400991439819
0.3816176470588235,0.7836538461538461,0.6652149558067322
0.3816176470588235,0.7841346153846154,0.6652034521102905
0.3871323529411765,0.7841346153846154,0.6639527082443237
0.3871323529411765,0.7850961538461538,0.6638894081115723
0.38823529411764707,0.7850961538461538,0.6636118292808533
0.38823529411764707,0.7855769230769231,0.6634935736656189
0.3889705882352941,0.7855769230769231,0.6628103852272034
0.3889705882352941,0.7860576923076923,0.6626445651054382
0.3897058823529412,0.7860576923076923,0.6612749099731445
0.3897058823529412,0.7865384615384615,0.6612020134925842
0.3900735294117647,0.7865384615384615,0.6611472964286804
0.3900735294117647,0.7870192307692307,0.6607364416122437
0.3911764705882353,0.7870192307692307,0.6603991389274597
0.3911764705882353,0.7889423076923077,0.6596719026565552
0.39338235294117646,0.7889423076923077,0.6570842266082764
0.39338235294117646,0.7894230769230769,0.6570411324501038
0.39375,0.7894230769230769,0.6569709181785583
0.39375,0.7908653846153846,0.6566125750541687
0.39595588235294116,0.7908653846153846,0.654844343662262
0.39595588235294116,0.7913461538461538,0.6548082232475281
0.3985294117647059,0.7913461538461538,0.6540945172309875
0.3985294117647059,0.791826923076923,0.6540089845657349
0.4007352941176471,0.791826923076923,0.653652012348175
0.4007352941176471,0.7923076923076923,0.6535034775733948
0.40183823529411766,0.7923076923076923,0.6527919173240662
0.40183823529411766,0.7927884615384615,0.6527235507965088
0.4033088235294118,0.7927884615384615,0.6516278982162476
0.4033088235294118,0.7932692307692307,0.6515359878540039
0.4047794117647059,0.7932692307692307,0.6513381004333496
0.4047794117647059,0.79375,0.6511997580528259
0.40551470588235294,0.79375,0.6505757570266724
0.40551470588235294,0.7956730769230769,0.6499946713447571
0.40588235294117647,0.7956730769230769,0.6492867469787598
0.40588235294117647,0.7980769230769231,0.6487882733345032
0.40661764705882353,0.7980769230769231,0.6485396027565002
0.40661764705882353,0.8009615384615385,0.6481313705444336
0.40698529411764706,0.8009615384615385,0.6477994322776794
0.40698529411764706,0.8014423076923077,0.6477888226509094
0.4077205882352941,0.8014423076923077,0.6477559804916382
0.4077205882352941,0.801923076923077,0.6476112008094788
0.40808823529411764,0.801923076923077,0.6475408673286438
0.40808823529411764,0.8033653846153846,0.6473197340965271
0.40845588235294117,0.8033653846153846,0.6471632719039917
0.40845588235294117,0.8038461538461539,0.6471399664878845
0.40955882352941175,0.8038461538461539,0.646970808506012
0.40955882352941175,0.8048076923076923,0.6468077301979065
0.4099264705882353,0.8048076923076923,0.6467816829681396
0.4099264705882353,0.8072115384615385,0.646391749382019
0.4113970588235294,0.8072115384615385,0.6459552049636841
0.4113970588235294,0.8076923076923077,0.6459278464317322
0.41213235294117645,0.8076923076923077,0.6456149220466614
0.41213235294117645,0.8081730769230769,0.6454487442970276
0.41507352941176473,0.8081730769230769,0.6447306871414185
0.41507352941176473,0.8100961538461539,0.6441154479980469
0.4158088235294118,0.8100961538461539,0.6437820196151733
0.4158088235294118,0.8149038461538461,0.6423739194869995
0.4161764705882353,0.8149038461538461,0.642099142074585
0.4161764705882353,0.8206730769230769,0.6413525938987732
0.41654411764705884,0.8206730769230769,0.6412230730056763
0.41654411764705884,0.8211538461538461,0.641201376914978
0.41691176470588237,0.8211538461538461,0.6410949230194092
0.41691176470588237,0.8221153846153846,0.6405549645423889
0.4183823529411765,0.8221153846153846,0.6396991014480591
0.4183823529411765,0.8225961538461538,0.6396551132202148
0.4198529411764706,0.8225961538461538,0.6382870078086853
0.4198529411764706,0.8240384615384615,0.6378099918365479
0.42169117647058824,0.8240384615384615,0.6374195218086243
0.42169117647058824,0.8245192307692307,0.6374184489250183
0.4224264705882353,0.8245192307692307,0.6373787522315979
0.4224264705882353,0.825,0.6373487114906311
0.42426470588235293,0.825,0.6359834671020508
0.42426470588235293,0.8254807692307692,0.6357988715171814
0.4279411764705882,0.8254807692307692,0.634860098361969
0.4279411764705882,0.8259615384615384,0.6344044208526611
0.42867647058823527,0.8259615384615384,0.6336137652397156
0.42867647058823527,0.8264423076923076,0.6335849165916443
0.4290441176470588,0.8264423076923076,0.6333561539649963
0.4290441176470588,0.8274038461538461,0.6330050230026245
0.4297794117647059,0.8274038461538461,0.6321817636489868
0.4297794117647059,0.8278846153846153,0.6317369937896729
0.43014705882352944,0.8278846153846153,0.6311305165290833
0.43014705882352944,0.8288461538461539,0.6307935118675232
0.43051470588235297,0.8288461538461539,0.630622923374176
0.43051470588235297,0.8293269230769231,0.6304997205734253
0.4308823529411765,0.8293269230769231,0.6302030086517334
0.4308823529411765,0.8298076923076924,0.629806399345398
0.4323529411764706,0.8298076923076924,0.6289169788360596
0.4323529411764706,0.8307692307692308,0.6284236311912537
0.4345588235294118,0.8307692307692308,0.6254768967628479
0.4345588235294118,0.8326923076923077,0.6239349246025085
0.4349264705882353,0.8326923076923077,0.6231560707092285
0.4349264705882353,0.8336538461538462,0.6200970411300659
0.4360294117647059,0.8336538461538462,0.6192709803581238
0.4360294117647059,0.8341346153846154,0.6188410520553589
0.4363970588235294,0.8341346153846154,0.6183434128761292
0.4363970588235294,0.8350961538461539,0.6177065372467041
0.43713235294117647,0.8350961538461539,0.6173861622810364
0.43713235294117647,0.8360576923076923,0.6168749928474426
0.4375,0.8360576923076923,0.6168741583824158
0.4375,0.8365384615384616,0.6164528727531433
0.4386029411764706,0.8365384615384616,0.616270124912262
0.4386029411764706,0.8375,0.6162014603614807
0.43933823529411764,0.8375,0.6158294677734375
0.43933823529411764,0.8403846153846154,0.6154604554176331
0.4411764705882353,0.8403846153846154,0.615014910697937
0.4411764705882353,0.8418269230769231,0.6147081851959229
0.4415441176470588,0.8418269230769231,0.6146944165229797
0.4415441176470588,0.8423076923076923,0.6146267056465149
0.44191176470588234,0.8423076923076923,0.6143501400947571
0.44191176470588234,0.8427884615384615,0.6142341494560242
0.4430147058823529,0.8427884615384615,0.6140209436416626
0.4430147058823529,0.8432692307692308,0.6140013337135315
0.44338235294117645,0.8432692307692308,0.6138061285018921
0.44338235294117645,0.8451923076923077,0.6136761903762817
0.44375,0.8451923076923077,0.6136366724967957
0.44375,0.8456730769230769,0.6136114001274109
0.4441176470588235,0.8456730769230769,0.6134682297706604
0.4441176470588235,0.8461538461538461,0.6134003400802612
0.4459558823529412,0.8461538461538461,0.6126750111579895
0.4459558823529412,0.8471153846153846,0.6122468113899231
0.44669117647058826,0.8471153846153846,0.6114989519119263
0.44669117647058826,0.8475961538461538,0.6107794046401978
0.4474264705882353,0.8475961538461538,0.6092756390571594
0.4474264705882353,0.8485576923076923,0.6091617345809937
0.44816176470588237,0.8485576923076923,0.6072422862052917
0.44816176470588237,0.8495192307692307,0.6066665649414062
0.4485294117647059,0.8495192307692307,0.6064727306365967
0.4485294117647059,0.85,0.6063529849052429
0.45,0.85,0.6026089191436768
0.45,0.8509615384615384,0.601776123046875
0.4511029411764706,0.8509615384615384,0.5992438197135925
0.4511029411764706,0.8528846153846154,0.5953409075737
0.4525735294117647,0.8528846153846154,0.5921822190284729
0.4525735294117647,0.8533653846153846,0.5916745662689209
0.45294117647058824,0.8533653846153846,0.5915032625198364
0.45294117647058824,0.8538461538461538,0.5908347368240356
0.4577205882352941,0.8538461538461538,0.5882680416107178
0.4577205882352941,0.854326923076923,0.5882022976875305
0.4588235294117647,0.854326923076923,0.5877015590667725
0.4588235294117647,0.8557692307692307,0.5874955058097839
0.4602941176470588,0.8557692307692307,0.5870805978775024
0.4602941176470588,0.85625,0.5868790149688721
0.4606617647058823,0.85625,0.5865392684936523
0.4606617647058823,0.8576923076923076,0.5855849385261536
0.46139705882352944,0.8576923076923076,0.5850247144699097
0.46139705882352944,0.8600961538461539,0.5836524963378906
0.46176470588235297,0.8600961538461539,0.583299458026886
0.46176470588235297,0.8615384615384616,0.5804701447486877
0.4625,0.8615384615384616,0.5801873207092285
0.4625,0.8629807692307693,0.5787794589996338
0.4650735294117647,0.8629807692307693,0.5733921527862549
0.4650735294117647,0.8639423076923077,0.5724624991416931
0.4661764705882353,0.8639423076923077,0.5716835856437683
0.4661764705882353,0.8653846153846154,0.5706015229225159
0.46654411764705883,0.8653846153846154,0.5703981518745422
0.46654411764705883,0.8658653846153846,0.5701966881752014
0.4672794117647059,0.8658653846153846,0.5700252652168274
0.4672794117647059,0.8706730769230769,0.568274736404419
0.4676470588235294,0.8706730769230769,0.5682715773582458
0.4676470588235294,0.8716346153846154,0.5680769681930542
0.46801470588235294,0.8716346153846154,0.5679714679718018
0.46801470588235294,0.8740384615384615,0.5670247077941895
0.46838235294117647,0.8740384615384615,0.5669094920158386
0.46838235294117647,0.875,0.5665791630744934
0.46875,0.875,0.5665552020072937
0.46875,0.8783653846153846,0.565832793712616
0.46911764705882353,0.8783653846153846,0.5654075741767883
0.46911764705882353,0.8788461538461538,0.5651416182518005
0.46948529411764706,0.8788461538461538,0.5643582344055176
0.46948529411764706,0.8793269230769231,0.5642843842506409
0.4713235294117647,0.8793269230769231,0.5635701417922974
0.4713235294117647,0.8807692307692307,0.5626941323280334
0.4716911764705882,0.8807692307692307,0.5625231862068176
0.4716911764705882,0.88125,0.5625162124633789
0.47316176470588234,0.88125,0.5619548559188843
0.47316176470588234,0.8822115384615384,0.5618953108787537
0.47352941176470587,0.8822115384615384,0.5618801712989807
0.47352941176470587,0.8826923076923077,0.5617147088050842
0.4742647058823529,0.8826923076923077,0.561688244342804
0.4742647058823529,0.8831730769230769,0.5615872740745544
0.47463235294117645,0.8831730769230769,0.5614390969276428
0.47463235294117645,0.8836538461538461,0.5613734126091003
0.47610294117647056,0.8836538461538461,0.5609513521194458
0.47610294117647056,0.8850961538461538,0.5606879591941833
0.4764705882352941,0.8850961538461538,0.5606772899627686
0.4764705882352941,0.885576923076923,0.560563325881958
0.4768382352941177,0.885576923076923,0.5604326725006104
0.4768382352941177,0.8865384615384615,0.5603359341621399
0.4786764705882353,0.8865384615384615,0.5599223971366882
0.4786764705882353,0.8870192307692307,0.5599132776260376
0.47904411764705884,0.8870192307692307,0.5598913431167603
0.47904411764705884,0.8875,0.5597372651100159
0.48051470588235295,0.8875,0.5594191551208496
0.48051470588235295,0.8879807692307692,0.5593938231468201
0.4808823529411765,0.8879807692307692,0.559349000453949
0.4808823529411765,0.8884615384615384,0.5591209530830383
0.48125,0.8884615384615384,0.5589475631713867
0.48125,0.8899038461538461,0.5587062239646912
0.48161764705882354,0.8899038461538461,0.5585870742797852
0.48161764705882354,0.8903846153846153,0.5584167838096619
0.48198529411764707,0.8903846153846153,0.5581679940223694
0.48198529411764707,0.8908653846153847,0.5581357479095459
0.4823529411764706,0.8908653846153847,0.5578614473342896
0.4823529411764706,0.8913461538461539,0.5576402544975281
0.4827205882352941,0.8913461538461539,0.5575413107872009
0.4827205882352941,0.8918269230769231,0.5572995543479919
0.48308823529411765,0.8918269230769231,0.5565658211708069
0.48308823529411765,0.8927884615384616,0.5563498735427856
0.48455882352941176,0.8927884615384616,0.5549368262290955
0.48455882352941176,0.89375,0.5545669198036194
0.4852941176470588,0.89375,0.5535409450531006
0.4852941176470588,0.8947115384615385,0.5530270934104919
0.4875,0.8947115384615385,0.5510388612747192
0.4875,0.8961538461538462,0.5506207346916199
0.48970588235294116,0.8961538461538462,0.5483380556106567
0.48970588235294116,0.8971153846153846,0.5480829477310181
0.4915441176470588,0.8971153846153846,0.5470144152641296
0.4915441176470588,0.8975961538461539,0.5468524098396301
0.49375,0.8975961538461539,0.5459873080253601
0.49375,0.8980769230769231,0.5458661913871765
0.4944852941176471,0.8980769230769231,0.5456924438476562
0.4944852941176471,0.8985576923076923,0.5451143383979797
0.4970588235294118,0.8985576923076923,0.5442256927490234
0.4970588235294118,0.8995192307692308,0.544049859046936
0.4988970588235294,0.8995192307692308,0.5435172319412231
0.4988970588235294,0.9004807692307693,0.5432125329971313
0.49926470588235294,0.9004807692307693,0.5429510474205017
0.49926470588235294,0.9009615384615385,0.5427988767623901
0.5,0.9009615384615385,0.542770266532898
0.5,0.9019230769230769,0.541732668876648
0.5011029411764706,0.9019230769230769,0.5408475399017334
0.5011029411764706,0.9024038461538462,0.5407770276069641
0.5025735294117647,0.9024038461538462,0.5392099618911743
0.5025735294117647,0.9028846153846154,0.5391765832901001
0.5033088235294118,0.9028846153846154,0.5384469032287598
0.5033088235294118,0.9033653846153846,0.5381742715835571
0.5044117647058823,0.9033653846153846,0.5380326509475708
0.5044117647058823,0.9038461538461539,0.5379959344863892
0.5055147058823529,0.9038461538461539,0.5374936461448669
0.5055147058823529,0.9048076923076923,0.537018895149231
0.5268382352941177,0.9048076923076923,0.5304660201072693
0.5268382352941177,0.9057692307692308,0.5301713347434998
0.5308823529411765,0.9057692307692308,0.5291303992271423
0.5308823529411765,0.90625,0.5288427472114563
0.5323529411764706,0.90625,0.5283116102218628
0.5323529411764706,0.9067307692307692,0.5281505584716797
0.5334558823529412,0.9067307692307692,0.5279297232627869
0.5334558823529412,0.9076923076923077,0.5277613997459412
0.5338235294117647,0.9076923076923077,0.5276972055435181
0.5338235294117647,0.9086538461538461,0.5270522236824036
0.5341911764705882,0.9086538461538461,0.5270084738731384
0.5341911764705882,0.9096153846153846,0.5269456505775452
0.5345588235294118,0.9096153846153846,0.5268581509590149
0.5345588235294118,0.9100961538461538,0.5267993807792664
0.5352941176470588,0.9100961538461538,0.5266559720039368
0.5352941176470588,0.9115384615384615,0.5263721346855164
0.5356617647058823,0.9115384615384615,0.526346743106842
0.5356617647058823,0.9139423076923077,0.5261213183403015
0.5363970588235294,0.9139423076923077,0.5258681774139404
0.5363970588235294,0.9144230769230769,0.5257137417793274
0.5367647058823529,0.9144230769230769,0.5256381630897522
0.5367647058823529,0.9153846153846154,0.5255622267723083
0.5375,0.9153846153846154,0.5254627466201782
0.5375,0.9158653846153846,0.5253934860229492
0.5378676470588235,0.9158653846153846,0.5253549814224243
0.5378676470588235,0.9163461538461538,0.5253192186355591
0.5386029411764706,0.9163461538461538,0.5251950025558472
0.5386029411764706,0.9177884615384615,0.5249280333518982
0.5389705882352941,0.9177884615384615,0.5247675776481628
0.5389705882352941,0.9182692307692307,0.5247654914855957
0.5393382352941176,0.9182692307692307,0.5247175693511963
0.5393382352941176,0.91875,0.5247024297714233
0.5397058823529411,0.91875,0.5246373414993286
0.5397058823529411,0.9235576923076924,0.5236181616783142
0.5400735294117647,0.9235576923076924,0.5235570073127747
0.5400735294117647,0.925,0.5232788920402527
0.5404411764705882,0.925,0.5231597423553467
0.5404411764705882,0.9254807692307693,0.5230100750923157
0.5408088235294117,0.9254807692307693,0.5229714512825012
0.5408088235294117,0.9259615384615385,0.5225286483764648
0.5411764705882353,0.9259615384615385,0.522513747215271
0.5411764705882353,0.9264423076923077,0.5224566459655762
0.5422794117647058,0.9264423076923077,0.522271990776062
0.5422794117647058,0.926923076923077,0.5222434401512146
0.54375,0.926923076923077,0.5222213268280029
0.54375,0.9274038461538462,0.5221465229988098
0.544485294117647,0.9274038461538462,0.5219740867614746
0.544485294117647,0.9278846153846154,0.52180016040802
0.5448529411764705,0.9278846153846154,0.5217915773391724
0.5448529411764705,0.9283653846153846,0.5216400623321533
0.5463235294117647,0.9283653846153846,0.5212840437889099
0.5463235294117647,0.9288461538461539,0.5212593674659729
0.5466911764705882,0.9288461538461539,0.521258533000946
0.5466911764705882,0.9302884615384616,0.521131157875061
0.5496323529411765,0.9302884615384616,0.5207157731056213
0.5496323529411765,0.93125,0.5203990340232849
0.5544117647058824,0.93125,0.5198703408241272
0.5544117647058824,0.9322115384615385,0.5196971297264099
0.5621323529411765,0.9322115384615385,0.5182169675827026
0.5621323529411765,0.9326923076923077,0.5182043313980103
0.5632352941176471,0.9326923076923077,0.5180184245109558
0.5632352941176471,0.9331730769230769,0.5179926156997681
0.5650735294117647,0.9331730769230769,0.5175613760948181
0.5650735294117647,0.9336538461538462,0.5175231099128723
0.569485294117647,0.9336538461538462,0.5159772038459778
0.569485294117647,0.9346153846153846,0.5148637294769287
0.5709558823529411,0.9346153846153846,0.5116998553276062
0.5709558823529411,0.9350961538461539,0.5112727880477905
0.5720588235294117,0.9350961538461539,0.5107664465904236
0.5720588235294117,0.9365384615384615,0.509787380695343
0.575,0.9365384615384615,0.5075767636299133
0.575,0.9370192307692308,0.5072321891784668
0.575735294117647,0.9370192307692308,0.5069642066955566
0.575735294117647,0.9375,0.5069623589515686
0.5808823529411765,0.9375,0.5048927664756775
0.5808823529411765,0.9379807692307692,0.5048721432685852
0.5827205882352942,0.9379807692307692,0.5043104887008667
0.5827205882352942,0.9384615384615385,0.5039605498313904
0.5834558823529412,0.9384615384615385,0.5037732124328613
0.5834558823529412,0.9394230769230769,0.5031336545944214
0.5849264705882353,0.9394230769230769,0.4996465742588043
0.5849264705882353,0.9403846153846154,0.498201847076416
0.5886029411764706,0.9403846153846154,0.49332395195961
0.5886029411764706,0.9408653846153846,0.4930385947227478
0.5897058823529412,0.9408653846153846,0.4907599985599518
0.5897058823529412,0.9413461538461538,0.4897896647453308
0.5908088235294118,0.9413461538461538,0.4886024296283722
0.5908088235294118,0.9418269230769231,0.4883175492286682
0.5919117647058824,0.9418269230769231,0.4875793159008026
0.5919117647058824,0.9423076923076923,0.4873902499675751
0.5930147058823529,0.9423076923076923,0.486261785030365
0.5930147058823529,0.9427884615384615,0.48617956042289734
0.5996323529411764,0.9427884615384615,0.4827280342578888
0.5996323529411764,0.9432692307692307,0.48259177803993225
0.6025735294117647,0.9432692307692307,0.4819176197052002
0.6025735294117647,0.9447115384615384,0.4815744459629059
0.60625,0.9447115384615384,0.47814878821372986
0.60625,0.9456730769230769,0.4777790606021881
0.6172794117647059,0.9456730769230769,0.47380492091178894
0.6172794117647059,0.9461538461538461,0.47331851720809937
0.6220588235294118,0.9461538461538461,0.4687034785747528
0.6220588235294118,0.9466346153846154,0.468060165643692
0.6246323529411765,0.9466346153846154,0.4667983055114746
0.6246323529411765,0.9471153846153846,0.46668729186058044
0.6264705882352941,0.9471153846153846,0.4649447798728943
0.6264705882352941,0.9475961538461538,0.46470409631729126
0.6334558823529411,0.9475961538461538,0.46019089221954346
0.6334558823529411,0.948076923076923,0.46010643243789673
0.6397058823529411,0.948076923076923,0.4589591920375824
0.6397058823529411,0.9485576923076923,0.458619624376297
0.6463235294117647,0.9485576923076923,0.457168310880661
0.6463235294117647,0.9490384615384615,0.4570268392562866
0.6470588235294118,0.9490384615384615,0.4569202661514282
0.6470588235294118,0.95,0.4566746950149536
0.65,0.95,0.4552333652973175
0.65,0.9504807692307692,0.4549970328807831
0.6522058823529412,0.9504807692307692,0.4538014531135559
0.6522058823529412,0.9509615384615384,0.45379552245140076
0.6544117647058824,0.9509615384615384,0.45299163460731506
0.6544117647058824,0.9514423076923076,0.4526398777961731
0.65625,0.9514423076923076,0.45207521319389343
0.65625,0.9519230769230769,0.45202600955963135
0.6588235294117647,0.9519230769230769,0.4514915347099304
0.6588235294117647,0.9524038461538461,0.451399564743042
0.6665441176470588,0.9524038461538461,0.449833482503891
0.6665441176470588,0.9528846153846153,0.4497314691543579
0.6680147058823529,0.9528846153846153,0.4493984878063202
0.6680147058823529,0.9533653846153847,0.4491666853427887
0.6702205882352941,0.9533653846153847,0.4487810432910919
0.6702205882352941,0.9538461538461539,0.4487783908843994
0.6790441176470589,0.9538461538461539,0.44580909609794617
0.6790441176470589,0.9543269230769231,0.4451003074645996
0.6819852941176471,0.9543269230769231,0.44234129786491394
0.6819852941176471,0.9552884615384616,0.4413805305957794
0.6823529411764706,0.9552884615384616,0.4402877688407898
0.6823529411764706,0.9557692307692308,0.4401594400405884
0.6834558823529412,0.9557692307692308,0.4392922818660736
0.6834558823529412,0.9567307692307693,0.43884626030921936
0.6841911764705882,0.9567307692307693,0.4385448694229126
0.6841911764705882,0.958173076923077,0.4372532367706299
0.6845588235294118,0.958173076923077,0.43718987703323364
0.6845588235294118,0.9586538461538462,0.43694207072257996
0.6849264705882353,0.9586538461538462,0.4369064271450043
0.6849264705882353,0.9615384615384616,0.43599027395248413
0.6852941176470588,0.9615384615384616,0.4353099763393402
0.6852941176470588,0.9634615384615385,0.4349845051765442
0.6860294117647059,0.9634615384615385,0.43451812863349915
0.6860294117647059,0.9649038461538462,0.4339054822921753
0.6863970588235294,0.9649038461538462,0.4338721036911011
0.6863970588235294,0.9663461538461539,0.43374574184417725
0.6867647058823529,0.9663461538461539,0.4336787462234497
0.6867647058823529,0.9677884615384615,0.4303578734397888
0.6878676470588235,0.9677884615384615,0.4280857741832733
0.6878676470588235,0.9682692307692308,0.4261699914932251
0.6882352941176471,0.9682692307692308,0.4257429838180542
0.6882352941176471,0.96875,0.4243859648704529
0.6889705882352941,0.96875,0.42416080832481384
0.6889705882352941,0.9692307692307692,0.4234560430049896
0.6963235294117647,0.9692307692307692,0.41528818011283875
0.6963235294117647,0.9697115384615385,0.41440245509147644
0.7066176470588236,0.9697115384615385,0.4066816568374634
0.7066176470588236,0.9701923076923077,0.4061207175254822
0.7158088235294118,0.9701923076923077,0.3986571133136749
0.7158088235294118,0.9706730769230769,0.3983769714832306
0.7205882352941176,0.9706730769230769,0.3966171443462372
0.7205882352941176,0.9711538461538461,0.3964926302433014
0.7231617647058823,0.9711538461538461,0.39162972569465637
0.7231617647058823,0.9716346153846154,0.39157187938690186
0.725735294117647,0.9716346153846154,0.3895336091518402
0.725735294117647,0.9721153846153846,0.3893657922744751
0.7294117647058823,0.9721153846153846,0.388330340385437
0.7294117647058823,0.9725961538461538,0.38821858167648315
0.7404411764705883,0.9725961538461538,0.3845970928668976
0.7404411764705883,0.9730769230769231,0.3843834102153778
0.7448529411764706,0.9730769230769231,0.383039653301239
0.7448529411764706,0.9735576923076923,0.3827268183231354
0.7459558823529412,0.9735576923076923,0.38205865025520325
0.7459558823529412,0.9740384615384615,0.38198405504226685
0.7525735294117647,0.9740384615384615,0.37208887934684753
0.7525735294117647,0.9745192307692307,0.37171775102615356
0.7547794117647059,0.9745192307692307,0.3695460557937622
0.7547794117647059,0.975,0.3690970540046692
0.7580882352941176,0.975,0.36731070280075073
0.7580882352941176,0.9759615384615384,0.36701875925064087
0.7625,0.9759615384615384,0.36489221453666687
0.7625,0.9764423076923077,0.3631768524646759
0.7654411764705882,0.9764423076923077,0.35151469707489014
0.7654411764705882,0.9769230769230769,0.3498980402946472
0.7709558823529412,0.9769230769230769,0.3363371193408966
0.7709558823529412,0.9774038461538461,0.33572423458099365
0.7713235294117647,0.9774038461538461,0.33558189868927
0.7713235294117647,0.9778846153846154,0.3353557884693146
0.7779411764705882,0.9778846153846154,0.3214873969554901
0.7779411764705882,0.9783653846153846,0.32085368037223816
0.7849264705882353,0.9783653846153846,0.30635201930999756
0.7849264705882353,0.9788461538461538,0.3057540953159332
0.8058823529411765,0.9788461538461538,0.2955392301082611
0.8058823529411765,0.979326923076923,0.2950904667377472
0.8110294117647059,0.979326923076923,0.28796419501304626
0.8110294117647059,0.9798076923076923,0.2878759503364563
0.8327205882352942,0.9798076923076923,0.27312400937080383
0.8327205882352942,0.9802884615384615,0.27257871627807617
0.8525735294117647,0.9802884615384615,0.23114140331745148
0.8525735294117647,0.9807692307692307,0.23107707500457764
0.8893382352941176,0.9807692307692307,0.18313169479370117
0.8893382352941176,0.98125,0.1823425441980362
0.8900735294117647,0.98125,0.1808631271123886
0.8900735294117647,0.9817307692307692,0.18033672869205475
0.8908088235294118,0.9817307692307692,0.17880485951900482
0.8908088235294118,0.9822115384615384,0.17840544879436493
0.893014705882353,0.9822115384615384,0.1765672117471695
0.893014705882353,0.9826923076923076,0.17650187015533447
0.8933823529411765,0.9826923076923076,0.17612549662590027
0.8933823529411765,0.9831730769230769,0.17552104592323303
0.9047794117647059,0.9831730769230769,0.17017146944999695
0.9047794117647059,0.9836538461538461,0.16930237412452698
0.9055147058823529,0.9836538461538461,0.16887229681015015
0.9055147058823529,0.9841346153846153,0.16835688054561615
0.9066176470588235,0.9841346153846153,0.1682615876197815
0.9066176470588235,0.9850961538461539,0.16773881018161774
0.9073529411764706,0.9850961538461539,0.16745682060718536
0.9073529411764706,0.9865384615384616,0.16696575284004211
0.9077205882352941,0.9865384615384616,0.16693401336669922
0.9077205882352941,0.9870192307692308,0.16676005721092224
0.9080882352941176,0.9870192307692308,0.1666858196258545
0.9080882352941176,0.9884615384615385,0.16635681688785553
0.9088235294117647,0.9884615384615385,0.16628509759902954
0.9088235294117647,0.9889423076923077,0.16623179614543915
0.9095588235294118,0.9889423076923077,0.16617728769779205
0.9095588235294118,0.989423076923077,0.1661270260810852
0.9099264705882353,0.989423076923077,0.16612540185451508
0.9099264705882353,0.9899038461538462,0.1660236120223999
0.9102941176470588,0.9899038461538462,0.16601309180259705
0.9102941176470588,0.9908653846153846,0.16562512516975403
0.9106617647058823,0.9908653846153846,0.1655225306749344
0.9106617647058823,0.9918269230769231,0.1654934585094452
0.9117647058823529,0.9918269230769231,0.1652698963880539
0.9117647058823529,0.9927884615384616,0.16509266197681427
0.9121323529411764,0.9927884615384616,0.1649293601512909
0.9121323529411764,0.99375,0.16482092440128326
0.9125,0.99375,0.16479715704917908
0.9125,0.9951923076923077,0.1646183282136917
0.9169117647058823,0.9951923076923077,0.16172204911708832
0.9169117647058823,0.9956730769230769,0.16169941425323486
0.9261029411764706,0.9956730769230769,0.15874239802360535
0.9261029411764706,0.9961538461538462,0.15837688744068146
0.9272058823529412,0.9961538461538462,0.15591207146644592
0.9272058823529412,0.9966346153846154,0.15474921464920044
0.9297794117647059,0.9966346153846154,0.1404806673526764
0.9297794117647059,0.9971153846153846,0.13972565531730652
0.9481617647058823,0.9971153846153846,0.12303671985864639
0.9481617647058823,0.9975961538461539,0.12252402305603027
0.9514705882352941,0.9975961538461539,0.12152787297964096
0.9514705882352941,0.9980769230769231,0.12147389352321625
0.9654411764705882,0.9980769230769231,0.0930151715874672
0.9654411764705882,0.9985576923076923,0.09273165464401245
0.9709558823529412,0.9985576923076923,0.09168995916843414
0.9709558823529412,0.9990384615384615,0.09167294949293137
0.9775735294117647,0.9990384615384615,0.08678130805492401
0.9775735294117647,0.9995192307692308,0.0864381268620491
0.9808823529411764,0.9995192307692308,0.06962400674819946
0.9808823529411764,1.0,0.06948045641183853
1.0,1.0,0.012171769514679909
