FPR,TPR,Threshold
0.0,0.0,1.9876684546470642
0.0,0.0005263157894736842,0.9876684546470642
0.0,0.24473684210526317,0.8863620162010193
0.002,0.24473684210526317,0.8862707018852234
0.002,0.26842105263157895,0.8768010139465332
0.004,0.26842105263157895,0.8764093518257141
0.004,0.2710526315789474,0.8749615550041199
0.006,0.2710526315789474,0.8749510645866394
0.006,0.27157894736842103,0.8748894333839417
0.008,0.27157894736842103,0.8744879364967346
0.008,0.27210526315789474,0.8741801977157593
0.012,0.27210526315789474,0.8739368915557861
0.012,0.2731578947368421,0.8736894726753235
0.014,0.2731578947368421,0.8732792735099792
0.014,0.27421052631578946,0.8731381893157959
0.016,0.27421052631578946,0.873000979423523
0.016,0.27789473684210525,0.8726034760475159
0.018,0.27789473684210525,0.8725023865699768
0.018,0.28,0.8717924952507019
0.02,0.28,0.8717054724693298
0.02,0.28526315789473683,0.8700851798057556
0.022,0.28526315789473683,0.8700581192970276
0.022,0.29157894736842105,0.8663557171821594
0.024,0.29157894736842105,0.8657475709915161
0.024,0.2931578947368421,0.8641493916511536
0.026,0.2931578947368421,0.8634925484657288
0.026,0.30105263157894735,0.8605577945709229
0.028,0.30105263157894735,0.8603906035423279
0.028,0.3021052631578947,0.8602441549301147
0.03,0.3021052631578947,0.8602377772331238
0.03,0.31105263157894736,0.857494056224823
0.032,0.31105263157894736,0.8574594259262085
0.032,0.32,0.854894757270813
0.034,0.32,0.8547555208206177
0.034,0.3431578947368421,0.8448318243026733
0.038,0.3431578947368421,0.8445255756378174
0.038,0.41157894736842104,0.8036515712738037
0.04,0.41157894736842104,0.8034242391586304
0.04,0.5621052631578948,0.7280068397521973
0.042,0.5621052631578948,0.7278121709823608
0.042,0.5647368421052632,0.7266092300415039
0.044,0.5647368421052632,0.7252862453460693
0.044,0.5652631578947368,0.7251126766204834
0.048,0.5652631578947368,0.7247093915939331
0.048,0.5657894736842105,0.7246971726417542
0.05,0.5657894736842105,0.7225592136383057
0.05,0.5684210526315789,0.7210036516189575
0.052,0.5684210526315789,0.7209876775741577
0.052,0.5694736842105264,0.7202242016792297
0.054,0.5694736842105264,0.7199903726577759
0.054,0.5726315789473684,0.7174637913703918
0.056,0.5726315789473684,0.7171806693077087
0.056,0.5757894736842105,0.7151968479156494
0.058,0.5757894736842105,0.7139344215393066
0.058,0.5805263157894737,0.709986686706543
0.06,0.5805263157894737,0.7083648443222046
0.06,0.5852631578947368,0.7020004987716675
0.062,0.5852631578947368,0.7003308534622192
0.062,0.5947368421052631,0.6885821223258972
0.064,0.5947368421052631,0.6878587603569031
0.064,0.6010526315789474,0.6825287342071533
0.066,0.6010526315789474,0.6820018887519836
0.066,0.6036842105263158,0.6805422306060791
0.068,0.6036842105263158,0.6805337071418762
0.068,0.6052631578947368,0.6791384220123291
0.07,0.6052631578947368,0.6784688830375671
0.07,0.6152631578947368,0.6658862233161926
0.072,0.6152631578947368,0.6657931208610535
0.072,0.6347368421052632,0.6403886079788208
0.074,0.6347368421052632,0.6403505802154541
0.074,0.6447368421052632,0.633914589881897
0.076,0.6447368421052632,0.6337129473686218
0.076,0.66,0.6211879849433899
0.078,0.66,0.6201469898223877
0.078,0.6636842105263158,0.6175606846809387
0.08,0.6636842105263158,0.6173524856567383
0.08,0.6652631578947369,0.6167654395103455
0.084,0.6652631578947369,0.6159208416938782
0.084,0.6657894736842105,0.6148734092712402
0.086,0.6657894736842105,0.6148032546043396
0.086,0.6689473684210526,0.6126229166984558
0.088,0.6689473684210526,0.6124666333198547
0.088,0.6705263157894736,0.6118173599243164
0.09,0.6705263157894736,0.611631453037262
0.09,0.6726315789473685,0.6106405854225159
0.092,0.6726315789473685,0.6105176210403442
0.092,0.6731578947368421,0.6100751161575317
0.094,0.6731578947368421,0.6100215911865234
0.094,0.6752631578947368,0.6089381575584412
0.096,0.6752631578947368,0.6085028052330017
0.096,0.6757894736842105,0.6083757877349854
0.1,0.6757894736842105,0.6072107553482056
0.1,0.6784210526315789,0.6057068109512329
0.102,0.6784210526315789,0.605535626411438
0.102,0.6789473684210526,0.6052029132843018
0.104,0.6789473684210526,0.6050487160682678
0.104,0.6836842105263158,0.5991154909133911
0.106,0.6836842105263158,0.5990813970565796
0.106,0.6847368421052632,0.5973101258277893
0.108,0.6847368421052632,0.5970378518104553
0.108,0.6942105263157895,0.5861778259277344
0.11,0.6942105263157895,0.5855509042739868
0.11,0.6952631578947368,0.5852997303009033
0.112,0.6952631578947368,0.5851408839225769
0.112,0.6968421052631579,0.583828330039978
0.114,0.6968421052631579,0.5829593539237976
0.114,0.6989473684210527,0.5825852155685425
0.116,0.6989473684210527,0.5824681520462036
0.116,0.7063157894736842,0.5782550573348999
0.118,0.7063157894736842,0.5774675011634827
0.118,0.73,0.5491708517074585
0.12,0.73,0.5490292310714722
0.12,0.7363157894736843,0.5418164730072021
0.122,0.7363157894736843,0.5412939190864563
0.122,0.7378947368421053,0.5403449535369873
0.124,0.7378947368421053,0.5379149913787842
0.124,0.738421052631579,0.5364406704902649
0.134,0.738421052631579,0.5318764448165894
0.134,0.7421052631578947,0.5296550989151001
0.138,0.7421052631578947,0.5293290019035339
0.138,0.7442105263157894,0.5275245904922485
0.142,0.7442105263157894,0.5259206295013428
0.142,0.7463157894736843,0.5235680341720581
0.146,0.7463157894736843,0.5230438113212585
0.146,0.751578947368421,0.5138777494430542
0.15,0.751578947368421,0.5134031176567078
0.15,0.7531578947368421,0.5090473890304565
0.152,0.7531578947368421,0.5078384280204773
0.152,0.7542105263157894,0.5073676705360413
0.154,0.7542105263157894,0.5061003565788269
0.154,0.7573684210526316,0.4973830580711365
0.156,0.7573684210526316,0.49701228737831116
0.156,0.7594736842105263,0.4945674538612366
0.158,0.7594736842105263,0.4937187135219574
0.158,0.7673684210526316,0.4791576862335205
0.16,0.7673684210526316,0.47888338565826416
0.16,0.7684210526315789,0.47842279076576233
0.162,0.7684210526315789,0.47776198387145996
0.162,0.7763157894736842,0.4713776409626007
0.164,0.7763157894736842,0.47007039189338684
0.164,0.7852631578947369,0.45548149943351746
0.168,0.7852631578947369,0.4534873068332672
0.168,0.7868421052631579,0.45218390226364136
0.17,0.7868421052631579,0.4520951807498932
0.17,0.7894736842105263,0.4492644965648651
0.174,0.7894736842105263,0.4481458365917206
0.174,0.791578947368421,0.4466140568256378
0.176,0.791578947368421,0.44655361771583557
0.176,0.7926315789473685,0.44517090916633606
0.178,0.7926315789473685,0.4449601173400879
0.178,0.7947368421052632,0.44296756386756897
0.18,0.7947368421052632,0.44231778383255005
0.18,0.7973684210526316,0.4406813383102417
0.184,0.7973684210526316,0.44050464034080505
0.184,0.7984210526315789,0.43961966037750244
0.194,0.7984210526315789,0.4381464421749115
0.194,0.8005263157894736,0.4371955692768097
0.196,0.8005263157894736,0.4368676543235779
0.196,0.8036842105263158,0.4348812997341156
0.198,0.8036842105263158,0.43314239382743835
0.198,0.8047368421052632,0.4324283003807068
0.2,0.8047368421052632,0.43166136741638184
0.2,0.8063157894736842,0.4308476150035858
0.202,0.8063157894736842,0.43080246448516846
0.202,0.8068421052631579,0.42975980043411255
0.204,0.8068421052631579,0.4295068085193634
0.204,0.8073684210526316,0.4293643534183502
0.206,0.8073684210526316,0.4286360442638397
0.206,0.8078947368421052,0.42819592356681824
0.208,0.8078947368421052,0.42706942558288574
0.208,0.8084210526315789,0.4269281029701233
0.21,0.8084210526315789,0.4267793595790863
0.21,0.8110526315789474,0.4251616597175598
0.212,0.8110526315789474,0.4246490001678467
0.212,0.8121052631578948,0.42451658844947815
0.214,0.8121052631578948,0.42433422803878784
0.214,0.8126315789473684,0.4242701232433319
0.216,0.8126315789473684,0.42356911301612854
0.216,0.8142105263157895,0.4212104380130768
0.222,0.8142105263157895,0.4161541163921356
0.222,0.8157894736842105,0.41396915912628174
0.224,0.8157894736842105,0.4128112196922302
0.224,0.8168421052631579,0.41169553995132446
0.228,0.8168421052631579,0.40992337465286255
0.228,0.8184210526315789,0.40757811069488525
0.232,0.8184210526315789,0.4072006940841675
0.232,0.8189473684210526,0.4049723744392395
0.238,0.8189473684210526,0.40328124165534973
0.238,0.8194736842105264,0.40309226512908936
0.244,0.8194736842105264,0.40251195430755615
0.244,0.82,0.4023033082485199
0.246,0.82,0.402075856924057
0.246,0.8215789473684211,0.40104806423187256
0.248,0.8215789473684211,0.40047141909599304
0.248,0.8226315789473684,0.400067538022995
0.25,0.8226315789473684,0.3996787667274475
0.25,0.8231578947368421,0.3990347683429718
0.254,0.8231578947368421,0.3984515964984894
0.254,0.8242105263157895,0.39815816283226013
0.256,0.8242105263157895,0.3967706859111786
0.256,0.8252631578947368,0.3963375687599182
0.258,0.8252631578947368,0.39632776379585266
0.258,0.8310526315789474,0.38903549313545227
0.26,0.8310526315789474,0.3888947367668152
0.26,0.8378947368421052,0.3841768205165863
0.262,0.8378947368421052,0.3840945065021515
0.262,0.8410526315789474,0.3796510696411133
0.264,0.8410526315789474,0.37917959690093994
0.264,0.8442105263157895,0.3764285743236542
0.266,0.8442105263157895,0.37637972831726074
0.266,0.8473684210526315,0.3732808530330658
0.268,0.8473684210526315,0.37321755290031433
0.268,0.8489473684210527,0.3725913465023041
0.27,0.8489473684210527,0.37220659852027893
0.27,0.85,0.3721475303173065
0.272,0.85,0.3720910847187042
0.272,0.8652631578947368,0.3540137708187103
0.274,0.8652631578947368,0.35346662998199463
0.274,0.8694736842105263,0.3522966206073761
0.276,0.8694736842105263,0.3513118326663971
0.276,0.8736842105263158,0.3464692234992981
0.278,0.8736842105263158,0.3464212417602539
0.278,0.8742105263157894,0.34477120637893677
0.282,0.8742105263157894,0.34372878074645996
0.282,0.8752631578947369,0.3405504524707794
0.288,0.8752631578947369,0.3381531536579132
0.288,0.8763157894736842,0.33790719509124756
0.29,0.8763157894736842,0.3378751873970032
0.29,0.8768421052631579,0.3368969261646271
0.294,0.8768421052631579,0.3352411687374115
0.294,0.8773684210526316,0.33485129475593567
0.3,0.8773684210526316,0.33326467871665955
0.3,0.8794736842105263,0.32875731587409973
0.302,0.8794736842105263,0.32769453525543213
0.302,0.88,0.3275719881057739
0.306,0.88,0.3244560956954956
0.306,0.8821052631578947,0.3199659287929535
0.316,0.8821052631578947,0.313536673784256
0.316,0.8826315789473684,0.31336185336112976
0.318,0.8826315789473684,0.3130669593811035
0.318,0.8857894736842106,0.3068063259124756
0.32,0.8857894736842106,0.30665209889411926
0.32,0.8868421052631579,0.3064095675945282
0.322,0.8868421052631579,0.3047538995742798
0.322,0.8878947368421053,0.3022750914096832
0.324,0.8878947368421053,0.30108964443206787
0.324,0.888421052631579,0.300638884305954
0.326,0.888421052631579,0.30019456148147583
0.326,0.8894736842105263,0.2981250286102295
0.33,0.8894736842105263,0.2978089451789856
0.33,0.89,0.2977144718170166
0.332,0.89,0.297529935836792
0.332,0.891578947368421,0.29631108045578003
0.336,0.891578947368421,0.29529836773872375
0.336,0.8926315789473684,0.2940196990966797
0.34,0.8926315789473684,0.29331648349761963
0.34,0.8931578947368422,0.29323524236679077
0.342,0.8931578947368422,0.2931652367115021
0.342,0.8947368421052632,0.2907278537750244
0.344,0.8947368421052632,0.2902425229549408
0.344,0.8952631578947369,0.2896784245967865
0.346,0.8952631578947369,0.288953959941864
0.346,0.9,0.2786175310611725
0.348,0.9,0.2781328856945038
0.348,0.901578947368421,0.27721351385116577
0.35,0.901578947368421,0.2771299183368683
0.35,0.9057894736842105,0.27399349212646484
0.352,0.9057894736842105,0.2733848989009857
0.352,0.9063157894736842,0.27198049426078796
0.356,0.9063157894736842,0.2699896991252899
0.356,0.9073684210526316,0.26970943808555603
0.36,0.9073684210526316,0.2682918310165405
0.36,0.9078947368421053,0.26791447401046753
0.362,0.9078947368421053,0.2669364809989929
0.362,0.9094736842105263,0.26511406898498535
0.366,0.9094736842105263,0.2648726999759674
0.366,0.9110526315789473,0.26288852095603943
0.368,0.9110526315789473,0.2627192437648773
0.368,0.911578947368421,0.26237720251083374
0.37,0.911578947368421,0.26185956597328186
0.37,0.9121052631578948,0.2612878680229187
0.372,0.9121052631578948,0.2605551481246948
0.372,0.9136842105263158,0.26019763946533203
0.386,0.9136842105263158,0.2573493719100952
0.386,0.9152631578947369,0.2566717565059662
0.392,0.9152631578947369,0.2565099596977234
0.392,0.9157894736842105,0.25536736845970154
0.396,0.9157894736842105,0.25470563769340515
0.396,0.9168421052631579,0.2540532350540161
0.402,0.9168421052631579,0.2531132400035858
0.402,0.9178947368421052,0.25280383229255676
0.404,0.9178947368421052,0.2527638077735901
0.404,0.9189473684210526,0.2520146667957306
0.406,0.9189473684210526,0.2513211965560913
0.406,0.9194736842105263,0.2511531710624695
0.41,0.9194736842105263,0.24983298778533936
0.41,0.9205263157894736,0.24947461485862732
0.422,0.9205263157894736,0.2463441640138626
0.422,0.9210526315789473,0.24603255093097687
0.426,0.9210526315789473,0.24556568264961243
0.426,0.9221052631578948,0.24505680799484253
0.428,0.9221052631578948,0.24488911032676697
0.428,0.9236842105263158,0.2410009652376175
0.44,0.9236842105263158,0.23872360587120056
0.44,0.9252631578947368,0.2364034205675125
0.446,0.9252631578947368,0.23574814200401306
0.446,0.9257894736842105,0.23497901856899261
0.448,0.9257894736842105,0.2348387986421585
0.448,0.9268421052631579,0.23433269560337067
0.452,0.9268421052631579,0.23305483162403107
0.452,0.9273684210526316,0.23302535712718964
0.456,0.9273684210526316,0.2329472154378891
0.456,0.9284210526315789,0.23197531700134277
0.458,0.9284210526315789,0.2318623661994934
0.458,0.9289473684210526,0.23154860734939575
0.464,0.9289473684210526,0.2295227348804474
0.464,0.9294736842105263,0.2291608303785324
0.47,0.9294736842105263,0.2275499552488327
0.47,0.9315789473684211,0.22290293872356415
0.472,0.9315789473684211,0.2228458821773529
0.472,0.9331578947368421,0.22214511036872864
0.474,0.9331578947368421,0.22136998176574707
0.474,0.9336842105263158,0.22083932161331177
0.478,0.9336842105263158,0.21755772829055786
0.478,0.9347368421052632,0.2157508283853531
0.482,0.9347368421052632,0.21212764084339142
0.482,0.9394736842105263,0.20372627675533295
0.484,0.9394736842105263,0.20320460200309753
0.484,0.9410526315789474,0.20272597670555115
0.486,0.9410526315789474,0.2024812400341034
0.486,0.9415789473684211,0.2024298757314682
0.49,0.9415789473684211,0.20153602957725525
0.49,0.9431578947368421,0.20085327327251434
0.498,0.9431578947368421,0.19795255362987518
0.498,0.9442105263157895,0.19737492501735687
0.5,0.9442105263157895,0.19727125763893127
0.5,0.9447368421052632,0.1967761367559433
0.508,0.9447368421052632,0.19426240026950836
0.508,0.9468421052631579,0.18770731985569
0.582,0.9468421052631579,0.16480642557144165
0.582,0.9473684210526315,0.16459998488426208
0.584,0.9473684210526315,0.16285543143749237
0.584,0.9478947368421052,0.1627344787120819
0.59,0.9478947368421052,0.15800058841705322
0.59,0.9484210526315789,0.15711741149425507
0.594,0.9484210526315789,0.15456855297088623
0.594,0.9489473684210527,0.15402348339557648
0.598,0.9489473684210527,0.15283267199993134
0.598,0.95,0.15225476026535034
0.6,0.95,0.15218529105186462
0.6,0.9542105263157895,0.14640924334526062
0.608,0.9542105263157895,0.1431565284729004
0.608,0.9547368421052631,0.14297834038734436
0.612,0.9547368421052631,0.14218510687351227
0.612,0.9552631578947368,0.14121218025684357
0.622,0.9552631578947368,0.1394890546798706
0.622,0.9563157894736842,0.1365392804145813
0.626,0.9563157894736842,0.13582175970077515
0.626,0.9573684210526315,0.13487905263900757
0.664,0.9573684210526315,0.1175851821899414
0.664,0.9578947368421052,0.11627032607793808
0.674,0.9578947368421052,0.10765895992517471
0.674,0.958421052631579,0.1072758212685585
0.68,0.958421052631579,0.0994052067399025
0.68,0.9589473684210527,0.09627867490053177
0.684,0.9589473684210527,0.08883444219827652
0.684,0.9610526315789474,0.08492280542850494
0.686,0.9610526315789474,0.08456812798976898
0.686,0.9615789473684211,0.08374213427305222
0.688,0.9615789473684211,0.08300173282623291
0.688,0.9626315789473684,0.0824480801820755
0.69,0.9626315789473684,0.08240106701850891
0.69,0.9647368421052631,0.08136067539453506
0.692,0.9647368421052631,0.0802837386727333
0.692,0.9652631578947368,0.08028198778629303
0.694,0.9652631578947368,0.0797230526804924
0.694,0.966842105263158,0.07893393933773041
0.698,0.966842105263158,0.07836128771305084
0.698,0.9673684210526315,0.07835295796394348
0.72,0.9673684210526315,0.0759241133928299
0.72,0.968421052631579,0.07523663341999054
0.728,0.968421052631579,0.06777767837047577
0.728,0.9694736842105263,0.06598082184791565
0.73,0.9694736842105263,0.06436938792467117
0.73,0.9705263157894737,0.0622384212911129
0.756,0.9705263157894737,0.05882871896028519
0.756,0.9710526315789474,0.058766648173332214
0.76,0.9710526315789474,0.057225704193115234
0.76,0.9715789473684211,0.057072438299655914
0.776,0.9715789473684211,0.055754855275154114
0.776,0.9721052631578947,0.055353034287691116
0.784,0.9721052631578947,0.05526825785636902
0.784,0.9731578947368421,0.05502195656299591
0.788,0.9731578947368421,0.05477417632937431
0.788,0.9736842105263158,0.054696813225746155
0.79,0.9736842105263158,0.054579611867666245
0.79,0.9747368421052631,0.05279632285237312
0.794,0.9747368421052631,0.052329473197460175
0.794,0.9763157894736842,0.05209067091345787
0.796,0.9763157894736842,0.051908593624830246
0.796,0.9794736842105263,0.051011670380830765
0.804,0.9794736842105263,0.05021139234304428
0.804,0.9810526315789474,0.048488929867744446
0.81,0.9810526315789474,0.04594826698303223
0.81,0.9815789473684211,0.0457623265683651
0.814,0.9815789473684211,0.045406173914670944
0.814,0.9831578947368421,0.04521840065717697
0.816,0.9831578947368421,0.04486633837223053
0.816,0.9836842105263158,0.04461760073900223
0.818,0.9836842105263158,0.04447166994214058
0.818,0.9847368421052631,0.044092919677495956
0.82,0.9847368421052631,0.04403284564614296
0.82,0.9857894736842105,0.043737124651670456
0.828,0.9857894736842105,0.04349185898900032
0.828,0.9868421052631579,0.043455820530653
0.832,0.9868421052631579,0.04310182109475136
0.832,0.9878947368421053,0.04306758940219879
0.834,0.9878947368421053,0.04305271804332733
0.834,0.988421052631579,0.043023042380809784
0.838,0.988421052631579,0.042493898421525955
0.838,0.991578947368421,0.04060514271259308
0.84,0.991578947368421,0.0403435081243515
0.84,0.9921052631578947,0.040335215628147125
0.844,0.9921052631578947,0.04030401259660721
0.844,0.9931578947368421,0.040032777935266495
0.846,0.9931578947368421,0.03992454335093498
0.846,0.9968421052631579,0.038709815591573715
0.852,0.9968421052631579,0.03854886442422867
0.852,0.9978947368421053,0.037758924067020416
0.856,0.9978947368421053,0.03717320039868355
0.856,0.998421052631579,0.036628544330596924
0.862,0.998421052631579,0.03619978576898575
0.862,0.9989473684210526,0.036185868084430695
0.884,0.9989473684210526,0.03321428596973419
0.884,0.9994736842105263,0.03318873047828674
0.908,0.9994736842105263,0.029422344639897346
0.908,1.0,0.029124027118086815
1.0,1.0,0.010816753841936588
