FPR,TPR,Threshold
0.0,0.0,1.9686819314956665
0.0,0.0009615384615384616,0.9686819314956665
0.0,0.028846153846153848,0.9480814933776855
0.0007352941176470588,0.028846153846153848,0.9478366374969482
0.0007352941176470588,0.02980769230769231,0.9459571838378906
0.0022058823529411764,0.02980769230769231,0.9446051120758057
0.0022058823529411764,0.03173076923076923,0.9423442482948303
0.003676470588235294,0.03173076923076923,0.9419730305671692
0.003676470588235294,0.032692307692307694,0.9419107437133789
0.005147058823529412,0.032692307692307694,0.9405679106712341
0.005147058823529412,0.035576923076923075,0.9386110305786133
0.0058823529411764705,0.035576923076923075,0.9383392333984375
0.0058823529411764705,0.03653846153846154,0.9380987286567688
0.006617647058823529,0.03653846153846154,0.9377672076225281
0.006617647058823529,0.0375,0.9375177621841431
0.008088235294117648,0.0375,0.9374585747718811
0.008088235294117648,0.038461538461538464,0.9372581839561462
0.008823529411764706,0.038461538461538464,0.935892641544342
0.008823529411764706,0.04230769230769231,0.9319506287574768
0.009558823529411765,0.04230769230769231,0.9316539168357849
0.009558823529411765,0.075,0.9148021936416626
0.010294117647058823,0.075,0.9147821664810181
0.010294117647058823,0.07884615384615384,0.9127046465873718
0.011029411764705883,0.07884615384615384,0.9124387502670288
0.011029411764705883,0.0875,0.907130241394043
0.011764705882352941,0.0875,0.9057137370109558
0.011764705882352941,0.09423076923076923,0.9023438692092896
0.0125,0.09423076923076923,0.9004147052764893
0.0125,0.09807692307692308,0.8975364565849304
0.013235294117647059,0.09807692307692308,0.8973060250282288
0.013235294117647059,0.10673076923076923,0.8868349194526672
0.013970588235294118,0.10673076923076923,0.8866844773292542
0.013970588235294118,0.11826923076923077,0.8806004524230957
0.014705882352941176,0.11826923076923077,0.8804552555084229
0.014705882352941176,0.12596153846153846,0.8737582564353943
0.015441176470588236,0.12596153846153846,0.8731781244277954
0.015441176470588236,0.15,0.861899197101593
0.016176470588235296,0.15,0.8615817427635193
0.016176470588235296,0.1605769230769231,0.8555516600608826
0.016911764705882352,0.1605769230769231,0.8552430868148804
0.016911764705882352,0.1625,0.8538389205932617
0.01838235294117647,0.1625,0.8521716594696045
0.01838235294117647,0.16826923076923078,0.8453497290611267
0.01911764705882353,0.16826923076923078,0.8450028896331787
0.01911764705882353,0.16923076923076924,0.8447753190994263
0.019852941176470587,0.16923076923076924,0.8442162871360779
0.019852941176470587,0.17307692307692307,0.8417750597000122
0.020588235294117647,0.17307692307692307,0.8407426476478577
0.020588235294117647,0.17596153846153847,0.8391488194465637
0.021323529411764706,0.17596153846153847,0.8390622138977051
0.021323529411764706,0.18653846153846154,0.8339529633522034
0.022058823529411766,0.18653846153846154,0.8337258696556091
0.022058823529411766,0.19615384615384615,0.8269936442375183
0.022794117647058822,0.19615384615384615,0.8267279267311096
0.022794117647058822,0.20288461538461539,0.8210951685905457
0.023529411764705882,0.20288461538461539,0.8201790452003479
0.023529411764705882,0.20673076923076922,0.8187094330787659
0.02426470588235294,0.20673076923076922,0.8184971809387207
0.02426470588235294,0.2076923076923077,0.8184757232666016
0.025735294117647058,0.2076923076923077,0.8179495334625244
0.025735294117647058,0.20865384615384616,0.8178706765174866
0.026470588235294117,0.20865384615384616,0.8176011443138123
0.026470588235294117,0.20961538461538462,0.8175119757652283
0.027205882352941177,0.20961538461538462,0.8167611360549927
0.027205882352941177,0.2375,0.7963752150535583
0.027941176470588237,0.2375,0.7962625026702881
0.027941176470588237,0.24423076923076922,0.7923573851585388
0.028676470588235293,0.24423076923076922,0.7920883297920227
0.028676470588235293,0.24807692307692308,0.7908639311790466
0.029411764705882353,0.24807692307692308,0.7900258898735046
0.029411764705882353,0.25769230769230766,0.7845889925956726
0.030147058823529412,0.25769230769230766,0.7839304804801941
0.030147058823529412,0.25961538461538464,0.7833815813064575
0.030882352941176472,0.25961538461538464,0.7826694250106812
0.030882352941176472,0.26634615384615384,0.7780014872550964
0.03161764705882353,0.26634615384615384,0.7775290608406067
0.03161764705882353,0.26826923076923076,0.7765395641326904
0.03235294117647059,0.26826923076923076,0.7762728929519653
0.03235294117647059,0.27403846153846156,0.7731589078903198
0.033823529411764704,0.27403846153846156,0.773086667060852
0.033823529411764704,0.27692307692307694,0.7720807790756226
0.03455882352941177,0.27692307692307694,0.7716715335845947
0.03455882352941177,0.28076923076923077,0.7705384492874146
0.03529411764705882,0.28076923076923077,0.7703586220741272
0.03529411764705882,0.2846153846153846,0.7698199152946472
0.03602941176470588,0.2846153846153846,0.7690775394439697
0.03602941176470588,0.2865384615384615,0.7686808705329895
0.0375,0.2865384615384615,0.7671952843666077
0.0375,0.28942307692307695,0.7660874128341675
0.039705882352941174,0.28942307692307695,0.7633272409439087
0.039705882352941174,0.2923076923076923,0.7612669467926025
0.04044117647058824,0.2923076923076923,0.7609191536903381
0.04044117647058824,0.2951923076923077,0.7600106000900269
0.041176470588235294,0.2951923076923077,0.7599042057991028
0.041176470588235294,0.3,0.7568203806877136
0.04191176470588235,0.3,0.7562286257743835
0.04191176470588235,0.3019230769230769,0.755953311920166
0.04264705882352941,0.3019230769230769,0.7557299733161926
0.04264705882352941,0.3038461538461538,0.754949688911438
0.04338235294117647,0.3038461538461538,0.75477135181427
0.04338235294117647,0.3057692307692308,0.7540953755378723
0.04411764705882353,0.3057692307692308,0.753949761390686
0.04411764705882353,0.30865384615384617,0.753494143486023
0.04485294117647059,0.30865384615384617,0.7533454298973083
0.04485294117647059,0.3096153846153846,0.75324946641922
0.04632352941176471,0.3096153846153846,0.7529629468917847
0.04632352941176471,0.3105769230769231,0.7528026103973389
0.047058823529411764,0.3105769230769231,0.7524817585945129
0.047058823529411764,0.31346153846153846,0.751229465007782
0.04926470588235294,0.31346153846153846,0.7504435777664185
0.04926470588235294,0.3144230769230769,0.748761773109436
0.05073529411764706,0.3144230769230769,0.748311460018158
0.05073529411764706,0.3153846153846154,0.7475442886352539
0.051470588235294115,0.3153846153846154,0.7473683953285217
0.051470588235294115,0.3211538461538462,0.7455983757972717
0.052941176470588235,0.3211538461538462,0.742862343788147
0.052941176470588235,0.3230769230769231,0.7412773966789246
0.05367647058823529,0.3230769230769231,0.7404370307922363
0.05367647058823529,0.32403846153846155,0.7398728132247925
0.054411764705882354,0.32403846153846155,0.739530622959137
0.054411764705882354,0.32596153846153847,0.7385296821594238
0.05514705882352941,0.32596153846153847,0.738389253616333
0.05514705882352941,0.3278846153846154,0.7365036010742188
0.05588235294117647,0.3278846153846154,0.7362183928489685
0.05588235294117647,0.34807692307692306,0.7305538654327393
0.058823529411764705,0.34807692307692306,0.728226363658905
0.058823529411764705,0.3490384615384615,0.7272534370422363
0.06102941176470588,0.3490384615384615,0.7257673144340515
0.06102941176470588,0.35192307692307695,0.7239250540733337
0.061764705882352944,0.35192307692307695,0.7234427332878113
0.061764705882352944,0.3528846153846154,0.723226010799408
0.0625,0.3528846153846154,0.7219492197036743
0.0625,0.3548076923076923,0.7214952111244202
0.06323529411764706,0.3548076923076923,0.7211626768112183
0.06323529411764706,0.36923076923076925,0.7138644456863403
0.06397058823529411,0.36923076923076925,0.713728666305542
0.06397058823529411,0.37115384615384617,0.7134461402893066
0.06544117647058824,0.37115384615384617,0.7130893468856812
0.06544117647058824,0.3721153846153846,0.713024914264679
0.0661764705882353,0.3721153846153846,0.7125604152679443
0.0661764705882353,0.37596153846153846,0.7106598615646362
0.06691176470588235,0.37596153846153846,0.7102174758911133
0.06691176470588235,0.38076923076923075,0.7069401144981384
0.06764705882352941,0.38076923076923075,0.7069091200828552
0.06764705882352941,0.3855769230769231,0.7042280435562134
0.06838235294117648,0.3855769230769231,0.7035717964172363
0.06838235294117648,0.3894230769230769,0.7023086547851562
0.06911764705882353,0.3894230769230769,0.7015332579612732
0.06911764705882353,0.3903846153846154,0.7014189958572388
0.0713235294117647,0.3903846153846154,0.7002294063568115
0.0713235294117647,0.3923076923076923,0.6998276710510254
0.07205882352941176,0.3923076923076923,0.6990631222724915
0.07205882352941176,0.39326923076923076,0.6984993815422058
0.07352941176470588,0.39326923076923076,0.6981574296951294
0.07352941176470588,0.3942307692307692,0.698076069355011
0.07573529411764705,0.3942307692307692,0.6960146427154541
0.07573529411764705,0.39615384615384613,0.695365846157074
0.08088235294117647,0.39615384615384613,0.6935874223709106
0.08088235294117647,0.39903846153846156,0.6907068490982056
0.08161764705882353,0.39903846153846156,0.690458357334137
0.08161764705882353,0.4009615384615385,0.6897716522216797
0.08235294117647059,0.4009615384615385,0.6896151304244995
0.08235294117647059,0.4115384615384615,0.6886013150215149
0.08308823529411764,0.4115384615384615,0.6885054707527161
0.08308823529411764,0.41346153846153844,0.6879932880401611
0.08455882352941177,0.41346153846153844,0.6868686079978943
0.08455882352941177,0.4201923076923077,0.6851045489311218
0.08529411764705883,0.4201923076923077,0.6847192645072937
0.08529411764705883,0.4230769230769231,0.6840570569038391
0.08602941176470588,0.4230769230769231,0.6838846206665039
0.08602941176470588,0.42596153846153845,0.6821545362472534
0.08676470588235294,0.42596153846153845,0.6815074682235718
0.08676470588235294,0.4288461538461538,0.6799136400222778
0.08897058823529412,0.4288461538461538,0.6788115501403809
0.08897058823529412,0.43173076923076925,0.6778978109359741
0.08970588235294118,0.43173076923076925,0.6778688430786133
0.08970588235294118,0.4326923076923077,0.6778478026390076
0.09117647058823529,0.4326923076923077,0.6777705550193787
0.09117647058823529,0.43365384615384617,0.6776118278503418
0.09338235294117647,0.43365384615384617,0.6766301989555359
0.09338235294117647,0.4346153846153846,0.6761210560798645
0.09411764705882353,0.4346153846153846,0.6758702993392944
0.09411764705882353,0.4403846153846154,0.673520028591156
0.09558823529411764,0.4403846153846154,0.6733450889587402
0.09558823529411764,0.4423076923076923,0.6713941693305969
0.09779411764705882,0.4423076923076923,0.6698208451271057
0.09779411764705882,0.44326923076923075,0.6696481704711914
0.09926470588235294,0.44326923076923075,0.6693674325942993
0.09926470588235294,0.44519230769230766,0.6678456664085388
0.10220588235294117,0.44519230769230766,0.6665613055229187
0.10220588235294117,0.4461538461538462,0.6662178039550781
0.10294117647058823,0.4461538461538462,0.6662001609802246
0.10294117647058823,0.44711538461538464,0.6651700139045715
0.1036764705882353,0.44711538461538464,0.6649358868598938
0.1036764705882353,0.45096153846153847,0.6645062565803528
0.10441176470588236,0.45096153846153847,0.6645050048828125
0.10441176470588236,0.45384615384615384,0.6637461185455322
0.10514705882352941,0.45384615384615384,0.6633716821670532
0.10514705882352941,0.4567307692307692,0.6622737646102905
0.10661764705882353,0.4567307692307692,0.6615734696388245
0.10661764705882353,0.45865384615384613,0.6604391932487488
0.10808823529411765,0.45865384615384613,0.6598954796791077
0.10808823529411765,0.46153846153846156,0.6593682765960693
0.10882352941176471,0.46153846153846156,0.6582823991775513
0.10882352941176471,0.46442307692307694,0.6566295623779297
0.10955882352941176,0.46442307692307694,0.6561076641082764
0.10955882352941176,0.46634615384615385,0.6559405326843262
0.11102941176470588,0.46634615384615385,0.6555127501487732
0.11102941176470588,0.47115384615384615,0.6543545722961426
0.11176470588235295,0.47115384615384615,0.6538998484611511
0.11176470588235295,0.4721153846153846,0.6536094546318054
0.1125,0.4721153846153846,0.6533202528953552
0.1125,0.4778846153846154,0.6518816351890564
0.11397058823529412,0.4778846153846154,0.6515290141105652
0.11397058823529412,0.4807692307692308,0.6513918042182922
0.11691176470588235,0.4807692307692308,0.6504668593406677
0.11691176470588235,0.4826923076923077,0.6502265930175781
0.11838235294117647,0.4826923076923077,0.6497645378112793
0.11838235294117647,0.48365384615384616,0.6496089100837708
0.11911764705882352,0.48365384615384616,0.6493784189224243
0.11911764705882352,0.4846153846153846,0.6492906808853149
0.12058823529411765,0.4846153846153846,0.6488025188446045
0.12058823529411765,0.4855769230769231,0.6485410928726196
0.12352941176470589,0.4855769230769231,0.6475192308425903
0.12352941176470589,0.48653846153846153,0.6463087797164917
0.12426470588235294,0.48653846153846153,0.6459705233573914
0.12426470588235294,0.4875,0.6456090807914734
0.12573529411764706,0.4875,0.6451203227043152
0.12573529411764706,0.48846153846153845,0.6450977325439453
0.1264705882352941,0.48846153846153845,0.6450260877609253
0.1264705882352941,0.4894230769230769,0.6444966197013855
0.12720588235294117,0.4894230769230769,0.6442970037460327
0.12720588235294117,0.49038461538461536,0.6441644430160522
0.12867647058823528,0.49038461538461536,0.643194854259491
0.12867647058823528,0.49423076923076925,0.6398656368255615
0.12941176470588237,0.49423076923076925,0.6397283673286438
0.12941176470588237,0.5,0.6379870772361755
0.13014705882352942,0.5,0.6377062201499939
0.13014705882352942,0.5038461538461538,0.6372659206390381
0.13088235294117648,0.5038461538461538,0.6369370222091675
0.13088235294117648,0.5048076923076923,0.6364208459854126
0.13308823529411765,0.5048076923076923,0.6359062790870667
0.13308823529411765,0.5057692307692307,0.6358208656311035
0.1338235294117647,0.5057692307692307,0.6357311010360718
0.1338235294117647,0.5067307692307692,0.6352763772010803
0.13529411764705881,0.5067307692307692,0.6349680423736572
0.13529411764705881,0.5076923076923077,0.6349567770957947
0.13602941176470587,0.5076923076923077,0.6340732574462891
0.13602941176470587,0.5153846153846153,0.631755530834198
0.13676470588235295,0.5153846153846153,0.6317468881607056
0.13676470588235295,0.5163461538461539,0.6312497854232788
0.1375,0.5163461538461539,0.6310182809829712
0.1375,0.5221153846153846,0.6279776096343994
0.13897058823529412,0.5221153846153846,0.6277688145637512
0.13897058823529412,0.5240384615384616,0.627177894115448
0.13970588235294118,0.5240384615384616,0.6269391179084778
0.13970588235294118,0.5278846153846154,0.6253394484519958
0.14191176470588235,0.5278846153846154,0.6243289113044739
0.14191176470588235,0.5288461538461539,0.6234403252601624
0.1426470588235294,0.5288461538461539,0.6224972009658813
0.1426470588235294,0.5317307692307692,0.6215541362762451
0.14338235294117646,0.5317307692307692,0.6213018298149109
0.14338235294117646,0.5336538461538461,0.6206987500190735
0.14558823529411766,0.5336538461538461,0.6199702620506287
0.14558823529411766,0.5365384615384615,0.6198367476463318
0.1463235294117647,0.5365384615384615,0.6198105812072754
0.1463235294117647,0.5403846153846154,0.6184756755828857
0.14705882352941177,0.5403846153846154,0.618249237537384
0.14705882352941177,0.5423076923076923,0.6174827814102173
0.14779411764705883,0.5423076923076923,0.617376446723938
0.14779411764705883,0.5432692307692307,0.6172682642936707
0.14852941176470588,0.5432692307692307,0.6172259449958801
0.14852941176470588,0.5461538461538461,0.6161662340164185
0.1514705882352941,0.5461538461538461,0.6147922873497009
0.1514705882352941,0.5471153846153847,0.614682674407959
0.15220588235294116,0.5471153846153847,0.6146147847175598
0.15220588235294116,0.5490384615384616,0.6141176819801331
0.1536764705882353,0.5490384615384616,0.6139752864837646
0.1536764705882353,0.55,0.6139348745346069
0.15588235294117647,0.55,0.6130044460296631
0.15588235294117647,0.551923076923077,0.6125303506851196
0.15735294117647058,0.551923076923077,0.6118847727775574
0.15735294117647058,0.5528846153846154,0.6118326187133789
0.15808823529411764,0.5528846153846154,0.6118201017379761
0.15808823529411764,0.5557692307692308,0.6112600564956665
0.1588235294117647,0.5557692307692308,0.6110432744026184
0.1588235294117647,0.5567307692307693,0.6107599139213562
0.15955882352941175,0.5567307692307693,0.6105124354362488
0.15955882352941175,0.5586538461538462,0.6100025773048401
0.16029411764705884,0.5586538461538462,0.6096959114074707
0.16029411764705884,0.5596153846153846,0.6096469759941101
0.1625,0.5596153846153846,0.6082068681716919
0.1625,0.5625,0.6074565052986145
0.16397058823529412,0.5625,0.6073602437973022
0.16397058823529412,0.5644230769230769,0.6070805788040161
0.16544117647058823,0.5644230769230769,0.6061354279518127
0.16544117647058823,0.5653846153846154,0.6061128377914429
0.16838235294117648,0.5653846153846154,0.6054442524909973
0.16838235294117648,0.5663461538461538,0.6053717136383057
0.17058823529411765,0.5663461538461538,0.6042463779449463
0.17058823529411765,0.5673076923076923,0.6038918495178223
0.1713235294117647,0.5673076923076923,0.6032816171646118
0.1713235294117647,0.5701923076923077,0.6016891002655029
0.17352941176470588,0.5701923076923077,0.6008874773979187
0.17352941176470588,0.5740384615384615,0.6002742648124695
0.175,0.5740384615384615,0.598874568939209
0.175,0.575,0.5985511541366577
0.17647058823529413,0.575,0.5984024405479431
0.17647058823529413,0.5769230769230769,0.5980563163757324
0.17794117647058824,0.5769230769230769,0.598002016544342
0.17794117647058824,0.5788461538461539,0.597584068775177
0.17941176470588235,0.5788461538461539,0.5974605083465576
0.17941176470588235,0.5875,0.5944986939430237
0.1801470588235294,0.5875,0.5944978594779968
0.1801470588235294,0.5913461538461539,0.5933976769447327
0.18161764705882352,0.5913461538461539,0.592975914478302
0.18161764705882352,0.5971153846153846,0.5903649926185608
0.18308823529411763,0.5971153846153846,0.5889780521392822
0.18308823529411763,0.6019230769230769,0.5870022773742676
0.18382352941176472,0.6019230769230769,0.5869929194450378
0.18382352941176472,0.6038461538461538,0.5859904885292053
0.18676470588235294,0.6038461538461538,0.5853129029273987
0.18676470588235294,0.6086538461538461,0.5840339660644531
0.1889705882352941,0.6086538461538461,0.5837475657463074
0.1889705882352941,0.6096153846153847,0.5833029747009277
0.18970588235294117,0.6096153846153847,0.5832309126853943
0.18970588235294117,0.6134615384615385,0.5821487307548523
0.19117647058823528,0.6134615384615385,0.5817968845367432
0.19117647058823528,0.6163461538461539,0.5816028118133545
0.1948529411764706,0.6163461538461539,0.5796252489089966
0.1948529411764706,0.6192307692307693,0.57832932472229
0.19558823529411765,0.6192307692307693,0.5781068801879883
0.19558823529411765,0.6221153846153846,0.5765050053596497
0.19705882352941176,0.6221153846153846,0.5763717889785767
0.19705882352941176,0.6240384615384615,0.5759237408638
0.19852941176470587,0.6240384615384615,0.5758031606674194
0.19852941176470587,0.6269230769230769,0.57508385181427
0.2,0.6269230769230769,0.5745106339454651
0.2,0.6288461538461538,0.5738149285316467
0.20147058823529412,0.6288461538461538,0.5733912587165833
0.20147058823529412,0.6317307692307692,0.5719195604324341
0.2036764705882353,0.6317307692307692,0.5709486603736877
0.2036764705882353,0.6326923076923077,0.5703481435775757
0.20441176470588235,0.6326923076923077,0.5701146125793457
0.20441176470588235,0.6346153846153846,0.5687310695648193
0.2051470588235294,0.6346153846153846,0.5679011940956116
0.2051470588235294,0.6365384615384615,0.5672750473022461
0.20588235294117646,0.6365384615384615,0.5660075545310974
0.20588235294117646,0.6384615384615384,0.5651434063911438
0.2073529411764706,0.6384615384615384,0.5648021697998047
0.2073529411764706,0.6403846153846153,0.5644679069519043
0.20808823529411766,0.6403846153846153,0.5642153024673462
0.20808823529411766,0.6423076923076924,0.5636337399482727
0.20955882352941177,0.6423076923076924,0.56355881690979
0.20955882352941177,0.6461538461538462,0.5629429221153259
0.21176470588235294,0.6461538461538462,0.5625869035720825
0.21176470588235294,0.6471153846153846,0.5618283152580261
0.2125,0.6471153846153846,0.5610303282737732
0.2125,0.6480769230769231,0.5606726408004761
0.21323529411764705,0.6480769230769231,0.5595096945762634
0.21323529411764705,0.65,0.5586680173873901
0.21470588235294116,0.65,0.5580203533172607
0.21470588235294116,0.6519230769230769,0.5577932000160217
0.21691176470588236,0.6519230769230769,0.5556527972221375
0.21691176470588236,0.6538461538461539,0.5551688075065613
0.21764705882352942,0.6538461538461539,0.5545125007629395
0.21764705882352942,0.6548076923076923,0.5535165071487427
0.21838235294117647,0.6548076923076923,0.5529595017433167
0.21838235294117647,0.6567307692307692,0.5523357391357422
0.21911764705882353,0.6567307692307692,0.551724910736084
0.21911764705882353,0.6576923076923077,0.5514234900474548
0.21985294117647058,0.6576923076923077,0.5510056614875793
0.21985294117647058,0.6605769230769231,0.5500980615615845
0.22058823529411764,0.6605769230769231,0.5494389533996582
0.22058823529411764,0.6634615384615384,0.5478948354721069
0.22205882352941175,0.6634615384615384,0.5475853085517883
0.22205882352941175,0.6644230769230769,0.5474937558174133
0.2235294117647059,0.6644230769230769,0.546814501285553
0.2235294117647059,0.6653846153846154,0.5465542674064636
0.22426470588235295,0.6653846153846154,0.5457454919815063
0.22426470588235295,0.6663461538461538,0.545605480670929
0.225,0.6663461538461538,0.5453163385391235
0.225,0.6701923076923076,0.5443865656852722
0.22573529411764706,0.6701923076923076,0.5440574884414673
0.22573529411764706,0.675,0.5418564081192017
0.22794117647058823,0.675,0.5389032363891602
0.22794117647058823,0.6788461538461539,0.5360064506530762
0.2286764705882353,0.6788461538461539,0.5356977581977844
0.2286764705882353,0.6798076923076923,0.5356346964836121
0.22941176470588234,0.6798076923076923,0.5352597832679749
0.22941176470588234,0.6826923076923077,0.5342859625816345
0.23161764705882354,0.6826923076923077,0.5332530736923218
0.23161764705882354,0.6836538461538462,0.5330642461776733
0.2338235294117647,0.6836538461538462,0.5324124693870544
0.2338235294117647,0.6846153846153846,0.531328558921814
0.23455882352941176,0.6846153846153846,0.5312651991844177
0.23455882352941176,0.6855769230769231,0.5309671759605408
0.23529411764705882,0.6855769230769231,0.5309643745422363
0.23529411764705882,0.6875,0.530596137046814
0.23602941176470588,0.6875,0.5303555130958557
0.23602941176470588,0.6894230769230769,0.5296956896781921
0.2375,0.6894230769230769,0.5284008979797363
0.2375,0.6913461538461538,0.5278313159942627
0.23823529411764705,0.6913461538461538,0.5278259515762329
0.23823529411764705,0.6942307692307692,0.5275804996490479
0.23897058823529413,0.6942307692307692,0.5271633863449097
0.23897058823529413,0.7019230769230769,0.5254291296005249
0.23970588235294119,0.7019230769230769,0.5251981019973755
0.23970588235294119,0.7038461538461539,0.5250277519226074
0.2411764705882353,0.7038461538461539,0.5246878862380981
0.2411764705882353,0.7048076923076924,0.5244740843772888
0.24485294117647058,0.7048076923076924,0.5228171944618225
0.24485294117647058,0.7067307692307693,0.5218233466148376
0.24632352941176472,0.7067307692307693,0.521253228187561
0.24632352941176472,0.7076923076923077,0.5204482674598694
0.24705882352941178,0.7076923076923077,0.5197951197624207
0.24705882352941178,0.7125,0.5172457695007324
0.24926470588235294,0.7125,0.5160884261131287
0.24926470588235294,0.7134615384615385,0.5155814290046692
0.25073529411764706,0.7134615384615385,0.5148247480392456
0.25073529411764706,0.7144230769230769,0.5144714117050171
0.2529411764705882,0.7144230769230769,0.5134914517402649
0.2529411764705882,0.7153846153846154,0.5124028921127319
0.2536764705882353,0.7153846153846154,0.5116826295852661
0.2536764705882353,0.7192307692307692,0.5098200440406799
0.2551470588235294,0.7192307692307692,0.5096068382263184
0.2551470588235294,0.7201923076923077,0.5078554153442383
0.25735294117647056,0.7201923076923077,0.5070326924324036
0.25735294117647056,0.7211538461538461,0.5069867372512817
0.25882352941176473,0.7211538461538461,0.5063634514808655
0.25882352941176473,0.7230769230769231,0.5053463578224182
0.2595588235294118,0.7230769230769231,0.5045791864395142
0.2595588235294118,0.7240384615384615,0.5045477747917175
0.26029411764705884,0.7240384615384615,0.5041694641113281
0.26029411764705884,0.7326923076923076,0.49993765354156494
0.2610294117647059,0.7326923076923076,0.49989214539527893
0.2610294117647059,0.7365384615384616,0.4985259175300598
0.26176470588235295,0.7365384615384616,0.4984174072742462
0.26176470588235295,0.7375,0.4984000027179718
0.2625,0.7375,0.49794191122055054
0.2625,0.739423076923077,0.49735817313194275
0.2639705882352941,0.739423076923077,0.4960421919822693
0.2639705882352941,0.7423076923076923,0.4928544759750366
0.2647058823529412,0.7423076923076923,0.492773175239563
0.2647058823529412,0.7451923076923077,0.4920105040073395
0.26691176470588235,0.7451923076923077,0.4896486699581146
0.26691176470588235,0.7480769230769231,0.4888525605201721
0.2676470588235294,0.7480769230769231,0.4880997836589813
0.2676470588235294,0.7490384615384615,0.4860992133617401
0.2698529411764706,0.7490384615384615,0.48502054810523987
0.2698529411764706,0.7519230769230769,0.48057547211647034
0.27205882352941174,0.7519230769230769,0.47844234108924866
0.27205882352941174,0.7528846153846154,0.4783244729042053
0.2727941176470588,0.7528846153846154,0.4777212142944336
0.2727941176470588,0.7538461538461538,0.4773809015750885
0.2735294117647059,0.7538461538461538,0.4772800803184509
0.2735294117647059,0.7548076923076923,0.47725173830986023
0.275,0.7548076923076923,0.47680386900901794
0.275,0.7557692307692307,0.47542527318000793
0.2757352941176471,0.7557692307692307,0.4750652015209198
0.2757352941176471,0.7567307692307692,0.4748566150665283
0.27647058823529413,0.7567307692307692,0.4739817678928375
0.27647058823529413,0.7576923076923077,0.4739668369293213
0.2772058823529412,0.7576923076923077,0.47336825728416443
0.2772058823529412,0.7644230769230769,0.4701772928237915
0.27794117647058825,0.7644230769230769,0.4698641300201416
0.27794117647058825,0.7692307692307693,0.46869000792503357
0.2786764705882353,0.7692307692307693,0.4685855507850647
0.2786764705882353,0.7711538461538462,0.46848824620246887
0.28088235294117647,0.7711538461538462,0.4670946002006531
0.28088235294117647,0.775,0.4657605290412903
0.28161764705882353,0.775,0.4654483497142792
0.28161764705882353,0.7769230769230769,0.46479928493499756
0.2838235294117647,0.7769230769230769,0.46415087580680847
0.2838235294117647,0.7778846153846154,0.46403080224990845
0.28455882352941175,0.7778846153846154,0.46395742893218994
0.28455882352941175,0.7788461538461539,0.46387192606925964
0.2852941176470588,0.7788461538461539,0.4635619521141052
0.2852941176470588,0.7798076923076923,0.4633598327636719
0.28602941176470587,0.7798076923076923,0.46291211247444153
0.28602941176470587,0.7807692307692308,0.4625648558139801
0.2867647058823529,0.7807692307692308,0.4620259702205658
0.2867647058823529,0.7817307692307692,0.46191778779029846
0.28823529411764703,0.7817307692307692,0.4615420997142792
0.28823529411764703,0.7865384615384615,0.45959556102752686
0.29044117647058826,0.7865384615384615,0.45875847339630127
0.29044117647058826,0.7875,0.4586007297039032
0.29191176470588237,0.7875,0.4571101665496826
0.29191176470588237,0.7884615384615384,0.45708227157592773
0.2926470588235294,0.7884615384615384,0.4566352069377899
0.2926470588235294,0.7990384615384616,0.4530268907546997
0.2933823529411765,0.7990384615384616,0.45276349782943726
0.2933823529411765,0.8,0.4524354934692383
0.29411764705882354,0.8,0.45216360688209534
0.29411764705882354,0.8009615384615385,0.45189929008483887
0.2948529411764706,0.8009615384615385,0.45180317759513855
0.2948529411764706,0.801923076923077,0.4505995810031891
0.29558823529411765,0.801923076923077,0.4505794942378998
0.29558823529411765,0.8028846153846154,0.4499918818473816
0.2963235294117647,0.8028846153846154,0.44966188073158264
0.2963235294117647,0.8048076923076923,0.44872501492500305
0.2985294117647059,0.8048076923076923,0.44819915294647217
0.2985294117647059,0.8057692307692308,0.448165625333786
0.29926470588235293,0.8057692307692308,0.4475998878479004
0.29926470588235293,0.8076923076923077,0.44720831513404846
0.3,0.8076923076923077,0.4470817446708679
0.3,0.8096153846153846,0.4467866122722626
0.3014705882352941,0.8096153846153846,0.44537353515625
0.3014705882352941,0.8105769230769231,0.4442203938961029
0.30220588235294116,0.8105769230769231,0.44402551651000977
0.30220588235294116,0.8125,0.44326213002204895
0.3029411764705882,0.8125,0.44252222776412964
0.3029411764705882,0.8134615384615385,0.44217464327812195
0.30514705882352944,0.8134615384615385,0.4415939152240753
0.30514705882352944,0.8163461538461538,0.43966373801231384
0.3058823529411765,0.8163461538461538,0.43949007987976074
0.3058823529411765,0.8192307692307692,0.438809871673584
0.3088235294117647,0.8192307692307692,0.43805772066116333
0.3088235294117647,0.8201923076923077,0.4377673268318176
0.3095588235294118,0.8201923076923077,0.4377146065235138
0.3095588235294118,0.8211538461538461,0.4375714063644409
0.31176470588235294,0.8211538461538461,0.43660250306129456
0.31176470588235294,0.8221153846153846,0.43598946928977966
0.31323529411764706,0.8221153846153846,0.4354412257671356
0.31323529411764706,0.823076923076923,0.4354245066642761
0.3139705882352941,0.823076923076923,0.435205340385437
0.3139705882352941,0.825,0.43500351905822754
0.31470588235294117,0.825,0.43484532833099365
0.31470588235294117,0.8259615384615384,0.4347083568572998
0.3154411764705882,0.8259615384615384,0.434489905834198
0.3154411764705882,0.8269230769230769,0.43374010920524597
0.3191176470588235,0.8269230769230769,0.43154141306877136
0.3191176470588235,0.8288461538461539,0.4298584759235382
0.3205882352941177,0.8288461538461539,0.4294451177120209
0.3205882352941177,0.8298076923076924,0.42893192172050476
0.32132352941176473,0.8298076923076924,0.42839667201042175
0.32132352941176473,0.8307692307692308,0.42786768078804016
0.3220588235294118,0.8307692307692308,0.42780137062072754
0.3220588235294118,0.8317307692307693,0.42735937237739563
0.32794117647058824,0.8317307692307693,0.4245239794254303
0.32794117647058824,0.8326923076923077,0.42445433139801025
0.33088235294117646,0.8326923076923077,0.4234125018119812
0.33088235294117646,0.8336538461538462,0.42319822311401367
0.3316176470588235,0.8336538461538462,0.42307254672050476
0.3316176470588235,0.8346153846153846,0.4223504662513733
0.3323529411764706,0.8346153846153846,0.42226141691207886
0.3323529411764706,0.8355769230769231,0.4222448468208313
0.33308823529411763,0.8355769230769231,0.42216646671295166
0.33308823529411763,0.8375,0.42199134826660156
0.3338235294117647,0.8375,0.42157813906669617
0.3338235294117647,0.8384615384615385,0.4209293723106384
0.3352941176470588,0.8384615384615385,0.4197531044483185
0.3352941176470588,0.8413461538461539,0.41874709725379944
0.3397058823529412,0.8413461538461539,0.41704821586608887
0.3397058823529412,0.8423076923076923,0.4167860746383667
0.3426470588235294,0.8423076923076923,0.41604724526405334
0.3426470588235294,0.8432692307692308,0.4160144329071045
0.3448529411764706,0.8432692307692308,0.4145258069038391
0.3448529411764706,0.8442307692307692,0.4143686294555664
0.34705882352941175,0.8442307692307692,0.41388264298439026
0.34705882352941175,0.8471153846153846,0.41343066096305847
0.34852941176470587,0.8471153846153846,0.41286465525627136
0.34852941176470587,0.8480769230769231,0.41284698247909546
0.35,0.8480769230769231,0.412191241979599
0.35,0.8509615384615384,0.4106305241584778
0.3588235294117647,0.8509615384615384,0.40588316321372986
0.3588235294117647,0.8528846153846154,0.4047496020793915
0.35955882352941176,0.8528846153846154,0.40460047125816345
0.35955882352941176,0.8538461538461538,0.40339916944503784
0.3602941176470588,0.8538461538461538,0.40297093987464905
0.3602941176470588,0.8557692307692307,0.4025653302669525
0.3610294117647059,0.8557692307692307,0.4023222029209137
0.3610294117647059,0.8567307692307692,0.4022892713546753
0.36176470588235293,0.8567307692307692,0.402129590511322
0.36176470588235293,0.8576923076923076,0.40153026580810547
0.3625,0.8576923076923076,0.4007623493671417
0.3625,0.8605769230769231,0.398956298828125
0.36323529411764705,0.8605769230769231,0.3980312943458557
0.36323529411764705,0.8615384615384616,0.3979881703853607
0.3639705882352941,0.8615384615384616,0.3979109227657318
0.3639705882352941,0.8634615384615385,0.39723798632621765
0.36617647058823527,0.8634615384615385,0.3951907157897949
0.36617647058823527,0.8653846153846154,0.394394189119339
0.36764705882352944,0.8653846153846154,0.3938990831375122
0.36764705882352944,0.8663461538461539,0.39384084939956665
0.36911764705882355,0.8663461538461539,0.39271965622901917
0.36911764705882355,0.8673076923076923,0.3927001655101776
0.3698529411764706,0.8673076923076923,0.3924298882484436
0.3698529411764706,0.8692307692307693,0.3920154273509979
0.37058823529411766,0.8692307692307693,0.3913623094558716
0.37058823529411766,0.8711538461538462,0.3908035457134247
0.3713235294117647,0.8711538461538462,0.39053016901016235
0.3713235294117647,0.8721153846153846,0.39050719141960144
0.37279411764705883,0.8721153846153846,0.38983064889907837
0.37279411764705883,0.8730769230769231,0.388977587223053
0.375,0.8730769230769231,0.3879675567150116
0.375,0.8740384615384615,0.38748565316200256
0.3764705882352941,0.8740384615384615,0.3870098292827606
0.3764705882352941,0.875,0.38631922006607056
0.3779411764705882,0.875,0.38503193855285645
0.3779411764705882,0.8759615384615385,0.3850270211696625
0.3889705882352941,0.8759615384615385,0.3816511332988739
0.3889705882352941,0.8769230769230769,0.38144344091415405
0.39044117647058824,0.8769230769230769,0.3811486065387726
0.39044117647058824,0.8788461538461538,0.38093653321266174
0.40661764705882353,0.8788461538461538,0.37473824620246887
0.40661764705882353,0.8798076923076923,0.37462708353996277
0.4088235294117647,0.8798076923076923,0.3734355568885803
0.4088235294117647,0.8807692307692307,0.3726990222930908
0.4125,0.8807692307692307,0.37055233120918274
0.4125,0.8817307692307692,0.3702605366706848
0.4176470588235294,0.8817307692307692,0.3691345155239105
0.4176470588235294,0.8836538461538461,0.36870700120925903
0.42205882352941176,0.8836538461538461,0.367501437664032
0.42205882352941176,0.8846153846153846,0.3672943711280823
0.4235294117647059,0.8846153846153846,0.3670501410961151
0.4235294117647059,0.885576923076923,0.3665284216403961
0.42867647058823527,0.885576923076923,0.3636162579059601
0.42867647058823527,0.8884615384615384,0.3634609282016754
0.4294117647058823,0.8884615384615384,0.36318641901016235
0.4294117647058823,0.8903846153846153,0.3617968261241913
0.43014705882352944,0.8903846153846153,0.36115625500679016
0.43014705882352944,0.8913461538461539,0.3608303964138031
0.4308823529411765,0.8913461538461539,0.36031830310821533
0.4308823529411765,0.8923076923076924,0.3598841726779938
0.43161764705882355,0.8923076923076924,0.3595770001411438
0.43161764705882355,0.8932692307692308,0.3594282567501068
0.4345588235294118,0.8932692307692308,0.35855451226234436
0.4345588235294118,0.8942307692307693,0.3583146631717682
0.43529411764705883,0.8942307692307693,0.35773736238479614
0.43529411764705883,0.8961538461538462,0.357358455657959
0.4360294117647059,0.8961538461538462,0.357339084148407
0.4360294117647059,0.8980769230769231,0.35672271251678467
0.4375,0.8980769230769231,0.3549126386642456
0.4375,0.8990384615384616,0.35489457845687866
0.4389705882352941,0.8990384615384616,0.3540688157081604
0.4389705882352941,0.9019230769230769,0.3529819846153259
0.44338235294117645,0.9019230769230769,0.3510841131210327
0.44338235294117645,0.9038461538461539,0.3509354889392853
0.4441176470588235,0.9038461538461539,0.3507879972457886
0.4441176470588235,0.9048076923076923,0.3507311940193176
0.44632352941176473,0.9048076923076923,0.34973233938217163
0.44632352941176473,0.9067307692307692,0.3494669795036316
0.4470588235294118,0.9067307692307692,0.34934595227241516
0.4470588235294118,0.9076923076923077,0.3491048216819763
0.4522058823529412,0.9076923076923077,0.34683534502983093
0.4522058823529412,0.9086538461538461,0.346432626247406
0.45588235294117646,0.9086538461538461,0.3447004556655884
0.45588235294117646,0.9115384615384615,0.34372711181640625
0.4602941176470588,0.9115384615384615,0.3417181670665741
0.4602941176470588,0.9125,0.34096062183380127
0.4625,0.9125,0.34087511897087097
0.4625,0.9134615384615384,0.34074485301971436
0.46544117647058825,0.9134615384615384,0.3388693034648895
0.46544117647058825,0.9144230769230769,0.33846473693847656
0.4676470588235294,0.9144230769230769,0.3377801477909088
0.4676470588235294,0.9153846153846154,0.3373172879219055
0.4713235294117647,0.9153846153846154,0.3360021114349365
0.4713235294117647,0.9163461538461538,0.335648775100708
0.47205882352941175,0.9163461538461538,0.3348231613636017
0.47205882352941175,0.9173076923076923,0.33321884274482727
0.4764705882352941,0.9173076923076923,0.331632524728775
0.4764705882352941,0.9182692307692307,0.33145904541015625
0.4772058823529412,0.9182692307692307,0.3313436508178711
0.4772058823529412,0.9192307692307692,0.3309897780418396
0.4823529411764706,0.9192307692307692,0.32891732454299927
0.4823529411764706,0.9201923076923076,0.32882779836654663
0.48455882352941176,0.9201923076923076,0.3275589346885681
0.48455882352941176,0.9211538461538461,0.32753685116767883
0.49117647058823527,0.9211538461538461,0.32581451535224915
0.49117647058823527,0.9221153846153847,0.32535240054130554
0.49264705882352944,0.9221153846153847,0.32502809166908264
0.49264705882352944,0.9240384615384616,0.3248039782047272
0.5022058823529412,0.9240384615384616,0.3205491602420807
0.5022058823529412,0.925,0.3200538754463196
0.5036764705882353,0.925,0.3196107745170593
0.5036764705882353,0.9259615384615385,0.319510817527771
0.5051470588235294,0.9259615384615385,0.3174993395805359
0.5051470588235294,0.926923076923077,0.3172847032546997
0.5147058823529411,0.926923076923077,0.3130843937397003
0.5147058823529411,0.9278846153846154,0.31160175800323486
0.5161764705882353,0.9278846153846154,0.3110744059085846
0.5161764705882353,0.9288461538461539,0.31039491295814514
0.5176470588235295,0.9288461538461539,0.309036523103714
0.5176470588235295,0.9298076923076923,0.30850428342819214
0.5323529411764706,0.9298076923076923,0.29869917035102844
0.5323529411764706,0.9307692307692308,0.2984127998352051
0.5338235294117647,0.9307692307692308,0.29748502373695374
0.5338235294117647,0.9326923076923077,0.29643163084983826
0.5352941176470588,0.9326923076923077,0.2958258092403412
0.5352941176470588,0.9336538461538462,0.29550647735595703
0.5360294117647059,0.9336538461538462,0.2954971492290497
0.5360294117647059,0.9346153846153846,0.2954559326171875
0.538235294117647,0.9346153846153846,0.2940255403518677
0.538235294117647,0.9365384615384615,0.29220977425575256
0.5441176470588235,0.9365384615384615,0.28982388973236084
0.5441176470588235,0.9375,0.28973880410194397
0.5529411764705883,0.9375,0.2877803146839142
0.5529411764705883,0.9384615384615385,0.28744789958000183
0.5544117647058824,0.9384615384615385,0.2873162031173706
0.5544117647058824,0.9403846153846154,0.28691667318344116
0.5573529411764706,0.9403846153846154,0.28557902574539185
0.5573529411764706,0.9413461538461538,0.2854660749435425
0.5647058823529412,0.9413461538461538,0.28255215287208557
0.5647058823529412,0.9423076923076923,0.2817901074886322
0.5654411764705882,0.9423076923076923,0.2816416621208191
0.5654411764705882,0.9432692307692307,0.28142857551574707
0.5661764705882353,0.9432692307692307,0.2814282178878784
0.5661764705882353,0.9442307692307692,0.2798808813095093
0.5683823529411764,0.9442307692307692,0.2792394757270813
0.5683823529411764,0.9451923076923077,0.2792111039161682
0.5705882352941176,0.9451923076923077,0.2785494923591614
0.5705882352941176,0.9461538461538461,0.27813777327537537
0.575735294117647,0.9461538461538461,0.27546554803848267
0.575735294117647,0.9471153846153846,0.27479037642478943
0.5801470588235295,0.9471153846153846,0.2694894075393677
0.5801470588235295,0.948076923076923,0.2692326307296753
0.5860294117647059,0.948076923076923,0.26612740755081177
0.5860294117647059,0.9490384615384615,0.2657882869243622
0.6029411764705882,0.9490384615384615,0.2577293813228607
0.6029411764705882,0.95,0.25717613101005554
0.6102941176470589,0.95,0.24448341131210327
0.6102941176470589,0.9509615384615384,0.24388715624809265
0.6147058823529412,0.9509615384615384,0.24198155105113983
0.6147058823529412,0.9528846153846153,0.24153858423233032
0.6227941176470588,0.9528846153846153,0.23721668124198914
0.6227941176470588,0.9538461538461539,0.23715583980083466
0.6264705882352941,0.9538461538461539,0.23547731339931488
0.6264705882352941,0.9548076923076924,0.23523452877998352
0.6272058823529412,0.9548076923076924,0.23482556641101837
0.6272058823529412,0.9557692307692308,0.23457071185112
0.6301470588235294,0.9557692307692308,0.2325453907251358
0.6301470588235294,0.9567307692307693,0.23245373368263245
0.6345588235294117,0.9567307692307693,0.22976382076740265
0.6345588235294117,0.9576923076923077,0.22964715957641602
0.6397058823529411,0.9576923076923077,0.227486714720726
0.6397058823529411,0.9596153846153846,0.2272171527147293
0.6404411764705882,0.9596153846153846,0.2267458289861679
0.6404411764705882,0.9605769230769231,0.22560496628284454
0.6433823529411765,0.9605769230769231,0.22179782390594482
0.6433823529411765,0.9615384615384616,0.22179317474365234
0.6477941176470589,0.9615384615384616,0.21946963667869568
0.6477941176470589,0.9625,0.21934373676776886
0.649264705882353,0.9625,0.2187757045030594
0.649264705882353,0.9634615384615385,0.2185133844614029
0.6514705882352941,0.9634615384615385,0.21735379099845886
0.6514705882352941,0.9644230769230769,0.2172171175479889
0.6573529411764706,0.9644230769230769,0.2141512632369995
0.6573529411764706,0.9653846153846154,0.21410587430000305
0.6580882352941176,0.9653846153846154,0.21408143639564514
0.6580882352941176,0.9663461538461539,0.21336020529270172
0.6654411764705882,0.9663461538461539,0.21005649864673615
0.6654411764705882,0.9673076923076923,0.20892764627933502
0.6676470588235294,0.9673076923076923,0.20808254182338715
0.6676470588235294,0.9682692307692308,0.20662915706634521
0.6705882352941176,0.9682692307692308,0.20344123244285583
0.6705882352941176,0.9692307692307692,0.2032027542591095
0.6727941176470589,0.9692307692307692,0.2014632225036621
0.6727941176470589,0.9701923076923077,0.20095890760421753
0.6860294117647059,0.9701923076923077,0.19532068073749542
0.6860294117647059,0.9711538461538461,0.1952941119670868
0.6911764705882353,0.9711538461538461,0.19336311519145966
0.6911764705882353,0.9730769230769231,0.19293212890625
0.6941176470588235,0.9730769230769231,0.191940039396286
0.6941176470588235,0.9740384615384615,0.19174516201019287
0.6963235294117647,0.9740384615384615,0.19128860533237457
0.6963235294117647,0.975,0.19117926061153412
0.6977941176470588,0.975,0.19072198867797852
0.6977941176470588,0.9759615384615384,0.1902116984128952
0.725,0.9759615384615384,0.18033069372177124
0.725,0.9778846153846154,0.17962846159934998
0.7272058823529411,0.9778846153846154,0.179092675447464
0.7272058823529411,0.9788461538461538,0.1787969022989273
0.7279411764705882,0.9788461538461538,0.17840895056724548
0.7279411764705882,0.9798076923076923,0.17829696834087372
0.7294117647058823,0.9798076923076923,0.1777799427509308
0.7294117647058823,0.9807692307692307,0.1772291511297226
0.8970588235294118,0.9807692307692307,0.0944766253232956
0.8970588235294118,0.9817307692307692,0.09443891793489456
0.9147058823529411,0.9817307692307692,0.07645891606807709
0.9147058823529411,0.9826923076923076,0.07596790045499802
0.9272058823529412,0.9826923076923076,0.06296419352293015
0.9272058823529412,0.9836538461538461,0.060258377343416214
0.9279411764705883,0.9836538461538461,0.059359967708587646
0.9279411764705883,0.9846153846153847,0.05875496566295624
0.9308823529411765,0.9846153846153847,0.05591521039605141
0.9308823529411765,0.9865384615384616,0.05551053583621979
0.9345588235294118,0.9865384615384616,0.04963987320661545
0.9345588235294118,0.9884615384615385,0.04946223273873329
0.9382352941176471,0.9884615384615385,0.04812406748533249
0.9382352941176471,0.989423076923077,0.04775458946824074
0.9411764705882353,0.989423076923077,0.04615544155240059
0.9411764705882353,0.9903846153846154,0.046123553067445755
0.9470588235294117,0.9903846153846154,0.04443769529461861
0.9470588235294117,0.9942307692307693,0.04245511442422867
0.9558823529411765,0.9942307692307693,0.039328232407569885
0.9558823529411765,0.9951923076923077,0.038883138447999954
0.9727941176470588,0.9951923076923077,0.034211188554763794
0.9727941176470588,0.9961538461538462,0.03397219255566597
0.9735294117647059,0.9961538461538462,0.03360579162836075
0.9735294117647059,1.0,0.03284872695803642
1.0,1.0,0.01870832033455372
