FPR,TPR,Threshold
0.0,0.0,1.98347669839859
0.0,0.0004807692307692308,0.9834766983985901
0.0,0.03701923076923077,0.971380889415741
0.0003676470588235294,0.03701923076923077,0.971367359161377
0.0003676470588235294,0.041826923076923074,0.9710990786552429
0.0007352941176470588,0.041826923076923074,0.9710888266563416
0.0007352941176470588,0.04567307692307692,0.9708977341651917
0.0011029411764705882,0.04567307692307692,0.9708383083343506
0.0011029411764705882,0.046153846153846156,0.9708284139633179
0.0014705882352941176,0.046153846153846156,0.9707698822021484
0.0014705882352941176,0.046634615384615385,0.9707413911819458
0.001838235294117647,0.046634615384615385,0.9707339406013489
0.001838235294117647,0.047596153846153844,0.9704280495643616
0.0022058823529411764,0.047596153846153844,0.9702425003051758
0.0022058823529411764,0.04807692307692308,0.9702185988426208
0.0029411764705882353,0.04807692307692308,0.9699887037277222
0.0029411764705882353,0.04903846153846154,0.9698224067687988
0.0033088235294117647,0.04903846153846154,0.9698047041893005
0.0033088235294117647,0.04951923076923077,0.9698030352592468
0.003676470588235294,0.04951923076923077,0.9694896340370178
0.003676470588235294,0.05,0.9694093465805054
0.005147058823529412,0.05,0.9691429734230042
0.005147058823529412,0.05048076923076923,0.9690817594528198
0.0055147058823529415,0.05048076923076923,0.9690744876861572
0.0055147058823529415,0.05096153846153846,0.9689693450927734
0.00625,0.05096153846153846,0.9688962697982788
0.00625,0.05144230769230769,0.9688863158226013
0.006617647058823529,0.05144230769230769,0.968856692314148
0.006617647058823529,0.051923076923076926,0.9688440561294556
0.008823529411764706,0.051923076923076926,0.9687141180038452
0.008823529411764706,0.052884615384615384,0.9687039256095886
0.009191176470588236,0.052884615384615384,0.9686897397041321
0.009191176470588236,0.05384615384615385,0.9686721563339233
0.010661764705882353,0.05384615384615385,0.9685063362121582
0.010661764705882353,0.05480769230769231,0.9684712290763855
0.01213235294117647,0.05480769230769231,0.9683791995048523
0.01213235294117647,0.055288461538461536,0.9683749675750732
0.013235294117647059,0.055288461538461536,0.9681792855262756
0.013235294117647059,0.06153846153846154,0.9678975343704224
0.013602941176470588,0.06153846153846154,0.9678642153739929
0.013602941176470588,0.06298076923076923,0.9676897525787354
0.013970588235294118,0.06298076923076923,0.9676631689071655
0.013970588235294118,0.06346153846153846,0.9676529169082642
0.014338235294117646,0.06346153846153846,0.9676380753517151
0.014338235294117646,0.06586538461538462,0.9675360321998596
0.014705882352941176,0.06586538461538462,0.9675334692001343
0.014705882352941176,0.06682692307692308,0.9674347043037415
0.015073529411764706,0.06682692307692308,0.9672991633415222
0.015073529411764706,0.06778846153846153,0.9672329425811768
0.017279411764705883,0.06778846153846153,0.9670960903167725
0.017279411764705883,0.06826923076923076,0.9670708179473877
0.01875,0.06826923076923076,0.9669820666313171
0.01875,0.06971153846153846,0.9668856859207153
0.01911764705882353,0.06971153846153846,0.9668315052986145
0.01911764705882353,0.07019230769230769,0.9668207168579102
0.020588235294117647,0.07019230769230769,0.9666632413864136
0.020588235294117647,0.07115384615384615,0.966642439365387
0.020955882352941175,0.07115384615384615,0.9666038751602173
0.020955882352941175,0.07163461538461538,0.9665864109992981
0.022058823529411766,0.07163461538461538,0.9665582180023193
0.022058823529411766,0.08125,0.9655317068099976
0.022426470588235294,0.08125,0.9655108451843262
0.022426470588235294,0.08173076923076923,0.9653685092926025
0.022794117647058822,0.08173076923076923,0.965199887752533
0.022794117647058822,0.0889423076923077,0.9645213484764099
0.023161764705882354,0.0889423076923077,0.964428186416626
0.023161764705882354,0.09134615384615384,0.9642489552497864
0.023529411764705882,0.09134615384615384,0.9642168879508972
0.023529411764705882,0.09471153846153846,0.9637296199798584
0.02389705882352941,0.09471153846153846,0.9636455774307251
0.02389705882352941,0.09567307692307692,0.9630196690559387
0.02426470588235294,0.09567307692307692,0.962940514087677
0.02426470588235294,0.1,0.959300696849823
0.025735294117647058,0.1,0.95778888463974
0.025735294117647058,0.10048076923076923,0.9577832818031311
0.026470588235294117,0.10048076923076923,0.9567227959632874
0.026470588235294117,0.10096153846153846,0.9567162990570068
0.026838235294117645,0.10096153846153846,0.9563915729522705
0.026838235294117645,0.10144230769230769,0.9559201002120972
0.027205882352941177,0.10144230769230769,0.955659031867981
0.027205882352941177,0.10192307692307692,0.9556149840354919
0.027573529411764705,0.10192307692307692,0.955564558506012
0.027573529411764705,0.10288461538461538,0.9552398324012756
0.027941176470588237,0.10288461538461538,0.9551622271537781
0.027941176470588237,0.10432692307692308,0.9550533294677734
0.029044117647058824,0.10432692307692308,0.9547867774963379
0.029044117647058824,0.10576923076923077,0.9545806050300598
0.030882352941176472,0.10576923076923077,0.9542583227157593
0.030882352941176472,0.10625,0.9542524218559265
0.03235294117647059,0.10625,0.9541429281234741
0.03235294117647059,0.10673076923076923,0.9541117548942566
0.03308823529411765,0.10673076923076923,0.9540464282035828
0.03308823529411765,0.1076923076923077,0.9539024829864502
0.036397058823529414,0.1076923076923077,0.953471302986145
0.036397058823529414,0.10865384615384616,0.9528439044952393
0.03676470588235294,0.10865384615384616,0.9527774453163147
0.03676470588235294,0.1326923076923077,0.9510270357131958
0.0375,0.1326923076923077,0.9503965973854065
0.0375,0.1346153846153846,0.9497451782226562
0.03786764705882353,0.1346153846153846,0.9491277933120728
0.03786764705882353,0.13557692307692307,0.9488555788993835
0.03823529411764706,0.13557692307692307,0.948844313621521
0.03823529411764706,0.13798076923076924,0.9476240873336792
0.03860294117647059,0.13798076923076924,0.9474390149116516
0.03860294117647059,0.14326923076923076,0.9438695311546326
0.03897058823529412,0.14326923076923076,0.9436390995979309
0.03897058823529412,0.1451923076923077,0.9431170225143433
0.039338235294117646,0.1451923076923077,0.9430829882621765
0.039338235294117646,0.15865384615384615,0.9405011534690857
0.039705882352941174,0.15865384615384615,0.939793586730957
0.039705882352941174,0.16009615384615383,0.9394366145133972
0.04007352941176471,0.16009615384615383,0.9392513036727905
0.04007352941176471,0.16153846153846155,0.9390158653259277
0.04044117647058824,0.16153846153846155,0.9390022158622742
0.04044117647058824,0.16346153846153846,0.9385042190551758
0.040808823529411765,0.16346153846153846,0.9385011792182922
0.040808823529411765,0.19471153846153846,0.9320513010025024
0.041176470588235294,0.19471153846153846,0.9319618344306946
0.041176470588235294,0.20817307692307693,0.9293885231018066
0.04154411764705882,0.20817307692307693,0.9293653964996338
0.04154411764705882,0.21298076923076922,0.928644061088562
0.04191176470588235,0.21298076923076922,0.9283416271209717
0.04191176470588235,0.21682692307692308,0.9272037744522095
0.042279411764705885,0.21682692307692308,0.9271097779273987
0.04264705882352941,0.2173076923076923,0.9270841479301453
0.04264705882352941,0.22884615384615384,0.9255580902099609
0.04338235294117647,0.22884615384615384,0.925230085849762
0.04338235294117647,0.22932692307692307,0.9249991178512573
0.04375,0.22932692307692307,0.9246619343757629
0.04375,0.2375,0.9233173131942749
0.04411764705882353,0.2375,0.9232432842254639
0.04411764705882353,0.23990384615384616,0.9226826429367065
0.04448529411764706,0.23990384615384616,0.9225912094116211
0.04448529411764706,0.24278846153846154,0.9218319654464722
0.04485294117647059,0.24278846153846154,0.9212913513183594
0.04485294117647059,0.24423076923076922,0.9209650158882141
0.04632352941176471,0.24423076923076922,0.9200436472892761
0.04632352941176471,0.2456730769230769,0.919878363609314
0.046691176470588236,0.2456730769230769,0.9198024868965149
0.046691176470588236,0.2466346153846154,0.9191824793815613
0.04779411764705882,0.2466346153846154,0.9189807772636414
0.04779411764705882,0.24711538461538463,0.9189152121543884
0.04889705882352941,0.24711538461538463,0.9187970757484436
0.04889705882352941,0.24759615384615385,0.9187644720077515
0.05073529411764706,0.24759615384615385,0.918493390083313
0.05073529411764706,0.24807692307692308,0.9182791709899902
0.05220588235294118,0.24807692307692308,0.9178839325904846
0.05220588235294118,0.2485576923076923,0.9178557991981506
0.054044117647058826,0.2485576923076923,0.9176272749900818
0.054044117647058826,0.25,0.9172313809394836
0.054411764705882354,0.25,0.9166655540466309
0.054411764705882354,0.25432692307692306,0.914537787437439
0.05514705882352941,0.25432692307692306,0.9140920639038086
0.05514705882352941,0.26153846153846155,0.9121454954147339
0.05551470588235294,0.26153846153846155,0.9121441841125488
0.05551470588235294,0.27692307692307694,0.9103289246559143
0.05588235294117647,0.27692307692307694,0.910081148147583
0.05588235294117647,0.28942307692307695,0.9061181545257568
0.05625,0.28942307692307695,0.9060751795768738
0.05625,0.29471153846153847,0.905109703540802
0.05661764705882353,0.29471153846153847,0.9050265550613403
0.05661764705882353,0.2980769230769231,0.9044279456138611
0.05698529411764706,0.2980769230769231,0.9044023752212524
0.05698529411764706,0.2985576923076923,0.9043113589286804
0.057352941176470586,0.2985576923076923,0.9041208624839783
0.057352941176470586,0.29951923076923076,0.9028563499450684
0.05772058823529412,0.29951923076923076,0.9024578928947449
0.05772058823529412,0.3019230769230769,0.900274932384491
0.05845588235294118,0.3019230769230769,0.8999984860420227
0.05845588235294118,0.30240384615384613,0.8996390700340271
0.059926470588235296,0.30240384615384613,0.8989880681037903
0.059926470588235296,0.30288461538461536,0.8986559510231018
0.06360294117647058,0.30288461538461536,0.8980457186698914
0.06360294117647058,0.3033653846153846,0.8980184197425842
0.06470588235294118,0.3033653846153846,0.8974338173866272
0.06470588235294118,0.30432692307692305,0.8973569869995117
0.06875,0.30432692307692305,0.8960456252098083
0.06875,0.30480769230769234,0.8957210779190063
0.06911764705882353,0.30480769230769234,0.8955069184303284
0.06911764705882353,0.30528846153846156,0.8948034644126892
0.07095588235294117,0.30528846153846156,0.8929856419563293
0.07095588235294117,0.30673076923076925,0.8924680948257446
0.0713235294117647,0.30673076923076925,0.8923792243003845
0.0713235294117647,0.3091346153846154,0.8913630843162537
0.07169117647058823,0.3091346153846154,0.8909311890602112
0.07169117647058823,0.3110576923076923,0.8905530571937561
0.07205882352941176,0.3110576923076923,0.8904719352722168
0.07205882352941176,0.31153846153846154,0.89035964012146
0.0724264705882353,0.31153846153846154,0.8903048634529114
0.0724264705882353,0.31346153846153846,0.8897519707679749
0.07389705882352941,0.31346153846153846,0.8889374136924744
0.07389705882352941,0.3139423076923077,0.888679563999176
0.07463235294117647,0.3139423076923077,0.8883918523788452
0.07463235294117647,0.3144230769230769,0.8882320523262024
0.07720588235294118,0.3144230769230769,0.8878169059753418
0.07720588235294118,0.31490384615384615,0.8877611756324768
0.07867647058823529,0.31490384615384615,0.8875153064727783
0.07867647058823529,0.3158653846153846,0.887119472026825
0.08014705882352942,0.3158653846153846,0.8867700695991516
0.08014705882352942,0.31634615384615383,0.8866099119186401
0.08088235294117647,0.31634615384615383,0.8865198493003845
0.08088235294117647,0.31682692307692306,0.8864959478378296
0.08272058823529412,0.31682692307692306,0.8861333727836609
0.08272058823529412,0.3173076923076923,0.8861245512962341
0.08308823529411764,0.3173076923076923,0.8861123919487
0.08308823529411764,0.3177884615384615,0.8860753178596497
0.0838235294117647,0.3177884615384615,0.8857302069664001
0.0838235294117647,0.3211538461538462,0.8850818872451782
0.08419117647058824,0.3211538461538462,0.8850303888320923
0.08419117647058824,0.3235576923076923,0.8848252892494202
0.08455882352941177,0.3235576923076923,0.8847935199737549
0.08455882352941177,0.32403846153846155,0.8847885727882385
0.0849264705882353,0.32403846153846155,0.8847804665565491
0.0849264705882353,0.3245192307692308,0.8846925497055054
0.08602941176470588,0.3245192307692308,0.884583592414856
0.08602941176470588,0.32596153846153847,0.8844745755195618
0.08639705882352941,0.32596153846153847,0.8844633102416992
0.08639705882352941,0.3269230769230769,0.8843767642974854
0.08676470588235294,0.3269230769230769,0.8843658566474915
0.08676470588235294,0.3278846153846154,0.8842795491218567
0.08713235294117647,0.3278846153846154,0.884233832359314
0.08713235294117647,0.3283653846153846,0.8841686248779297
0.0875,0.3283653846153846,0.8841401934623718
0.0875,0.3317307692307692,0.8839835524559021
0.0875,0.3326923076923077,0.8839694261550903
0.0875,0.33365384615384613,0.8838515877723694
0.08786764705882352,0.33365384615384613,0.8838025331497192
0.08786764705882352,0.33413461538461536,0.8837077617645264
0.08823529411764706,0.33413461538461536,0.8836694955825806
0.08823529411764706,0.33557692307692305,0.8835932612419128
0.08860294117647059,0.33557692307692305,0.8835927844047546
0.08860294117647059,0.33653846153846156,0.883446991443634
0.08897058823529412,0.33653846153846156,0.8834053874015808
0.08897058823529412,0.3384615384615385,0.883250892162323
0.08933823529411765,0.3384615384615385,0.8831959366798401
0.08933823529411765,0.3389423076923077,0.8831685781478882
0.08970588235294118,0.3389423076923077,0.8831503391265869
0.08970588235294118,0.3418269230769231,0.8829661011695862
0.09044117647058823,0.3418269230769231,0.8829419612884521
0.09044117647058823,0.34326923076923077,0.8828460574150085
0.09154411764705882,0.34326923076923077,0.882821261882782
0.09154411764705882,0.3490384615384615,0.8820528388023376
0.09227941176470589,0.3490384615384615,0.8820258975028992
0.09227941176470589,0.35144230769230766,0.8816937208175659
0.09264705882352942,0.35144230769230766,0.8816529512405396
0.09264705882352942,0.3528846153846154,0.8814374804496765
0.09301470588235294,0.3528846153846154,0.8813998103141785
0.09301470588235294,0.3548076923076923,0.8809152245521545
0.09375,0.3548076923076923,0.8808092474937439
0.09375,0.35625,0.8804866075515747
0.09411764705882353,0.35625,0.8804388046264648
0.09411764705882353,0.35865384615384616,0.8798288106918335
0.09522058823529411,0.35865384615384616,0.8785237073898315
0.09522058823529411,0.3610576923076923,0.8776190876960754
0.09595588235294118,0.3610576923076923,0.8772567510604858
0.09595588235294118,0.36201923076923076,0.8771390318870544
0.09632352941176471,0.36201923076923076,0.8768023252487183
0.09632352941176471,0.3644230769230769,0.87617427110672
0.09705882352941177,0.3644230769230769,0.8760362863540649
0.09705882352941177,0.36490384615384613,0.8757632970809937
0.09779411764705882,0.36490384615384613,0.8755479454994202
0.09779411764705882,0.36923076923076925,0.8750140070915222
0.09816176470588235,0.36923076923076925,0.8749810457229614
0.09816176470588235,0.3730769230769231,0.8746302723884583
0.09852941176470588,0.3730769230769231,0.8745693564414978
0.09852941176470588,0.37451923076923077,0.8742644786834717
0.09926470588235294,0.37451923076923077,0.874201238155365
0.09926470588235294,0.375,0.8741894364356995
0.09963235294117648,0.375,0.8740498423576355
0.09963235294117648,0.3769230769230769,0.8740190863609314
0.10036764705882353,0.3769230769230769,0.8739414215087891
0.10036764705882353,0.37740384615384615,0.8739081025123596
0.10073529411764706,0.37740384615384615,0.8739067316055298
0.10073529411764706,0.3783653846153846,0.8738343715667725
0.10110294117647059,0.3783653846153846,0.8738206028938293
0.10110294117647059,0.37884615384615383,0.8738189935684204
0.10147058823529412,0.37884615384615383,0.8737905621528625
0.10147058823529412,0.3817307692307692,0.8735266327857971
0.10183823529411765,0.3817307692307692,0.8734514117240906
0.10183823529411765,0.3841346153846154,0.873226523399353
0.10220588235294117,0.3841346153846154,0.873219907283783
0.10220588235294117,0.38509615384615387,0.8731170296669006
0.1036764705882353,0.38509615384615387,0.8729957938194275
0.1036764705882353,0.3855769230769231,0.8728829622268677
0.10441176470588236,0.3855769230769231,0.872782826423645
0.10441176470588236,0.38653846153846155,0.8726100325584412
0.10514705882352941,0.38653846153846155,0.8724933862686157
0.10514705882352941,0.38846153846153847,0.8721712827682495
0.10551470588235294,0.38846153846153847,0.8720698952674866
0.10551470588235294,0.38990384615384616,0.8719979524612427
0.10661764705882353,0.38990384615384616,0.8718079328536987
0.10661764705882353,0.3908653846153846,0.8716140389442444
0.10955882352941176,0.3908653846153846,0.8709618449211121
0.10955882352941176,0.39134615384615384,0.8708463907241821
0.11066176470588235,0.39134615384615384,0.8692774176597595
0.11066176470588235,0.3918269230769231,0.8692007660865784
0.11176470588235295,0.3918269230769231,0.8687847256660461
0.11176470588235295,0.3923076923076923,0.8684863448143005
0.11691176470588235,0.3923076923076923,0.8671364188194275
0.11691176470588235,0.39278846153846153,0.8669470548629761
0.11764705882352941,0.39278846153846153,0.8668580055236816
0.11764705882352941,0.39326923076923076,0.8667370676994324
0.11801470588235294,0.39326923076923076,0.8666828870773315
0.11801470588235294,0.39375,0.866621196269989
0.11875,0.39375,0.8665863871574402
0.11875,0.3942307692307692,0.8665693402290344
0.11911764705882352,0.3942307692307692,0.866415798664093
0.11911764705882352,0.39471153846153845,0.8664149641990662
0.12389705882352942,0.39471153846153845,0.8657047748565674
0.12389705882352942,0.3951923076923077,0.8656730651855469
0.12536764705882353,0.3951923076923077,0.8652010560035706
0.12536764705882353,0.3956730769230769,0.8650393486022949
0.12610294117647058,0.3956730769230769,0.8649691939353943
0.12610294117647058,0.39615384615384613,0.8648601770401001
0.12720588235294117,0.39615384615384613,0.8645039200782776
0.12720588235294117,0.39663461538461536,0.8642475605010986
0.12904411764705884,0.39663461538461536,0.8640576004981995
0.12904411764705884,0.3971153846153846,0.8637668490409851
0.12941176470588237,0.3971153846153846,0.8632560968399048
0.12941176470588237,0.39855769230769234,0.8618382215499878
0.1297794117647059,0.39855769230769234,0.8614324331283569
0.1297794117647059,0.39903846153846156,0.8607097864151001
0.13014705882352942,0.39903846153846156,0.860527515411377
0.13014705882352942,0.4,0.8601371645927429
0.13051470588235295,0.4,0.8591764569282532
0.13051470588235295,0.40048076923076925,0.8589866757392883
0.1323529411764706,0.40048076923076925,0.858507513999939
0.1323529411764706,0.4014423076923077,0.8582315444946289
0.13272058823529412,0.4014423076923077,0.8578664064407349
0.13272058823529412,0.4033653846153846,0.8576493263244629
0.13308823529411765,0.4033653846153846,0.8576185703277588
0.13308823529411765,0.40384615384615385,0.8574141263961792
0.1338235294117647,0.40384615384615385,0.8572022914886475
0.1338235294117647,0.40528846153846154,0.8568675518035889
0.13419117647058823,0.40528846153846154,0.8567240834236145
0.13419117647058823,0.40721153846153846,0.8564244508743286
0.13455882352941176,0.40721153846153846,0.8564156889915466
0.13455882352941176,0.41057692307692306,0.8557514548301697
0.1349264705882353,0.41057692307692306,0.8556210398674011
0.1349264705882353,0.4115384615384615,0.8554679751396179
0.13529411764705881,0.4115384615384615,0.8554496169090271
0.13529411764705881,0.4125,0.8552314639091492
0.13602941176470587,0.4125,0.8550601005554199
0.13602941176470587,0.41634615384615387,0.8540264964103699
0.13676470588235295,0.41634615384615387,0.8537381887435913
0.13676470588235295,0.4168269230769231,0.8536787033081055
0.13933823529411765,0.4168269230769231,0.8528809547424316
0.13933823529411765,0.4173076923076923,0.8526484966278076
0.13970588235294118,0.4173076923076923,0.8525817394256592
0.13970588235294118,0.41778846153846155,0.8521575331687927
0.14044117647058824,0.41778846153846155,0.8520541787147522
0.14044117647058824,0.41875,0.851956307888031
0.14227941176470588,0.41875,0.8512779474258423
0.14227941176470588,0.41923076923076924,0.8512011170387268
0.14338235294117646,0.41923076923076924,0.8511109352111816
0.14338235294117646,0.4201923076923077,0.850384533405304
0.14375,0.4201923076923077,0.8498795032501221
0.14375,0.42259615384615384,0.8480485081672668
0.14411764705882352,0.42259615384615384,0.847927451133728
0.14411764705882352,0.4235576923076923,0.847232460975647
0.1448529411764706,0.4235576923076923,0.8468267321586609
0.1448529411764706,0.4254807692307692,0.846297562122345
0.14522058823529413,0.4254807692307692,0.846177339553833
0.14522058823529413,0.4269230769230769,0.8454545140266418
0.14558823529411766,0.4269230769230769,0.845421552658081
0.14558823529411766,0.42980769230769234,0.8447983860969543
0.14595588235294119,0.42980769230769234,0.8446246981620789
0.14595588235294119,0.4322115384615385,0.8441851735115051
0.1463235294117647,0.4322115384615385,0.8440378904342651
0.1463235294117647,0.43701923076923077,0.8429264426231384
0.14669117647058824,0.43701923076923077,0.8428676128387451
0.14669117647058824,0.4375,0.8427078723907471
0.14705882352941177,0.4375,0.8426703810691833
0.14705882352941177,0.43798076923076923,0.8425620198249817
0.1474264705882353,0.43798076923076923,0.8425437211990356
0.1474264705882353,0.4408653846153846,0.8417983651161194
0.14779411764705883,0.4408653846153846,0.8416292071342468
0.14779411764705883,0.4423076923076923,0.8414795994758606
0.14816176470588235,0.4423076923076923,0.8414304852485657
0.14816176470588235,0.44519230769230766,0.8408892750740051
0.1488970588235294,0.44519230769230766,0.8404192328453064
0.1488970588235294,0.4466346153846154,0.8402320742607117
0.14926470588235294,0.4466346153846154,0.8401317000389099
0.14926470588235294,0.4514423076923077,0.8389231562614441
0.14963235294117647,0.4514423076923077,0.8389151692390442
0.14963235294117647,0.45240384615384616,0.8388326168060303
0.15110294117647058,0.45240384615384616,0.8376371264457703
0.15110294117647058,0.4528846153846154,0.8372381329536438
0.15294117647058825,0.4528846153846154,0.8366765975952148
0.15294117647058825,0.45384615384615384,0.8362652659416199
0.15735294117647058,0.45384615384615384,0.8346290588378906
0.15735294117647058,0.4543269230769231,0.8342932462692261
0.15845588235294117,0.4543269230769231,0.8339589834213257
0.15845588235294117,0.4548076923076923,0.8339210748672485
0.16139705882352942,0.4548076923076923,0.833040177822113
0.16139705882352942,0.45528846153846153,0.8330243229866028
0.1636029411764706,0.45528846153846153,0.8326351642608643
0.1636029411764706,0.45625,0.8324617743492126
0.16433823529411765,0.45625,0.8322750926017761
0.16433823529411765,0.45721153846153845,0.832005500793457
0.16470588235294117,0.45721153846153845,0.8314402103424072
0.16470588235294117,0.4576923076923077,0.8313745856285095
0.16654411764705881,0.4576923076923077,0.8308300971984863
0.16654411764705881,0.4581730769230769,0.8307689428329468
0.1676470588235294,0.4581730769230769,0.8304994106292725
0.1676470588235294,0.45865384615384613,0.8304471373558044
0.16838235294117648,0.45865384615384613,0.8302827477455139
0.16838235294117648,0.4596153846153846,0.8300813436508179
0.16875,0.4596153846153846,0.8300712704658508
0.16875,0.4600961538461538,0.8299673199653625
0.16948529411764707,0.4600961538461538,0.8297140598297119
0.16948529411764707,0.46057692307692305,0.8295945525169373
0.17205882352941176,0.46057692307692305,0.828813910484314
0.17205882352941176,0.46105769230769234,0.8288025259971619
0.1724264705882353,0.46105769230769234,0.8287661075592041
0.1724264705882353,0.46923076923076923,0.8269128799438477
0.17279411764705882,0.46923076923076923,0.826863706111908
0.17279411764705882,0.47451923076923075,0.8252520561218262
0.17352941176470588,0.47451923076923075,0.824519157409668
0.17352941176470588,0.475,0.824087381362915
0.1738970588235294,0.475,0.823810875415802
0.1738970588235294,0.47644230769230766,0.8229863047599792
0.17426470588235293,0.47644230769230766,0.8229142427444458
0.17426470588235293,0.47692307692307695,0.8225347995758057
0.175,0.47692307692307695,0.821926474571228
0.175,0.4774038461538462,0.8215925693511963
0.17536764705882352,0.4774038461538462,0.8214120268821716
0.17536764705882352,0.4778846153846154,0.8207377791404724
0.17573529411764705,0.4778846153846154,0.8202524781227112
0.17573529411764705,0.47884615384615387,0.820070207118988
0.1786764705882353,0.47884615384615387,0.8191959857940674
0.1786764705882353,0.4793269230769231,0.8191776275634766
0.18125,0.4793269230769231,0.8180263638496399
0.18125,0.4798076923076923,0.8179587125778198
0.18198529411764705,0.4798076923076923,0.8179146647453308
0.18198529411764705,0.48028846153846155,0.8177672624588013
0.18235294117647058,0.48028846153846155,0.8177477121353149
0.18235294117647058,0.4807692307692308,0.8175212740898132
0.18308823529411763,0.4807692307692308,0.8173243999481201
0.18308823529411763,0.48125,0.8172664046287537
0.18419117647058825,0.48125,0.8170911073684692
0.18419117647058825,0.4831730769230769,0.816830575466156
0.18455882352941178,0.4831730769230769,0.8168231844902039
0.18455882352941178,0.48365384615384616,0.8168075680732727
0.18529411764705883,0.48365384615384616,0.8166247606277466
0.18529411764705883,0.4841346153846154,0.8166021108627319
0.18676470588235294,0.4841346153846154,0.816397488117218
0.18676470588235294,0.4846153846153846,0.8158210515975952
0.18713235294117647,0.4846153846153846,0.8157021403312683
0.18713235294117647,0.4879807692307692,0.8152875304222107
0.1875,0.4879807692307692,0.815256655216217
0.1875,0.49182692307692305,0.8145890831947327
0.18786764705882353,0.49182692307692305,0.8145666718482971
0.18786764705882353,0.49230769230769234,0.8144943714141846
0.18823529411764706,0.49230769230769234,0.8144105076789856
0.18823529411764706,0.4932692307692308,0.8143187165260315
0.18860294117647058,0.4932692307692308,0.8142982125282288
0.18860294117647058,0.49615384615384617,0.8139135241508484
0.1889705882352941,0.49615384615384617,0.8138769268989563
0.1889705882352941,0.4971153846153846,0.8137399554252625
0.18933823529411764,0.4971153846153846,0.8136661052703857
0.18933823529411764,0.5028846153846154,0.8127362132072449
0.18970588235294117,0.5028846153846154,0.8126707673072815
0.18970588235294117,0.5038461538461538,0.8126073479652405
0.19044117647058822,0.5038461538461538,0.8125781416893005
0.19044117647058822,0.5072115384615384,0.8113515377044678
0.19117647058823528,0.5072115384615384,0.809600830078125
0.19117647058823528,0.5081730769230769,0.808586061000824
0.19154411764705884,0.5081730769230769,0.8085489273071289
0.19154411764705884,0.5086538461538461,0.8084450960159302
0.19264705882352942,0.5086538461538461,0.8071484565734863
0.19264705882352942,0.5100961538461538,0.8067172169685364
0.19375,0.5100961538461538,0.80616694688797
0.19375,0.5115384615384615,0.8061326146125793
0.19522058823529412,0.5115384615384615,0.8050190210342407
0.19522058823529412,0.5120192307692307,0.8050050139427185
0.19558823529411765,0.5120192307692307,0.8049696087837219
0.19558823529411765,0.5125,0.8049521446228027
0.19705882352941176,0.5125,0.8045874238014221
0.19705882352941176,0.5129807692307692,0.8045419454574585
0.2,0.5129807692307692,0.8035455346107483
0.2,0.5134615384615384,0.8035395741462708
0.20147058823529412,0.5134615384615384,0.8030017018318176
0.20147058823529412,0.5139423076923076,0.8029546737670898
0.20330882352941176,0.5139423076923076,0.8023185729980469
0.20330882352941176,0.5149038461538461,0.8021900057792664
0.20441176470588235,0.5149038461538461,0.8021138310432434
0.20441176470588235,0.5153846153846153,0.8020244836807251
0.20477941176470588,0.5153846153846153,0.8018299341201782
0.20477941176470588,0.5158653846153847,0.8018167018890381
0.2051470588235294,0.5158653846153847,0.801729679107666
0.2051470588235294,0.5163461538461539,0.8016383647918701
0.20588235294117646,0.5163461538461539,0.8014693260192871
0.20588235294117646,0.5168269230769231,0.8014667630195618
0.2088235294117647,0.5168269230769231,0.8004966378211975
0.2088235294117647,0.5182692307692308,0.8001049160957336
0.21029411764705883,0.5182692307692308,0.7994716167449951
0.21029411764705883,0.51875,0.7994047999382019
0.21066176470588235,0.51875,0.7992756962776184
0.21066176470588235,0.5192307692307693,0.7991771697998047
0.21286764705882352,0.5192307692307693,0.7987138032913208
0.21286764705882352,0.5197115384615385,0.7984204888343811
0.21323529411764705,0.5197115384615385,0.7982831001281738
0.21323529411764705,0.5225961538461539,0.7974867820739746
0.21360294117647058,0.5225961538461539,0.7973616719245911
0.21360294117647058,0.5240384615384616,0.7969253063201904
0.2139705882352941,0.5240384615384616,0.7969168424606323
0.2139705882352941,0.5269230769230769,0.7963059544563293
0.21433823529411763,0.5269230769230769,0.7962125539779663
0.21433823529411763,0.5278846153846154,0.796190619468689
0.21470588235294116,0.5278846153846154,0.7961696982383728
0.21470588235294116,0.53125,0.7954537868499756
0.21507352941176472,0.53125,0.7954439520835876
0.21507352941176472,0.5341346153846154,0.794542670249939
0.21544117647058825,0.5341346153846154,0.7943013310432434
0.21544117647058825,0.5350961538461538,0.7942823767662048
0.21580882352941178,0.5350961538461538,0.7942327260971069
0.21580882352941178,0.5375,0.7939388155937195
0.2161764705882353,0.5375,0.7939096689224243
0.2161764705882353,0.5403846153846154,0.7936171889305115
0.21654411764705883,0.5403846153846154,0.7933832406997681
0.21654411764705883,0.5432692307692307,0.7922443747520447
0.2172794117647059,0.5432692307692307,0.7919127345085144
0.2172794117647059,0.5451923076923076,0.7913427352905273
0.21764705882352942,0.5451923076923076,0.791312038898468
0.21764705882352942,0.5466346153846153,0.791194498538971
0.21838235294117647,0.5466346153846153,0.790831983089447
0.21838235294117647,0.5471153846153847,0.7906736731529236
0.21875,0.5471153846153847,0.7906001806259155
0.21875,0.5475961538461539,0.7905476689338684
0.21911764705882353,0.5475961538461539,0.7905300855636597
0.21911764705882353,0.5485576923076924,0.790165901184082
0.21948529411764706,0.5485576923076924,0.7901100516319275
0.21948529411764706,0.55,0.7895607352256775
0.21985294117647058,0.55,0.7893572449684143
0.21985294117647058,0.5504807692307693,0.7892587184906006
0.22279411764705884,0.5504807692307693,0.7885794043540955
0.22279411764705884,0.5509615384615385,0.7883533835411072
0.22316176470588237,0.5509615384615385,0.7882114052772522
0.22316176470588237,0.5514423076923077,0.78819739818573
0.2235294117647059,0.5514423076923077,0.7879541516304016
0.2235294117647059,0.5528846153846154,0.7876802682876587
0.22463235294117648,0.5528846153846154,0.78755122423172
0.22463235294117648,0.5543269230769231,0.7874094843864441
0.22573529411764706,0.5543269230769231,0.7873061299324036
0.22573529411764706,0.5548076923076923,0.7872029542922974
0.22647058823529412,0.5548076923076923,0.7870458364486694
0.22647058823529412,0.5552884615384616,0.7870400547981262
0.2275735294117647,0.5552884615384616,0.7868179678916931
0.2275735294117647,0.55625,0.7867791652679443
0.22794117647058823,0.55625,0.7866925597190857
0.22794117647058823,0.5567307692307693,0.7866915464401245
0.22830882352941176,0.5567307692307693,0.7866912484169006
0.22830882352941176,0.5572115384615385,0.7866502404212952
0.22941176470588234,0.5572115384615385,0.7862849831581116
0.22941176470588234,0.5581730769230769,0.7859483361244202
0.22977941176470587,0.5581730769230769,0.7858941555023193
0.22977941176470587,0.5586538461538462,0.7858134508132935
0.23125,0.5586538461538462,0.7856132984161377
0.23125,0.5591346153846154,0.7855349183082581
0.2323529411764706,0.5591346153846154,0.7852739095687866
0.2323529411764706,0.5600961538461539,0.7851634621620178
0.23272058823529412,0.5600961538461539,0.7849550247192383
0.23272058823529412,0.5605769230769231,0.7848939299583435
0.23308823529411765,0.5605769230769231,0.7848697304725647
0.23308823529411765,0.5610576923076923,0.7847044467926025
0.23345588235294118,0.5610576923076923,0.7846910953521729
0.23345588235294118,0.5625,0.7846639752388
0.2338235294117647,0.5625,0.7845878005027771
0.2338235294117647,0.5629807692307692,0.7844777703285217
0.2386029411764706,0.5629807692307692,0.7821238040924072
0.2386029411764706,0.5634615384615385,0.7820113301277161
0.2426470588235294,0.5634615384615385,0.7802126407623291
0.2426470588235294,0.5644230769230769,0.7800324559211731
0.24375,0.5644230769230769,0.7798827886581421
0.24375,0.5649038461538461,0.779839813709259
0.24705882352941178,0.5649038461538461,0.7782809138298035
0.24705882352941178,0.5653846153846154,0.7781787514686584
0.25036764705882353,0.5653846153846154,0.7767555117607117
0.25036764705882353,0.5658653846153846,0.7767292857170105
0.25073529411764706,0.5658653846153846,0.7766686081886292
0.25073529411764706,0.5663461538461538,0.7765039205551147
0.25183823529411764,0.5663461538461538,0.7758695483207703
0.25183823529411764,0.5668269230769231,0.775730550289154
0.25220588235294117,0.5668269230769231,0.7754722833633423
0.25220588235294117,0.5673076923076923,0.7754383087158203
0.25330882352941175,0.5673076923076923,0.7751596570014954
0.25330882352941175,0.5677884615384615,0.7749517560005188
0.25477941176470587,0.5677884615384615,0.7743933200836182
0.25477941176470587,0.5682692307692307,0.7742253541946411
0.25882352941176473,0.5682692307692307,0.773552417755127
0.25882352941176473,0.56875,0.773495078086853
0.2610294117647059,0.56875,0.7732836604118347
0.2610294117647059,0.5692307692307692,0.7732282876968384
0.2621323529411765,0.5692307692307692,0.7730599641799927
0.2621323529411765,0.5697115384615384,0.7730400562286377
0.26323529411764707,0.5697115384615384,0.7727031111717224
0.26323529411764707,0.5701923076923077,0.772699236869812
0.2647058823529412,0.5701923076923077,0.7724825739860535
0.2647058823529412,0.5706730769230769,0.7724804282188416
0.26838235294117646,0.5706730769230769,0.7715480327606201
0.26838235294117646,0.5711538461538461,0.7715300917625427
0.2716911764705882,0.5711538461538461,0.7711719870567322
0.2716911764705882,0.5716346153846154,0.7711616158485413
0.27426470588235297,0.5716346153846154,0.7706986665725708
0.27426470588235297,0.5721153846153846,0.7706800103187561
0.2761029411764706,0.5721153846153846,0.7705171704292297
0.2761029411764706,0.5725961538461538,0.7700808644294739
0.27647058823529413,0.5725961538461538,0.7700123190879822
0.27647058823529413,0.573076923076923,0.7698919177055359
0.2775735294117647,0.573076923076923,0.7696332335472107
0.2775735294117647,0.5740384615384615,0.7694687843322754
0.27941176470588236,0.5740384615384615,0.7692408561706543
0.27941176470588236,0.5745192307692307,0.7691803574562073
0.28088235294117647,0.5745192307692307,0.7689979672431946
0.28088235294117647,0.5754807692307692,0.7687258720397949
0.28308823529411764,0.5754807692307692,0.7684586048126221
0.28308823529411764,0.5759615384615384,0.768110454082489
0.2838235294117647,0.5759615384615384,0.7677051424980164
0.2838235294117647,0.5764423076923076,0.767615556716919
0.28566176470588234,0.5764423076923076,0.767244815826416
0.28566176470588234,0.5769230769230769,0.7671273946762085
0.2878676470588235,0.5769230769230769,0.7665411233901978
0.2878676470588235,0.5778846153846153,0.7653447985649109
0.2893382352941177,0.5778846153846153,0.7642271518707275
0.2893382352941177,0.5798076923076924,0.7617871761322021
0.2897058823529412,0.5798076923076924,0.7617301344871521
0.2897058823529412,0.5802884615384616,0.76153564453125
0.29007352941176473,0.5802884615384616,0.7612634301185608
0.29007352941176473,0.5807692307692308,0.7612000107765198
0.29191176470588237,0.5807692307692308,0.7601738572120667
0.29191176470588237,0.5817307692307693,0.7599350810050964
0.2922794117647059,0.5817307692307693,0.7598347067832947
0.2922794117647059,0.5826923076923077,0.7595226168632507
0.2926470588235294,0.5826923076923077,0.7593806982040405
0.2926470588235294,0.5889423076923077,0.7578344941139221
0.29301470588235295,0.5889423076923077,0.7577545046806335
0.29301470588235295,0.5918269230769231,0.757291316986084
0.2933823529411765,0.5918269230769231,0.7572412490844727
0.2933823529411765,0.5975961538461538,0.756493866443634
0.29375,0.5975961538461538,0.7564297914505005
0.29375,0.6100961538461539,0.7548001408576965
0.29411764705882354,0.6100961538461539,0.7547112703323364
0.29411764705882354,0.6110576923076924,0.7544424533843994
0.29448529411764707,0.6110576923076924,0.7543672919273376
0.29448529411764707,0.6120192307692308,0.7543078660964966
0.2948529411764706,0.6120192307692308,0.7542436718940735
0.2948529411764706,0.6125,0.7541482448577881
0.29558823529411765,0.6125,0.753973662853241
0.29558823529411765,0.6149038461538462,0.7537188529968262
0.2959558823529412,0.6149038461538462,0.7535653710365295
0.2959558823529412,0.6168269230769231,0.7533168792724609
0.2963235294117647,0.6168269230769231,0.7532877922058105
0.2963235294117647,0.6173076923076923,0.7532867193222046
0.29669117647058824,0.6173076923076923,0.7532360553741455
0.29669117647058824,0.6192307692307693,0.7530207633972168
0.2985294117647059,0.6192307692307693,0.7496975064277649
0.2985294117647059,0.6197115384615385,0.7495707273483276
0.29963235294117646,0.6197115384615385,0.748572826385498
0.29963235294117646,0.6211538461538462,0.7465389966964722
0.30073529411764705,0.6211538461538462,0.7459011077880859
0.30073529411764705,0.6293269230769231,0.7408151626586914
0.3011029411764706,0.6293269230769231,0.7407290935516357
0.3011029411764706,0.6298076923076923,0.7406377196311951
0.3014705882352941,0.6298076923076923,0.7404822111129761
0.3014705882352941,0.6317307692307692,0.7402114868164062
0.30183823529411763,0.6317307692307692,0.7401368021965027
0.30183823529411763,0.6331730769230769,0.7392361760139465
0.30220588235294116,0.6331730769230769,0.7389899492263794
0.30220588235294116,0.6350961538461538,0.7382085919380188
0.3025735294117647,0.6350961538461538,0.7381314039230347
0.3025735294117647,0.6370192307692307,0.7379444241523743
0.30330882352941174,0.6370192307692307,0.7378411889076233
0.30330882352941174,0.6375,0.7378343939781189
0.30367647058823527,0.6375,0.7377480268478394
0.30367647058823527,0.6394230769230769,0.7375796437263489
0.3047794117647059,0.6394230769230769,0.7372268438339233
0.3047794117647059,0.6399038461538461,0.737148642539978
0.3073529411764706,0.6399038461538461,0.7353110313415527
0.3073529411764706,0.6403846153846153,0.7352879047393799
0.30772058823529413,0.6403846153846153,0.7351445555686951
0.30772058823529413,0.6413461538461539,0.7348678708076477
0.3099264705882353,0.6413461538461539,0.7336235046386719
0.3099264705882353,0.6418269230769231,0.7335238456726074
0.3113970588235294,0.6418269230769231,0.7330187559127808
0.3113970588235294,0.6423076923076924,0.7328137755393982
0.31176470588235294,0.6423076923076924,0.732670247554779
0.31176470588235294,0.6427884615384616,0.7324057817459106
0.31323529411764706,0.6427884615384616,0.732214093208313
0.31323529411764706,0.6432692307692308,0.7314351797103882
0.31433823529411764,0.6432692307692308,0.7309209108352661
0.31433823529411764,0.6442307692307693,0.7305739521980286
0.31470588235294117,0.6442307692307693,0.730320930480957
0.31470588235294117,0.6451923076923077,0.7289344072341919
0.31580882352941175,0.6451923076923077,0.7284552454948425
0.31580882352941175,0.6461538461538462,0.7277172207832336
0.31691176470588234,0.6461538461538462,0.7269576191902161
0.31691176470588234,0.6471153846153846,0.7265949249267578
0.3176470588235294,0.6471153846153846,0.7262073755264282
0.3176470588235294,0.6495192307692308,0.7256013751029968
0.3180147058823529,0.6495192307692308,0.7255794405937195
0.3180147058823529,0.6504807692307693,0.7253333926200867
0.31838235294117645,0.6504807692307693,0.7251428365707397
0.31838235294117645,0.6509615384615385,0.7248335480690002
0.31875,0.6509615384615385,0.7247073650360107
0.31875,0.6524038461538462,0.7240492105484009
0.31948529411764703,0.6524038461538462,0.72355055809021
0.31948529411764703,0.6528846153846154,0.7235401272773743
0.31985294117647056,0.6528846153846154,0.7227515578269958
0.31985294117647056,0.6548076923076923,0.7216443419456482
0.3202205882352941,0.6548076923076923,0.7216436266899109
0.3202205882352941,0.6557692307692308,0.7215943336486816
0.3205882352941177,0.6557692307692308,0.7215690016746521
0.3205882352941177,0.65625,0.7214926481246948
0.3209558823529412,0.65625,0.7212157845497131
0.3209558823529412,0.6567307692307692,0.7211769819259644
0.32132352941176473,0.6567307692307692,0.7208414673805237
0.32132352941176473,0.6576923076923077,0.7201949954032898
0.3220588235294118,0.6576923076923077,0.7198938727378845
0.3220588235294118,0.6581730769230769,0.7195336818695068
0.32279411764705884,0.6581730769230769,0.7193211317062378
0.32279411764705884,0.6591346153846154,0.7191385626792908
0.32426470588235295,0.6591346153846154,0.7184142470359802
0.32426470588235295,0.6596153846153846,0.7180034518241882
0.325,0.6596153846153846,0.7173012495040894
0.325,0.6605769230769231,0.7171121835708618
0.32536764705882354,0.6605769230769231,0.7165535688400269
0.32536764705882354,0.6610576923076923,0.716269314289093
0.32573529411764707,0.6610576923076923,0.7161595821380615
0.32573529411764707,0.6615384615384615,0.7160782814025879
0.3272058823529412,0.6615384615384615,0.715766191482544
0.3272058823529412,0.6620192307692307,0.7156651020050049
0.3275735294117647,0.6620192307692307,0.715628445148468
0.3275735294117647,0.6625,0.7155632376670837
0.32830882352941176,0.6625,0.7154511213302612
0.32830882352941176,0.6629807692307692,0.7153574824333191
0.3297794117647059,0.6629807692307692,0.7147873640060425
0.3297794117647059,0.6639423076923077,0.714509904384613
0.33051470588235293,0.6639423076923077,0.7142058610916138
0.33051470588235293,0.6644230769230769,0.7140276432037354
0.33088235294117646,0.6644230769230769,0.7139830589294434
0.33088235294117646,0.6663461538461538,0.7135516405105591
0.3316176470588235,0.6663461538461538,0.713436484336853
0.3316176470588235,0.6673076923076923,0.7133466005325317
0.3327205882352941,0.6673076923076923,0.7129676342010498
0.3327205882352941,0.6682692307692307,0.7129173874855042
0.33308823529411763,0.6682692307692307,0.7128816246986389
0.33308823529411763,0.66875,0.712800920009613
0.33345588235294116,0.66875,0.712776780128479
0.33345588235294116,0.6692307692307692,0.7127487659454346
0.3356617647058823,0.6692307692307692,0.712312638759613
0.3356617647058823,0.6701923076923076,0.7121902704238892
0.33676470588235297,0.6701923076923076,0.7118210792541504
0.33676470588235297,0.6706730769230769,0.7116891145706177
0.33786764705882355,0.6706730769230769,0.7115525603294373
0.33786764705882355,0.6711538461538461,0.7114456295967102
0.3382352941176471,0.6711538461538461,0.7113571763038635
0.3382352941176471,0.6721153846153847,0.7112204432487488
0.33897058823529413,0.6721153846153847,0.7111480236053467
0.33897058823529413,0.6725961538461539,0.7111090421676636
0.33933823529411766,0.6725961538461539,0.7107458114624023
0.33933823529411766,0.6754807692307693,0.7105595469474792
0.3397058823529412,0.6754807692307693,0.7105032205581665
0.3397058823529412,0.6774038461538462,0.7103719711303711
0.3400735294117647,0.6774038461538462,0.7102524042129517
0.3400735294117647,0.6793269230769231,0.7101837992668152
0.34044117647058825,0.6793269230769231,0.7100644707679749
0.34044117647058825,0.6807692307692308,0.7099335789680481
0.3408088235294118,0.6807692307692308,0.7099004983901978
0.3408088235294118,0.68125,0.7097709774971008
0.3411764705882353,0.68125,0.7097656726837158
0.3411764705882353,0.6822115384615385,0.7097312211990356
0.34154411764705883,0.6822115384615385,0.7097226977348328
0.34154411764705883,0.6831730769230769,0.709516167640686
0.3422794117647059,0.6831730769230769,0.7094359993934631
0.3422794117647059,0.6846153846153846,0.7092375755310059
0.3426470588235294,0.6846153846153846,0.7092321515083313
0.3426470588235294,0.6855769230769231,0.7091915011405945
0.34338235294117647,0.6855769230769231,0.7089830636978149
0.34338235294117647,0.6860576923076923,0.7089670896530151
0.34448529411764706,0.6860576923076923,0.7087494134902954
0.34448529411764706,0.6865384615384615,0.708719789981842
0.3452205882352941,0.6865384615384615,0.7085763216018677
0.3452205882352941,0.6875,0.7083640098571777
0.34558823529411764,0.6875,0.7083133459091187
0.34558823529411764,0.6889423076923077,0.7081797122955322
0.34595588235294117,0.6889423076923077,0.7081138491630554
0.34595588235294117,0.6923076923076923,0.7078593969345093
0.3474264705882353,0.6923076923076923,0.707686722278595
0.3474264705882353,0.6947115384615384,0.7073996663093567
0.3477941176470588,0.6947115384615384,0.7073301076889038
0.3477941176470588,0.6975961538461538,0.7069925665855408
0.34816176470588234,0.6975961538461538,0.7069369554519653
0.34816176470588234,0.6995192307692307,0.7068402767181396
0.3488970588235294,0.6995192307692307,0.7067694067955017
0.3488970588235294,0.7,0.706675112247467
0.3492647058823529,0.7,0.7066429257392883
0.3492647058823529,0.7014423076923076,0.706539511680603
0.34963235294117645,0.7014423076923076,0.7064492702484131
0.34963235294117645,0.7019230769230769,0.7063195109367371
0.3503676470588235,0.7019230769230769,0.7062161564826965
0.3503676470588235,0.7024038461538461,0.7062015533447266
0.35073529411764703,0.7024038461538461,0.7061880230903625
0.35073529411764703,0.7028846153846153,0.7061819434165955
0.35110294117647056,0.7028846153846153,0.7061504125595093
0.35110294117647056,0.7043269230769231,0.705916166305542
0.3522058823529412,0.7043269230769231,0.7057670950889587
0.3522058823529412,0.70625,0.7055258750915527
0.35257352941176473,0.70625,0.70538729429245
0.35257352941176473,0.7067307692307693,0.7052654027938843
0.35294117647058826,0.7067307692307693,0.7051845788955688
0.35294117647058826,0.7072115384615385,0.7051382660865784
0.3533088235294118,0.7072115384615385,0.7051236629486084
0.3533088235294118,0.708173076923077,0.7050865888595581
0.35404411764705884,0.708173076923077,0.7050603032112122
0.35404411764705884,0.7134615384615385,0.7041584253311157
0.35441176470588237,0.7134615384615385,0.7038276195526123
0.35441176470588237,0.71875,0.7025681138038635
0.3547794117647059,0.71875,0.7025477886199951
0.3547794117647059,0.7230769230769231,0.701795756816864
0.3551470588235294,0.7230769230769231,0.7017311453819275
0.3551470588235294,0.7235576923076923,0.7016046047210693
0.35551470588235295,0.7235576923076923,0.7014336585998535
0.35551470588235295,0.7365384615384616,0.69753098487854
0.3558823529411765,0.7365384615384616,0.6974088549613953
0.3558823529411765,0.7418269230769231,0.6959496736526489
0.35625,0.7418269230769231,0.6958130598068237
0.35625,0.7427884615384616,0.6954445242881775
0.35661764705882354,0.7427884615384616,0.6952751278877258
0.35661764705882354,0.7447115384615385,0.6949344873428345
0.35698529411764707,0.7447115384615385,0.6948856711387634
0.35698529411764707,0.7471153846153846,0.6946080923080444
0.3573529411764706,0.7471153846153846,0.6945446729660034
0.3573529411764706,0.7475961538461539,0.6945350170135498
0.3577205882352941,0.7475961538461539,0.6942863464355469
0.3577205882352941,0.7490384615384615,0.6942214369773865
0.35808823529411765,0.7490384615384615,0.6942023634910583
0.35808823529411765,0.7504807692307692,0.6940715312957764
0.3584558823529412,0.7504807692307692,0.6940456628799438
0.3584558823529412,0.7528846153846154,0.6933239698410034
0.35955882352941176,0.7528846153846154,0.6928089261054993
0.35955882352941176,0.7538461538461538,0.6925821900367737
0.3599264705882353,0.7538461538461538,0.6925467848777771
0.3599264705882353,0.7552884615384615,0.6920245885848999
0.3602941176470588,0.7552884615384615,0.6918397545814514
0.3602941176470588,0.7557692307692307,0.691474974155426
0.36066176470588235,0.7557692307692307,0.6914657354354858
0.36066176470588235,0.7567307692307692,0.6913981437683105
0.3610294117647059,0.7567307692307692,0.691221296787262
0.3610294117647059,0.7596153846153846,0.6903840899467468
0.36176470588235293,0.7596153846153846,0.6893800497055054
0.36176470588235293,0.760576923076923,0.6892533302307129
0.36213235294117646,0.760576923076923,0.689022421836853
0.36213235294117646,0.7610576923076923,0.688967764377594
0.3625,0.7610576923076923,0.688400387763977
0.3625,0.7615384615384615,0.6883971095085144
0.3628676470588235,0.7615384615384615,0.6879150867462158
0.3628676470588235,0.7620192307692307,0.6873019337654114
0.3639705882352941,0.7620192307692307,0.6866479516029358
0.3639705882352941,0.7625,0.6865294575691223
0.36470588235294116,0.7625,0.6856772303581238
0.36470588235294116,0.7639423076923076,0.684188723564148
0.3654411764705882,0.7639423076923076,0.6840896010398865
0.3654411764705882,0.7653846153846153,0.6834794282913208
0.36580882352941174,0.7653846153846153,0.6833905577659607
0.36580882352941174,0.7658653846153847,0.6822006702423096
0.3665441176470588,0.7658653846153847,0.6815140843391418
0.3665441176470588,0.7663461538461539,0.6814265251159668
0.3672794117647059,0.7663461538461539,0.6808438301086426
0.3672794117647059,0.7668269230769231,0.6807037591934204
0.36764705882352944,0.7668269230769231,0.6803983449935913
0.36764705882352944,0.7673076923076924,0.6802981495857239
0.36911764705882355,0.7673076923076924,0.6796379089355469
0.36911764705882355,0.7677884615384616,0.6792773604393005
0.3698529411764706,0.7677884615384616,0.6773574352264404
0.3698529411764706,0.7682692307692308,0.6772255301475525
0.37022058823529413,0.7682692307692308,0.6772204637527466
0.37022058823529413,0.7711538461538462,0.675568163394928
0.37058823529411766,0.7711538461538462,0.6753904223442078
0.37058823529411766,0.7716346153846154,0.6753049492835999
0.3713235294117647,0.7716346153846154,0.6752030253410339
0.3713235294117647,0.7725961538461539,0.6748453378677368
0.37169117647058825,0.7725961538461539,0.6748211979866028
0.37169117647058825,0.7730769230769231,0.6741839647293091
0.37316176470588236,0.7730769230769231,0.6737876534461975
0.37316176470588236,0.7754807692307693,0.6731528043746948
0.3735294117647059,0.7754807692307693,0.6731318235397339
0.3735294117647059,0.7759615384615385,0.6730976104736328
0.3738970588235294,0.7759615384615385,0.6729985475540161
0.3738970588235294,0.7764423076923077,0.6729676127433777
0.37426470588235294,0.7764423076923077,0.6727814078330994
0.37426470588235294,0.7769230769230769,0.6727676391601562
0.37463235294117647,0.7769230769230769,0.6725029349327087
0.37463235294117647,0.7774038461538462,0.6724646687507629
0.37573529411764706,0.7774038461538462,0.67183917760849
0.37573529411764706,0.7788461538461539,0.6714776754379272
0.3761029411764706,0.7788461538461539,0.6712533831596375
0.3761029411764706,0.7793269230769231,0.6710644960403442
0.3764705882352941,0.7793269230769231,0.6707695126533508
0.3764705882352941,0.7798076923076923,0.6707017421722412
0.37720588235294117,0.7798076923076923,0.6705909371376038
0.37720588235294117,0.7817307692307692,0.6702615022659302
0.3790441176470588,0.7817307692307692,0.6700127720832825
0.3790441176470588,0.7822115384615385,0.669878363609314
0.37941176470588234,0.7822115384615385,0.6698354482650757
0.37941176470588234,0.7836538461538461,0.6697359085083008
0.38198529411764703,0.7836538461538461,0.6692304611206055
0.38198529411764703,0.7841346153846154,0.669212281703949
0.3834558823529412,0.7841346153846154,0.6684393882751465
0.3834558823529412,0.7846153846153846,0.6681951880455017
0.3849264705882353,0.7846153846153846,0.6678836941719055
0.3849264705882353,0.7850961538461538,0.6674039363861084
0.3860294117647059,0.7850961538461538,0.6673136353492737
0.3860294117647059,0.7855769230769231,0.667055070400238
0.38823529411764707,0.7855769230769231,0.666556715965271
0.38823529411764707,0.7860576923076923,0.6664355993270874
0.39191176470588235,0.7860576923076923,0.6659578084945679
0.39191176470588235,0.7870192307692307,0.6642544865608215
0.39338235294117646,0.7870192307692307,0.6627496480941772
0.39338235294117646,0.7875,0.6623710989952087
0.39448529411764705,0.7875,0.6618880033493042
0.39448529411764705,0.7884615384615384,0.6609534025192261
0.3952205882352941,0.7884615384615384,0.660521388053894
0.3952205882352941,0.7889423076923077,0.6605010032653809
0.39595588235294116,0.7889423076923077,0.6598906517028809
0.39595588235294116,0.7899038461538461,0.6598034501075745
0.3977941176470588,0.7899038461538461,0.6592726707458496
0.3977941176470588,0.7903846153846154,0.6592705249786377
0.39889705882352944,0.7903846153846154,0.6590755581855774
0.39889705882352944,0.7908653846153846,0.658929169178009
0.3996323529411765,0.7908653846153846,0.6588526368141174
0.3996323529411765,0.7913461538461538,0.6588153839111328
0.40036764705882355,0.7913461538461538,0.6586424112319946
0.40036764705882355,0.791826923076923,0.6586340665817261
0.4011029411764706,0.791826923076923,0.658494770526886
0.4011029411764706,0.7923076923076923,0.6583818197250366
0.40183823529411766,0.7923076923076923,0.6577464938163757
0.40183823529411766,0.7927884615384615,0.6574938297271729
0.40404411764705883,0.7927884615384615,0.6569215655326843
0.40404411764705883,0.79375,0.6568513512611389
0.40551470588235294,0.79375,0.6567553281784058
0.40551470588235294,0.7942307692307692,0.6567234396934509
0.40698529411764706,0.7942307692307692,0.6563346982002258
0.40698529411764706,0.7947115384615384,0.6562367677688599
0.4088235294117647,0.7947115384615384,0.655864953994751
0.4088235294117647,0.7951923076923076,0.6558601260185242
0.40955882352941175,0.7951923076923076,0.6556578278541565
0.40955882352941175,0.7956730769230769,0.6553382873535156
0.4099264705882353,0.7956730769230769,0.6553329825401306
0.4099264705882353,0.7961538461538461,0.6550666689872742
0.41066176470588234,0.7961538461538461,0.654923141002655
0.41066176470588234,0.7966346153846153,0.6549087166786194
0.4113970588235294,0.7966346153846153,0.6548846960067749
0.4113970588235294,0.7975961538461539,0.6546576619148254
0.4117647058823529,0.7975961538461539,0.6545729637145996
0.4117647058823529,0.7985576923076924,0.6545191407203674
0.4125,0.7985576923076924,0.6543841361999512
0.4125,0.8004807692307693,0.6540176272392273
0.41323529411764703,0.8004807692307693,0.653854489326477
0.41323529411764703,0.8014423076923077,0.6537306308746338
0.4147058823529412,0.8014423076923077,0.6530750393867493
0.4147058823529412,0.8024038461538462,0.6527389883995056
0.41507352941176473,0.8024038461538462,0.6524854302406311
0.41507352941176473,0.8067307692307693,0.6513994336128235
0.4161764705882353,0.8067307692307693,0.6497118473052979
0.4161764705882353,0.8081730769230769,0.649590015411377
0.4172794117647059,0.8081730769230769,0.6489961743354797
0.4172794117647059,0.8091346153846154,0.6477702856063843
0.4176470588235294,0.8091346153846154,0.6475940346717834
0.4176470588235294,0.8115384615384615,0.6466367840766907
0.41801470588235295,0.8115384615384615,0.646451473236084
0.41801470588235295,0.8125,0.6460244655609131
0.41875,0.8125,0.6452819108963013
0.41875,0.8129807692307692,0.6452124714851379
0.41911764705882354,0.8129807692307692,0.6449882984161377
0.41911764705882354,0.8158653846153846,0.6438499093055725
0.4198529411764706,0.8158653846153846,0.6437219977378845
0.4198529411764706,0.8163461538461538,0.6436974406242371
0.4202205882352941,0.8163461538461538,0.6432456970214844
0.4202205882352941,0.8177884615384615,0.6428423523902893
0.42058823529411765,0.8177884615384615,0.6425423622131348
0.42058823529411765,0.8192307692307692,0.6418498158454895
0.4213235294117647,0.8192307692307692,0.6417766213417053
0.4213235294117647,0.8211538461538461,0.6416194438934326
0.42205882352941176,0.8211538461538461,0.6414725184440613
0.42205882352941176,0.8245192307692307,0.6401218771934509
0.4227941176470588,0.8245192307692307,0.6399056911468506
0.4227941176470588,0.825,0.639843761920929
0.42463235294117646,0.825,0.6381710767745972
0.42463235294117646,0.8259615384615384,0.6375122666358948
0.4279411764705882,0.8259615384615384,0.6349040269851685
0.4279411764705882,0.8264423076923076,0.634895920753479
0.42867647058823527,0.8264423076923076,0.6346928477287292
0.42867647058823527,0.8269230769230769,0.6344711184501648
0.4290441176470588,0.8269230769230769,0.6342124342918396
0.4290441176470588,0.8274038461538461,0.6337385177612305
0.43014705882352944,0.8274038461538461,0.6330734491348267
0.43014705882352944,0.8278846153846153,0.6328482031822205
0.43051470588235297,0.8278846153846153,0.6324130296707153
0.43051470588235297,0.8288461538461539,0.6321070194244385
0.43566176470588236,0.8288461538461539,0.6287524104118347
0.43566176470588236,0.8293269230769231,0.6284962296485901
0.4360294117647059,0.8293269230769231,0.6282204985618591
0.4360294117647059,0.8298076923076924,0.6280794739723206
0.43823529411764706,0.8298076923076924,0.6273481249809265
0.43823529411764706,0.8302884615384616,0.6273033022880554
0.43933823529411764,0.8302884615384616,0.6266703605651855
0.43933823529411764,0.8317307692307693,0.6260606646537781
0.43970588235294117,0.8317307692307693,0.6258934140205383
0.43970588235294117,0.8322115384615385,0.6257891058921814
0.4404411764705882,0.8322115384615385,0.6256035566329956
0.4404411764705882,0.8326923076923077,0.6254343390464783
0.4430147058823529,0.8326923076923077,0.6238703727722168
0.4430147058823529,0.8336538461538462,0.6234016418457031
0.44338235294117645,0.8336538461538462,0.6228724122047424
0.44338235294117645,0.8341346153846154,0.6222720742225647
0.44375,0.8341346153846154,0.6222652196884155
0.44375,0.8346153846153846,0.6222391128540039
0.44485294117647056,0.8346153846153846,0.6211037039756775
0.44485294117647056,0.8350961538461539,0.6209756135940552
0.4455882352941177,0.8350961538461539,0.6205663084983826
0.4455882352941177,0.8375,0.6180280447006226
0.4459558823529412,0.8375,0.6176702380180359
0.4459558823529412,0.8384615384615385,0.6172524094581604
0.44669117647058826,0.8384615384615385,0.6169760823249817
0.44669117647058826,0.8408653846153846,0.6163888573646545
0.4470588235294118,0.8408653846153846,0.616213858127594
0.4470588235294118,0.8413461538461539,0.6160975098609924
0.4474264705882353,0.8413461538461539,0.6159822940826416
0.4474264705882353,0.8423076923076923,0.6157011389732361
0.44779411764705884,0.8423076923076923,0.6155750155448914
0.44779411764705884,0.8427884615384615,0.6155580282211304
0.44816176470588237,0.8427884615384615,0.6153883337974548
0.44816176470588237,0.8442307692307692,0.6146202683448792
0.4485294117647059,0.8442307692307692,0.6144878268241882
0.4485294117647059,0.8495192307692307,0.6114365458488464
0.45036764705882354,0.8495192307692307,0.6084096431732178
0.45036764705882354,0.85,0.6082108616828918
0.45073529411764707,0.85,0.6081709861755371
0.45073529411764707,0.8504807692307692,0.6078442335128784
0.45183823529411765,0.8504807692307692,0.6071005463600159
0.45183823529411765,0.8514423076923077,0.6064222455024719
0.4522058823529412,0.8514423076923077,0.606289267539978
0.4522058823529412,0.8524038461538461,0.605887770652771
0.4551470588235294,0.8524038461538461,0.6047545075416565
0.4551470588235294,0.8528846153846154,0.6044174432754517
0.45551470588235293,0.8528846153846154,0.6043329834938049
0.45551470588235293,0.8533653846153846,0.6043251156806946
0.4602941176470588,0.8533653846153846,0.6005107760429382
0.4602941176470588,0.854326923076923,0.599633514881134
0.4610294117647059,0.854326923076923,0.5992714166641235
0.4610294117647059,0.8557692307692307,0.5985000729560852
0.46139705882352944,0.8557692307692307,0.5983878970146179
0.46139705882352944,0.85625,0.5977216362953186
0.46176470588235297,0.85625,0.5976919531822205
0.46176470588235297,0.8567307692307692,0.5974968075752258
0.4621323529411765,0.8567307692307692,0.5970049500465393
0.4621323529411765,0.8572115384615384,0.5967055559158325
0.4625,0.8572115384615384,0.595912516117096
0.4625,0.8600961538461539,0.5907407999038696
0.4632352941176471,0.8600961538461539,0.5901994109153748
0.4632352941176471,0.8615384615384616,0.588886022567749
0.46544117647058825,0.8615384615384616,0.5850650668144226
0.46544117647058825,0.8629807692307693,0.5836565494537354
0.4658088235294118,0.8629807692307693,0.5826056003570557
0.4658088235294118,0.8639423076923077,0.581673264503479
0.46691176470588236,0.8639423076923077,0.5813000202178955
0.46691176470588236,0.864423076923077,0.5807701349258423
0.4672794117647059,0.864423076923077,0.5807294845581055
0.4672794117647059,0.8649038461538462,0.5806405544281006
0.46911764705882353,0.8649038461538462,0.5787151455879211
0.46911764705882353,0.8653846153846154,0.5784565210342407
0.46948529411764706,0.8653846153846154,0.5782501697540283
0.46948529411764706,0.8658653846153846,0.577340304851532
0.4698529411764706,0.8658653846153846,0.5772219896316528
0.4698529411764706,0.8663461538461539,0.5768913626670837
0.4724264705882353,0.8663461538461539,0.5747682452201843
0.4724264705882353,0.8668269230769231,0.5746657848358154
0.47316176470588234,0.8668269230769231,0.5745651721954346
0.47316176470588234,0.8673076923076923,0.5745312571525574
0.47573529411764703,0.8673076923076923,0.5735528469085693
0.47573529411764703,0.8682692307692308,0.5731716752052307
0.47610294117647056,0.8682692307692308,0.5731640458106995
0.47610294117647056,0.86875,0.5730640292167664
0.4768382352941177,0.86875,0.572763204574585
0.4768382352941177,0.8692307692307693,0.5724241137504578
0.47941176470588237,0.8692307692307693,0.5711464881896973
0.47941176470588237,0.8701923076923077,0.5709123611450195
0.48051470588235295,0.8701923076923077,0.5707741975784302
0.48051470588235295,0.8740384615384615,0.5696582794189453
0.48125,0.8740384615384615,0.5694421529769897
0.48125,0.8802884615384615,0.5666680335998535
0.48161764705882354,0.8802884615384615,0.5665118098258972
0.48161764705882354,0.8807692307692307,0.5662339925765991
0.48198529411764707,0.8807692307692307,0.5659924745559692
0.48198529411764707,0.8831730769230769,0.5650522112846375
0.48419117647058824,0.8831730769230769,0.5635818839073181
0.48419117647058824,0.8841346153846154,0.5630890727043152
0.48566176470588235,0.8841346153846154,0.5622562170028687
0.48566176470588235,0.8850961538461538,0.5619510412216187
0.4860294117647059,0.8850961538461538,0.5615999698638916
0.4860294117647059,0.885576923076923,0.5611869692802429
0.4863970588235294,0.885576923076923,0.5609163641929626
0.4863970588235294,0.8899038461538461,0.5589818954467773
0.48676470588235293,0.8899038461538461,0.5587664246559143
0.48676470588235293,0.8913461538461539,0.5582882165908813
0.4878676470588235,0.8913461538461539,0.5572690963745117
0.4878676470588235,0.8932692307692308,0.5569899082183838
0.48933823529411763,0.8932692307692308,0.5566741228103638
0.48933823529411763,0.89375,0.556649386882782
0.48970588235294116,0.89375,0.5565932393074036
0.48970588235294116,0.8942307692307693,0.556563675403595
0.4900735294117647,0.8942307692307693,0.5561339259147644
0.4900735294117647,0.8951923076923077,0.555836021900177
0.4904411764705882,0.8951923076923077,0.5556925535202026
0.4904411764705882,0.895673076923077,0.5553966760635376
0.4915441176470588,0.895673076923077,0.5548733472824097
0.4915441176470588,0.8975961538461539,0.5547806024551392
0.4919117647058823,0.8975961538461539,0.5546965599060059
0.4919117647058823,0.8980769230769231,0.554449200630188
0.4922794117647059,0.8980769230769231,0.5540089011192322
0.4922794117647059,0.8985576923076923,0.5539712309837341
0.49264705882352944,0.8985576923076923,0.553558349609375
0.49264705882352944,0.8995192307692308,0.5530219674110413
0.49301470588235297,0.8995192307692308,0.5528791546821594
0.49301470588235297,0.9004807692307693,0.552588164806366
0.49779411764705883,0.9004807692307693,0.5503256916999817
0.49779411764705883,0.9009615384615385,0.5503227710723877
0.4988970588235294,0.9009615384615385,0.5495282411575317
0.4988970588235294,0.9014423076923077,0.5494320392608643
0.5003676470588235,0.9014423076923077,0.5490208268165588
0.5003676470588235,0.9019230769230769,0.5488991141319275
0.5007352941176471,0.9019230769230769,0.5488897562026978
0.5007352941176471,0.9024038461538462,0.5488244891166687
0.5033088235294118,0.9024038461538462,0.547433078289032
0.5033088235294118,0.9028846153846154,0.5473582744598389
0.5066176470588235,0.9028846153846154,0.5459973812103271
0.5066176470588235,0.9033653846153846,0.545870304107666
0.5073529411764706,0.9033653846153846,0.5451821088790894
0.5073529411764706,0.9043269230769231,0.5448414087295532
0.5091911764705882,0.9043269230769231,0.5440638661384583
0.5091911764705882,0.9048076923076923,0.543954610824585
0.5095588235294117,0.9048076923076923,0.5437991619110107
0.5095588235294117,0.9052884615384615,0.5437256693840027
0.5128676470588235,0.9052884615384615,0.5425686240196228
0.5128676470588235,0.90625,0.5424221754074097
0.5136029411764705,0.90625,0.5422124862670898
0.5136029411764705,0.9067307692307692,0.5419905185699463
0.5143382352941176,0.9067307692307692,0.5418200492858887
0.5143382352941176,0.9076923076923077,0.5417556762695312
0.5161764705882353,0.9076923076923077,0.5414597988128662
0.5161764705882353,0.9081730769230769,0.5414313077926636
0.5183823529411765,0.9081730769230769,0.5408474802970886
0.5183823529411765,0.9086538461538461,0.5408402681350708
0.5191176470588236,0.9086538461538461,0.540712296962738
0.5191176470588236,0.9091346153846154,0.5407059192657471
0.5198529411764706,0.9091346153846154,0.5403046607971191
0.5198529411764706,0.9100961538461538,0.5402677655220032
0.5205882352941177,0.9100961538461538,0.5401899218559265
0.5205882352941177,0.9120192307692307,0.5397248864173889
0.5209558823529412,0.9120192307692307,0.5397002100944519
0.5209558823529412,0.9125,0.5396430492401123
0.5213235294117647,0.9125,0.5395681858062744
0.5213235294117647,0.9129807692307692,0.5395170450210571
0.5220588235294118,0.9129807692307692,0.5394660234451294
0.5220588235294118,0.9139423076923077,0.539148211479187
0.5231617647058824,0.9139423076923077,0.5390681028366089
0.5231617647058824,0.9144230769230769,0.5390136241912842
0.5238970588235294,0.9144230769230769,0.5389612317085266
0.5238970588235294,0.9149038461538461,0.5389469861984253
0.5261029411764706,0.9149038461538461,0.5383890867233276
0.5261029411764706,0.9153846153846154,0.5382365584373474
0.5283088235294118,0.9153846153846154,0.5379630923271179
0.5283088235294118,0.9158653846153846,0.5379453897476196
0.5294117647058824,0.9158653846153846,0.5377988219261169
0.5294117647058824,0.9163461538461538,0.5377463698387146
0.5301470588235294,0.9163461538461538,0.5376495718955994
0.5301470588235294,0.916826923076923,0.5375380516052246
0.53125,0.916826923076923,0.5373846292495728
0.53125,0.9182692307692307,0.5372934937477112
0.5327205882352941,0.9182692307692307,0.5370469093322754
0.5327205882352941,0.91875,0.5369632244110107
0.5334558823529412,0.91875,0.5368494391441345
0.5334558823529412,0.9192307692307692,0.5367812514305115
0.5338235294117647,0.9192307692307692,0.5367780923843384
0.5338235294117647,0.9201923076923076,0.5366830825805664
0.5378676470588235,0.9201923076923076,0.5348683595657349
0.5378676470588235,0.9206730769230769,0.5348148345947266
0.5422794117647058,0.9206730769230769,0.5333746671676636
0.5422794117647058,0.9211538461538461,0.5333278775215149
0.54375,0.9211538461538461,0.5328324437141418
0.54375,0.9216346153846153,0.532759428024292
0.5474264705882353,0.9216346153846153,0.5305137038230896
0.5474264705882353,0.9221153846153847,0.5304553508758545
0.549264705882353,0.9221153846153847,0.5300864577293396
0.549264705882353,0.9225961538461539,0.5300477147102356
0.5507352941176471,0.9225961538461539,0.529293954372406
0.5507352941176471,0.9230769230769231,0.5291840434074402
0.5525735294117647,0.9230769230769231,0.5284625291824341
0.5525735294117647,0.9240384615384616,0.5283017158508301
0.5573529411764706,0.9240384615384616,0.5271456241607666
0.5573529411764706,0.9245192307692308,0.5270650386810303
0.5588235294117647,0.9245192307692308,0.5269034504890442
0.5588235294117647,0.925,0.5268762707710266
0.5602941176470588,0.925,0.5263104438781738
0.5602941176470588,0.9254807692307693,0.5262659788131714
0.5632352941176471,0.9254807692307693,0.525177001953125
0.5632352941176471,0.9259615384615385,0.5250858068466187
0.5654411764705882,0.9259615384615385,0.5245853662490845
0.5654411764705882,0.9264423076923077,0.5245593190193176
0.5672794117647059,0.9264423076923077,0.5242793560028076
0.5672794117647059,0.9274038461538462,0.524222731590271
0.5676470588235294,0.9274038461538462,0.5241356492042542
0.5676470588235294,0.9283653846153846,0.5240793228149414
0.5683823529411764,0.9283653846153846,0.5240155458450317
0.5683823529411764,0.9288461538461539,0.5237610936164856
0.56875,0.9288461538461539,0.5236310362815857
0.56875,0.9293269230769231,0.5235429406166077
0.5691176470588235,0.9293269230769231,0.5233864188194275
0.5691176470588235,0.9298076923076923,0.5230912566184998
0.569485294117647,0.9298076923076923,0.5230583548545837
0.569485294117647,0.9302884615384616,0.5230351090431213
0.5731617647058823,0.9302884615384616,0.5220507979393005
0.5731617647058823,0.9307692307692308,0.5220479965209961
0.5738970588235294,0.9307692307692308,0.5219489932060242
0.5738970588235294,0.9322115384615385,0.5214790105819702
0.5746323529411764,0.9322115384615385,0.5213584303855896
0.5746323529411764,0.9326923076923077,0.5210331082344055
0.575,0.9326923076923077,0.5209868550300598
0.575,0.9341346153846154,0.5204829573631287
0.5753676470588235,0.9341346153846154,0.5203444957733154
0.5753676470588235,0.9360576923076923,0.52019202709198
0.5775735294117647,0.9360576923076923,0.5191153287887573
0.5775735294117647,0.9365384615384615,0.5190872550010681
0.5779411764705882,0.9365384615384615,0.5187386274337769
0.5779411764705882,0.9370192307692308,0.518688976764679
0.5816176470588236,0.9370192307692308,0.5148835182189941
0.5816176470588236,0.9375,0.5147702097892761
0.5834558823529412,0.9375,0.5124781131744385
0.5834558823529412,0.9384615384615385,0.5120987892150879
0.5845588235294118,0.9384615384615385,0.5113074779510498
0.5845588235294118,0.9389423076923077,0.5113012194633484
0.5849264705882353,0.9389423076923077,0.5109582543373108
0.5849264705882353,0.9394230769230769,0.5101959109306335
0.5856617647058824,0.9394230769230769,0.5094884634017944
0.5856617647058824,0.9399038461538461,0.5093770623207092
0.5863970588235294,0.9399038461538461,0.5088875889778137
0.5863970588235294,0.9408653846153846,0.5073593854904175
0.586764705882353,0.9408653846153846,0.5067001581192017
0.586764705882353,0.9413461538461538,0.5064244866371155
0.5882352941176471,0.9413461538461538,0.5043275356292725
0.5882352941176471,0.9423076923076923,0.5035651922225952
0.5904411764705882,0.9423076923076923,0.5015155673027039
0.5904411764705882,0.9427884615384615,0.5012675523757935
0.5915441176470588,0.9427884615384615,0.49863681197166443
0.5915441176470588,0.9432692307692307,0.49862852692604065
0.5952205882352941,0.9432692307692307,0.4957718849182129
0.5952205882352941,0.94375,0.49549463391304016
0.5996323529411764,0.94375,0.49373528361320496
0.5996323529411764,0.9442307692307692,0.4935414791107178
0.6099264705882353,0.9442307692307692,0.48915600776672363
0.6099264705882353,0.9447115384615384,0.4891013205051422
0.6147058823529412,0.9447115384615384,0.48664820194244385
0.6147058823529412,0.9451923076923077,0.48641642928123474
0.6150735294117647,0.9451923076923077,0.4862750470638275
0.6158088235294118,0.9451923076923077,0.48594197630882263
0.6176470588235294,0.9451923076923077,0.48407331109046936
0.6176470588235294,0.9456730769230769,0.4834648370742798
0.6198529411764706,0.9456730769230769,0.48114803433418274
0.6198529411764706,0.9461538461538461,0.48044905066490173
0.6261029411764706,0.9461538461538461,0.4753870666027069
0.6261029411764706,0.9466346153846154,0.4752231240272522
0.6275735294117647,0.9466346153846154,0.4751752018928528
0.6275735294117647,0.9471153846153846,0.4751182496547699
0.6308823529411764,0.9471153846153846,0.4739374816417694
0.6308823529411764,0.9475961538461538,0.47376617789268494
0.6371323529411764,0.9475961538461538,0.4713136553764343
0.6371323529411764,0.948076923076923,0.47103163599967957
0.6404411764705882,0.948076923076923,0.46989864110946655
0.6404411764705882,0.9485576923076923,0.4698953926563263
0.6459558823529412,0.9485576923076923,0.46824485063552856
0.6459558823529412,0.9490384615384615,0.4680648744106293
0.6488970588235294,0.9490384615384615,0.4673401415348053
0.6488970588235294,0.9495192307692307,0.46687623858451843
0.6525735294117647,0.9495192307692307,0.46577325463294983
0.6525735294117647,0.95,0.4657527804374695
0.6547794117647059,0.95,0.4650733470916748
0.6547794117647059,0.9504807692307692,0.4650677740573883
0.65625,0.9504807692307692,0.4650215804576874
0.65625,0.9509615384615384,0.46494153141975403
0.6580882352941176,0.9509615384615384,0.4644758105278015
0.6580882352941176,0.9514423076923076,0.46401748061180115
0.6621323529411764,0.9514423076923076,0.46195563673973083
0.6621323529411764,0.9519230769230769,0.4614954888820648
0.6647058823529411,0.9519230769230769,0.4599810540676117
0.6647058823529411,0.9524038461538461,0.45974820852279663
0.6661764705882353,0.9524038461538461,0.4593983292579651
0.6661764705882353,0.9533653846153847,0.45891860127449036
0.6665441176470588,0.9533653846153847,0.45748260617256165
0.6665441176470588,0.9538461538461539,0.457277774810791
0.6713235294117647,0.9538461538461539,0.45529553294181824
0.6713235294117647,0.9543269230769231,0.45517244935035706
0.6772058823529412,0.9543269230769231,0.4518776535987854
0.6772058823529412,0.9548076923076924,0.4517021179199219
0.6786764705882353,0.9548076923076924,0.4507128596305847
0.6786764705882353,0.9557692307692308,0.44922927021980286
0.6790441176470589,0.9557692307692308,0.44887152314186096
0.6790441176470589,0.95625,0.4479583501815796
0.6794117647058824,0.95625,0.44791194796562195
0.6794117647058824,0.9572115384615385,0.44754308462142944
0.6801470588235294,0.9572115384615385,0.44711625576019287
0.6801470588235294,0.9576923076923077,0.44684210419654846
0.6816176470588236,0.9576923076923077,0.4454598128795624
0.6816176470588236,0.9596153846153846,0.44431599974632263
0.6819852941176471,0.9596153846153846,0.4441471993923187
0.6819852941176471,0.9605769230769231,0.44408220052719116
0.6827205882352941,0.9605769230769231,0.44381240010261536
0.6827205882352941,0.9644230769230769,0.44129350781440735
0.6830882352941177,0.9644230769230769,0.4411967694759369
0.6830882352941177,0.9658653846153846,0.44070249795913696
0.6838235294117647,0.9658653846153846,0.44031262397766113
0.6838235294117647,0.9677884615384615,0.43986186385154724
0.6886029411764706,0.9677884615384615,0.4310637414455414
0.6886029411764706,0.9682692307692308,0.4310423731803894
0.6889705882352941,0.9682692307692308,0.4300728142261505
0.6889705882352941,0.96875,0.42920899391174316
0.6897058823529412,0.96875,0.4283756613731384
0.6897058823529412,0.9692307692307692,0.42836540937423706
0.6908088235294118,0.9692307692307692,0.4272383153438568
0.6908088235294118,0.9711538461538461,0.42288127541542053
0.6922794117647059,0.9711538461538461,0.4210326373577118
0.6922794117647059,0.9716346153846154,0.42095598578453064
0.7029411764705882,0.9716346153846154,0.411195307970047
0.7029411764705882,0.9721153846153846,0.41109633445739746
0.705514705882353,0.9721153846153846,0.40993812680244446
0.705514705882353,0.9725961538461538,0.409342497587204
0.7139705882352941,0.9725961538461538,0.4029494822025299
0.7139705882352941,0.9730769230769231,0.40192413330078125
0.7227941176470588,0.9730769230769231,0.39718037843704224
0.7227941176470588,0.9735576923076923,0.3970459997653961
0.7290441176470588,0.9735576923076923,0.39359012246131897
0.7290441176470588,0.9740384615384615,0.39335983991622925
0.7345588235294118,0.9740384615384615,0.38882511854171753
0.7345588235294118,0.9745192307692307,0.3887307047843933
0.7533088235294118,0.9745192307692307,0.38219380378723145
0.7533088235294118,0.975,0.3820419907569885
0.7599264705882353,0.975,0.37749847769737244
0.7599264705882353,0.9754807692307692,0.37706688046455383
0.7621323529411764,0.9754807692307692,0.3742762804031372
0.7621323529411764,0.9759615384615384,0.37257513403892517
0.7672794117647059,0.9759615384615384,0.3639541268348694
0.7672794117647059,0.9764423076923077,0.362771213054657
0.76875,0.9764423076923077,0.3583885729312897
0.76875,0.9769230769230769,0.35838550329208374
0.7694852941176471,0.9769230769230769,0.35753339529037476
0.7694852941176471,0.9774038461538461,0.35484540462493896
0.7698529411764706,0.9774038461538461,0.34695175290107727
0.7698529411764706,0.9778846153846154,0.3464239835739136
0.7709558823529412,0.9778846153846154,0.3452790379524231
0.7709558823529412,0.9783653846153846,0.34474506974220276
0.7772058823529412,0.9783653846153846,0.3327496647834778
0.7772058823529412,0.979326923076923,0.3315454423427582
0.7867647058823529,0.979326923076923,0.3117172122001648
0.7867647058823529,0.9798076923076923,0.3113707900047302
0.830514705882353,0.9798076923076923,0.2818909287452698
0.830514705882353,0.9802884615384615,0.28185200691223145
0.8400735294117647,0.9802884615384615,0.25527891516685486
0.8400735294117647,0.9807692307692307,0.25250643491744995
0.888235294117647,0.9807692307692307,0.1872871220111847
0.888235294117647,0.98125,0.18640995025634766
0.8911764705882353,0.98125,0.18246617913246155
0.8911764705882353,0.9817307692307692,0.1821676343679428
0.8922794117647059,0.9817307692307692,0.18160051107406616
0.8922794117647059,0.9822115384615384,0.1813969761133194
0.8926470588235295,0.9822115384615384,0.18133963644504547
0.8926470588235295,0.9826923076923076,0.18063297867774963
0.8985294117647059,0.9826923076923076,0.1771746128797531
0.8985294117647059,0.9831730769230769,0.17716199159622192
0.9036764705882353,0.9831730769230769,0.17446047067642212
0.9036764705882353,0.9836538461538461,0.17301736772060394
0.9047794117647059,0.9836538461538461,0.17235040664672852
0.9047794117647059,0.9841346153846153,0.17176395654678345
0.9055147058823529,0.9841346153846153,0.17114463448524475
0.9055147058823529,0.9850961538461539,0.1710103154182434
0.9058823529411765,0.9850961538461539,0.17065544426441193
0.9058823529411765,0.9860576923076924,0.17055265605449677
0.9069852941176471,0.9860576923076924,0.17007257044315338
0.9069852941176471,0.9870192307692308,0.16959218680858612
0.9077205882352941,0.9870192307692308,0.16933771967887878
0.9077205882352941,0.9908653846153846,0.16856694221496582
0.9088235294117647,0.9908653846153846,0.16793987154960632
0.9088235294117647,0.9918269230769231,0.1678430736064911
0.9091911764705882,0.9918269230769231,0.16767829656600952
0.9091911764705882,0.9923076923076923,0.1675594002008438
0.9099264705882353,0.9923076923076923,0.16754084825515747
0.9099264705882353,0.9927884615384616,0.16729797422885895
0.9102941176470588,0.9927884615384616,0.16729512810707092
0.9102941176470588,0.9932692307692308,0.16718849539756775
0.9110294117647059,0.9932692307692308,0.16712747514247894
0.9110294117647059,0.99375,0.16696278750896454
0.9113970588235294,0.99375,0.16679225862026215
0.9113970588235294,0.9951923076923077,0.16672877967357635
0.9220588235294118,0.9951923076923077,0.1604967713356018
0.9220588235294118,0.9956730769230769,0.16038955748081207
0.9231617647058824,0.9956730769230769,0.15939223766326904
0.9231617647058824,0.9961538461538462,0.15934054553508759
0.9275735294117647,0.9961538461538462,0.1539061963558197
0.9275735294117647,0.9966346153846154,0.15367047488689423
0.9360294117647059,0.9966346153846154,0.13076862692832947
0.9360294117647059,0.9971153846153846,0.13076621294021606
0.9455882352941176,0.9971153846153846,0.1263415813446045
0.9455882352941176,0.9975961538461539,0.1259186565876007
0.9588235294117647,0.9975961538461539,0.11430741846561432
0.9588235294117647,0.9980769230769231,0.11344761401414871
0.9595588235294118,0.9980769230769231,0.10992012172937393
0.9595588235294118,0.9985576923076923,0.10893718153238297
0.9636029411764706,0.9985576923076923,0.10020207613706589
0.9636029411764706,0.9990384615384615,0.10009565204381943
0.9764705882352941,0.9990384615384615,0.08998233824968338
0.9764705882352941,0.9995192307692308,0.0896555632352829
0.9797794117647058,0.9995192307692308,0.08038381487131119
0.9797794117647058,1.0,0.07726360112428665
1.0,1.0,0.013733678497374058
