FPR,TPR,Threshold
0.0,0.0,1.9782270789146423
0.0,0.000925925925925926,0.9782270789146423
0.0,0.5537037037037037,0.7883211970329285
0.0007575757575757576,0.5537037037037037,0.7882532477378845
0.0007575757575757576,0.5564814814814815,0.7866114974021912
0.0015151515151515152,0.5564814814814815,0.7864851355552673
0.0015151515151515152,0.5574074074074075,0.7859313488006592
0.0022727272727272726,0.5574074074074075,0.7857556939125061
0.0022727272727272726,0.5592592592592592,0.7844711542129517
0.0030303030303030303,0.5592592592592592,0.7840069532394409
0.0030303030303030303,0.562962962962963,0.7826708555221558
0.004545454545454545,0.562962962962963,0.7819096446037292
0.004545454545454545,0.5648148148148148,0.7801259160041809
0.006818181818181818,0.5648148148148148,0.778934121131897
0.006818181818181818,0.5657407407407408,0.7789306640625
0.00909090909090909,0.5657407407407408,0.7777146100997925
0.00909090909090909,0.5675925925925925,0.7775958776473999
0.009848484848484848,0.5675925925925925,0.7773281931877136
0.009848484848484848,0.5703703703703704,0.7771062254905701
0.010606060606060607,0.5703703703703704,0.7770630717277527
0.010606060606060607,0.5712962962962963,0.7769644260406494
0.011363636363636364,0.5712962962962963,0.7768556475639343
0.011363636363636364,0.5722222222222222,0.7764720916748047
0.012121212121212121,0.5722222222222222,0.776208221912384
0.012121212121212121,0.575,0.7753776907920837
0.013636363636363636,0.575,0.775246798992157
0.013636363636363636,0.575925925925926,0.7750753164291382
0.015151515151515152,0.575925925925926,0.7746961712837219
0.015151515151515152,0.5768518518518518,0.7741603851318359
0.016666666666666666,0.5768518518518518,0.773871898651123
0.016666666666666666,0.5805555555555556,0.7722681164741516
0.01818181818181818,0.5805555555555556,0.7705166339874268
0.01818181818181818,0.5842592592592593,0.7692265510559082
0.020454545454545454,0.5842592592592593,0.7684280872344971
0.020454545454545454,0.5861111111111111,0.7680341005325317
0.022727272727272728,0.5861111111111111,0.7677819132804871
0.022727272727272728,0.5898148148148148,0.7650244832038879
0.023484848484848483,0.5898148148148148,0.7637704610824585
0.023484848484848483,0.5962962962962963,0.7618799805641174
0.024242424242424242,0.5962962962962963,0.7614362239837646
0.024242424242424242,0.6,0.758517861366272
0.025757575757575757,0.6,0.7582108974456787
0.025757575757575757,0.6064814814814815,0.7565685510635376
0.026515151515151516,0.6064814814814815,0.7550227642059326
0.026515151515151516,0.6138888888888889,0.7508207559585571
0.02803030303030303,0.6138888888888889,0.7505993247032166
0.02803030303030303,0.6185185185185185,0.7470131516456604
0.02878787878787879,0.6185185185185185,0.7461641430854797
0.02878787878787879,0.6194444444444445,0.7459225654602051
0.029545454545454545,0.6194444444444445,0.7457888126373291
0.029545454545454545,0.6277777777777778,0.7409071922302246
0.030303030303030304,0.6277777777777778,0.7407551407814026
0.030303030303030304,0.6638888888888889,0.7068837881088257
0.03106060606060606,0.6638888888888889,0.7063310742378235
0.03106060606060606,0.6666666666666666,0.7053045630455017
0.031818181818181815,0.6666666666666666,0.7045184969902039
0.031818181818181815,0.6675925925925926,0.704484224319458
0.03484848484848485,0.6675925925925926,0.7035714387893677
0.03484848484848485,0.6694444444444444,0.7023141980171204
0.035606060606060606,0.6694444444444444,0.7019487023353577
0.035606060606060606,0.6703703703703704,0.7018298506736755
0.03787878787878788,0.6703703703703704,0.6995061039924622
0.03787878787878788,0.6722222222222223,0.6991281509399414
0.038636363636363635,0.6722222222222223,0.6981381773948669
0.038636363636363635,0.6824074074074075,0.6966670751571655
0.04015151515151515,0.6824074074074075,0.6956879496574402
0.04015151515151515,0.6935185185185185,0.6925241947174072
0.041666666666666664,0.6935185185185185,0.6921887993812561
0.041666666666666664,0.7074074074074074,0.6873804330825806
0.04318181818181818,0.7074074074074074,0.6871768236160278
0.04318181818181818,0.7212962962962963,0.6799518465995789
0.0446969696969697,0.7212962962962963,0.6796479821205139
0.0446969696969697,0.7240740740740741,0.6780421733856201
0.045454545454545456,0.7240740740740741,0.6777254939079285
0.045454545454545456,0.7296296296296296,0.6732046008110046
0.04772727272727273,0.7296296296296296,0.6704767346382141
0.04772727272727273,0.7314814814814815,0.6695389747619629
0.04924242424242424,0.7314814814814815,0.6690071225166321
0.04924242424242424,0.7324074074074074,0.6689847707748413
0.05,0.7324074074074074,0.668653666973114
0.05,0.737037037037037,0.6661752462387085
0.051515151515151514,0.737037037037037,0.6652606725692749
0.051515151515151514,0.7416666666666667,0.6626785397529602
0.05227272727272727,0.7416666666666667,0.6620201468467712
0.05227272727272727,0.7435185185185185,0.6594250798225403
0.05303030303030303,0.7435185185185185,0.6593976616859436
0.05303030303030303,0.7546296296296297,0.6493147611618042
0.05378787878787879,0.7546296296296297,0.6483639478683472
0.05378787878787879,0.7574074074074074,0.646891176700592
0.055303030303030305,0.7574074074074074,0.6460820436477661
0.055303030303030305,0.7592592592592593,0.6442344784736633
0.056818181818181816,0.7592592592592593,0.6419311165809631
0.056818181818181816,0.762962962962963,0.6378951072692871
0.05757575757575758,0.762962962962963,0.6363238096237183
0.05757575757575758,0.7657407407407407,0.633473813533783
0.058333333333333334,0.7657407407407407,0.633104681968689
0.058333333333333334,0.7675925925925926,0.6327628493309021
0.059848484848484845,0.7675925925925926,0.6305990815162659
0.059848484848484845,0.7685185185185185,0.6266724467277527
0.06515151515151515,0.7685185185185185,0.6213025450706482
0.06515151515151515,0.7722222222222223,0.6154090166091919
0.06893939393939394,0.7722222222222223,0.6094761490821838
0.06893939393939394,0.774074074074074,0.6084300875663757
0.07045454545454545,0.774074074074074,0.60672926902771
0.07045454545454545,0.7787037037037037,0.6037185788154602
0.07121212121212121,0.7787037037037037,0.6027755737304688
0.07121212121212121,0.7851851851851852,0.600647509098053
0.07196969696969698,0.7851851851851852,0.6003602743148804
0.07196969696969698,0.7888888888888889,0.598039448261261
0.07348484848484849,0.7888888888888889,0.5968017578125
0.07348484848484849,0.7898148148148149,0.5961519479751587
0.075,0.7898148148148149,0.5898833870887756
0.075,0.7907407407407407,0.5890465974807739
0.07575757575757576,0.7907407407407407,0.5876460075378418
0.07575757575757576,0.7916666666666666,0.585700273513794
0.07727272727272727,0.7916666666666666,0.5811663269996643
0.07727272727272727,0.7935185185185185,0.5801499485969543
0.07803030303030303,0.7935185185185185,0.5798894762992859
0.07803030303030303,0.7953703703703704,0.5797551274299622
0.07954545454545454,0.7953703703703704,0.5782386660575867
0.07954545454545454,0.7972222222222223,0.5768660306930542
0.08181818181818182,0.7972222222222223,0.5751191973686218
0.08181818181818182,0.7981481481481482,0.5740095973014832
0.08409090909090909,0.7981481481481482,0.5727100372314453
0.08409090909090909,0.8018518518518518,0.5684123039245605
0.08484848484848485,0.8018518518518518,0.5680330991744995
0.08484848484848485,0.8027777777777778,0.5671276450157166
0.08636363636363636,0.8027777777777778,0.5639132857322693
0.08636363636363636,0.8037037037037037,0.5623553395271301
0.08787878787878788,0.8037037037037037,0.5618314146995544
0.08787878787878788,0.8046296296296296,0.5613782405853271
0.09090909090909091,0.8046296296296296,0.5559773445129395
0.09090909090909091,0.8064814814814815,0.5538315773010254
0.09393939393939393,0.8064814814814815,0.5508201122283936
0.09393939393939393,0.8083333333333333,0.5478088855743408
0.0946969696969697,0.8083333333333333,0.5472909808158875
0.0946969696969697,0.8092592592592592,0.5462417602539062
0.09545454545454546,0.8092592592592592,0.5459672808647156
0.09545454545454546,0.8111111111111111,0.5446017980575562
0.09924242424242424,0.8111111111111111,0.5387880206108093
0.09924242424242424,0.812037037037037,0.5385459661483765
0.1,0.812037037037037,0.5377914309501648
0.1,0.8138888888888889,0.5377104878425598
0.10075757575757575,0.8138888888888889,0.5342139601707458
0.10075757575757575,0.8148148148148148,0.53121018409729
0.1053030303030303,0.8148148148148148,0.5232159495353699
0.1053030303030303,0.8157407407407408,0.5227859616279602
0.10681818181818181,0.8157407407407408,0.5194481015205383
0.10681818181818181,0.8166666666666667,0.5182874202728271
0.10984848484848485,0.8166666666666667,0.513027548789978
0.10984848484848485,0.8175925925925925,0.5095990300178528
0.11060606060606061,0.8175925925925925,0.509346067905426
0.11060606060606061,0.8185185185185185,0.5088287591934204
0.11212121212121212,0.8185185185185185,0.5071600675582886
0.11212121212121212,0.8203703703703704,0.5068159103393555
0.11515151515151516,0.8203703703703704,0.49900349974632263
0.11515151515151516,0.8222222222222222,0.49758002161979675
0.1159090909090909,0.8222222222222222,0.49497443437576294
0.1159090909090909,0.8231481481481482,0.4929712116718292
0.11742424242424243,0.8231481481481482,0.49083271622657776
0.11742424242424243,0.8240740740740741,0.49004924297332764
0.11893939393939394,0.8240740740740741,0.48780348896980286
0.11893939393939394,0.825,0.4861871004104614
0.12272727272727273,0.825,0.47911369800567627
0.12272727272727273,0.825925925925926,0.4771820306777954
0.12575757575757576,0.825925925925926,0.47272589802742004
0.12575757575757576,0.8268518518518518,0.4722924530506134
0.12727272727272726,0.8268518518518518,0.4709876775741577
0.12727272727272726,0.8277777777777777,0.4709019064903259
0.1303030303030303,0.8277777777777777,0.4655102491378784
0.1303030303030303,0.8287037037037037,0.46476250886917114
0.13484848484848486,0.8287037037037037,0.4605351984500885
0.13484848484848486,0.8296296296296296,0.4605183005332947
0.13863636363636364,0.8296296296296296,0.4584523141384125
0.13863636363636364,0.8305555555555556,0.4574223458766937
0.1409090909090909,0.8305555555555556,0.45665931701660156
0.1409090909090909,0.8314814814814815,0.4565511643886566
0.14393939393939395,0.8314814814814815,0.4554203748703003
0.14393939393939395,0.8324074074074074,0.4548245966434479
0.14696969696969697,0.8324074074074074,0.4526616632938385
0.14696969696969697,0.8333333333333334,0.4525710940361023
0.15227272727272728,0.8333333333333334,0.4476642310619354
0.15227272727272728,0.8342592592592593,0.4474615454673767
0.15303030303030302,0.8342592592592593,0.44642797112464905
0.15303030303030302,0.8361111111111111,0.4434496760368347
0.15378787878787878,0.8361111111111111,0.4422544538974762
0.15378787878787878,0.8379629629629629,0.44140127301216125
0.1553030303030303,0.8379629629629629,0.4400119483470917
0.1553030303030303,0.8388888888888889,0.4393700659275055
0.15681818181818183,0.8388888888888889,0.4368494749069214
0.15681818181818183,0.8407407407407408,0.4362625479698181
0.15833333333333333,0.8407407407407408,0.435894250869751
0.15833333333333333,0.8416666666666667,0.4352576732635498
0.1590909090909091,0.8416666666666667,0.43523892760276794
0.1590909090909091,0.8425925925925926,0.4344395101070404
0.1621212121212121,0.8425925925925926,0.43183183670043945
0.1621212121212121,0.8444444444444444,0.4303927719593048
0.1643939393939394,0.8444444444444444,0.4289064407348633
0.1643939393939394,0.8453703703703703,0.4286963641643524
0.16515151515151516,0.8453703703703703,0.4283333122730255
0.16515151515151516,0.8481481481481481,0.42780739068984985
0.16666666666666666,0.8481481481481481,0.4275478720664978
0.16666666666666666,0.850925925925926,0.42587408423423767
0.17045454545454544,0.850925925925926,0.4246675670146942
0.17045454545454544,0.8527777777777777,0.42418286204338074
0.17196969696969697,0.8527777777777777,0.42326509952545166
0.17196969696969697,0.8537037037037037,0.42281341552734375
0.17272727272727273,0.8537037037037037,0.42253008484840393
0.17272727272727273,0.8546296296296296,0.4213714003562927
0.1734848484848485,0.8546296296296296,0.4212920069694519
0.1734848484848485,0.8555555555555555,0.42090821266174316
0.1787878787878788,0.8555555555555555,0.41955703496932983
0.1787878787878788,0.8564814814814815,0.419320285320282
0.18181818181818182,0.8564814814814815,0.41722986102104187
0.18181818181818182,0.8574074074074074,0.4169633090496063
0.18333333333333332,0.8574074074074074,0.415708065032959
0.18333333333333332,0.8583333333333333,0.415360689163208
0.18787878787878787,0.8583333333333333,0.41146066784858704
0.18787878787878787,0.8592592592592593,0.4113248884677887
0.19166666666666668,0.8592592592592593,0.40804603695869446
0.19166666666666668,0.8601851851851852,0.40800926089286804
0.19242424242424241,0.8601851851851852,0.40559402108192444
0.19242424242424241,0.8611111111111112,0.40530699491500854
0.1946969696969697,0.8611111111111112,0.4038865864276886
0.1946969696969697,0.8638888888888889,0.4002709686756134
0.19545454545454546,0.8638888888888889,0.4001942574977875
0.19545454545454546,0.8648148148148148,0.3998887836933136
0.1962121212121212,0.8648148148148148,0.39940059185028076
0.1962121212121212,0.8666666666666667,0.3975788354873657
0.19772727272727272,0.8666666666666667,0.39682620763778687
0.19772727272727272,0.8694444444444445,0.3955226540565491
0.19924242424242425,0.8694444444444445,0.3952105939388275
0.19924242424242425,0.875,0.3937528133392334
0.2,0.875,0.393575519323349
0.2,0.8759259259259259,0.3927994668483734
0.20075757575757575,0.8759259259259259,0.39271679520606995
0.20075757575757575,0.8768518518518519,0.39243313670158386
0.20303030303030303,0.8768518518518519,0.3917672634124756
0.20303030303030303,0.8777777777777778,0.39172348380088806
0.2037878787878788,0.8777777777777778,0.3914336562156677
0.2037878787878788,0.8824074074074074,0.3863995373249054
0.2053030303030303,0.8824074074074074,0.3860267400741577
0.2053030303030303,0.8833333333333333,0.3838658928871155
0.20757575757575758,0.8833333333333333,0.38239771127700806
0.20757575757575758,0.8888888888888888,0.378724604845047
0.20833333333333334,0.8888888888888888,0.37764212489128113
0.20833333333333334,0.8898148148148148,0.37763938307762146
0.20909090909090908,0.8898148148148148,0.37630000710487366
0.20909090909090908,0.8916666666666667,0.37536126375198364
0.20984848484848484,0.8916666666666667,0.37454134225845337
0.20984848484848484,0.8953703703703704,0.3697423040866852
0.21136363636363636,0.8953703703703704,0.36839690804481506
0.21136363636363636,0.8972222222222223,0.3673238158226013
0.21212121212121213,0.8972222222222223,0.3668893277645111
0.21212121212121213,0.9,0.3647013008594513
0.21363636363636362,0.9,0.36414995789527893
0.21363636363636362,0.9009259259259259,0.3628988265991211
0.21515151515151515,0.9009259259259259,0.3597133159637451
0.21515151515151515,0.9018518518518519,0.359405517578125
0.2159090909090909,0.9018518518518519,0.3587927520275116
0.2159090909090909,0.9027777777777778,0.3582981526851654
0.21666666666666667,0.9027777777777778,0.3578890264034271
0.21666666666666667,0.9055555555555556,0.3550024926662445
0.21742424242424244,0.9055555555555556,0.3544574975967407
0.21742424242424244,0.9064814814814814,0.3539236783981323
0.21818181818181817,0.9064814814814814,0.3535744249820709
0.21818181818181817,0.9083333333333333,0.35202330350875854
0.21893939393939393,0.9083333333333333,0.35195043683052063
0.21893939393939393,0.9120370370370371,0.3510618805885315
0.22121212121212122,0.9120370370370371,0.3493901789188385
0.22121212121212122,0.912962962962963,0.34919214248657227
0.22196969696969698,0.912962962962963,0.3488987386226654
0.22196969696969698,0.9157407407407407,0.34599068760871887
0.22272727272727272,0.9157407407407407,0.34379422664642334
0.22272727272727272,0.9166666666666666,0.34364551305770874
0.22348484848484848,0.9166666666666666,0.34248343110084534
0.22348484848484848,0.9175925925925926,0.3421565592288971
0.22424242424242424,0.9175925925925926,0.3420843780040741
0.22424242424242424,0.9194444444444444,0.34021180868148804
0.22727272727272727,0.9194444444444444,0.33650344610214233
0.22727272727272727,0.9203703703703704,0.3348931670188904
0.23030303030303031,0.9203703703703704,0.33250102400779724
0.23030303030303031,0.9212962962962963,0.3323914706707001
0.2318181818181818,0.9212962962962963,0.33049914240837097
0.2318181818181818,0.9222222222222223,0.32986703515052795
0.2356060606060606,0.9222222222222223,0.3282413184642792
0.2356060606060606,0.9231481481481482,0.32748231291770935
0.24015151515151514,0.9231481481481482,0.32519274950027466
0.24015151515151514,0.925,0.3243016302585602
0.24545454545454545,0.925,0.3210296630859375
0.24545454545454545,0.9277777777777778,0.3201681971549988
0.24621212121212122,0.9277777777777778,0.3188994526863098
0.24621212121212122,0.9296296296296296,0.31820592284202576
0.24696969696969698,0.9296296296296296,0.3177855908870697
0.24696969696969698,0.9314814814814815,0.3174000680446625
0.24772727272727274,0.9314814814814815,0.31667473912239075
0.24772727272727274,0.9333333333333333,0.31633198261260986
0.24924242424242424,0.9333333333333333,0.31534528732299805
0.24924242424242424,0.9388888888888889,0.3136880397796631
0.25075757575757573,0.9388888888888889,0.31312307715415955
0.25075757575757573,0.9416666666666667,0.312523752450943
0.25227272727272726,0.9416666666666667,0.31245067715644836
0.25227272727272726,0.9425925925925925,0.3124257028102875
0.25303030303030305,0.9425925925925925,0.31180548667907715
0.25303030303030305,0.9435185185185185,0.3115960955619812
0.2537878787878788,0.9435185185185185,0.3114498257637024
0.2537878787878788,0.9444444444444444,0.311073899269104
0.2553030303030303,0.9444444444444444,0.31093519926071167
0.2553030303030303,0.95,0.30749136209487915
0.25833333333333336,0.95,0.30594122409820557
0.25833333333333336,0.9527777777777777,0.30505961179733276
0.25984848484848483,0.9527777777777777,0.30405864119529724
0.25984848484848483,0.9546296296296296,0.3036503195762634
0.2628787878787879,0.9546296296296296,0.3013634979724884
0.2628787878787879,0.9555555555555556,0.3012825846672058
0.26666666666666666,0.9555555555555556,0.29932835698127747
0.26666666666666666,0.9564814814814815,0.2984260022640228
0.2681818181818182,0.9564814814814815,0.2982078194618225
0.2681818181818182,0.9574074074074074,0.2976580560207367
0.2696969696969697,0.9574074074074074,0.29655200242996216
0.2696969696969697,0.9583333333333334,0.29636991024017334
0.2734848484848485,0.9583333333333334,0.2914716303348541
0.2734848484848485,0.9592592592592593,0.2912779152393341
0.275,0.9592592592592593,0.2906496226787567
0.275,0.9601851851851851,0.29052528738975525
0.2787878787878788,0.9601851851851851,0.28830069303512573
0.2787878787878788,0.9611111111111111,0.28820499777793884
0.28106060606060607,0.9611111111111111,0.28785738348960876
0.28106060606060607,0.962037037037037,0.2878159284591675
0.2863636363636364,0.962037037037037,0.2849441170692444
0.2863636363636364,0.9629629629629629,0.28483155369758606
0.3333333333333333,0.9629629629629629,0.23931212723255157
0.3333333333333333,0.9638888888888889,0.23923344910144806
0.33560606060606063,0.9638888888888889,0.23782269656658173
0.33560606060606063,0.9648148148148148,0.23769886791706085
0.3484848484848485,0.9648148148148148,0.2290082573890686
0.3484848484848485,0.9657407407407408,0.2289089411497116
0.3643939393939394,0.9657407407407408,0.21910855174064636
0.3643939393939394,0.9666666666666667,0.219058096408844
0.3696969696969697,0.9666666666666667,0.2156745046377182
0.3696969696969697,0.9675925925925926,0.21546024084091187
0.37196969696969695,0.9675925925925926,0.21371500194072723
0.37196969696969695,0.9685185185185186,0.21335455775260925
0.37272727272727274,0.9685185185185186,0.21331386268138885
0.37272727272727274,0.9694444444444444,0.21330177783966064
0.3734848484848485,0.9694444444444444,0.21237102150917053
0.3734848484848485,0.9703703703703703,0.2120499163866043
0.375,0.9703703703703703,0.2119194120168686
0.375,0.9712962962962963,0.211812824010849
0.37575757575757573,0.9712962962962963,0.2110460102558136
0.37575757575757573,0.9731481481481481,0.2102724015712738
0.3765151515151515,0.9731481481481481,0.21008124947547913
0.3765151515151515,0.9740740740740741,0.21006441116333008
0.37727272727272726,0.9740740740740741,0.20997688174247742
0.37727272727272726,0.975,0.20976196229457855
0.3787878787878788,0.975,0.20872999727725983
0.3787878787878788,0.975925925925926,0.20863208174705505
0.38257575757575757,0.975925925925926,0.20658913254737854
0.38257575757575757,0.9768518518518519,0.20657013356685638
0.38636363636363635,0.9768518518518519,0.2061300426721573
0.38636363636363635,0.9777777777777777,0.20560148358345032
0.39090909090909093,0.9777777777777777,0.20496486127376556
0.39090909090909093,0.9787037037037037,0.20387639105319977
0.396969696969697,0.9787037037037037,0.20183692872524261
0.396969696969697,0.9796296296296296,0.20156632363796234
0.40075757575757576,0.9796296296296296,0.20068694651126862
0.40075757575757576,0.9805555555555555,0.20050080120563507
0.4257575757575758,0.9805555555555555,0.19194485247135162
0.4257575757575758,0.9814814814814815,0.1918407827615738
0.4303030303030303,0.9814814814814815,0.18964076042175293
0.4303030303030303,0.9824074074074074,0.18949642777442932
0.43787878787878787,0.9824074074074074,0.18800315260887146
0.43787878787878787,0.9833333333333333,0.18790167570114136
0.4674242424242424,0.9833333333333333,0.17988812923431396
0.4674242424242424,0.9842592592592593,0.1798279732465744
0.49166666666666664,0.9842592592592593,0.17610175907611847
0.49166666666666664,0.9851851851851852,0.17592144012451172
0.49772727272727274,0.9851851851851852,0.17474448680877686
0.49772727272727274,0.9861111111111112,0.17465032637119293
0.5106060606060606,0.9861111111111112,0.1727806031703949
0.5106060606060606,0.987037037037037,0.17265848815441132
0.5128787878787879,0.987037037037037,0.17212435603141785
0.5128787878787879,0.9879629629629629,0.17183248698711395
0.5159090909090909,0.9879629629629629,0.1713613122701645
0.5159090909090909,0.9907407407407407,0.1712571680545807
0.5166666666666667,0.9907407407407407,0.17120319604873657
0.5166666666666667,0.9916666666666667,0.1711767017841339
0.5242424242424243,0.9916666666666667,0.1694478839635849
0.5242424242424243,0.9925925925925926,0.16874347627162933
0.5257575757575758,0.9925925925925926,0.16839374601840973
0.5257575757575758,0.9935185185185185,0.16825546324253082
0.5265151515151515,0.9935185185185185,0.1679733693599701
0.5265151515151515,0.9944444444444445,0.16783112287521362
0.5280303030303031,0.9944444444444445,0.16734138131141663
0.5280303030303031,0.9953703703703703,0.16733939945697784
0.5295454545454545,0.9953703703703703,0.16684167087078094
0.5295454545454545,0.9972222222222222,0.16608977317810059
0.5356060606060606,0.9972222222222222,0.16257955133914948
0.5356060606060606,0.9990740740740741,0.16224625706672668
0.5386363636363637,0.9990740740740741,0.1607825607061386
0.5386363636363637,1.0,0.1607535183429718
1.0,1.0,0.01967959851026535
