FPR,TPR,Threshold
0.0,0.0,1.9864202737808228
0.0,0.0004807692307692308,0.9864202737808228
0.0,0.021153846153846155,0.9779424071311951
0.0003676470588235294,0.021153846153846155,0.9778114557266235
0.0003676470588235294,0.023076923076923078,0.9776460528373718
0.0007352941176470588,0.023076923076923078,0.9774674773216248
0.0007352941176470588,0.02403846153846154,0.9773273468017578
0.0011029411764705882,0.02403846153846154,0.9772415161132812
0.0011029411764705882,0.02451923076923077,0.9771881103515625
0.0014705882352941176,0.02451923076923077,0.9771609306335449
0.0014705882352941176,0.026923076923076925,0.9764540195465088
0.001838235294117647,0.026923076923076925,0.9763327836990356
0.001838235294117647,0.02980769230769231,0.9760023951530457
0.0029411764705882353,0.02980769230769231,0.9759629368782043
0.0029411764705882353,0.03125,0.9757550358772278
0.003676470588235294,0.03125,0.9757156372070312
0.003676470588235294,0.032692307692307694,0.9755471348762512
0.004044117647058824,0.032692307692307694,0.9755075573921204
0.004044117647058824,0.03365384615384615,0.9754512906074524
0.004779411764705883,0.03365384615384615,0.9754311442375183
0.004779411764705883,0.038461538461538464,0.9751640558242798
0.0055147058823529415,0.038461538461538464,0.9750698804855347
0.0055147058823529415,0.041826923076923074,0.9748939871788025
0.0058823529411764705,0.041826923076923074,0.9748894572257996
0.0058823529411764705,0.04471153846153846,0.974702775478363
0.00625,0.04471153846153846,0.9746502637863159
0.00625,0.04519230769230769,0.9746244549751282
0.006617647058823529,0.04519230769230769,0.9746189117431641
0.006617647058823529,0.046153846153846156,0.9745461940765381
0.006985294117647059,0.046153846153846156,0.9744399189949036
0.006985294117647059,0.047596153846153844,0.974351167678833
0.007352941176470588,0.047596153846153844,0.9743493795394897
0.007352941176470588,0.05,0.9741801619529724
0.008088235294117648,0.05,0.9740914702415466
0.008088235294117648,0.05048076923076923,0.9740763306617737
0.008823529411764706,0.05048076923076923,0.9740366339683533
0.008823529411764706,0.052884615384615384,0.9739702343940735
0.009191176470588236,0.052884615384615384,0.9739429950714111
0.009191176470588236,0.05336538461538461,0.9738984704017639
0.009926470588235294,0.05336538461538461,0.9738790988922119
0.009926470588235294,0.05384615384615385,0.9738767743110657
0.010294117647058823,0.05384615384615385,0.9738684892654419
0.010294117647058823,0.05432692307692308,0.9738649725914001
0.011029411764705883,0.05432692307692308,0.973838746547699
0.011029411764705883,0.055288461538461536,0.9737676382064819
0.011397058823529411,0.055288461538461536,0.9737533926963806
0.011397058823529411,0.05721153846153846,0.973613977432251
0.011764705882352941,0.05721153846153846,0.9736137390136719
0.011764705882352941,0.05961538461538462,0.9735519289970398
0.014705882352941176,0.05961538461538462,0.9734546542167664
0.014705882352941176,0.0625,0.9728380441665649
0.015073529411764706,0.0625,0.972722589969635
0.015073529411764706,0.06346153846153846,0.9727075099945068
0.015441176470588236,0.06346153846153846,0.9727069139480591
0.015441176470588236,0.06778846153846153,0.972183883190155
0.016176470588235296,0.06778846153846153,0.9721116423606873
0.016176470588235296,0.07836538461538461,0.9714895486831665
0.016544117647058824,0.07836538461538461,0.971480667591095
0.016544117647058824,0.08317307692307692,0.9711129069328308
0.016911764705882352,0.08317307692307692,0.9710897207260132
0.016911764705882352,0.08461538461538462,0.9708036184310913
0.017279411764705883,0.08461538461538462,0.9707772135734558
0.017279411764705883,0.08653846153846154,0.9707034230232239
0.01764705882352941,0.08653846153846154,0.9706940650939941
0.01764705882352941,0.08846153846153847,0.970660388469696
0.01838235294117647,0.08846153846153847,0.970508873462677
0.01838235294117647,0.0889423076923077,0.9704381227493286
0.02022058823529412,0.0889423076923077,0.9703677892684937
0.02022058823529412,0.08990384615384615,0.97028648853302
0.020588235294117647,0.08990384615384615,0.9702390432357788
0.020588235294117647,0.09326923076923077,0.9700781106948853
0.021323529411764706,0.09326923076923077,0.9699834585189819
0.021323529411764706,0.09375,0.9699789881706238
0.02426470588235294,0.09375,0.9698384404182434
0.02426470588235294,0.09471153846153846,0.9697468876838684
0.02463235294117647,0.09471153846153846,0.9697406888008118
0.02463235294117647,0.0985576923076923,0.9686737656593323
0.025,0.0985576923076923,0.9683409929275513
0.025,0.10240384615384615,0.965604305267334
0.02610294117647059,0.10240384615384615,0.9646007418632507
0.02610294117647059,0.10336538461538461,0.963821530342102
0.026470588235294117,0.10336538461538461,0.9637989401817322
0.026470588235294117,0.10432692307692308,0.963635265827179
0.026838235294117645,0.10432692307692308,0.9635027050971985
0.026838235294117645,0.10528846153846154,0.9634554386138916
0.027573529411764705,0.10528846153846154,0.9632511138916016
0.027573529411764705,0.10673076923076923,0.9628055691719055
0.028308823529411765,0.10673076923076923,0.9626931548118591
0.028308823529411765,0.10913461538461539,0.9620591998100281
0.029044117647058824,0.10913461538461539,0.9616685509681702
0.029044117647058824,0.11201923076923077,0.9610412120819092
0.030147058823529412,0.11201923076923077,0.9607440829277039
0.030147058823529412,0.11442307692307692,0.9603023529052734
0.03125,0.11442307692307692,0.9599466323852539
0.03125,0.11730769230769231,0.9591625928878784
0.03161764705882353,0.11730769230769231,0.9591113924980164
0.03161764705882353,0.1201923076923077,0.9586197137832642
0.031985294117647056,0.1201923076923077,0.9585880637168884
0.031985294117647056,0.12307692307692308,0.9582080841064453
0.03235294117647059,0.12307692307692308,0.9581452012062073
0.03235294117647059,0.12451923076923077,0.9580724835395813
0.03308823529411765,0.12451923076923077,0.9580069780349731
0.03308823529411765,0.1293269230769231,0.9577767252922058
0.033455882352941176,0.1293269230769231,0.9577727913856506
0.033455882352941176,0.13028846153846155,0.9577532410621643
0.03455882352941177,0.13028846153846155,0.9576573371887207
0.03455882352941177,0.13076923076923078,0.9576256275177002
0.03529411764705882,0.13076923076923078,0.9575752019882202
0.03529411764705882,0.1326923076923077,0.9574053883552551
0.03566176470588235,0.1326923076923077,0.9573988318443298
0.03566176470588235,0.13846153846153847,0.9572076201438904
0.03860294117647059,0.13846153846153847,0.956830620765686
0.03860294117647059,0.14086538461538461,0.9554173350334167
0.03897058823529412,0.14086538461538461,0.9548107385635376
0.03897058823529412,0.14471153846153847,0.9530820250511169
0.039705882352941174,0.14471153846153847,0.9521966576576233
0.039705882352941174,0.14807692307692308,0.9513349533081055
0.04007352941176471,0.14807692307692308,0.9512823820114136
0.04007352941176471,0.15576923076923077,0.9492059946060181
0.04044117647058824,0.15576923076923077,0.9491884708404541
0.04044117647058824,0.16875,0.9472388625144958
0.040808823529411765,0.16875,0.9471451640129089
0.040808823529411765,0.17451923076923076,0.9453412890434265
0.041176470588235294,0.17451923076923076,0.9452994465827942
0.041176470588235294,0.18461538461538463,0.9435127973556519
0.04154411764705882,0.18461538461538463,0.9434714317321777
0.04154411764705882,0.20192307692307693,0.939948320388794
0.04191176470588235,0.20192307692307693,0.9399377703666687
0.04191176470588235,0.22067307692307692,0.9374591112136841
0.04301470588235294,0.22067307692307692,0.9371359348297119
0.04301470588235294,0.22259615384615383,0.9366915225982666
0.04338235294117647,0.22259615384615383,0.9365537762641907
0.04338235294117647,0.22403846153846155,0.9357795119285583
0.04375,0.22403846153846155,0.9355175495147705
0.04375,0.225,0.935344934463501
0.04411764705882353,0.225,0.9352701306343079
0.04411764705882353,0.22548076923076923,0.9351150989532471
0.04485294117647059,0.22548076923076923,0.9349157214164734
0.04485294117647059,0.23028846153846153,0.9336748123168945
0.04522058823529412,0.23028846153846153,0.9336599707603455
0.04522058823529412,0.23173076923076924,0.9335080981254578
0.045588235294117645,0.23173076923076924,0.9333062767982483
0.045588235294117645,0.23701923076923076,0.9326181411743164
0.04595588235294118,0.23701923076923076,0.932555615901947
0.04595588235294118,0.24759615384615385,0.9304683804512024
0.04632352941176471,0.24759615384615385,0.9302984476089478
0.04632352941176471,0.25432692307692306,0.9290935397148132
0.046691176470588236,0.25432692307692306,0.9290667772293091
0.046691176470588236,0.25576923076923075,0.9290012121200562
0.04742647058823529,0.25576923076923075,0.9288302659988403
0.04742647058823529,0.2620192307692308,0.9279130697250366
0.04852941176470588,0.2620192307692308,0.9273133277893066
0.04852941176470588,0.2644230769230769,0.926683247089386
0.04889705882352941,0.2644230769230769,0.9266065359115601
0.04889705882352941,0.2653846153846154,0.9262111186981201
0.04963235294117647,0.2653846153846154,0.9259012937545776
0.04963235294117647,0.2658653846153846,0.9256315231323242
0.05,0.2658653846153846,0.9255978465080261
0.05,0.26971153846153845,0.9251922369003296
0.05036764705882353,0.26971153846153845,0.9250888824462891
0.05036764705882353,0.27403846153846156,0.9245059490203857
0.05073529411764706,0.27403846153846156,0.9242894649505615
0.05073529411764706,0.2745192307692308,0.9242303967475891
0.05183823529411765,0.2745192307692308,0.9240890741348267
0.05183823529411765,0.27548076923076925,0.9237152338027954
0.05220588235294118,0.27548076923076925,0.9236835837364197
0.05220588235294118,0.2759615384615385,0.9236146211624146
0.05330882352941176,0.2759615384615385,0.9235286116600037
0.05330882352941176,0.27740384615384617,0.9234254360198975
0.054044117647058826,0.27740384615384617,0.9234098792076111
0.054044117647058826,0.2793269230769231,0.9231573343276978
0.05477941176470588,0.2793269230769231,0.923137366771698
0.05477941176470588,0.28028846153846154,0.9229736328125
0.05588235294117647,0.28028846153846154,0.9224741458892822
0.05588235294117647,0.28076923076923077,0.92246013879776
0.05808823529411765,0.28076923076923077,0.9222961664199829
0.05808823529411765,0.28221153846153846,0.9218400716781616
0.058823529411764705,0.28221153846153846,0.9217272400856018
0.058823529411764705,0.2860576923076923,0.9212499260902405
0.05919117647058823,0.2860576923076923,0.9210233688354492
0.05919117647058823,0.2903846153846154,0.9203547239303589
0.05955882352941176,0.2903846153846154,0.9203432202339172
0.05955882352941176,0.29134615384615387,0.920118510723114
0.059926470588235296,0.29134615384615387,0.9201096296310425
0.059926470588235296,0.29278846153846155,0.9192996025085449
0.06066176470588235,0.29278846153846155,0.9189781546592712
0.06066176470588235,0.29759615384615384,0.9177713394165039
0.06102941176470588,0.29759615384615384,0.9176859855651855
0.06102941176470588,0.2980769230769231,0.9176225662231445
0.06139705882352941,0.2980769230769231,0.9176118969917297
0.06139705882352941,0.30096153846153845,0.9168698191642761
0.061764705882352944,0.30096153846153845,0.9167715311050415
0.061764705882352944,0.30528846153846156,0.9164019823074341
0.0661764705882353,0.30528846153846156,0.914372444152832
0.0661764705882353,0.3057692307692308,0.9142257571220398
0.06654411764705882,0.3057692307692308,0.9142036437988281
0.06654411764705882,0.30625,0.9141860604286194
0.06875,0.30625,0.913885235786438
0.06875,0.3091346153846154,0.9120412468910217
0.06911764705882353,0.3091346153846154,0.9118916392326355
0.06911764705882353,0.3105769230769231,0.9111295938491821
0.06948529411764706,0.3105769230769231,0.9109450578689575
0.06948529411764706,0.3125,0.9104971885681152
0.06985294117647059,0.3125,0.9104210734367371
0.06985294117647059,0.31346153846153846,0.9102521538734436
0.07058823529411765,0.31346153846153846,0.9096710681915283
0.07058823529411765,0.31490384615384615,0.9093137383460999
0.0713235294117647,0.31490384615384615,0.9090844988822937
0.0713235294117647,0.3153846153846154,0.9089725017547607
0.07169117647058823,0.3153846153846154,0.9089598655700684
0.07169117647058823,0.31634615384615383,0.9084385633468628
0.07205882352941176,0.31634615384615383,0.9082335233688354
0.07205882352941176,0.31682692307692306,0.9079710245132446
0.0724264705882353,0.31682692307692306,0.9079521298408508
0.0724264705882353,0.3177884615384615,0.9077576398849487
0.07316176470588236,0.3177884615384615,0.9071774482727051
0.07316176470588236,0.3192307692307692,0.9065673351287842
0.07352941176470588,0.3192307692307692,0.9064180254936218
0.07352941176470588,0.31971153846153844,0.9063615202903748
0.07426470588235294,0.31971153846153844,0.9061655402183533
0.07426470588235294,0.32259615384615387,0.9050020575523376
0.07463235294117647,0.32259615384615387,0.9048837423324585
0.07463235294117647,0.3230769230769231,0.9047755002975464
0.075,0.3230769230769231,0.9046700596809387
0.075,0.325,0.9044681191444397
0.07573529411764705,0.325,0.904195249080658
0.07573529411764705,0.3264423076923077,0.9037426710128784
0.07683823529411765,0.3264423076923077,0.9029194116592407
0.07683823529411765,0.3269230769230769,0.9028005599975586
0.07720588235294118,0.3269230769230769,0.9026191234588623
0.07720588235294118,0.32884615384615384,0.9024092555046082
0.07757352941176471,0.32884615384615384,0.9022474884986877
0.07757352941176471,0.3293269230769231,0.9022000432014465
0.07794117647058824,0.3293269230769231,0.9019227027893066
0.07794117647058824,0.3298076923076923,0.9019108414649963
0.07867647058823529,0.3298076923076923,0.901560366153717
0.07867647058823529,0.33028846153846153,0.9015597701072693
0.07904411764705882,0.33028846153846153,0.9012655019760132
0.07904411764705882,0.3331730769230769,0.9008551239967346
0.07941176470588235,0.3331730769230769,0.900816023349762
0.07941176470588235,0.33798076923076925,0.9001589417457581
0.07977941176470588,0.33798076923076925,0.9000968337059021
0.07977941176470588,0.3384615384615385,0.9000887274742126
0.08014705882352942,0.3384615384615385,0.9000571370124817
0.08014705882352942,0.34278846153846154,0.899605393409729
0.08051470588235295,0.34278846153846154,0.8995620012283325
0.08051470588235295,0.34471153846153846,0.899226725101471
0.08125,0.34471153846153846,0.8989969491958618
0.08125,0.35384615384615387,0.8984321355819702
0.08198529411764706,0.35384615384615387,0.8979536890983582
0.08198529411764706,0.3548076923076923,0.8978500962257385
0.08272058823529412,0.3548076923076923,0.8975623846054077
0.08272058823529412,0.35528846153846155,0.8975383639335632
0.08308823529411764,0.35528846153846155,0.8971905708312988
0.08308823529411764,0.3557692307692308,0.8971635103225708
0.0838235294117647,0.3557692307692308,0.8970847725868225
0.0838235294117647,0.35625,0.896981418132782
0.08419117647058824,0.35625,0.896781861782074
0.08419117647058824,0.3576923076923077,0.8962138295173645
0.08455882352941177,0.3576923076923077,0.8962066769599915
0.08455882352941177,0.3596153846153846,0.8959986567497253
0.0849264705882353,0.3596153846153846,0.8959745168685913
0.0849264705882353,0.3605769230769231,0.8959084153175354
0.08529411764705883,0.3605769230769231,0.8958153128623962
0.08529411764705883,0.3610576923076923,0.8957905173301697
0.08566176470588235,0.3610576923076923,0.8957768678665161
0.08566176470588235,0.36153846153846153,0.8957626223564148
0.08639705882352941,0.36153846153846153,0.8955321311950684
0.08639705882352941,0.36201923076923076,0.8954473733901978
0.08713235294117647,0.36201923076923076,0.8953417539596558
0.08713235294117647,0.3629807692307692,0.8950638175010681
0.08786764705882352,0.3629807692307692,0.8949727416038513
0.08786764705882352,0.3639423076923077,0.8947878479957581
0.08860294117647059,0.3639423076923077,0.894726574420929
0.08860294117647059,0.3644230769230769,0.8947234749794006
0.08897058823529412,0.3644230769230769,0.8945969939231873
0.08897058823529412,0.3658653846153846,0.8945125341415405
0.08970588235294118,0.3658653846153846,0.8944710493087769
0.08970588235294118,0.36682692307692305,0.8944116234779358
0.0900735294117647,0.36682692307692305,0.8944071531295776
0.0900735294117647,0.36730769230769234,0.8943532705307007
0.09154411764705882,0.36730769230769234,0.8936964869499207
0.09154411764705882,0.36778846153846156,0.8936185240745544
0.09191176470588236,0.36778846153846156,0.893545925617218
0.09191176470588236,0.36875,0.8933603763580322
0.09338235294117647,0.36875,0.8929948806762695
0.09338235294117647,0.3697115384615385,0.8929377198219299
0.09632352941176471,0.3697115384615385,0.8926879167556763
0.09632352941176471,0.37067307692307694,0.8926040530204773
0.09705882352941177,0.37067307692307694,0.8924537301063538
0.09705882352941177,0.37115384615384617,0.8924159407615662
0.0974264705882353,0.37115384615384617,0.8924043774604797
0.0974264705882353,0.3716346153846154,0.8923969268798828
0.10036764705882353,0.3716346153846154,0.8914310932159424
0.10036764705882353,0.3721153846153846,0.8912352323532104
0.10183823529411765,0.3721153846153846,0.8910121917724609
0.10183823529411765,0.3730769230769231,0.8906756639480591
0.10220588235294117,0.3730769230769231,0.8906199932098389
0.10220588235294117,0.3735576923076923,0.8906069397926331
0.10735294117647058,0.3735576923076923,0.889154851436615
0.10735294117647058,0.37548076923076923,0.8889680504798889
0.10808823529411765,0.37548076923076923,0.8887460231781006
0.10808823529411765,0.3764423076923077,0.8885501623153687
0.10882352941176471,0.3764423076923077,0.8885160684585571
0.10882352941176471,0.3769230769230769,0.8884714841842651
0.11029411764705882,0.3769230769230769,0.8878111839294434
0.11029411764705882,0.37740384615384615,0.887784481048584
0.11066176470588235,0.37740384615384615,0.8875039219856262
0.11066176470588235,0.3778846153846154,0.8873839378356934
0.11176470588235295,0.3778846153846154,0.8871009349822998
0.11176470588235295,0.3783653846153846,0.8870883584022522
0.11213235294117647,0.3783653846153846,0.8870185613632202
0.11213235294117647,0.37884615384615383,0.8869776725769043
0.11470588235294117,0.37884615384615383,0.8864644765853882
0.11470588235294117,0.37932692307692306,0.8864266276359558
0.1150735294117647,0.37932692307692306,0.8862730264663696
0.1150735294117647,0.38125,0.8859393000602722
0.11544117647058824,0.38125,0.8858550786972046
0.11544117647058824,0.38221153846153844,0.8854036331176758
0.11580882352941177,0.38221153846153844,0.8853673934936523
0.11580882352941177,0.38317307692307695,0.8852474093437195
0.1161764705882353,0.38317307692307695,0.885229766368866
0.1161764705882353,0.3836538461538462,0.8852152228355408
0.11654411764705883,0.3836538461538462,0.8852117657661438
0.11654411764705883,0.38461538461538464,0.88516765832901
0.11691176470588235,0.38461538461538464,0.8851222395896912
0.11691176470588235,0.38509615384615387,0.8849793672561646
0.11727941176470588,0.38509615384615387,0.8849361538887024
0.11727941176470588,0.38653846153846155,0.8847323060035706
0.11875,0.38653846153846155,0.884316623210907
0.11875,0.3875,0.8842206001281738
0.11985294117647059,0.3875,0.8841066360473633
0.11985294117647059,0.38990384615384616,0.8837534785270691
0.12022058823529412,0.38990384615384616,0.8837096095085144
0.12022058823529412,0.3923076923076923,0.8835157155990601
0.12058823529411765,0.3923076923076923,0.8833410739898682
0.12058823529411765,0.39278846153846153,0.8830327391624451
0.12242647058823529,0.39278846153846153,0.8827359676361084
0.12242647058823529,0.39375,0.8826889395713806
0.12426470588235294,0.39375,0.8824455142021179
0.12426470588235294,0.3956730769230769,0.8823195695877075
0.12463235294117647,0.3956730769230769,0.8823114633560181
0.12463235294117647,0.39663461538461536,0.8818252682685852
0.12536764705882353,0.39663461538461536,0.8816664814949036
0.12536764705882353,0.3995192307692308,0.8814184069633484
0.12610294117647058,0.3995192307692308,0.8811756372451782
0.12610294117647058,0.4,0.8810259103775024
0.1264705882352941,0.4,0.8810219168663025
0.1264705882352941,0.40576923076923077,0.8793900609016418
0.12683823529411764,0.40576923076923077,0.8793329000473022
0.12683823529411764,0.40625,0.8792598247528076
0.12720588235294117,0.40625,0.8792555332183838
0.12720588235294117,0.40721153846153846,0.8790159821510315
0.12941176470588237,0.40721153846153846,0.876993715763092
0.12941176470588237,0.4076923076923077,0.8768209218978882
0.13014705882352942,0.4076923076923077,0.8766669034957886
0.13014705882352942,0.40865384615384615,0.8762898445129395
0.13088235294117648,0.40865384615384615,0.876150369644165
0.13088235294117648,0.4091346153846154,0.8760401010513306
0.13198529411764706,0.4091346153846154,0.8758900761604309
0.13198529411764706,0.4096153846153846,0.8758626580238342
0.13272058823529412,0.4096153846153846,0.8757777810096741
0.13272058823529412,0.41009615384615383,0.8754684925079346
0.13308823529411765,0.41009615384615383,0.8754435777664185
0.13308823529411765,0.41057692307692306,0.8754270076751709
0.13419117647058823,0.41057692307692306,0.8748158812522888
0.13419117647058823,0.4110576923076923,0.8746399283409119
0.13529411764705881,0.4110576923076923,0.8744533061981201
0.13529411764705881,0.4115384615384615,0.8744339942932129
0.1375,0.4115384615384615,0.8741152882575989
0.1375,0.41201923076923075,0.8732314705848694
0.13786764705882354,0.41201923076923075,0.8732157349586487
0.13786764705882354,0.41346153846153844,0.8729699850082397
0.1386029411764706,0.41346153846153844,0.8729409575462341
0.1386029411764706,0.41394230769230766,0.8728659749031067
0.13970588235294118,0.41394230769230766,0.8723767995834351
0.13970588235294118,0.41586538461538464,0.8717288374900818
0.1400735294117647,0.41586538461538464,0.8715405464172363
0.1400735294117647,0.41875,0.870749831199646
0.14080882352941176,0.41875,0.8705645799636841
0.14080882352941176,0.41923076923076924,0.870437502861023
0.1411764705882353,0.41923076923076924,0.8702495098114014
0.1411764705882353,0.4201923076923077,0.869787871837616
0.14191176470588235,0.4201923076923077,0.8692604899406433
0.14191176470588235,0.4216346153846154,0.8687940835952759
0.14227941176470588,0.4216346153846154,0.8686927556991577
0.14227941176470588,0.4221153846153846,0.8685262203216553
0.1426470588235294,0.4221153846153846,0.8684799075126648
0.1426470588235294,0.4235576923076923,0.868378221988678
0.14301470588235293,0.4235576923076923,0.8683664202690125
0.14301470588235293,0.42403846153846153,0.8683471083641052
0.14375,0.42403846153846153,0.8679887652397156
0.14375,0.42451923076923076,0.8679522275924683
0.14411764705882352,0.42451923076923076,0.8678394556045532
0.14411764705882352,0.4283653846153846,0.8669207692146301
0.14448529411764705,0.4283653846153846,0.8667684197425842
0.14448529411764705,0.4288461538461538,0.8666709065437317
0.1448529411764706,0.4288461538461538,0.8664309978485107
0.1448529411764706,0.42932692307692305,0.866417407989502
0.14522058823529413,0.42932692307692305,0.8663788437843323
0.14522058823529413,0.42980769230769234,0.8663125038146973
0.14558823529411766,0.42980769230769234,0.8662769794464111
0.14558823529411766,0.4355769230769231,0.8654353022575378
0.1463235294117647,0.4355769230769231,0.8648401498794556
0.1463235294117647,0.4360576923076923,0.8647328615188599
0.14705882352941177,0.4360576923076923,0.8645265102386475
0.14705882352941177,0.43798076923076923,0.8643884658813477
0.1474264705882353,0.43798076923076923,0.8642343282699585
0.1474264705882353,0.4389423076923077,0.8641411662101746
0.14779411764705883,0.4389423076923077,0.8637811541557312
0.14779411764705883,0.4394230769230769,0.8636701107025146
0.15036764705882352,0.4394230769230769,0.863206684589386
0.15036764705882352,0.4403846153846154,0.8629000186920166
0.15073529411764705,0.4403846153846154,0.8628911375999451
0.15073529411764705,0.4427884615384615,0.8622731566429138
0.15110294117647058,0.4427884615384615,0.8621799349784851
0.15110294117647058,0.4442307692307692,0.86208176612854
0.1514705882352941,0.4442307692307692,0.8620812296867371
0.1514705882352941,0.44471153846153844,0.8620087504386902
0.15441176470588236,0.44471153846153844,0.861477792263031
0.15441176470588236,0.44519230769230766,0.8614473342895508
0.15551470588235294,0.44519230769230766,0.8609687089920044
0.15551470588235294,0.4461538461538462,0.8605539202690125
0.15588235294117647,0.4461538461538462,0.8602384924888611
0.15588235294117647,0.4480769230769231,0.8595239520072937
0.15625,0.4480769230769231,0.8593974709510803
0.15625,0.4495192307692308,0.85914146900177
0.15661764705882353,0.4495192307692308,0.859067976474762
0.15661764705882353,0.45,0.8589240908622742
0.15735294117647058,0.45,0.8587594628334045
0.15735294117647058,0.45096153846153847,0.8581165075302124
0.15845588235294117,0.45096153846153847,0.8576350212097168
0.15845588235294117,0.45240384615384616,0.8567450046539307
0.15992647058823528,0.45240384615384616,0.8562859892845154
0.15992647058823528,0.4533653846153846,0.8556768298149109
0.16029411764705884,0.4533653846153846,0.8555704355239868
0.16029411764705884,0.45384615384615384,0.8555327653884888
0.16176470588235295,0.45384615384615384,0.8550449013710022
0.16176470588235295,0.4543269230769231,0.8549560904502869
0.16213235294117648,0.4543269230769231,0.8549323081970215
0.16213235294117648,0.45625,0.8540186285972595
0.1625,0.45625,0.8538675904273987
0.1625,0.4567307692307692,0.8537267446517944
0.1636029411764706,0.4567307692307692,0.853337824344635
0.1636029411764706,0.4576923076923077,0.8531339168548584
0.16470588235294117,0.4576923076923077,0.8523722887039185
0.16470588235294117,0.4581730769230769,0.8523662686347961
0.1661764705882353,0.4581730769230769,0.8519503474235535
0.1661764705882353,0.45865384615384613,0.8518410921096802
0.16654411764705881,0.45865384615384613,0.8515915870666504
0.16654411764705881,0.46057692307692305,0.850879967212677
0.16691176470588234,0.46057692307692305,0.8508176803588867
0.16691176470588234,0.4620192307692308,0.8506454825401306
0.16801470588235295,0.4620192307692308,0.8505552411079407
0.16801470588235295,0.4625,0.8505322933197021
0.16875,0.4625,0.8503509759902954
0.16875,0.46298076923076925,0.8503435254096985
0.17058823529411765,0.46298076923076925,0.8499739766120911
0.17058823529411765,0.4639423076923077,0.8498713970184326
0.17169117647058824,0.4639423076923077,0.8495931029319763
0.17169117647058824,0.4653846153846154,0.8494647741317749
0.1724264705882353,0.4653846153846154,0.8494473099708557
0.1724264705882353,0.46634615384615385,0.8492927551269531
0.17352941176470588,0.46634615384615385,0.8490622043609619
0.17352941176470588,0.4673076923076923,0.8488521575927734
0.1738970588235294,0.4673076923076923,0.8488039374351501
0.1738970588235294,0.46826923076923077,0.8487504720687866
0.17426470588235293,0.46826923076923077,0.8485596776008606
0.17426470588235293,0.46923076923076923,0.848455548286438
0.175,0.46923076923076923,0.8480111956596375
0.175,0.46971153846153846,0.8479331731796265
0.17536764705882352,0.46971153846153846,0.8478596806526184
0.17536764705882352,0.4706730769230769,0.8476930856704712
0.17573529411764705,0.4706730769230769,0.8476327657699585
0.17573529411764705,0.47115384615384615,0.8475964665412903
0.17647058823529413,0.47115384615384615,0.8475162386894226
0.17647058823529413,0.4716346153846154,0.8474589586257935
0.17794117647058824,0.4716346153846154,0.8473082184791565
0.17794117647058824,0.47259615384615383,0.8472787141799927
0.17830882352941177,0.47259615384615383,0.8471956253051758
0.17830882352941177,0.47307692307692306,0.8471556305885315
0.1786764705882353,0.47307692307692306,0.8471235036849976
0.1786764705882353,0.4740384615384615,0.8470345139503479
0.17904411764705883,0.4740384615384615,0.8467443585395813
0.17904411764705883,0.4754807692307692,0.8459002375602722
0.17941176470588235,0.4754807692307692,0.8457625508308411
0.17941176470588235,0.4774038461538462,0.8450846672058105
0.1801470588235294,0.4774038461538462,0.8449400067329407
0.1801470588235294,0.48125,0.8435066938400269
0.18051470588235294,0.48125,0.8434377312660217
0.18051470588235294,0.4826923076923077,0.8431313633918762
0.18088235294117647,0.4826923076923077,0.8430700898170471
0.18088235294117647,0.48365384615384616,0.8430007696151733
0.18125,0.48365384615384616,0.842978835105896
0.18125,0.4846153846153846,0.8428156971931458
0.18161764705882352,0.4846153846153846,0.8426087498664856
0.18161764705882352,0.48653846153846153,0.8418631553649902
0.18235294117647058,0.48653846153846153,0.8417404890060425
0.18235294117647058,0.48701923076923076,0.8417038917541504
0.1827205882352941,0.48701923076923076,0.8416903018951416
0.1827205882352941,0.4875,0.8415946364402771
0.18308823529411763,0.4875,0.8415854573249817
0.18308823529411763,0.4879807692307692,0.8415046334266663
0.18382352941176472,0.4879807692307692,0.8414694666862488
0.18382352941176472,0.49903846153846154,0.8392055630683899
0.18419117647058825,0.49903846153846154,0.8391590714454651
0.18419117647058825,0.5004807692307692,0.8389416933059692
0.18455882352941178,0.5004807692307692,0.8389087915420532
0.18455882352941178,0.5019230769230769,0.83861243724823
0.1860294117647059,0.5019230769230769,0.8376423716545105
0.1860294117647059,0.5024038461538461,0.8371082544326782
0.18676470588235294,0.5024038461538461,0.836387038230896
0.18676470588235294,0.5033653846153846,0.836014986038208
0.1875,0.5033653846153846,0.835571825504303
0.1875,0.5038461538461538,0.8355292081832886
0.18786764705882353,0.5038461538461538,0.835286021232605
0.18786764705882353,0.5043269230769231,0.8349435925483704
0.19044117647058822,0.5043269230769231,0.8337960839271545
0.19044117647058822,0.5048076923076923,0.83351731300354
0.19080882352941175,0.5048076923076923,0.8334571719169617
0.19080882352941175,0.5057692307692307,0.8333876729011536
0.19301470588235295,0.5057692307692307,0.8330315947532654
0.19301470588235295,0.50625,0.8330279588699341
0.19375,0.50625,0.8327270746231079
0.19375,0.5072115384615384,0.8325459361076355
0.19411764705882353,0.5072115384615384,0.8325324058532715
0.19411764705882353,0.5081730769230769,0.832351803779602
0.19448529411764706,0.5081730769230769,0.8321061730384827
0.19448529411764706,0.5086538461538461,0.8312128782272339
0.19595588235294117,0.5086538461538461,0.8305132389068604
0.19595588235294117,0.5096153846153846,0.8303960561752319
0.19779411764705881,0.5096153846153846,0.8300181031227112
0.19779411764705881,0.5100961538461538,0.8296003341674805
0.19816176470588234,0.5100961538461538,0.8293762803077698
0.19816176470588234,0.510576923076923,0.8293085694313049
0.19926470588235295,0.510576923076923,0.8287690281867981
0.19926470588235295,0.5120192307692307,0.8282304406166077
0.2,0.5120192307692307,0.8280829787254333
0.2,0.5125,0.8277190327644348
0.20073529411764707,0.5125,0.8275607228279114
0.20073529411764707,0.5129807692307692,0.827305257320404
0.20147058823529412,0.5129807692307692,0.8271118402481079
0.20147058823529412,0.5149038461538461,0.8266704082489014
0.20183823529411765,0.5149038461538461,0.8265522122383118
0.20183823529411765,0.5153846153846153,0.8265393972396851
0.20220588235294118,0.5153846153846153,0.8265153765678406
0.20220588235294118,0.5158653846153847,0.8264423608779907
0.20294117647058824,0.5158653846153847,0.8263801336288452
0.20294117647058824,0.5163461538461539,0.8261705040931702
0.20404411764705882,0.5163461538461539,0.82601398229599
0.20404411764705882,0.5182692307692308,0.8258396983146667
0.20477941176470588,0.5182692307692308,0.8257357478141785
0.20477941176470588,0.5197115384615385,0.825553297996521
0.20625,0.5197115384615385,0.8249865770339966
0.20625,0.5201923076923077,0.8249757885932922
0.20661764705882352,0.5201923076923077,0.8249611854553223
0.20661764705882352,0.5221153846153846,0.8242455124855042
0.20772058823529413,0.5221153846153846,0.8238808512687683
0.20772058823529413,0.5230769230769231,0.8237906098365784
0.20808823529411766,0.5230769230769231,0.8237577080726624
0.20808823529411766,0.5235576923076923,0.8237090110778809
0.20845588235294119,0.5235576923076923,0.8237020373344421
0.20845588235294119,0.5240384615384616,0.8236569166183472
0.2088235294117647,0.5240384615384616,0.8235623240470886
0.2088235294117647,0.5245192307692308,0.8235613703727722
0.20955882352941177,0.5245192307692308,0.8234897255897522
0.20955882352941177,0.5274038461538462,0.8229712247848511
0.2099264705882353,0.5274038461538462,0.82278972864151
0.2099264705882353,0.5283653846153846,0.8222293257713318
0.21029411764705883,0.5283653846153846,0.8221995234489441
0.21029411764705883,0.5293269230769231,0.8221834897994995
0.21102941176470588,0.5293269230769231,0.8216740489006042
0.21102941176470588,0.5302884615384615,0.8211531639099121
0.21176470588235294,0.5302884615384615,0.8209628462791443
0.21176470588235294,0.5307692307692308,0.8209367990493774
0.21323529411764705,0.5307692307692308,0.8204970359802246
0.21323529411764705,0.5317307692307692,0.8203151226043701
0.21360294117647058,0.5317307692307692,0.8201266527175903
0.21360294117647058,0.5322115384615385,0.8199707269668579
0.2139705882352941,0.5322115384615385,0.8199412226676941
0.2139705882352941,0.5326923076923077,0.8198383450508118
0.21433823529411763,0.5326923076923077,0.8198337554931641
0.21433823529411763,0.5336538461538461,0.8195428848266602
0.21507352941176472,0.5336538461538461,0.8193243741989136
0.21507352941176472,0.5365384615384615,0.8188474178314209
0.21544117647058825,0.5365384615384615,0.8188378810882568
0.21544117647058825,0.5370192307692307,0.8182440996170044
0.21580882352941178,0.5370192307692307,0.8181543350219727
0.21580882352941178,0.5384615384615384,0.8176805377006531
0.21654411764705883,0.5384615384615384,0.8175697326660156
0.21654411764705883,0.541826923076923,0.8165301084518433
0.2172794117647059,0.541826923076923,0.8164673447608948
0.2172794117647059,0.5427884615384615,0.8163334131240845
0.21764705882352942,0.5427884615384615,0.8160504102706909
0.21764705882352942,0.5432692307692307,0.8160327672958374
0.21838235294117647,0.5432692307692307,0.8157723546028137
0.21838235294117647,0.54375,0.8157517313957214
0.21911764705882353,0.54375,0.815475583076477
0.21911764705882353,0.5447115384615384,0.8150668740272522
0.22205882352941175,0.5447115384615384,0.814486563205719
0.22205882352941175,0.5451923076923076,0.8144816756248474
0.22647058823529412,0.5451923076923076,0.8125908970832825
0.22647058823529412,0.5456730769230769,0.8125597238540649
0.22830882352941176,0.5456730769230769,0.8120593428611755
0.22830882352941176,0.5461538461538461,0.8119958639144897
0.2301470588235294,0.5461538461538461,0.8118700385093689
0.2301470588235294,0.5471153846153847,0.8112044930458069
0.23088235294117648,0.5471153846153847,0.8110364675521851
0.23088235294117648,0.5475961538461539,0.8109986782073975
0.23125,0.5475961538461539,0.8107919692993164
0.23125,0.5485576923076924,0.8103876113891602
0.23198529411764707,0.5485576923076924,0.8100337386131287
0.23198529411764707,0.55,0.8096376061439514
0.2323529411764706,0.55,0.8093210458755493
0.2323529411764706,0.5504807692307693,0.8091989755630493
0.23345588235294118,0.5504807692307693,0.8088968992233276
0.23345588235294118,0.5524038461538462,0.808382511138916
0.23455882352941176,0.5524038461538462,0.8080910444259644
0.23455882352941176,0.5557692307692308,0.8074151277542114
0.23529411764705882,0.5557692307692308,0.8073514103889465
0.23529411764705882,0.55625,0.8073492646217346
0.23566176470588235,0.55625,0.8073275089263916
0.23566176470588235,0.5572115384615385,0.8073241710662842
0.2363970588235294,0.5572115384615385,0.8069843053817749
0.2363970588235294,0.5576923076923077,0.8069553971290588
0.23676470588235293,0.5576923076923077,0.8069378733634949
0.23676470588235293,0.5586538461538462,0.8066620230674744
0.23823529411764705,0.5586538461538462,0.8059177994728088
0.23823529411764705,0.5591346153846154,0.8059023022651672
0.23897058823529413,0.5591346153846154,0.8056118488311768
0.23897058823529413,0.5605769230769231,0.8055049180984497
0.23933823529411766,0.5605769230769231,0.8054781556129456
0.23933823529411766,0.5610576923076923,0.805469274520874
0.23970588235294119,0.5610576923076923,0.8054643273353577
0.23970588235294119,0.5639423076923077,0.8048394322395325
0.24044117647058824,0.5639423076923077,0.8047738075256348
0.24044117647058824,0.5649038461538461,0.8047319650650024
0.24080882352941177,0.5649038461538461,0.8046624660491943
0.24080882352941177,0.5653846153846154,0.8045369386672974
0.24154411764705883,0.5653846153846154,0.8044435977935791
0.24154411764705883,0.5658653846153846,0.8043985962867737
0.24191176470588235,0.5658653846153846,0.8043570518493652
0.24191176470588235,0.5663461538461538,0.8043392300605774
0.24448529411764705,0.5663461538461538,0.8035264611244202
0.24448529411764705,0.5668269230769231,0.8034645318984985
0.24889705882352942,0.5668269230769231,0.8014866709709167
0.24889705882352942,0.56875,0.8010954260826111
0.24963235294117647,0.56875,0.8007522821426392
0.24963235294117647,0.5692307692307692,0.8007183074951172
0.25220588235294117,0.5692307692307692,0.7997831106185913
0.25220588235294117,0.5701923076923077,0.79947429895401
0.2525735294117647,0.5701923076923077,0.7994139790534973
0.2525735294117647,0.5711538461538461,0.7992044687271118
0.2555147058823529,0.5711538461538461,0.7983855605125427
0.2555147058823529,0.5716346153846154,0.79835444688797
0.25698529411764703,0.5716346153846154,0.7977746725082397
0.25698529411764703,0.5721153846153846,0.7976465225219727
0.2584558823529412,0.5721153846153846,0.7971984148025513
0.2584558823529412,0.5745192307692307,0.7968854904174805
0.25919117647058826,0.5745192307692307,0.7965695261955261
0.25919117647058826,0.5754807692307692,0.796492338180542
0.2599264705882353,0.5754807692307692,0.7964550852775574
0.2599264705882353,0.5759615384615384,0.7962437272071838
0.26176470588235295,0.5759615384615384,0.7959473133087158
0.26176470588235295,0.5764423076923076,0.7959320545196533
0.2621323529411765,0.5764423076923076,0.7959064841270447
0.2621323529411765,0.5793269230769231,0.7950801849365234
0.2625,0.5793269230769231,0.7950237393379211
0.2625,0.5817307692307693,0.7938047051429749
0.26286764705882354,0.5817307692307693,0.7937343120574951
0.26286764705882354,0.583173076923077,0.7935926914215088
0.26323529411764707,0.583173076923077,0.7935354113578796
0.26323529411764707,0.5846153846153846,0.7932083606719971
0.2639705882352941,0.5846153846153846,0.7931677103042603
0.2639705882352941,0.5865384615384616,0.7929642796516418
0.2647058823529412,0.5865384615384616,0.7929438352584839
0.2647058823529412,0.5875,0.7924960851669312
0.26544117647058824,0.5875,0.7922385931015015
0.26544117647058824,0.5879807692307693,0.7920833230018616
0.26691176470588235,0.5879807692307693,0.791526734828949
0.26691176470588235,0.5884615384615385,0.7914808392524719
0.2672794117647059,0.5884615384615385,0.7913879156112671
0.2672794117647059,0.5894230769230769,0.7910541892051697
0.26801470588235293,0.5894230769230769,0.7909315228462219
0.26801470588235293,0.5899038461538462,0.7906762361526489
0.2713235294117647,0.5899038461538462,0.7900106906890869
0.2713235294117647,0.5903846153846154,0.7898572683334351
0.27205882352941174,0.5903846153846154,0.7897204756736755
0.27205882352941174,0.5908653846153846,0.7896413803100586
0.2727941176470588,0.5908653846153846,0.7894309759140015
0.2727941176470588,0.5918269230769231,0.7893681526184082
0.2731617647058823,0.5918269230769231,0.789223849773407
0.2731617647058823,0.5923076923076923,0.7890081405639648
0.2735294117647059,0.5923076923076923,0.7888872623443604
0.2735294117647059,0.5927884615384615,0.7888442873954773
0.27426470588235297,0.5927884615384615,0.7887892723083496
0.27426470588235297,0.5932692307692308,0.7886203527450562
0.27683823529411766,0.5932692307692308,0.7881665229797363
0.27683823529411766,0.59375,0.7880611419677734
0.2783088235294118,0.59375,0.7877912521362305
0.2783088235294118,0.5947115384615385,0.7875450849533081
0.27904411764705883,0.5947115384615385,0.7869449257850647
0.27904411764705883,0.5956730769230769,0.7867305278778076
0.27941176470588236,0.5956730769230769,0.7866353392601013
0.27941176470588236,0.5961538461538461,0.7865779399871826
0.28088235294117647,0.5961538461538461,0.7862032055854797
0.28088235294117647,0.5966346153846154,0.7860023379325867
0.28345588235294117,0.5966346153846154,0.7856735587120056
0.28345588235294117,0.5971153846153846,0.7854465842247009
0.2841911764705882,0.5971153846153846,0.78482586145401
0.2841911764705882,0.5980769230769231,0.7846062183380127
0.28455882352941175,0.5980769230769231,0.7842960953712463
0.28455882352941175,0.5995192307692307,0.7835348844528198
0.2849264705882353,0.5995192307692307,0.783132791519165
0.2849264705882353,0.6004807692307692,0.7829660177230835
0.2867647058823529,0.6004807692307692,0.7827140688896179
0.2867647058823529,0.6009615384615384,0.7826008796691895
0.2875,0.6009615384615384,0.7823530435562134
0.2875,0.6024038461538461,0.7820268273353577
0.28823529411764703,0.6024038461538461,0.7819561958312988
0.28823529411764703,0.6028846153846154,0.7818920016288757
0.28860294117647056,0.6028846153846154,0.7818135023117065
0.28860294117647056,0.6048076923076923,0.7815035581588745
0.2893382352941177,0.6048076923076923,0.7814797163009644
0.2893382352941177,0.6052884615384615,0.7814310789108276
0.2897058823529412,0.6052884615384615,0.7812583446502686
0.2897058823529412,0.60625,0.7811436653137207
0.2908088235294118,0.60625,0.7806553244590759
0.2908088235294118,0.6072115384615384,0.7805249691009521
0.2911764705882353,0.6072115384615384,0.7803837060928345
0.2911764705882353,0.6076923076923076,0.7802682518959045
0.29154411764705884,0.6076923076923076,0.7802084684371948
0.29154411764705884,0.6110576923076924,0.7796915769577026
0.29191176470588237,0.6110576923076924,0.7795146703720093
0.29191176470588237,0.6115384615384616,0.7793606519699097
0.2922794117647059,0.6115384615384616,0.7791202068328857
0.2922794117647059,0.6120192307692308,0.7791181206703186
0.2926470588235294,0.6120192307692308,0.7790342569351196
0.2926470588235294,0.6125,0.7790015339851379
0.29301470588235295,0.6125,0.7788211107254028
0.29301470588235295,0.6139423076923077,0.7787150740623474
0.29375,0.6139423076923077,0.7785362601280212
0.29375,0.614423076923077,0.7785298228263855
0.29411764705882354,0.614423076923077,0.7785297632217407
0.29411764705882354,0.6149038461538462,0.778529167175293
0.2952205882352941,0.6149038461538462,0.7784053683280945
0.2952205882352941,0.6158653846153846,0.7783873081207275
0.29558823529411765,0.6163461538461539,0.778270423412323
0.29669117647058824,0.6163461538461539,0.7778880596160889
0.29669117647058824,0.6168269230769231,0.7777893543243408
0.29705882352941176,0.6168269230769231,0.7774950265884399
0.29705882352941176,0.6177884615384616,0.777479887008667
0.2974264705882353,0.6177884615384616,0.7772436738014221
0.2974264705882353,0.6182692307692308,0.7771356701850891
0.2977941176470588,0.6182692307692308,0.777016818523407
0.2977941176470588,0.61875,0.7770105600357056
0.29816176470588235,0.61875,0.7769185304641724
0.29816176470588235,0.6192307692307693,0.7769151329994202
0.2985294117647059,0.6192307692307693,0.776877224445343
0.2985294117647059,0.6211538461538462,0.7766234278678894
0.3,0.6211538461538462,0.7765401601791382
0.3,0.6216346153846154,0.7764387130737305
0.3003676470588235,0.6216346153846154,0.7759778499603271
0.3003676470588235,0.6225961538461539,0.775628387928009
0.3011029411764706,0.6225961538461539,0.7751733660697937
0.3011029411764706,0.6230769230769231,0.7747366428375244
0.3047794117647059,0.6230769230769231,0.7728757858276367
0.3047794117647059,0.6240384615384615,0.7723326683044434
0.30551470588235297,0.6240384615384615,0.7718402743339539
0.30551470588235297,0.6245192307692308,0.7712081670761108
0.3058823529411765,0.6245192307692308,0.7710694670677185
0.3058823529411765,0.6254807692307692,0.770744800567627
0.30625,0.6254807692307692,0.7698838114738464
0.30625,0.6259615384615385,0.7698006629943848
0.3069852941176471,0.6259615384615385,0.7697349786758423
0.3069852941176471,0.6274038461538461,0.7691248655319214
0.3073529411764706,0.6274038461538461,0.768964946269989
0.3073529411764706,0.6365384615384615,0.7668328881263733
0.30772058823529413,0.6365384615384615,0.7668203711509705
0.30772058823529413,0.6384615384615384,0.7658218145370483
0.30808823529411766,0.6384615384615384,0.7657728791236877
0.30808823529411766,0.6432692307692308,0.7644919753074646
0.3084558823529412,0.6432692307692308,0.7644562125205994
0.3084558823529412,0.6442307692307693,0.7642028331756592
0.3088235294117647,0.6442307692307693,0.7640550136566162
0.3088235294117647,0.6447115384615385,0.7639398574829102
0.30919117647058825,0.6447115384615385,0.7636630535125732
0.30919117647058825,0.6490384615384616,0.7618229985237122
0.3099264705882353,0.6490384615384616,0.7609888315200806
0.3099264705882353,0.65,0.7604696750640869
0.31029411764705883,0.65,0.760462760925293
0.31029411764705883,0.6519230769230769,0.7596780061721802
0.3113970588235294,0.6519230769230769,0.7595533728599548
0.3113970588235294,0.6538461538461539,0.7589292526245117
0.31176470588235294,0.6538461538461539,0.758094072341919
0.31176470588235294,0.6552884615384615,0.7572243213653564
0.31213235294117647,0.6552884615384615,0.7566913962364197
0.31213235294117647,0.6557692307692308,0.7564345598220825
0.31286764705882353,0.6557692307692308,0.7561829686164856
0.31286764705882353,0.65625,0.7559123039245605
0.31323529411764706,0.65625,0.7558841109275818
0.31323529411764706,0.6567307692307692,0.7558363080024719
0.3136029411764706,0.6567307692307692,0.7556502819061279
0.3136029411764706,0.6576923076923077,0.7549273371696472
0.3139705882352941,0.6576923076923077,0.7548384070396423
0.3139705882352941,0.6591346153846154,0.7540487051010132
0.3150735294117647,0.6591346153846154,0.7535763382911682
0.3150735294117647,0.6596153846153846,0.753002405166626
0.31580882352941175,0.6596153846153846,0.7526028752326965
0.31580882352941175,0.6600961538461538,0.7523123025894165
0.3165441176470588,0.6600961538461538,0.7521528005599976
0.3165441176470588,0.6605769230769231,0.7521384954452515
0.31691176470588234,0.6605769230769231,0.7520264387130737
0.31691176470588234,0.6615384615384615,0.7514615654945374
0.3176470588235294,0.6615384615384615,0.7511950135231018
0.3176470588235294,0.6625,0.7504979372024536
0.3180147058823529,0.6625,0.750467836856842
0.3180147058823529,0.6634615384615384,0.7501407861709595
0.31875,0.6634615384615384,0.7500330209732056
0.31875,0.6639423076923077,0.7495736479759216
0.3191176470588235,0.6639423076923077,0.749522864818573
0.3191176470588235,0.6649038461538461,0.7493487000465393
0.31985294117647056,0.6649038461538461,0.7488806843757629
0.31985294117647056,0.6663461538461538,0.7484139800071716
0.3205882352941177,0.6663461538461538,0.7481903433799744
0.3205882352941177,0.6673076923076923,0.7480166554450989
0.3235294117647059,0.6673076923076923,0.7472371459007263
0.3235294117647059,0.6682692307692307,0.7469615936279297
0.3246323529411765,0.6682692307692307,0.7462986707687378
0.3246323529411765,0.66875,0.7462256550788879
0.3261029411764706,0.66875,0.7458873987197876
0.3261029411764706,0.6701923076923076,0.7457455992698669
0.3272058823529412,0.6701923076923076,0.7451186776161194
0.3272058823529412,0.6711538461538461,0.7448522448539734
0.32794117647058824,0.6711538461538461,0.74439537525177
0.32794117647058824,0.6740384615384616,0.7438088059425354
0.3286764705882353,0.6740384615384616,0.7436085939407349
0.3286764705882353,0.6745192307692308,0.7435828447341919
0.33051470588235293,0.6745192307692308,0.7430641651153564
0.33051470588235293,0.675,0.7429283857345581
0.33198529411764705,0.675,0.7427783012390137
0.33198529411764705,0.6754807692307693,0.7427487373352051
0.3323529411764706,0.6754807692307693,0.7427356243133545
0.3323529411764706,0.6759615384615385,0.7427250146865845
0.33308823529411763,0.6759615384615385,0.742207407951355
0.33308823529411763,0.6764423076923077,0.7418289184570312
0.33345588235294116,0.6764423076923077,0.7412528991699219
0.33345588235294116,0.6802884615384616,0.7396180033683777
0.3338235294117647,0.6802884615384616,0.739533543586731
0.3338235294117647,0.6817307692307693,0.7386466860771179
0.3341911764705882,0.6817307692307693,0.7384116053581238
0.3341911764705882,0.6822115384615385,0.7378224730491638
0.33455882352941174,0.6822115384615385,0.7377924919128418
0.33455882352941174,0.6846153846153846,0.7364662885665894
0.3356617647058823,0.6846153846153846,0.7361146211624146
0.3356617647058823,0.6860576923076923,0.7358715534210205
0.33639705882352944,0.6860576923076923,0.7357496023178101
0.33639705882352944,0.6899038461538461,0.7341610193252563
0.33676470588235297,0.6899038461538461,0.7336742281913757
0.33676470588235297,0.6918269230769231,0.7332713007926941
0.3371323529411765,0.6918269230769231,0.7331551909446716
0.3371323529411765,0.6927884615384615,0.7331173419952393
0.3375,0.6927884615384615,0.7329841256141663
0.3375,0.69375,0.7326833605766296
0.3386029411764706,0.69375,0.7324088215827942
0.3386029411764706,0.6961538461538461,0.7318059206008911
0.33897058823529413,0.6961538461538461,0.7316973209381104
0.33897058823529413,0.6966346153846154,0.7314923405647278
0.3397058823529412,0.6966346153846154,0.7313962578773499
0.3397058823529412,0.6975961538461538,0.7313339114189148
0.3408088235294118,0.6975961538461538,0.7311927080154419
0.3408088235294118,0.6985576923076923,0.7310694456100464
0.3411764705882353,0.6985576923076923,0.7309922575950623
0.3411764705882353,0.6990384615384615,0.730864405632019
0.34191176470588236,0.6990384615384615,0.7306599020957947
0.34191176470588236,0.7004807692307692,0.7298998832702637
0.3422794117647059,0.7004807692307692,0.7297751307487488
0.3422794117647059,0.7038461538461539,0.7294458746910095
0.3426470588235294,0.7038461538461539,0.7293440699577332
0.3426470588235294,0.7043269230769231,0.7293001413345337
0.34301470588235294,0.7043269230769231,0.729056179523468
0.34301470588235294,0.7048076923076924,0.7288933396339417
0.34411764705882353,0.7048076923076924,0.7285302877426147
0.34411764705882353,0.7052884615384616,0.7282829880714417
0.3452205882352941,0.7052884615384616,0.7280195355415344
0.3452205882352941,0.7057692307692308,0.7279711365699768
0.34558823529411764,0.7057692307692308,0.7276845574378967
0.34558823529411764,0.7072115384615385,0.7274746298789978
0.3474264705882353,0.7072115384615385,0.7272366881370544
0.3474264705882353,0.7076923076923077,0.7271755933761597
0.34816176470588234,0.7076923076923077,0.7271429896354675
0.34816176470588234,0.708173076923077,0.72701495885849
0.3488970588235294,0.708173076923077,0.7268836498260498
0.3488970588235294,0.7096153846153846,0.7268380522727966
0.3492647058823529,0.7096153846153846,0.7266162037849426
0.3492647058823529,0.7125,0.7257867455482483
0.34963235294117645,0.7125,0.7257801294326782
0.34963235294117645,0.7144230769230769,0.7254141569137573
0.35,0.7144230769230769,0.7254114151000977
0.35,0.7163461538461539,0.7249853610992432
0.35073529411764703,0.7163461538461539,0.7248727679252625
0.35073529411764703,0.7168269230769231,0.7245993614196777
0.3514705882352941,0.7168269230769231,0.7242279052734375
0.3514705882352941,0.7240384615384615,0.7224235534667969
0.3518382352941177,0.7240384615384615,0.7223699688911438
0.3518382352941177,0.7283653846153846,0.7218816876411438
0.3522058823529412,0.7283653846153846,0.7218433618545532
0.3522058823529412,0.7307692307692307,0.721758246421814
0.35294117647058826,0.7307692307692307,0.7217201590538025
0.35294117647058826,0.7317307692307692,0.7217090129852295
0.3533088235294118,0.7317307692307692,0.7216880321502686
0.3533088235294118,0.7331730769230769,0.7208657264709473
0.35551470588235295,0.7331730769230769,0.7200446724891663
0.35551470588235295,0.7336538461538461,0.7200347781181335
0.3558823529411765,0.7336538461538461,0.7200093269348145
0.3558823529411765,0.7341346153846153,0.7199047803878784
0.35625,0.7341346153846153,0.7199016809463501
0.35625,0.7346153846153847,0.7198846340179443
0.3577205882352941,0.7346153846153847,0.719395637512207
0.3577205882352941,0.7355769230769231,0.7190627455711365
0.35808823529411765,0.7355769230769231,0.7190173268318176
0.35808823529411765,0.7360576923076924,0.7189432978630066
0.3584558823529412,0.7360576923076924,0.7189016938209534
0.3584558823529412,0.7370192307692308,0.7188525795936584
0.3588235294117647,0.7370192307692308,0.7187470197677612
0.3588235294117647,0.7389423076923077,0.7183718681335449
0.35919117647058824,0.7389423076923077,0.7182807326316833
0.35919117647058824,0.7427884615384616,0.7179199457168579
0.3599264705882353,0.7427884615384616,0.7178072333335876
0.3599264705882353,0.7432692307692308,0.7177799344062805
0.3602941176470588,0.7432692307692308,0.7175527811050415
0.3602941176470588,0.74375,0.7174588441848755
0.36176470588235293,0.74375,0.7173336744308472
0.36176470588235293,0.7447115384615385,0.7172278761863708
0.3628676470588235,0.7447115384615385,0.7169908285140991
0.3628676470588235,0.7456730769230769,0.7167177796363831
0.36323529411764705,0.7456730769230769,0.7166790962219238
0.36323529411764705,0.7466346153846154,0.7164924740791321
0.3636029411764706,0.7466346153846154,0.7164899110794067
0.3636029411764706,0.7471153846153846,0.7164803743362427
0.36433823529411763,0.7471153846153846,0.7163354754447937
0.36433823529411763,0.7475961538461539,0.7163260579109192
0.36470588235294116,0.7475961538461539,0.7162744402885437
0.36470588235294116,0.7480769230769231,0.7162596583366394
0.3654411764705882,0.7480769230769231,0.7161080837249756
0.3654411764705882,0.7485576923076923,0.7160578966140747
0.36617647058823527,0.7485576923076923,0.7160114049911499
0.36617647058823527,0.7514423076923077,0.7152376770973206
0.3669117647058823,0.7514423076923077,0.7148560285568237
0.3669117647058823,0.7519230769230769,0.7148558497428894
0.3694852941176471,0.7519230769230769,0.714012086391449
0.3694852941176471,0.7528846153846154,0.7139117121696472
0.37022058823529413,0.7528846153846154,0.7138111591339111
0.37022058823529413,0.7615384615384615,0.7123368978500366
0.37058823529411766,0.7615384615384615,0.7123197913169861
0.37058823529411766,0.7625,0.7120795249938965
0.3709558823529412,0.7625,0.7120018005371094
0.3709558823529412,0.7697115384615385,0.7110297083854675
0.3713235294117647,0.7697115384615385,0.7109943628311157
0.3713235294117647,0.7701923076923077,0.7109008431434631
0.37169117647058825,0.7701923076923077,0.7108590006828308
0.37169117647058825,0.7740384615384616,0.7103023529052734
0.3720588235294118,0.7740384615384616,0.7101628184318542
0.3720588235294118,0.7754807692307693,0.7099848389625549
0.3724264705882353,0.7754807692307693,0.7099438309669495
0.3724264705882353,0.7764423076923077,0.7096067070960999
0.37279411764705883,0.7764423076923077,0.7092063426971436
0.37279411764705883,0.7783653846153846,0.7085535526275635
0.3738970588235294,0.7783653846153846,0.70831698179245
0.3738970588235294,0.7788461538461539,0.708307683467865
0.37426470588235294,0.7788461538461539,0.7082616090774536
0.37426470588235294,0.7802884615384615,0.7082265615463257
0.37463235294117647,0.7802884615384615,0.7081412076950073
0.37463235294117647,0.7923076923076923,0.7066160440444946
0.375,0.7923076923076923,0.7066084146499634
0.375,0.79375,0.7060999274253845
0.37536764705882353,0.79375,0.7060655355453491
0.37536764705882353,0.7942307692307692,0.705860435962677
0.37573529411764706,0.7942307692307692,0.7057033777236938
0.37573529411764706,0.7947115384615384,0.7055823802947998
0.37720588235294117,0.7947115384615384,0.7044443488121033
0.37720588235294117,0.7951923076923076,0.7039310932159424
0.3786764705882353,0.7951923076923076,0.7027894258499146
0.3786764705882353,0.7956730769230769,0.702763020992279
0.3790441176470588,0.7956730769230769,0.7025911211967468
0.3790441176470588,0.7966346153846153,0.701885461807251
0.37941176470588234,0.7966346153846153,0.7016598582267761
0.37941176470588234,0.7971153846153847,0.7013870477676392
0.3805147058823529,0.7971153846153847,0.6998725533485413
0.3805147058823529,0.7980769230769231,0.699394166469574
0.3816176470588235,0.7980769230769231,0.6979051828384399
0.3816176470588235,0.7985576923076924,0.6978665590286255
0.38198529411764703,0.7985576923076924,0.6976931691169739
0.38198529411764703,0.7990384615384616,0.6976578831672668
0.38235294117647056,0.7990384615384616,0.6973981857299805
0.38235294117647056,0.7995192307692308,0.6973713040351868
0.3834558823529412,0.7995192307692308,0.6960657238960266
0.3834558823529412,0.8004807692307693,0.6957464814186096
0.3849264705882353,0.8004807692307693,0.6939669251441956
0.3849264705882353,0.8014423076923077,0.6938450932502747
0.38529411764705884,0.8014423076923077,0.6933870315551758
0.38529411764705884,0.8024038461538462,0.6931102871894836
0.38566176470588237,0.8024038461538462,0.6930888295173645
0.38566176470588237,0.8033653846153846,0.6928186416625977
0.38676470588235295,0.8033653846153846,0.6920366287231445
0.38676470588235295,0.8043269230769231,0.6916707754135132
0.3871323529411765,0.8043269230769231,0.6915338039398193
0.3871323529411765,0.8052884615384616,0.6914077401161194
0.3875,0.8052884615384616,0.6914040446281433
0.3875,0.80625,0.6912590265274048
0.38786764705882354,0.80625,0.6911503076553345
0.38786764705882354,0.8072115384615385,0.6909458637237549
0.3886029411764706,0.8072115384615385,0.6908079981803894
0.3886029411764706,0.8076923076923077,0.6906644701957703
0.3889705882352941,0.8076923076923077,0.6906592845916748
0.3889705882352941,0.8086538461538462,0.6902030110359192
0.3900735294117647,0.8086538461538462,0.6897459626197815
0.3900735294117647,0.8096153846153846,0.6890051960945129
0.39080882352941176,0.8096153846153846,0.6886609196662903
0.39080882352941176,0.8115384615384615,0.6881115436553955
0.3915441176470588,0.8115384615384615,0.6879929304122925
0.3915441176470588,0.8129807692307692,0.6877065300941467
0.39448529411764705,0.8129807692307692,0.6853349804878235
0.39448529411764705,0.8134615384615385,0.6853025555610657
0.3948529411764706,0.8134615384615385,0.6851263642311096
0.3948529411764706,0.8139423076923077,0.6847741603851318
0.3985294117647059,0.8139423076923077,0.6834883689880371
0.3985294117647059,0.8144230769230769,0.6834352612495422
0.39889705882352944,0.8144230769230769,0.683368980884552
0.39889705882352944,0.8153846153846154,0.682933509349823
0.4007352941176471,0.8153846153846154,0.6821632981300354
0.4007352941176471,0.8158653846153846,0.6817783117294312
0.4073529411764706,0.8158653846153846,0.6803575158119202
0.4073529411764706,0.8168269230769231,0.6802332997322083
0.40845588235294117,0.8168269230769231,0.6800383925437927
0.40845588235294117,0.8173076923076923,0.6800284385681152
0.4128676470588235,0.8173076923076923,0.6781644821166992
0.4128676470588235,0.8177884615384615,0.6778975129127502
0.4158088235294118,0.8177884615384615,0.6769412159919739
0.4158088235294118,0.81875,0.6768569350242615
0.4161764705882353,0.81875,0.676841139793396
0.4161764705882353,0.8192307692307692,0.6767700910568237
0.4227941176470588,0.8192307692307692,0.6757771372795105
0.4227941176470588,0.8197115384615384,0.6757723093032837
0.4238970588235294,0.8197115384615384,0.6748237609863281
0.4238970588235294,0.8201923076923077,0.6745919585227966
0.42463235294117646,0.8201923076923077,0.6738404035568237
0.42463235294117646,0.8206730769230769,0.6737975478172302
0.4253676470588235,0.8206730769230769,0.6737581491470337
0.4253676470588235,0.8211538461538461,0.6737015843391418
0.4264705882352941,0.8211538461538461,0.6731931567192078
0.4264705882352941,0.8216346153846154,0.6730185151100159
0.42683823529411763,0.8216346153846154,0.6730129718780518
0.42683823529411763,0.8221153846153846,0.6728893518447876
0.4279411764705882,0.8221153846153846,0.672203779220581
0.4279411764705882,0.8225961538461538,0.6717255711555481
0.4290441176470588,0.8225961538461538,0.6711467504501343
0.4290441176470588,0.823076923076923,0.6709359288215637
0.4297794117647059,0.823076923076923,0.6703769564628601
0.4297794117647059,0.825,0.6691092848777771
0.43014705882352944,0.825,0.6690288782119751
0.43014705882352944,0.8269230769230769,0.6683627963066101
0.43051470588235297,0.8269230769230769,0.6681061387062073
0.43051470588235297,0.8278846153846153,0.6671638488769531
0.4308823529411765,0.8278846153846153,0.6671285033226013
0.4308823529411765,0.8317307692307693,0.6650079488754272
0.43125,0.8317307692307693,0.6647566556930542
0.43125,0.8322115384615385,0.6645874381065369
0.43161764705882355,0.8322115384615385,0.6645559668540955
0.43161764705882355,0.833173076923077,0.6641997694969177
0.4323529411764706,0.833173076923077,0.664152204990387
0.4323529411764706,0.8350961538461539,0.66396564245224
0.43272058823529413,0.8350961538461539,0.6638981103897095
0.43272058823529413,0.8365384615384616,0.663735568523407
0.4363970588235294,0.8365384615384616,0.6583033204078674
0.4363970588235294,0.8379807692307693,0.6574992537498474
0.43713235294117647,0.8379807692307693,0.6568044424057007
0.43713235294117647,0.8413461538461539,0.6552233695983887
0.43933823529411764,0.8413461538461539,0.652106523513794
0.43933823529411764,0.8418269230769231,0.6507431268692017
0.44080882352941175,0.8418269230769231,0.6502289175987244
0.44080882352941175,0.8423076923076923,0.6500084400177002
0.44227941176470587,0.8423076923076923,0.6497951149940491
0.44227941176470587,0.8432692307692308,0.6487929224967957
0.4426470588235294,0.8432692307692308,0.6486186385154724
0.4426470588235294,0.84375,0.6482468843460083
0.4459558823529412,0.84375,0.6463932991027832
0.4459558823529412,0.8442307692307692,0.6456676125526428
0.4525735294117647,0.8442307692307692,0.6429079174995422
0.4525735294117647,0.8451923076923077,0.6427610516548157
0.4536764705882353,0.8451923076923077,0.6420857906341553
0.4536764705882353,0.8461538461538461,0.641124963760376
0.4547794117647059,0.8461538461538461,0.6408889889717102
0.4547794117647059,0.8466346153846154,0.6407551765441895
0.4602941176470588,0.8466346153846154,0.6378765106201172
0.4602941176470588,0.8471153846153846,0.6378553509712219
0.4606617647058823,0.8471153846153846,0.6374300122261047
0.4606617647058823,0.8485576923076923,0.6371768712997437
0.46139705882352944,0.8485576923076923,0.6369040608406067
0.46139705882352944,0.8490384615384615,0.6365261077880859
0.46176470588235297,0.8490384615384615,0.6356960535049438
0.46176470588235297,0.8495192307692307,0.6356831192970276
0.4625,0.8495192307692307,0.6351455450057983
0.4625,0.85,0.6350864768028259
0.4658088235294118,0.85,0.6340458393096924
0.4658088235294118,0.8519230769230769,0.6308479309082031
0.46654411764705883,0.8519230769230769,0.6301996111869812
0.46654411764705883,0.8528846153846154,0.6297303438186646
0.46691176470588236,0.8528846153846154,0.6295029520988464
0.46691176470588236,0.8533653846153846,0.6292861700057983
0.4676470588235294,0.8533653846153846,0.6290054321289062
0.4676470588235294,0.854326923076923,0.626681387424469
0.46801470588235294,0.854326923076923,0.6259246468544006
0.46801470588235294,0.8548076923076923,0.6252813935279846
0.46838235294117647,0.8548076923076923,0.6249579191207886
0.46838235294117647,0.8567307692307692,0.6239612102508545
0.46911764705882353,0.8567307692307692,0.6236119270324707
0.46911764705882353,0.8572115384615384,0.6231063604354858
0.46948529411764706,0.8572115384615384,0.6228951811790466
0.46948529411764706,0.8576923076923076,0.6222030520439148
0.4698529411764706,0.8576923076923076,0.6220665574073792
0.4698529411764706,0.8605769230769231,0.6202095150947571
0.4702205882352941,0.8605769230769231,0.6202049255371094
0.4702205882352941,0.8615384615384616,0.6201484799385071
0.47058823529411764,0.8615384615384616,0.620110034942627
0.47058823529411764,0.8629807692307693,0.6197595596313477
0.47095588235294117,0.8629807692307693,0.6197330951690674
0.47095588235294117,0.8634615384615385,0.6197044253349304
0.4713235294117647,0.8634615384615385,0.619544506072998
0.4713235294117647,0.8639423076923077,0.6194208264350891
0.4716911764705882,0.8639423076923077,0.6193289160728455
0.4716911764705882,0.8653846153846154,0.6188914775848389
0.4724264705882353,0.8653846153846154,0.6181653738021851
0.4724264705882353,0.8701923076923077,0.6154656410217285
0.47316176470588234,0.8701923076923077,0.6142940521240234
0.47316176470588234,0.8706730769230769,0.6139705181121826
0.4742647058823529,0.8706730769230769,0.6124106049537659
0.4742647058823529,0.8721153846153846,0.6121428608894348
0.47463235294117645,0.8721153846153846,0.6103894114494324
0.47463235294117645,0.8730769230769231,0.6100441217422485
0.47573529411764703,0.8730769230769231,0.6079236268997192
0.47573529411764703,0.8735576923076923,0.6076313853263855
0.4768382352941177,0.8735576923076923,0.607175350189209
0.4768382352941177,0.8740384615384615,0.6068646311759949
0.47794117647058826,0.8740384615384615,0.6062257289886475
0.47794117647058826,0.8754807692307692,0.6059590578079224
0.4786764705882353,0.8754807692307692,0.6048800349235535
0.4786764705882353,0.8759615384615385,0.6048158407211304
0.4797794117647059,0.8759615384615385,0.6033521294593811
0.4797794117647059,0.8764423076923077,0.6028657555580139
0.48051470588235295,0.8764423076923077,0.6024829149246216
0.48051470588235295,0.8778846153846154,0.601121723651886
0.4823529411764706,0.8778846153846154,0.6001656651496887
0.4823529411764706,0.8783653846153846,0.5997745990753174
0.4827205882352941,0.8783653846153846,0.5997724533081055
0.4827205882352941,0.8798076923076923,0.5990995168685913
0.48566176470588235,0.8798076923076923,0.5959894061088562
0.48566176470588235,0.8802884615384615,0.5959163308143616
0.4878676470588235,0.8802884615384615,0.5954636931419373
0.4878676470588235,0.8807692307692307,0.5951512455940247
0.48823529411764705,0.8807692307692307,0.5947266817092896
0.48823529411764705,0.88125,0.5944088697433472
0.48970588235294116,0.88125,0.5941118001937866
0.48970588235294116,0.8817307692307692,0.5937193036079407
0.4904411764705882,0.8817307692307692,0.5936452150344849
0.4904411764705882,0.8826923076923077,0.5928340554237366
0.49080882352941174,0.8826923076923077,0.5928061604499817
0.49080882352941174,0.8836538461538461,0.5922415256500244
0.4919117647058823,0.8836538461538461,0.5921701788902283
0.4919117647058823,0.8846153846153846,0.5921298265457153
0.4933823529411765,0.8846153846153846,0.5910733342170715
0.4933823529411765,0.885576923076923,0.5908188819885254
0.49375,0.885576923076923,0.5907639265060425
0.49375,0.8860576923076923,0.5905860066413879
0.4959558823529412,0.8860576923076923,0.5902472138404846
0.4959558823529412,0.8865384615384615,0.5902165770530701
0.4963235294117647,0.8865384615384615,0.5900436639785767
0.4963235294117647,0.8870192307692307,0.5899637937545776
0.49669117647058825,0.8870192307692307,0.5899289846420288
0.49669117647058825,0.8875,0.5895251631736755
0.4970588235294118,0.8875,0.5894657373428345
0.4970588235294118,0.8879807692307692,0.5894391536712646
0.49779411764705883,0.8879807692307692,0.5891667008399963
0.49779411764705883,0.8903846153846153,0.5876320004463196
0.49816176470588236,0.8903846153846153,0.5875290036201477
0.49816176470588236,0.8923076923076924,0.5872161984443665
0.5,0.8923076923076924,0.5865944623947144
0.5,0.89375,0.5862404108047485
0.5003676470588235,0.89375,0.5862281322479248
0.5003676470588235,0.895673076923077,0.5846831202507019
0.5007352941176471,0.895673076923077,0.5846433639526367
0.5007352941176471,0.8966346153846154,0.5845142602920532
0.5011029411764706,0.8966346153846154,0.584503710269928
0.5011029411764706,0.9,0.5834280848503113
0.5014705882352941,0.9,0.5832758545875549
0.5014705882352941,0.9004807692307693,0.5827124118804932
0.5036764705882353,0.9004807692307693,0.5820364356040955
0.5036764705882353,0.9009615384615385,0.5819476842880249
0.5040441176470588,0.9009615384615385,0.581632137298584
0.5040441176470588,0.9014423076923077,0.5816255211830139
0.5047794117647059,0.9014423076923077,0.5806322693824768
0.5047794117647059,0.9024038461538462,0.580193281173706
0.5073529411764706,0.9024038461538462,0.5787626504898071
0.5073529411764706,0.9038461538461539,0.5780054330825806
0.5080882352941176,0.9038461538461539,0.5773537158966064
0.5080882352941176,0.9052884615384615,0.5768243670463562
0.5088235294117647,0.9052884615384615,0.5767061114311218
0.5088235294117647,0.9057692307692308,0.5765909552574158
0.5099264705882353,0.9057692307692308,0.5761402249336243
0.5099264705882353,0.90625,0.5761055946350098
0.5110294117647058,0.90625,0.575719952583313
0.5110294117647058,0.9067307692307692,0.5756908059120178
0.5113970588235294,0.9067307692307692,0.5754032135009766
0.5113970588235294,0.9091346153846154,0.5737783312797546
0.5117647058823529,0.9091346153846154,0.5735234618186951
0.5117647058823529,0.9110576923076923,0.5728897452354431
0.5125,0.9110576923076923,0.5727015137672424
0.5125,0.9144230769230769,0.5715570449829102
0.5128676470588235,0.9144230769230769,0.5714837908744812
0.5128676470588235,0.9149038461538461,0.5713875889778137
0.513235294117647,0.9149038461538461,0.5713872313499451
0.513235294117647,0.9153846153846154,0.5713281035423279
0.5136029411764705,0.9153846153846154,0.5710341334342957
0.5136029411764705,0.9163461538461538,0.5709647536277771
0.5139705882352941,0.9163461538461538,0.5708593130111694
0.5139705882352941,0.916826923076923,0.5707930326461792
0.5165441176470589,0.916826923076923,0.5704374313354492
0.5165441176470589,0.9182692307692307,0.5701723694801331
0.5169117647058824,0.9182692307692307,0.5701608061790466
0.5169117647058824,0.91875,0.5699663162231445
0.5172794117647059,0.91875,0.5699401497840881
0.5172794117647059,0.9192307692307692,0.5697708129882812
0.5176470588235295,0.9192307692307692,0.5697368383407593
0.5176470588235295,0.9216346153846153,0.5690726637840271
0.5183823529411765,0.9216346153846153,0.5690258145332336
0.5183823529411765,0.9230769230769231,0.568831741809845
0.5198529411764706,0.9230769230769231,0.5681736469268799
0.5198529411764706,0.9235576923076924,0.5681537389755249
0.5224264705882353,0.9235576923076924,0.567081868648529
0.5224264705882353,0.9240384615384616,0.566895604133606
0.5231617647058824,0.9240384615384616,0.5667479634284973
0.5231617647058824,0.9245192307692308,0.5666558146476746
0.5235294117647059,0.9245192307692308,0.5666390657424927
0.5235294117647059,0.9274038461538462,0.5657676458358765
0.5238970588235294,0.9274038461538462,0.5657302737236023
0.5238970588235294,0.9283653846153846,0.5652280449867249
0.5286764705882353,0.9283653846153846,0.5632482171058655
0.5286764705882353,0.9288461538461539,0.5631016492843628
0.5330882352941176,0.9288461538461539,0.561296284198761
0.5330882352941176,0.9293269230769231,0.561244547367096
0.5334558823529412,0.9293269230769231,0.561216413974762
0.5334558823529412,0.9298076923076923,0.5611741542816162
0.555514705882353,0.9298076923076923,0.5552007555961609
0.555514705882353,0.9302884615384616,0.5551093220710754
0.5569852941176471,0.9302884615384616,0.5546214580535889
0.5569852941176471,0.9307692307692308,0.5545913577079773
0.5625,0.9307692307692308,0.5528256297111511
0.5625,0.93125,0.5525802373886108
0.5654411764705882,0.93125,0.5518004298210144
0.5654411764705882,0.9317307692307693,0.550601601600647
0.5658088235294118,0.9317307692307693,0.5504578948020935
0.5658088235294118,0.9322115384615385,0.550399661064148
0.5672794117647059,0.9322115384615385,0.5492745637893677
0.5672794117647059,0.9326923076923077,0.5488668084144592
0.5691176470588235,0.9326923076923077,0.5471230149269104
0.5691176470588235,0.9331730769230769,0.5470739603042603
0.5709558823529411,0.9331730769230769,0.5466750860214233
0.5709558823529411,0.9346153846153846,0.5459713339805603
0.5713235294117647,0.9346153846153846,0.545910120010376
0.5713235294117647,0.9350961538461539,0.5457465052604675
0.5727941176470588,0.9350961538461539,0.5442981719970703
0.5727941176470588,0.9355769230769231,0.5442658066749573
0.5731617647058823,0.9355769230769231,0.5442115664482117
0.5731617647058823,0.9360576923076923,0.5441421270370483
0.5746323529411764,0.9360576923076923,0.5434903502464294
0.5746323529411764,0.9365384615384615,0.5429903864860535
0.5772058823529411,0.9365384615384615,0.5415802597999573
0.5772058823529411,0.9370192307692308,0.5413403511047363
0.5790441176470589,0.9370192307692308,0.5409346222877502
0.5790441176470589,0.9375,0.540800154209137
0.5801470588235295,0.9375,0.5407344698905945
0.5801470588235295,0.9384615384615385,0.5397768020629883
0.5816176470588236,0.9384615384615385,0.5393368005752563
0.5816176470588236,0.9389423076923077,0.5392837524414062
0.5819852941176471,0.9389423076923077,0.5391696691513062
0.5819852941176471,0.9394230769230769,0.5388792157173157
0.5827205882352942,0.9394230769230769,0.5385679006576538
0.5827205882352942,0.9403846153846154,0.5382897853851318
0.5830882352941177,0.9403846153846154,0.5380370616912842
0.5830882352941177,0.9418269230769231,0.5378360152244568
0.5845588235294118,0.9418269230769231,0.5371864438056946
0.5845588235294118,0.9423076923076923,0.5368962287902832
0.5856617647058824,0.9423076923076923,0.5365937948226929
0.5856617647058824,0.9427884615384615,0.5365772843360901
0.5886029411764706,0.9427884615384615,0.5353142619132996
0.5886029411764706,0.9432692307692307,0.535115122795105
0.5889705882352941,0.9432692307692307,0.5350826978683472
0.5889705882352941,0.94375,0.5350407361984253
0.5893382352941177,0.94375,0.5349750518798828
0.5893382352941177,0.9442307692307692,0.5346521735191345
0.5900735294117647,0.9442307692307692,0.5345653891563416
0.5900735294117647,0.9451923076923077,0.5343739986419678
0.5911764705882353,0.9451923076923077,0.5342477560043335
0.5911764705882353,0.9466346153846154,0.5340509414672852
0.5966911764705882,0.9466346153846154,0.532123863697052
0.5966911764705882,0.9471153846153846,0.5317874550819397
0.6003676470588235,0.9471153846153846,0.5296854972839355
0.6003676470588235,0.9475961538461538,0.5296125411987305
0.6066176470588235,0.9475961538461538,0.5270789265632629
0.6066176470588235,0.948076923076923,0.5267602205276489
0.6095588235294118,0.948076923076923,0.5241397023200989
0.6095588235294118,0.9485576923076923,0.523793637752533
0.6102941176470589,0.9485576923076923,0.5228707194328308
0.6102941176470589,0.9495192307692307,0.5223320126533508
0.6110294117647059,0.9495192307692307,0.5215851068496704
0.6110294117647059,0.95,0.5213512182235718
0.611764705882353,0.95,0.5200487971305847
0.611764705882353,0.9504807692307692,0.5190834999084473
0.6143382352941177,0.9504807692307692,0.51724773645401
0.6143382352941177,0.9509615384615384,0.5164386630058289
0.6268382352941176,0.9509615384615384,0.5105817914009094
0.6268382352941176,0.9514423076923076,0.5105510354042053
0.6375,0.9514423076923076,0.5052837133407593
0.6375,0.9519230769230769,0.5045259594917297
0.638235294117647,0.9519230769230769,0.5040654540061951
0.638235294117647,0.9524038461538461,0.5039929151535034
0.6463235294117647,0.9524038461538461,0.4993767738342285
0.6463235294117647,0.9528846153846153,0.4987218976020813
0.6503676470588236,0.9528846153846153,0.49604249000549316
0.6503676470588236,0.9533653846153847,0.4956822991371155
0.6558823529411765,0.9533653846153847,0.4935840964317322
0.6558823529411765,0.9538461538461539,0.49334797263145447
0.65625,0.9538461538461539,0.4928388297557831
0.65625,0.9543269230769231,0.4926333427429199
0.6621323529411764,0.9543269230769231,0.48941823840141296
0.6621323529411764,0.9548076923076924,0.4888339638710022
0.6636029411764706,0.9548076923076924,0.48821523785591125
0.6636029411764706,0.9552884615384616,0.4875955879688263
0.6654411764705882,0.9552884615384616,0.48626577854156494
0.6654411764705882,0.9557692307692308,0.4861001670360565
0.6658088235294117,0.9557692307692308,0.4856804311275482
0.6658088235294117,0.95625,0.48552411794662476
0.6661764705882353,0.95625,0.4845544099807739
0.6661764705882353,0.9567307692307693,0.48412662744522095
0.6676470588235294,0.9567307692307693,0.4833754599094391
0.6676470588235294,0.9572115384615385,0.48322632908821106
0.6816176470588236,0.9572115384615385,0.4762507379055023
0.6816176470588236,0.9576923076923077,0.4761848747730255
0.6838235294117647,0.9576923076923077,0.47519731521606445
0.6838235294117647,0.958173076923077,0.4746001064777374
0.6849264705882353,0.958173076923077,0.47353458404541016
0.6849264705882353,0.9586538461538462,0.4734882712364197
0.6908088235294118,0.9586538461538462,0.47128450870513916
0.6908088235294118,0.9600961538461539,0.46783652901649475
0.6948529411764706,0.9600961538461539,0.46269720792770386
0.6948529411764706,0.9610576923076923,0.46260392665863037
0.6959558823529411,0.9610576923076923,0.46043044328689575
0.6959558823529411,0.9620192307692308,0.45869508385658264
0.6966911764705882,0.9620192307692308,0.45724552869796753
0.6966911764705882,0.9625,0.4570722281932831
0.6974264705882353,0.9625,0.45569437742233276
0.6974264705882353,0.9629807692307693,0.4556306302547455
0.6977941176470588,0.9629807692307693,0.454033225774765
0.6977941176470588,0.9634615384615385,0.4539278447628021
0.6996323529411764,0.9634615384615385,0.45209985971450806
0.6996323529411764,0.9639423076923077,0.45108896493911743
0.7,0.9639423076923077,0.4506494998931885
0.7,0.9653846153846154,0.44905170798301697
0.7011029411764705,0.9653846153846154,0.4486030638217926
0.7011029411764705,0.9682692307692308,0.44765233993530273
0.7014705882352941,0.9682692307692308,0.4471617639064789
0.7014705882352941,0.96875,0.44687119126319885
0.7022058823529411,0.96875,0.4453543424606323
0.7022058823529411,0.9697115384615385,0.4447439908981323
0.7025735294117647,0.9697115384615385,0.4444887340068817
0.7025735294117647,0.9706730769230769,0.44440940022468567
0.7029411764705882,0.9706730769230769,0.4442678689956665
0.7029411764705882,0.9716346153846154,0.44405704736709595
0.7033088235294118,0.9716346153846154,0.4438706338405609
0.7033088235294118,0.9730769230769231,0.44366690516471863
0.7058823529411765,0.9730769230769231,0.44052359461784363
0.7058823529411765,0.9735576923076923,0.44015899300575256
0.7077205882352942,0.9735576923076923,0.4374578595161438
0.7077205882352942,0.9740384615384615,0.43656331300735474
0.7125,0.9740384615384615,0.432618111371994
0.7125,0.9745192307692307,0.43238356709480286
0.7139705882352941,0.9745192307692307,0.42939379811286926
0.7139705882352941,0.975,0.42932769656181335
0.7183823529411765,0.975,0.42370694875717163
0.7183823529411765,0.9754807692307692,0.42370423674583435
0.7334558823529411,0.9754807692307692,0.40982726216316223
0.7334558823529411,0.9759615384615384,0.40973564982414246
0.74375,0.9759615384615384,0.4022051692008972
0.74375,0.9764423076923077,0.402127742767334
0.7444852941176471,0.9764423076923077,0.4016673266887665
0.7444852941176471,0.9769230769230769,0.40161561965942383
0.7448529411764706,0.9769230769230769,0.4015905559062958
0.7448529411764706,0.9774038461538461,0.40157246589660645
0.7459558823529412,0.9774038461538461,0.4014725387096405
0.7459558823529412,0.9783653846153846,0.40106213092803955
0.7738970588235294,0.9783653846153846,0.38476964831352234
0.7738970588235294,0.9788461538461538,0.38334351778030396
0.7852941176470588,0.9788461538461538,0.3593675196170807
0.7852941176470588,0.979326923076923,0.35783934593200684
0.7875,0.979326923076923,0.3507569134235382
0.7875,0.9798076923076923,0.3497703969478607
0.8180147058823529,0.9798076923076923,0.3122582733631134
0.8180147058823529,0.9802884615384615,0.3105793297290802
0.819485294117647,0.9802884615384615,0.3094770610332489
0.819485294117647,0.9807692307692307,0.3082635998725891
0.8790441176470588,0.9807692307692307,0.2182183414697647
0.8790441176470588,0.98125,0.21776466071605682
0.8816176470588235,0.98125,0.21398401260375977
0.8816176470588235,0.9817307692307692,0.21375547349452972
0.8827205882352941,0.9817307692307692,0.21266762912273407
0.8827205882352941,0.9822115384615384,0.21129436790943146
0.8834558823529411,0.9822115384615384,0.20871391892433167
0.8834558823529411,0.9831730769230769,0.20800775289535522
0.8838235294117647,0.9831730769230769,0.20765136182308197
0.8838235294117647,0.9836538461538461,0.20719389617443085
0.8849264705882353,0.9836538461538461,0.2058398723602295
0.8849264705882353,0.9841346153846153,0.20552505552768707
0.8955882352941177,0.9841346153846153,0.1987280249595642
0.8955882352941177,0.9846153846153847,0.198665589094162
0.8985294117647059,0.9846153846153847,0.19500289857387543
0.8985294117647059,0.9855769230769231,0.19429966807365417
0.9003676470588236,0.9855769230769231,0.19199706614017487
0.9003676470588236,0.9865384615384616,0.19089370965957642
0.9058823529411765,0.9865384615384616,0.18781718611717224
0.9058823529411765,0.9870192307692308,0.1876860409975052
0.9069852941176471,0.9870192307692308,0.1862340271472931
0.9069852941176471,0.9875,0.1859029233455658
0.9102941176470588,0.9875,0.18458671867847443
0.9102941176470588,0.989423076923077,0.18286330997943878
0.9106617647058823,0.989423076923077,0.18268294632434845
0.9106617647058823,0.9903846153846154,0.1824779063463211
0.9110294117647059,0.9903846153846154,0.1824672818183899
0.9110294117647059,0.9908653846153846,0.18246228992938995
0.9113970588235294,0.9908653846153846,0.18245604634284973
0.9113970588235294,0.9923076923076923,0.18209119141101837
0.9117647058823529,0.9923076923076923,0.1820008009672165
0.9117647058823529,0.9956730769230769,0.17957955598831177
0.9121323529411764,0.9956730769230769,0.17944207787513733
0.9121323529411764,0.9966346153846154,0.17941035330295563
0.9150735294117647,0.9966346153846154,0.17433969676494598
0.9150735294117647,0.9971153846153846,0.17429719865322113
0.9360294117647059,0.9971153846153846,0.1502312421798706
0.9360294117647059,0.9980769230769231,0.1495610624551773
0.9522058823529411,0.9980769230769231,0.12593701481819153
0.9522058823529411,0.9985576923076923,0.12528647482395172
0.9536764705882353,0.9985576923076923,0.12291619926691055
0.9536764705882353,0.9990384615384615,0.1224239394068718
0.9680147058823529,0.9990384615384615,0.10445287823677063
0.9680147058823529,0.9995192307692308,0.10357306897640228
0.9713235294117647,0.9995192307692308,0.09792143851518631
0.9713235294117647,1.0,0.09764381498098373
1.0,1.0,0.018138684332370758
