FPR,TPR,Threshold
0.0,0.0,1.9965763092041016
0.0,0.0005263157894736842,0.9965763092041016
0.0,0.6094736842105263,0.8010088801383972
0.002,0.6094736842105263,0.8005785942077637
0.002,0.6457894736842106,0.7846156358718872
0.004,0.6457894736842106,0.7845039367675781
0.004,0.6463157894736842,0.7839246988296509
0.006,0.6463157894736842,0.7837476134300232
0.006,0.6484210526315789,0.7822543978691101
0.008,0.6484210526315789,0.7817094326019287
0.008,0.6505263157894737,0.7805340886116028
0.01,0.6505263157894737,0.780452311038971
0.01,0.6573684210526316,0.7769173979759216
0.012,0.6573684210526316,0.7768821120262146
0.012,0.6610526315789473,0.7755950093269348
0.014,0.6610526315789473,0.7752023339271545
0.014,0.6747368421052632,0.7657458782196045
0.016,0.6747368421052632,0.7655419707298279
0.016,0.6752631578947368,0.7655032277107239
0.018,0.6752631578947368,0.7651516795158386
0.018,0.7115789473684211,0.738326370716095
0.02,0.7115789473684211,0.7375592589378357
0.02,0.7147368421052631,0.7342077493667603
0.022,0.7147368421052631,0.7334530353546143
0.022,0.7189473684210527,0.7311880588531494
0.024,0.7189473684210527,0.7305781841278076
0.024,0.7426315789473684,0.7107629179954529
0.026,0.7426315789473684,0.71055006980896
0.026,0.7510526315789474,0.7059224247932434
0.028,0.7510526315789474,0.7059097290039062
0.028,0.7521052631578947,0.7055969834327698
0.03,0.7521052631578947,0.7052407264709473
0.03,0.7663157894736842,0.6901373863220215
0.032,0.7663157894736842,0.689941942691803
0.032,0.7678947368421053,0.6876200437545776
0.034,0.7678947368421053,0.6872572302818298
0.034,0.7736842105263158,0.6842164993286133
0.036,0.7736842105263158,0.6827086210250854
0.036,0.7778947368421053,0.6798375844955444
0.038,0.7778947368421053,0.6780371069908142
0.038,0.7805263157894737,0.6767118573188782
0.04,0.7805263157894737,0.6766027212142944
0.04,0.7863157894736842,0.6711461544036865
0.042,0.7863157894736842,0.6706913709640503
0.042,0.7884210526315789,0.6696100234985352
0.044,0.7884210526315789,0.6695113778114319
0.044,0.7921052631578948,0.6660882234573364
0.046,0.7921052631578948,0.6653061509132385
0.046,0.7931578947368421,0.6631568670272827
0.048,0.7931578947368421,0.6624081134796143
0.048,0.7947368421052632,0.6595086455345154
0.05,0.7947368421052632,0.6590441465377808
0.05,0.7963157894736842,0.6580299139022827
0.056,0.7963157894736842,0.6567294001579285
0.056,0.8010526315789473,0.6505338549613953
0.06,0.8010526315789473,0.6496621370315552
0.06,0.8015789473684211,0.6484353542327881
0.062,0.8015789473684211,0.6467260122299194
0.062,0.8021052631578948,0.6449686288833618
0.064,0.8021052631578948,0.6447790265083313
0.064,0.8057894736842105,0.6414148807525635
0.066,0.8057894736842105,0.6413152813911438
0.066,0.8136842105263158,0.6330413222312927
0.068,0.8136842105263158,0.6327945590019226
0.068,0.8152631578947368,0.6305443644523621
0.07,0.8152631578947368,0.6300874352455139
0.07,0.8163157894736842,0.6283161044120789
0.072,0.8163157894736842,0.6281595230102539
0.072,0.8210526315789474,0.6219902634620667
0.074,0.8210526315789474,0.6217595934867859
0.074,0.8215789473684211,0.621596097946167
0.078,0.8215789473684211,0.618450403213501
0.078,0.8221052631578948,0.6182608604431152
0.08,0.8221052631578948,0.6172977685928345
0.08,0.8236842105263158,0.6151670217514038
0.082,0.8236842105263158,0.613427460193634
0.082,0.8242105263157895,0.6127068400382996
0.084,0.8242105263157895,0.6121144890785217
0.084,0.8252631578947368,0.6114418506622314
0.086,0.8252631578947368,0.6108266711235046
0.086,0.828421052631579,0.6081191301345825
0.09,0.828421052631579,0.6073903441429138
0.09,0.8289473684210527,0.6073307991027832
0.092,0.8289473684210527,0.6072851419448853
0.092,0.8352631578947368,0.5959659218788147
0.094,0.8352631578947368,0.5946859121322632
0.094,0.8431578947368421,0.57982337474823
0.1,0.8431578947368421,0.5788722038269043
0.1,0.8542105263157894,0.549918532371521
0.102,0.8542105263157894,0.5470981597900391
0.102,0.858421052631579,0.5378050208091736
0.104,0.858421052631579,0.5374220609664917
0.104,0.8605263157894737,0.5353291034698486
0.106,0.8605263157894737,0.534489631652832
0.106,0.8631578947368421,0.52486652135849
0.108,0.8631578947368421,0.523979902267456
0.108,0.8642105263157894,0.519382894039154
0.112,0.8642105263157894,0.5167645215988159
0.112,0.8673684210526316,0.5129404664039612
0.116,0.8673684210526316,0.5121444463729858
0.116,0.8757894736842106,0.4969558119773865
0.118,0.8757894736842106,0.4966568648815155
0.118,0.8768421052631579,0.49536460638046265
0.12,0.8768421052631579,0.49392470717430115
0.12,0.88,0.4863995611667633
0.122,0.88,0.48610618710517883
0.122,0.89,0.47132518887519836
0.124,0.89,0.4699062407016754
0.124,0.8994736842105263,0.42995426058769226
0.126,0.8994736842105263,0.42871928215026855
0.126,0.901578947368421,0.4269464910030365
0.128,0.901578947368421,0.42692285776138306
0.128,0.9021052631578947,0.4244161546230316
0.132,0.9021052631578947,0.41582271456718445
0.132,0.9026315789473685,0.41484618186950684
0.144,0.9026315789473685,0.40746012330055237
0.144,0.9031578947368422,0.40587326884269714
0.158,0.9031578947368422,0.3937840461730957
0.158,0.9036842105263158,0.3935415744781494
0.16,0.9036842105263158,0.39255595207214355
0.16,0.9042105263157895,0.3907778561115265
0.168,0.9042105263157895,0.38676971197128296
0.168,0.9047368421052632,0.3853384256362915
0.178,0.9047368421052632,0.3828773498535156
0.178,0.9063157894736842,0.3815883994102478
0.182,0.9063157894736842,0.3792191445827484
0.182,0.9068421052631579,0.3775936961174011
0.186,0.9068421052631579,0.373208612203598
0.186,0.9078947368421053,0.37210848927497864
0.196,0.9078947368421053,0.3697774112224579
0.196,0.9089473684210526,0.368242472410202
0.2,0.9089473684210526,0.3675697147846222
0.2,0.9094736842105263,0.3668098449707031
0.206,0.9094736842105263,0.3628712296485901
0.206,0.91,0.3619082272052765
0.214,0.91,0.3550322949886322
0.214,0.9121052631578948,0.35389211773872375
0.224,0.9121052631578948,0.347621351480484
0.224,0.9126315789473685,0.3465713560581207
0.226,0.9126315789473685,0.34597980976104736
0.226,0.9131578947368421,0.3449670076370239
0.228,0.9131578947368421,0.34416308999061584
0.228,0.9178947368421052,0.33586230874061584
0.232,0.9178947368421052,0.3346260190010071
0.232,0.9184210526315789,0.33376213908195496
0.234,0.9184210526315789,0.3334367275238037
0.234,0.92,0.3294483721256256
0.24,0.92,0.32775449752807617
0.24,0.9205263157894736,0.3268337547779083
0.242,0.9205263157894736,0.3262614607810974
0.242,0.9210526315789473,0.3254525363445282
0.244,0.9210526315789473,0.32462847232818604
0.244,0.9221052631578948,0.32387152314186096
0.246,0.9221052631578948,0.32259202003479004
0.246,0.9236842105263158,0.32020303606987
0.248,0.9236842105263158,0.3200555443763733
0.248,0.9242105263157895,0.3182566165924072
0.25,0.9242105263157895,0.31597304344177246
0.25,0.9273684210526316,0.31304487586021423
0.252,0.9273684210526316,0.3117072880268097
0.252,0.9278947368421052,0.3111646771430969
0.254,0.9278947368421052,0.3094772696495056
0.254,0.9294736842105263,0.30798593163490295
0.258,0.9294736842105263,0.3075808584690094
0.258,0.9305263157894736,0.3068942725658417
0.26,0.9305263157894736,0.30689263343811035
0.26,0.9310526315789474,0.3065960705280304
0.272,0.9310526315789474,0.3027307093143463
0.272,0.9315789473684211,0.3027071952819824
0.276,0.9315789473684211,0.2969053089618683
0.276,0.9321052631578948,0.29410213232040405
0.284,0.9321052631578948,0.2918265759944916
0.284,0.9326315789473684,0.2909301221370697
0.286,0.9326315789473684,0.28870144486427307
0.286,0.9331578947368421,0.28757280111312866
0.288,0.9331578947368421,0.2872225046157837
0.288,0.9336842105263158,0.28580376505851746
0.29,0.9336842105263158,0.28527966141700745
0.29,0.9347368421052632,0.28500601649284363
0.292,0.9347368421052632,0.28231877088546753
0.292,0.9363157894736842,0.27873364090919495
0.294,0.9363157894736842,0.27815869450569153
0.294,0.9368421052631579,0.2780822217464447
0.302,0.9368421052631579,0.2756391167640686
0.302,0.9378947368421052,0.27501943707466125
0.31,0.9378947368421052,0.2692738175392151
0.31,0.9384210526315789,0.2690671682357788
0.312,0.9384210526315789,0.2686401903629303
0.312,0.9389473684210526,0.26813653111457825
0.314,0.9389473684210526,0.26795750856399536
0.314,0.94,0.267441064119339
0.318,0.94,0.2636767625808716
0.318,0.9405263157894737,0.26323580741882324
0.322,0.9405263157894737,0.25770455598831177
0.322,0.9410526315789474,0.25557705760002136
0.326,0.9410526315789474,0.2536785900592804
0.326,0.9415789473684211,0.2518770396709442
0.332,0.9415789473684211,0.2493797242641449
0.332,0.9442105263157895,0.24048066139221191
0.348,0.9442105263157895,0.23573385179042816
0.348,0.9447368421052632,0.2354939728975296
0.36,0.9447368421052632,0.23077450692653656
0.36,0.9463157894736842,0.2297821193933487
0.362,0.9463157894736842,0.22853371500968933
0.362,0.9468421052631579,0.22830209136009216
0.368,0.9468421052631579,0.22608229517936707
0.368,0.9473684210526315,0.22589634358882904
0.37,0.9473684210526315,0.2243247777223587
0.37,0.9489473684210527,0.22156643867492676
0.374,0.9489473684210527,0.21935327351093292
0.374,0.95,0.2181302309036255
0.376,0.95,0.21802368760108948
0.376,0.9505263157894737,0.21706026792526245
0.378,0.9505263157894737,0.21686877310276031
0.378,0.9521052631578948,0.21541163325309753
0.38,0.9521052631578948,0.21450790762901306
0.38,0.9536842105263158,0.21213890612125397
0.382,0.9536842105263158,0.21188108623027802
0.382,0.9542105263157895,0.2110769897699356
0.388,0.9542105263157895,0.2074584811925888
0.388,0.9552631578947368,0.20599430799484253
0.39,0.9552631578947368,0.20429769158363342
0.39,0.9557894736842105,0.2041362226009369
0.394,0.9557894736842105,0.20119774341583252
0.394,0.9568421052631579,0.19885067641735077
0.396,0.9568421052631579,0.19815349578857422
0.396,0.9573684210526315,0.1981266438961029
0.398,0.9573684210526315,0.19792820513248444
0.398,0.9578947368421052,0.1977652609348297
0.402,0.9578947368421052,0.19698382914066315
0.402,0.958421052631579,0.19648166000843048
0.404,0.958421052631579,0.19614486396312714
0.404,0.9589473684210527,0.195888951420784
0.406,0.9589473684210527,0.1952892690896988
0.406,0.9594736842105264,0.19300954043865204
0.416,0.9594736842105264,0.1888519823551178
0.416,0.9605263157894737,0.18799184262752533
0.424,0.9605263157894737,0.18573126196861267
0.424,0.9610526315789474,0.18472503125667572
0.426,0.9610526315789474,0.18371616303920746
0.426,0.9615789473684211,0.18351465463638306
0.428,0.9615789473684211,0.1835135966539383
0.428,0.9621052631578947,0.1815098077058792
0.43,0.9621052631578947,0.1814289093017578
0.43,0.9631578947368421,0.18039552867412567
0.44,0.9631578947368421,0.1769886314868927
0.44,0.9636842105263158,0.17657087743282318
0.442,0.9636842105263158,0.17526236176490784
0.442,0.9642105263157895,0.17340341210365295
0.444,0.9642105263157895,0.17243212461471558
0.444,0.9647368421052631,0.1707211285829544
0.448,0.9647368421052631,0.16950856149196625
0.448,0.9657894736842105,0.16851578652858734
0.45,0.9657894736842105,0.16818296909332275
0.45,0.9663157894736842,0.16787753999233246
0.464,0.9663157894736842,0.16179820895195007
0.464,0.9673684210526315,0.16055773198604584
0.468,0.9673684210526315,0.15915116667747498
0.468,0.9689473684210527,0.15769650042057037
0.472,0.9689473684210527,0.15582063794136047
0.472,0.9705263157894737,0.15429292619228363
0.488,0.9705263157894737,0.14878563582897186
0.488,0.9710526315789474,0.14817841351032257
0.516,0.9710526315789474,0.1372164487838745
0.516,0.9715789473684211,0.13643495738506317
0.522,0.9715789473684211,0.13388746976852417
0.522,0.9726315789473684,0.1328989714384079
0.54,0.9726315789473684,0.1260002702474594
0.54,0.9731578947368421,0.125619575381279
0.55,0.9731578947368421,0.12297181785106659
0.55,0.9736842105263158,0.12166467308998108
0.558,0.9736842105263158,0.11944814026355743
0.558,0.9742105263157895,0.11817291378974915
0.568,0.9742105263157895,0.1140357181429863
0.568,0.9747368421052631,0.11336280405521393
0.58,0.9747368421052631,0.11084521561861038
0.58,0.9752631578947368,0.10985063016414642
0.59,0.9752631578947368,0.10719960927963257
0.59,0.9757894736842105,0.1068326011300087
0.602,0.9757894736842105,0.10266896337270737
0.602,0.9763157894736842,0.10198293626308441
0.604,0.9763157894736842,0.09960044175386429
0.604,0.9768421052631578,0.09957718104124069
0.636,0.9768421052631578,0.09024906903505325
0.636,0.9773684210526316,0.09024138003587723
0.638,0.9773684210526316,0.08909926563501358
0.638,0.978421052631579,0.08720497786998749
0.642,0.978421052631579,0.08669295907020569
0.642,0.9789473684210527,0.08650892972946167
0.648,0.9789473684210527,0.08331242948770523
0.648,0.9794736842105263,0.08321899175643921
0.652,0.9794736842105263,0.08225950598716736
0.652,0.98,0.08207063376903534
0.656,0.98,0.08085901290178299
0.656,0.9810526315789474,0.08046384155750275
0.658,0.9810526315789474,0.08024656772613525
0.658,0.9821052631578947,0.07844138145446777
0.67,0.9821052631578947,0.07514720410108566
0.67,0.9826315789473684,0.07496894896030426
0.676,0.9826315789473684,0.07394210994243622
0.676,0.9831578947368421,0.07332178205251694
0.678,0.9831578947368421,0.07324657589197159
0.678,0.9842105263157894,0.06797589361667633
0.688,0.9842105263157894,0.0634450688958168
0.688,0.9847368421052631,0.06336116045713425
0.692,0.9847368421052631,0.061885688453912735
0.692,0.9857894736842105,0.06110718846321106
0.698,0.9857894736842105,0.05847523361444473
0.698,0.9863157894736843,0.0579659566283226
0.704,0.9863157894736843,0.05674384534358978
0.704,0.9873684210526316,0.05649273470044136
0.708,0.9873684210526316,0.055893611162900925
0.708,0.988421052631579,0.05520594120025635
0.71,0.988421052631579,0.05397682264447212
0.71,0.9894736842105263,0.052466489374637604
0.73,0.9894736842105263,0.0472785122692585
0.73,0.99,0.04694987088441849
0.738,0.99,0.04568083584308624
0.738,0.9905263157894737,0.044698525220155716
0.74,0.9905263157894737,0.044534213840961456
0.74,0.9910526315789474,0.044297028332948685
0.796,0.9910526315789474,0.03532301262021065
0.796,0.991578947368421,0.0345226489007473
0.804,0.991578947368421,0.032583173364400864
0.804,0.9921052631578947,0.0323464572429657
0.814,0.9921052631578947,0.030548207461833954
0.814,0.9926315789473684,0.029519470408558846
0.828,0.9926315789473684,0.02749781124293804
0.828,0.9931578947368421,0.025606777518987656
0.836,0.9931578947368421,0.023201072588562965
0.836,0.9936842105263158,0.022943058982491493
0.848,0.9936842105263158,0.0215801689773798
0.848,0.9942105263157894,0.021126694977283478
0.858,0.9942105263157894,0.019979119300842285
0.858,0.9947368421052631,0.019893577322363853
0.888,0.9947368421052631,0.016643978655338287
0.888,0.9952631578947368,0.01661074161529541
0.896,0.9952631578947368,0.016230951994657516
0.896,0.9957894736842106,0.01617530547082424
0.902,0.9957894736842106,0.015894191339612007
0.902,0.9963157894736843,0.01570039428770542
0.904,0.9963157894736843,0.01569853536784649
0.904,0.9978947368421053,0.015021683648228645
0.908,0.9978947368421053,0.014719725586473942
0.908,0.9989473684210526,0.014580284245312214
0.926,0.9989473684210526,0.013669092208147049
0.926,0.9994736842105263,0.013640024699270725
0.954,0.9994736842105263,0.012233332730829716
0.954,1.0,0.012189471162855625
1.0,1.0,0.004976826719939709
