FPR,TPR,Threshold
0.0,0.0,1.9958857893943787
0.0,0.0005263157894736842,0.9958857893943787
0.0,0.4926315789473684,0.9248245358467102
0.0,0.4936842105263158,0.9246781468391418
0.0,0.7647368421052632,0.8233194351196289
0.006,0.7647368421052632,0.8229262232780457
0.006,0.7663157894736842,0.8223634362220764
0.008,0.7663157894736842,0.8220704197883606
0.008,0.7668421052631579,0.8217595815658569
0.01,0.7668421052631579,0.8216750621795654
0.01,0.7673684210526316,0.8211202025413513
0.012,0.7673684210526316,0.8210847973823547
0.012,0.7684210526315789,0.8205159902572632
0.014,0.7684210526315789,0.8202232122421265
0.014,0.7694736842105263,0.8178455233573914
0.016,0.7694736842105263,0.817427933216095
0.016,0.7789473684210526,0.8090018630027771
0.018,0.7789473684210526,0.8077262043952942
0.018,0.7921052631578948,0.8014739155769348
0.02,0.7921052631578948,0.8013580441474915
0.02,0.7978947368421052,0.7970185875892639
0.024,0.7978947368421052,0.7967049479484558
0.024,0.7989473684210526,0.7962632775306702
0.028,0.7989473684210526,0.7956923842430115
0.028,0.8052631578947368,0.7924121022224426
0.03,0.8052631578947368,0.7919439077377319
0.03,0.8126315789473684,0.7845420837402344
0.036,0.8126315789473684,0.7839508652687073
0.036,0.8152631578947368,0.7827286720275879
0.038,0.8152631578947368,0.7826760411262512
0.038,0.8178947368421052,0.781790554523468
0.042,0.8178947368421052,0.781175971031189
0.042,0.8205263157894737,0.7799168825149536
0.044,0.8205263157894737,0.779383659362793
0.044,0.8242105263157895,0.7763071656227112
0.046,0.8242105263157895,0.7759526371955872
0.046,0.8347368421052631,0.7666453719139099
0.048,0.8347368421052631,0.7663907408714294
0.048,0.8373684210526315,0.7634482383728027
0.05,0.8373684210526315,0.7630671262741089
0.05,0.8431578947368421,0.7574330568313599
0.052,0.8431578947368421,0.757016658782959
0.052,0.8447368421052631,0.7555389404296875
0.058,0.8447368421052631,0.7536906599998474
0.058,0.8452631578947368,0.7527971863746643
0.06,0.8452631578947368,0.7526788115501404
0.06,0.8463157894736842,0.7518909573554993
0.062,0.8463157894736842,0.7517897486686707
0.062,0.8478947368421053,0.7478306889533997
0.064,0.8478947368421053,0.7473143339157104
0.064,0.8494736842105263,0.745701014995575
0.066,0.8494736842105263,0.7437779903411865
0.066,0.8521052631578947,0.7398319840431213
0.068,0.8521052631578947,0.739198625087738
0.068,0.8589473684210527,0.7311899065971375
0.07,0.8589473684210527,0.7309004664421082
0.07,0.8705263157894737,0.7056194543838501
0.072,0.8705263157894737,0.7043902277946472
0.072,0.8821052631578947,0.6960949301719666
0.074,0.8821052631578947,0.6957447528839111
0.074,0.8826315789473684,0.6954824328422546
0.078,0.8826315789473684,0.695149302482605
0.078,0.8831578947368421,0.6948009133338928
0.08,0.8831578947368421,0.6942822337150574
0.08,0.8842105263157894,0.6937509775161743
0.084,0.8842105263157894,0.6925014853477478
0.084,0.8847368421052632,0.691990315914154
0.088,0.8847368421052632,0.6905494332313538
0.088,0.8857894736842106,0.6897764801979065
0.09,0.8857894736842106,0.6881032586097717
0.09,0.8863157894736842,0.6857038736343384
0.096,0.8863157894736842,0.6798079013824463
0.096,0.8873684210526316,0.6768196225166321
0.098,0.8873684210526316,0.6762515306472778
0.098,0.8889473684210526,0.6729250550270081
0.104,0.8889473684210526,0.6705671548843384
0.104,0.8894736842105263,0.6686091423034668
0.106,0.8894736842105263,0.668219804763794
0.106,0.8921052631578947,0.6665657758712769
0.108,0.8921052631578947,0.6665014028549194
0.108,0.8963157894736842,0.6628168225288391
0.11,0.8963157894736842,0.6625754237174988
0.11,0.9031578947368422,0.6433520317077637
0.112,0.9031578947368422,0.6420367360115051
0.112,0.9036842105263158,0.6383991241455078
0.114,0.9036842105263158,0.6370302438735962
0.114,0.9042105263157895,0.6354132890701294
0.116,0.9042105263157895,0.6349391937255859
0.116,0.9057894736842105,0.6297674179077148
0.118,0.9057894736842105,0.6287519931793213
0.118,0.9078947368421053,0.6232064366340637
0.12,0.9078947368421053,0.6206549406051636
0.12,0.9094736842105263,0.6153414249420166
0.122,0.9094736842105263,0.6081840991973877
0.122,0.91,0.6081005930900574
0.132,0.91,0.6039984226226807
0.132,0.9105263157894737,0.6026473045349121
0.152,0.9105263157894737,0.5919397473335266
0.152,0.9126315789473685,0.5830240249633789
0.162,0.9126315789473685,0.5787287950515747
0.162,0.9131578947368421,0.5774213671684265
0.168,0.9131578947368421,0.5766904950141907
0.168,0.9142105263157895,0.5755395889282227
0.17,0.9142105263157895,0.5743051767349243
0.17,0.9168421052631579,0.5710232853889465
0.18,0.9168421052631579,0.5697493553161621
0.18,0.9194736842105263,0.5689748525619507
0.182,0.9194736842105263,0.5681193470954895
0.182,0.9210526315789473,0.5663615465164185
0.188,0.9210526315789473,0.5654315948486328
0.188,0.9226315789473685,0.5636546611785889
0.192,0.9226315789473685,0.5629935264587402
0.192,0.9231578947368421,0.5624856352806091
0.2,0.9231578947368421,0.5594817996025085
0.2,0.9236842105263158,0.5587602853775024
0.208,0.9236842105263158,0.5565780401229858
0.208,0.9263157894736842,0.5533773899078369
0.21,0.9263157894736842,0.5533654093742371
0.21,0.9273684210526316,0.5527880787849426
0.214,0.9273684210526316,0.5512562990188599
0.214,0.9278947368421052,0.5511436462402344
0.222,0.9278947368421052,0.5494462847709656
0.222,0.9284210526315789,0.5493528842926025
0.226,0.9284210526315789,0.5475006699562073
0.226,0.9289473684210526,0.5464386343955994
0.234,0.9289473684210526,0.5413771867752075
0.234,0.9294736842105263,0.5411043763160706
0.24,0.9294736842105263,0.5392788648605347
0.24,0.9305263157894736,0.5320730805397034
0.242,0.9305263157894736,0.5320022702217102
0.242,0.9310526315789474,0.5309511423110962
0.244,0.9310526315789474,0.5308588743209839
0.244,0.9326315789473684,0.5297696590423584
0.248,0.9326315789473684,0.5247671008110046
0.248,0.9336842105263158,0.5219054818153381
0.25,0.9336842105263158,0.5215072631835938
0.25,0.9357894736842105,0.519883930683136
0.262,0.9357894736842105,0.5164546370506287
0.262,0.9389473684210526,0.5110851526260376
0.268,0.9389473684210526,0.5079172253608704
0.268,0.9394736842105263,0.5062574148178101
0.272,0.9394736842105263,0.5023306012153625
0.272,0.9415789473684211,0.5000641345977783
0.278,0.9415789473684211,0.49964264035224915
0.278,0.9431578947368421,0.4957915246486664
0.28,0.9431578947368421,0.49138855934143066
0.28,0.9436842105263158,0.49112457036972046
0.288,0.9436842105263158,0.48146936297416687
0.288,0.9442105263157895,0.4775471091270447
0.29,0.9442105263157895,0.4746111035346985
0.29,0.9447368421052632,0.47414299845695496
0.296,0.9447368421052632,0.4703482389450073
0.296,0.9452631578947368,0.4664542078971863
0.298,0.9452631578947368,0.4659315347671509
0.298,0.9463157894736842,0.46448689699172974
0.3,0.9463157894736842,0.46327850222587585
0.3,0.9468421052631579,0.4609529674053192
0.302,0.9468421052631579,0.4604860544204712
0.302,0.9478947368421052,0.45965775847435
0.304,0.9478947368421052,0.4593029022216797
0.304,0.9494736842105264,0.45538920164108276
0.308,0.9494736842105264,0.4550565183162689
0.308,0.9515789473684211,0.4527991712093353
0.312,0.9515789473684211,0.44949111342430115
0.312,0.9526315789473684,0.4484795033931732
0.32,0.9526315789473684,0.44299834966659546
0.32,0.9531578947368421,0.44287019968032837
0.324,0.9531578947368421,0.4410732388496399
0.324,0.9552631578947368,0.43872031569480896
0.326,0.9552631578947368,0.43865856528282166
0.326,0.9563157894736842,0.4374277591705322
0.328,0.9563157894736842,0.43670424818992615
0.328,0.9573684210526315,0.4351744055747986
0.332,0.9573684210526315,0.43318042159080505
0.332,0.9589473684210527,0.42877599596977234
0.336,0.9589473684210527,0.4171813726425171
0.336,0.96,0.41648873686790466
0.34,0.96,0.4071217179298401
0.34,0.9610526315789474,0.40223586559295654
0.346,0.9610526315789474,0.40056613087654114
0.346,0.9615789473684211,0.40055015683174133
0.348,0.9615789473684211,0.40023329854011536
0.348,0.9626315789473684,0.3994961082935333
0.364,0.9626315789473684,0.39100489020347595
0.364,0.9636842105263158,0.3901016414165497
0.368,0.9636842105263158,0.3877233862876892
0.368,0.9642105263157895,0.38742777705192566
0.394,0.9642105263157895,0.3833464980125427
0.394,0.9647368421052631,0.383223295211792
0.404,0.9647368421052631,0.3806571364402771
0.404,0.9652631578947368,0.379474937915802
0.416,0.9652631578947368,0.37310847640037537
0.416,0.9694736842105263,0.36748844385147095
0.42,0.9694736842105263,0.363614946603775
0.42,0.97,0.36327511072158813
0.434,0.97,0.3527567684650421
0.434,0.9705263157894737,0.35192540287971497
0.44,0.9705263157894737,0.3483950197696686
0.44,0.9710526315789474,0.348372220993042
0.454,0.9710526315789474,0.3426644504070282
0.454,0.9721052631578947,0.34212222695350647
0.458,0.9721052631578947,0.341829776763916
0.458,0.9726315789473684,0.33954763412475586
0.462,0.9726315789473684,0.3376201391220093
0.462,0.9731578947368421,0.3371655344963074
0.464,0.9731578947368421,0.3370993435382843
0.464,0.9736842105263158,0.33373963832855225
0.47,0.9736842105263158,0.3322965204715729
0.47,0.9757894736842105,0.3285834491252899
0.472,0.9757894736842105,0.32816144824028015
0.472,0.9763157894736842,0.3278980851173401
0.52,0.9763157894736842,0.29606857895851135
0.52,0.9768421052631578,0.2948133051395416
0.524,0.9768421052631578,0.2943013906478882
0.524,0.9773684210526316,0.2928379476070404
0.53,0.9773684210526316,0.29127609729766846
0.53,0.9778947368421053,0.2893918752670288
0.55,0.9778947368421053,0.2839065492153168
0.55,0.978421052631579,0.2831089496612549
0.592,0.978421052631579,0.2697325348854065
0.592,0.9789473684210527,0.2691490054130554
0.64,0.9789473684210527,0.24815985560417175
0.64,0.9805263157894737,0.24338769912719727
0.642,0.9805263157894737,0.24253004789352417
0.642,0.9826315789473684,0.2401047796010971
0.654,0.9826315789473684,0.23671503365039825
0.654,0.9831578947368421,0.23669932782649994
0.664,0.9831578947368421,0.23174911737442017
0.664,0.9836842105263158,0.22532008588314056
0.676,0.9836842105263158,0.21873468160629272
0.676,0.9842105263157894,0.21776515245437622
0.684,0.9842105263157894,0.21490344405174255
0.684,0.9847368421052631,0.21349377930164337
0.686,0.9847368421052631,0.21287256479263306
0.686,0.9863157894736843,0.2117721438407898
0.696,0.9863157894736843,0.2101583033800125
0.696,0.9868421052631579,0.20886890590190887
0.71,0.9868421052631579,0.18651525676250458
0.71,0.9873684210526316,0.18423452973365784
0.714,0.9873684210526316,0.18299371004104614
0.714,0.9878947368421053,0.18145489692687988
0.716,0.9878947368421053,0.1809748411178589
0.716,0.9889473684210527,0.17654576897621155
0.736,0.9889473684210527,0.1669444590806961
0.736,0.9894736842105263,0.1666448712348938
0.814,0.9894736842105263,0.10459508001804352
0.814,0.9931578947368421,0.10054753720760345
0.818,0.9931578947368421,0.09937816858291626
0.818,0.9936842105263158,0.09885983169078827
0.83,0.9936842105263158,0.09391941130161285
0.83,0.9942105263157894,0.09309603273868561
0.842,0.9942105263157894,0.09059304744005203
0.842,0.9947368421052631,0.09059004485607147
0.86,0.9947368421052631,0.08855609595775604
0.86,0.9957894736842106,0.088066466152668
0.862,0.9957894736842106,0.08778727054595947
0.862,0.9973684210526316,0.08646484464406967
0.916,0.9973684210526316,0.07735580950975418
0.916,0.998421052631579,0.07598456740379333
0.918,0.998421052631579,0.07541590183973312
0.918,0.9989473684210526,0.07504387944936752
0.926,0.9989473684210526,0.07362870872020721
0.926,0.9994736842105263,0.07285592705011368
0.93,0.9994736842105263,0.071182020008564
0.93,1.0,0.0692080482840538
1.0,1.0,0.03361411392688751
