FPR,TPR,Threshold
0.0,0.0,1.97966730594635
0.0,0.000925925925925926,0.9796673059463501
0.0,0.2537037037037037,0.9337155818939209
0.0007575757575757576,0.2537037037037037,0.9333429336547852
0.0007575757575757576,0.2601851851851852,0.9324154853820801
0.0022727272727272726,0.2601851851851852,0.9320796728134155
0.0022727272727272726,0.2935185185185185,0.92784184217453
0.0030303030303030303,0.2935185185185185,0.927756667137146
0.0030303030303030303,0.3,0.9274858832359314
0.003787878787878788,0.30092592592592593,0.9274389147758484
0.004545454545454545,0.30092592592592593,0.9273947477340698
0.004545454545454545,0.30277777777777776,0.9273173213005066
0.005303030303030303,0.30277777777777776,0.927268922328949
0.005303030303030303,0.3037037037037037,0.9271630644798279
0.005303030303030303,0.3055555555555556,0.9271293878555298
0.006818181818181818,0.3055555555555556,0.9269184470176697
0.006818181818181818,0.31203703703703706,0.9263409376144409
0.007575757575757576,0.31203703703703706,0.9263143539428711
0.007575757575757576,0.31666666666666665,0.9257661700248718
0.008333333333333333,0.31666666666666665,0.9256719946861267
0.008333333333333333,0.31851851851851853,0.9256652593612671
0.00909090909090909,0.31851851851851853,0.9256224632263184
0.00909090909090909,0.337037037037037,0.923988938331604
0.009848484848484848,0.337037037037037,0.923835277557373
0.009848484848484848,0.3398148148148148,0.9225396513938904
0.010606060606060607,0.3398148148148148,0.9221155643463135
0.010606060606060607,0.3416666666666667,0.9218336939811707
0.011363636363636364,0.3416666666666667,0.92160964012146
0.011363636363636364,0.35185185185185186,0.9200717806816101
0.012878787878787878,0.35185185185185186,0.9200561046600342
0.012878787878787878,0.3527777777777778,0.9197844862937927
0.014393939393939395,0.3527777777777778,0.9196048974990845
0.014393939393939395,0.36018518518518516,0.9187264442443848
0.015151515151515152,0.36018518518518516,0.9184845089912415
0.015151515151515152,0.5342592592592592,0.8486068844795227
0.015909090909090907,0.5342592592592592,0.848529040813446
0.015909090909090907,0.5453703703703704,0.8455232977867126
0.016666666666666666,0.5453703703703704,0.8447349071502686
0.016666666666666666,0.562037037037037,0.8367716670036316
0.01893939393939394,0.562037037037037,0.8362846970558167
0.01893939393939394,0.562962962962963,0.8358191847801208
0.019696969696969695,0.562962962962963,0.8350923657417297
0.019696969696969695,0.5638888888888889,0.8350468277931213
0.020454545454545454,0.5638888888888889,0.8349021077156067
0.020454545454545454,0.5648148148148148,0.8336886167526245
0.021212121212121213,0.5648148148148148,0.8336465954780579
0.021212121212121213,0.5703703703703704,0.832740306854248
0.02196969696969697,0.5703703703703704,0.8321927785873413
0.02196969696969697,0.5712962962962963,0.8321104049682617
0.025,0.5712962962962963,0.8294946551322937
0.025,0.5722222222222222,0.8285472989082336
0.026515151515151516,0.5722222222222222,0.8280779123306274
0.026515151515151516,0.5740740740740741,0.8273742198944092
0.02803030303030303,0.5740740740740741,0.8271326422691345
0.02803030303030303,0.575925925925926,0.826723575592041
0.029545454545454545,0.575925925925926,0.8263248205184937
0.029545454545454545,0.5796296296296296,0.8248175382614136
0.03257575757575758,0.5796296296296296,0.8238464593887329
0.03257575757575758,0.5824074074074074,0.820442795753479
0.03484848484848485,0.5824074074074074,0.8182994723320007
0.03484848484848485,0.5833333333333334,0.8182657361030579
0.035606060606060606,0.5833333333333334,0.8170191049575806
0.035606060606060606,0.5851851851851851,0.8167338371276855
0.03787878787878788,0.5851851851851851,0.815030038356781
0.03787878787878788,0.5879629629629629,0.8146691918373108
0.038636363636363635,0.5879629629629629,0.8138750791549683
0.038636363636363635,0.5888888888888889,0.8135473132133484
0.03939393939393939,0.5888888888888889,0.813133955001831
0.03939393939393939,0.5907407407407408,0.810634970664978
0.04090909090909091,0.5907407407407408,0.8088488578796387
0.04090909090909091,0.5990740740740741,0.8061442375183105
0.041666666666666664,0.5990740740740741,0.8060334324836731
0.041666666666666664,0.6018518518518519,0.8043529987335205
0.04242424242424243,0.6018518518518519,0.8042298555374146
0.04242424242424243,0.6046296296296296,0.8013774752616882
0.04393939393939394,0.6046296296296296,0.7989903688430786
0.04393939393939394,0.6157407407407407,0.7864784598350525
0.0446969696969697,0.6157407407407407,0.7850079536437988
0.0446969696969697,0.6398148148148148,0.7753967642784119
0.045454545454545456,0.6398148148148148,0.775138258934021
0.045454545454545456,0.6888888888888889,0.7536206841468811
0.04621212121212121,0.6888888888888889,0.7534059286117554
0.04621212121212121,0.700925925925926,0.7483963370323181
0.04696969696969697,0.700925925925926,0.7483693957328796
0.04696969696969697,0.7185185185185186,0.7404735684394836
0.04772727272727273,0.7185185185185186,0.7397604584693909
0.04772727272727273,0.7231481481481481,0.7355918288230896
0.048484848484848485,0.7231481481481481,0.7354615330696106
0.048484848484848485,0.7268518518518519,0.7335297465324402
0.04924242424242424,0.7268518518518519,0.7327920794487
0.04924242424242424,0.7342592592592593,0.7281553149223328
0.05,0.7342592592592593,0.7278704047203064
0.05,0.7361111111111112,0.7262849807739258
0.05075757575757576,0.7361111111111112,0.7239375114440918
0.05075757575757576,0.7379629629629629,0.7233822345733643
0.051515151515151514,0.7379629629629629,0.7231715321540833
0.051515151515151514,0.7425925925925926,0.7195910811424255
0.05303030303030303,0.7425925925925926,0.7145997881889343
0.05303030303030303,0.7453703703703703,0.7134405374526978
0.05378787878787879,0.7453703703703703,0.7132198810577393
0.05378787878787879,0.7462962962962963,0.7125687599182129
0.05454545454545454,0.7462962962962963,0.7124619483947754
0.05454545454545454,0.7472222222222222,0.71210777759552
0.05606060606060606,0.7472222222222222,0.711188018321991
0.05606060606060606,0.7490740740740741,0.7092892527580261
0.056818181818181816,0.7490740740740741,0.7089495658874512
0.056818181818181816,0.75,0.708771288394928
0.05757575757575758,0.75,0.7086453437805176
0.05757575757575758,0.7518518518518519,0.7067922949790955
0.06136363636363636,0.7518518518518519,0.6982470750808716
0.06136363636363636,0.7546296296296297,0.6962355971336365
0.06439393939393939,0.7546296296296297,0.6883541941642761
0.06439393939393939,0.7564814814814815,0.6879944205284119
0.06818181818181818,0.7564814814814815,0.685644805431366
0.06818181818181818,0.7574074074074074,0.6843467950820923
0.07272727272727272,0.7574074074074074,0.6713270545005798
0.07272727272727272,0.7583333333333333,0.6698862314224243
0.07348484848484849,0.7583333333333333,0.6650821566581726
0.07348484848484849,0.7611111111111111,0.6607624888420105
0.07424242424242425,0.7611111111111111,0.6607502698898315
0.07424242424242425,0.7722222222222223,0.6513821482658386
0.075,0.7722222222222223,0.6510351300239563
0.075,0.775,0.6448348760604858
0.07651515151515151,0.775,0.6421642303466797
0.07651515151515151,0.7759259259259259,0.636864960193634
0.07727272727272727,0.7759259259259259,0.636228621006012
0.07727272727272727,0.7787037037037037,0.628032922744751
0.07803030303030303,0.7787037037037037,0.6254248023033142
0.07803030303030303,0.7796296296296297,0.6232592463493347
0.07878787878787878,0.7796296296296297,0.6211767196655273
0.07878787878787878,0.7805555555555556,0.6197215914726257
0.07954545454545454,0.7805555555555556,0.6174710988998413
0.07954545454545454,0.7814814814814814,0.6126217842102051
0.08106060606060606,0.7814814814814814,0.6106858849525452
0.08106060606060606,0.7824074074074074,0.6102228164672852
0.08181818181818182,0.7824074074074074,0.6074011325836182
0.08181818181818182,0.7842592592592592,0.6065367460250854
0.08257575757575758,0.7842592592592592,0.6061723232269287
0.08257575757575758,0.7870370370370371,0.6036437749862671
0.08333333333333333,0.7870370370370371,0.6035267114639282
0.08333333333333333,0.787962962962963,0.6015893816947937
0.08787878787878788,0.787962962962963,0.5955545902252197
0.08787878787878788,0.7916666666666666,0.591978132724762
0.0893939393939394,0.7916666666666666,0.5913975834846497
0.0893939393939394,0.7925925925925926,0.5911940336227417
0.09015151515151515,0.7925925925925926,0.5910679697990417
0.09015151515151515,0.7953703703703704,0.5890896916389465
0.09166666666666666,0.7953703703703704,0.5878291726112366
0.09166666666666666,0.7962962962962963,0.5876563787460327
0.09393939393939393,0.7962962962962963,0.5820862054824829
0.09393939393939393,0.7972222222222223,0.5820145606994629
0.09545454545454546,0.7972222222222223,0.5814889073371887
0.09545454545454546,0.7981481481481482,0.5814714431762695
0.09696969696969697,0.7981481481481482,0.580907940864563
0.09696969696969697,0.799074074074074,0.5801903009414673
0.09772727272727273,0.799074074074074,0.5795044898986816
0.09772727272727273,0.8009259259259259,0.5792211890220642
0.09848484848484848,0.8009259259259259,0.5791991949081421
0.09848484848484848,0.8018518518518518,0.5785048604011536
0.09924242424242424,0.8018518518518518,0.5784202814102173
0.09924242424242424,0.8037037037037037,0.5782576203346252
0.10075757575757575,0.8037037037037037,0.5759481191635132
0.10075757575757575,0.8055555555555556,0.5758292078971863
0.10378787878787879,0.8055555555555556,0.5736865997314453
0.10378787878787879,0.8083333333333333,0.5730831027030945
0.10454545454545454,0.8083333333333333,0.5719715356826782
0.10454545454545454,0.8092592592592592,0.5719015598297119
0.1053030303030303,0.8092592592592592,0.5714594721794128
0.1053030303030303,0.8111111111111111,0.5700159072875977
0.10606060606060606,0.8111111111111111,0.569968044757843
0.10606060606060606,0.812962962962963,0.5697646141052246
0.10984848484848485,0.812962962962963,0.5668308138847351
0.10984848484848485,0.8138888888888889,0.5664806365966797
0.11060606060606061,0.8138888888888889,0.5662800073623657
0.11060606060606061,0.8148148148148148,0.5656954050064087
0.11136363636363636,0.8148148148148148,0.5636727213859558
0.11136363636363636,0.8222222222222222,0.560003936290741
0.11212121212121212,0.8222222222222222,0.5594315528869629
0.11212121212121212,0.8296296296296296,0.5581135749816895
0.11287878787878788,0.8296296296296296,0.5572372078895569
0.11287878787878788,0.8324074074074074,0.5550092458724976
0.11363636363636363,0.8324074074074074,0.5545623898506165
0.11363636363636363,0.8342592592592593,0.5542132258415222
0.11515151515151516,0.8342592592592593,0.5534692406654358
0.11515151515151516,0.8379629629629629,0.5496775507926941
0.1159090909090909,0.8379629629629629,0.5490514039993286
0.1159090909090909,0.8398148148148148,0.5481903553009033
0.11818181818181818,0.8398148148148148,0.5430582761764526
0.11818181818181818,0.8444444444444444,0.5403293967247009
0.11969696969696969,0.8444444444444444,0.5379539728164673
0.11969696969696969,0.8462962962962963,0.5370457172393799
0.12045454545454545,0.8462962962962963,0.5354475378990173
0.12045454545454545,0.85,0.5293562412261963
0.12121212121212122,0.85,0.5256880521774292
0.12121212121212122,0.8555555555555555,0.5002382397651672
0.12196969696969696,0.8555555555555555,0.4976043999195099
0.12196969696969696,0.8564814814814815,0.49378761649131775
0.12272727272727273,0.8564814814814815,0.4920233190059662
0.12272727272727273,0.8629629629629629,0.48325249552726746
0.12348484848484849,0.8629629629629629,0.48294761776924133
0.12348484848484849,0.8666666666666667,0.4811123311519623
0.12424242424242424,0.8666666666666667,0.4791090786457062
0.12424242424242424,0.8675925925925926,0.4777021110057831
0.12575757575757576,0.8675925925925926,0.47504958510398865
0.12575757575757576,0.8722222222222222,0.47138532996177673
0.12651515151515152,0.8722222222222222,0.4709181487560272
0.12651515151515152,0.8731481481481481,0.4704989194869995
0.12727272727272726,0.8731481481481481,0.47045183181762695
0.12727272727272726,0.8740740740740741,0.4699304401874542
0.12803030303030302,0.8740740740740741,0.46972236037254333
0.12803030303030302,0.875,0.4687729775905609
0.12878787878787878,0.875,0.4685477018356323
0.12878787878787878,0.8768518518518519,0.4676998257637024
0.12954545454545455,0.8768518518518519,0.46715787053108215
0.12954545454545455,0.8777777777777778,0.46661779284477234
0.1303030303030303,0.8777777777777778,0.4664446711540222
0.1303030303030303,0.8796296296296297,0.4662236273288727
0.13106060606060607,0.8796296296296297,0.4658907949924469
0.13106060606060607,0.8814814814814815,0.4647509753704071
0.1318181818181818,0.8814814814814815,0.46467167139053345
0.1318181818181818,0.8851851851851852,0.46283894777297974
0.13257575757575757,0.8851851851851852,0.4626762866973877
0.13257575757575757,0.887962962962963,0.461609810590744
0.13333333333333333,0.887962962962963,0.4587770998477936
0.13333333333333333,0.8916666666666667,0.4519929587841034
0.1340909090909091,0.8916666666666667,0.451930433511734
0.1340909090909091,0.9,0.4433837831020355
0.13560606060606062,0.9,0.4415273368358612
0.13560606060606062,0.9101851851851852,0.432944655418396
0.13636363636363635,0.9101851851851852,0.4329330325126648
0.13636363636363635,0.9157407407407407,0.4295070767402649
0.13712121212121212,0.9157407407407407,0.42888566851615906
0.13712121212121212,0.9268518518518518,0.42229631543159485
0.13787878787878788,0.9268518518518518,0.42190080881118774
0.13787878787878788,0.9305555555555556,0.4208046793937683
0.13863636363636364,0.9305555555555556,0.4193836748600006
0.13863636363636364,0.9361111111111111,0.4133656322956085
0.1393939393939394,0.9361111111111111,0.4126812517642975
0.1393939393939394,0.9398148148148148,0.40826648473739624
0.14015151515151514,0.9398148148148148,0.4079391658306122
0.14015151515151514,0.9472222222222222,0.40584439039230347
0.1409090909090909,0.9472222222222222,0.40467020869255066
0.1409090909090909,0.9629629629629629,0.3948741555213928
0.14242424242424243,0.9629629629629629,0.3910856544971466
0.14242424242424243,0.9675925925925926,0.38665682077407837
0.14393939393939395,0.9675925925925926,0.3845999538898468
0.14393939393939395,0.9703703703703703,0.3808474838733673
0.14545454545454545,0.9703703703703703,0.3790660798549652
0.14545454545454545,0.9712962962962963,0.37888532876968384
0.14696969696969697,0.9712962962962963,0.3772212266921997
0.14696969696969697,0.9731481481481481,0.37491586804389954
0.15075757575757576,0.9731481481481481,0.37256693840026855
0.15075757575757576,0.9740740740740741,0.3717423379421234
0.15303030303030302,0.9740740740740741,0.36966022849082947
0.15303030303030302,0.975,0.3686453104019165
0.15454545454545454,0.975,0.3678474426269531
0.15454545454545454,0.975925925925926,0.3669334650039673
0.1553030303030303,0.975925925925926,0.3648422658443451
0.1553030303030303,0.9777777777777777,0.36293524503707886
0.15833333333333333,0.9777777777777777,0.358519047498703
0.15833333333333333,0.9787037037037037,0.35637953877449036
0.1606060606060606,0.9787037037037037,0.35169413685798645
0.1606060606060606,0.9796296296296296,0.35167235136032104
0.16363636363636364,0.9796296296296296,0.3486565351486206
0.16363636363636364,0.9805555555555555,0.34755319356918335
0.17954545454545454,0.9805555555555555,0.3311201333999634
0.17954545454545454,0.9814814814814815,0.3302033841609955
0.24621212121212122,0.9814814814814815,0.26418718695640564
0.24621212121212122,0.9824074074074074,0.2634117007255554
0.2674242424242424,0.9824074074074074,0.25317516922950745
0.2674242424242424,0.9833333333333333,0.25315189361572266
0.29545454545454547,0.9833333333333333,0.23775677382946014
0.29545454545454547,0.9842592592592593,0.23761920630931854
0.3068181818181818,0.9842592592592593,0.23110279440879822
0.3068181818181818,0.9851851851851852,0.2310439497232437
0.31287878787878787,0.9851851851851852,0.2263423502445221
0.31287878787878787,0.9861111111111112,0.22623540461063385
0.31363636363636366,0.9861111111111112,0.22543612122535706
0.31363636363636366,0.987037037037037,0.2252688854932785
0.31666666666666665,0.987037037037037,0.22314637899398804
0.31666666666666665,0.9879629629629629,0.22209693491458893
0.32196969696969696,0.9879629629629629,0.21945813298225403
0.32196969696969696,0.9898148148148148,0.21862179040908813
0.32651515151515154,0.9898148148148148,0.21482498943805695
0.32651515151515154,0.9907407407407407,0.2137441486120224
0.328030303030303,0.9907407407407407,0.21347622573375702
0.328030303030303,0.9925925925925926,0.21234384179115295
0.33560606060606063,0.9925925925925926,0.2097896933555603
0.33560606060606063,0.9935185185185185,0.20958685874938965
0.33636363636363636,0.9935185185185185,0.20905421674251556
0.33636363636363636,0.9944444444444445,0.20809480547904968
0.346969696969697,0.9944444444444445,0.20413176715373993
0.346969696969697,0.9953703703703703,0.20402486622333527
0.35378787878787876,0.9953703703703703,0.1996610462665558
0.35378787878787876,0.9962962962962963,0.19905726611614227
0.35909090909090907,0.9962962962962963,0.19566752016544342
0.35909090909090907,0.9972222222222222,0.19503137469291687
0.3643939393939394,0.9972222222222222,0.18993106484413147
0.3643939393939394,0.9981481481481481,0.1885705441236496
0.3765151515151515,0.9981481481481481,0.17703337967395782
0.3765151515151515,0.9990740740740741,0.17659512162208557
0.3878787878787879,0.9990740740740741,0.16835574805736542
0.3878787878787879,1.0,0.1683489978313446
1.0,1.0,0.008280826732516289
