FPR,TPR,Threshold
0.0,0.0,1.9647598266601562
0.0,0.000925925925925926,0.9647598266601562
0.0,0.4824074074074074,0.7803291082382202
0.0007575757575757576,0.4824074074074074,0.7800710201263428
0.0007575757575757576,0.48333333333333334,0.7795609831809998
0.0015151515151515152,0.48333333333333334,0.7793712615966797
0.0015151515151515152,0.49074074074074076,0.7778031826019287
0.0022727272727272726,0.49074074074074076,0.7777812480926514
0.0022727272727272726,0.49907407407407406,0.776343584060669
0.0030303030303030303,0.49907407407407406,0.7762487530708313
0.0030303030303030303,0.5120370370370371,0.7742881178855896
0.003787878787878788,0.5120370370370371,0.774262547492981
0.003787878787878788,0.5148148148148148,0.7733514308929443
0.004545454545454545,0.5148148148148148,0.7732962965965271
0.004545454545454545,0.525,0.7690992951393127
0.005303030303030303,0.525,0.7689275741577148
0.005303030303030303,0.5370370370370371,0.7661525011062622
0.00909090909090909,0.5370370370370371,0.7635200619697571
0.00909090909090909,0.5388888888888889,0.7627034187316895
0.009848484848484848,0.5388888888888889,0.7624916434288025
0.009848484848484848,0.5416666666666666,0.7621340155601501
0.010606060606060607,0.5416666666666666,0.7619820833206177
0.010606060606060607,0.5425925925925926,0.7618643641471863
0.012121212121212121,0.5425925925925926,0.7614303231239319
0.012121212121212121,0.5462962962962963,0.7609157562255859
0.015151515151515152,0.5462962962962963,0.7587346434593201
0.015151515151515152,0.549074074074074,0.7582038044929504
0.016666666666666666,0.549074074074074,0.7575203776359558
0.016666666666666666,0.5518518518518518,0.7559950351715088
0.01818181818181818,0.5518518518518518,0.7551133036613464
0.01818181818181818,0.5527777777777778,0.7548453211784363
0.01893939393939394,0.5527777777777778,0.7546901702880859
0.01893939393939394,0.5611111111111111,0.7518967390060425
0.019696969696969695,0.5611111111111111,0.7517922520637512
0.019696969696969695,0.562962962962963,0.7509732842445374
0.020454545454545454,0.562962962962963,0.7490564584732056
0.020454545454545454,0.5638888888888889,0.7487788796424866
0.021212121212121213,0.5638888888888889,0.7479375004768372
0.021212121212121213,0.5675925925925925,0.7467371821403503
0.023484848484848483,0.5675925925925925,0.7457493543624878
0.023484848484848483,0.5685185185185185,0.7455064058303833
0.026515151515151516,0.5685185185185185,0.7444131970405579
0.026515151515151516,0.5703703703703704,0.7430853843688965
0.02727272727272727,0.5703703703703704,0.7428788542747498
0.02727272727272727,0.5712962962962963,0.7424189448356628
0.029545454545454545,0.5712962962962963,0.7402296662330627
0.029545454545454545,0.5731481481481482,0.7395573854446411
0.030303030303030304,0.5731481481481482,0.7390826344490051
0.030303030303030304,0.6444444444444445,0.6873031854629517
0.03106060606060606,0.6444444444444445,0.6868515610694885
0.03106060606060606,0.6453703703703704,0.6861083507537842
0.031818181818181815,0.6453703703703704,0.6831462979316711
0.031818181818181815,0.6462962962962963,0.6815987229347229
0.03333333333333333,0.6462962962962963,0.6800625324249268
0.03333333333333333,0.6472222222222223,0.679265022277832
0.03787878787878788,0.6472222222222223,0.6739961504936218
0.03787878787878788,0.6481481481481481,0.6738590002059937
0.04015151515151515,0.6481481481481481,0.673410177230835
0.04015151515151515,0.649074074074074,0.6719499230384827
0.04090909090909091,0.649074074074074,0.6717058420181274
0.04090909090909091,0.65,0.6708362698554993
0.0446969696969697,0.65,0.6694071292877197
0.0446969696969697,0.6518518518518519,0.6688698530197144
0.045454545454545456,0.6518518518518519,0.6687766313552856
0.045454545454545456,0.7768518518518519,0.5935394763946533
0.04621212121212121,0.7768518518518519,0.5914855003356934
0.04621212121212121,0.7777777777777778,0.5898021459579468
0.05,0.7777777777777778,0.5856417417526245
0.05,0.7787037037037037,0.5854877829551697
0.051515151515151514,0.7787037037037037,0.5831312537193298
0.051515151515151514,0.7796296296296297,0.5821378231048584
0.055303030303030305,0.7796296296296297,0.5791130065917969
0.055303030303030305,0.7805555555555556,0.5787864923477173
0.059848484848484845,0.7805555555555556,0.5731123089790344
0.059848484848484845,0.7851851851851852,0.5694096088409424
0.06060606060606061,0.7851851851851852,0.5689356327056885
0.06060606060606061,0.7870370370370371,0.5674760341644287
0.0659090909090909,0.7870370370370371,0.5601691007614136
0.0659090909090909,0.787962962962963,0.5595801472663879
0.06742424242424243,0.787962962962963,0.55890953540802
0.06742424242424243,0.7898148148148149,0.5573212504386902
0.06818181818181818,0.7898148148148149,0.5560373067855835
0.06818181818181818,0.7907407407407407,0.5549160838127136
0.0696969696969697,0.7907407407407407,0.5540536046028137
0.0696969696969697,0.7925925925925926,0.5531052947044373
0.07196969696969698,0.7925925925925926,0.5518790483474731
0.07196969696969698,0.7953703703703704,0.550885796546936
0.07272727272727272,0.7953703703703704,0.5505509972572327
0.07272727272727272,0.8,0.5483685731887817
0.07424242424242425,0.8,0.5456872582435608
0.07424242424242425,0.8009259259259259,0.5455511808395386
0.075,0.8009259259259259,0.5451377630233765
0.075,0.8027777777777778,0.543398916721344
0.07575757575757576,0.8027777777777778,0.5423465371131897
0.07575757575757576,0.8148148148148148,0.5303159356117249
0.11893939393939394,0.8148148148148148,0.44122254848480225
0.11893939393939394,0.8157407407407408,0.43989261984825134
0.12045454545454545,0.8157407407407408,0.4386453926563263
0.12045454545454545,0.8166666666666667,0.4366760849952698
0.12121212121212122,0.8166666666666667,0.4359623193740845
0.12121212121212122,0.8175925925925925,0.4348076283931732
0.12196969696969696,0.8175925925925925,0.43420958518981934
0.12196969696969696,0.8185185185185185,0.4336485266685486
0.12348484848484849,0.8185185185185185,0.4321637749671936
0.12348484848484849,0.8194444444444444,0.4320560395717621
0.12575757575757576,0.8194444444444444,0.43082547187805176
0.12575757575757576,0.8203703703703704,0.43049004673957825
0.12651515151515152,0.8203703703703704,0.430228590965271
0.12651515151515152,0.8212962962962963,0.42969226837158203
0.12727272727272726,0.8212962962962963,0.42919138073921204
0.12727272727272726,0.8222222222222222,0.4285915493965149
0.13106060606060607,0.8222222222222222,0.42637625336647034
0.13106060606060607,0.8231481481481482,0.42627260088920593
0.13484848484848486,0.8231481481481482,0.42541342973709106
0.13484848484848486,0.8240740740740741,0.4248354136943817
0.13636363636363635,0.8240740740740741,0.4231773912906647
0.13636363636363635,0.825,0.4228149652481079
0.13712121212121212,0.825,0.4219343066215515
0.13712121212121212,0.825925925925926,0.42178159952163696
0.1393939393939394,0.825925925925926,0.4210858941078186
0.1393939393939394,0.8268518518518518,0.4210083484649658
0.14015151515151514,0.8268518518518518,0.4209255278110504
0.14015151515151514,0.8277777777777777,0.4207277297973633
0.14166666666666666,0.8277777777777777,0.42016512155532837
0.14166666666666666,0.8305555555555556,0.4189726412296295
0.14545454545454545,0.8305555555555556,0.41797658801078796
0.14545454545454545,0.8324074074074074,0.41706326603889465
0.14924242424242423,0.8324074074074074,0.4150393307209015
0.14924242424242423,0.8333333333333334,0.41487917304039
0.15303030303030302,0.8333333333333334,0.40852975845336914
0.15303030303030302,0.8342592592592593,0.4081154763698578
0.15681818181818183,0.8342592592592593,0.4048813283443451
0.15681818181818183,0.8351851851851851,0.4046832323074341
0.15757575757575756,0.8351851851851851,0.4043547511100769
0.15757575757575756,0.8361111111111111,0.4039221405982971
0.15833333333333333,0.8361111111111111,0.4034825265407562
0.15833333333333333,0.837037037037037,0.4031953513622284
0.1590909090909091,0.837037037037037,0.4030156135559082
0.1590909090909091,0.8388888888888889,0.4015159010887146
0.16287878787878787,0.8388888888888889,0.39909860491752625
0.16287878787878787,0.8398148148148148,0.398422509431839
0.1643939393939394,0.8398148148148148,0.3965807855129242
0.1643939393939394,0.8407407407407408,0.3965739905834198
0.16590909090909092,0.8407407407407408,0.3950757682323456
0.16590909090909092,0.8416666666666667,0.39498263597488403
0.16742424242424242,0.8416666666666667,0.39368370175361633
0.16742424242424242,0.8425925925925926,0.39343690872192383
0.16893939393939394,0.8425925925925926,0.3927413523197174
0.16893939393939394,0.8435185185185186,0.39254873991012573
0.1696969696969697,0.8435185185185186,0.3921959400177002
0.1696969696969697,0.8444444444444444,0.391867458820343
0.17045454545454544,0.8444444444444444,0.391681045293808
0.17045454545454544,0.8453703703703703,0.39127153158187866
0.17196969696969697,0.8453703703703703,0.3908069133758545
0.17196969696969697,0.8472222222222222,0.39035430550575256
0.1734848484848485,0.8472222222222222,0.3893381357192993
0.1734848484848485,0.85,0.3875851631164551
0.17575757575757575,0.85,0.3870891034603119
0.17575757575757575,0.8537037037037037,0.3837188482284546
0.17727272727272728,0.8537037037037037,0.38296937942504883
0.17727272727272728,0.8555555555555555,0.3820766806602478
0.17803030303030304,0.8555555555555555,0.38060620427131653
0.17803030303030304,0.8574074074074074,0.38014790415763855
0.17954545454545454,0.8574074074074074,0.3787156045436859
0.17954545454545454,0.8592592592592593,0.37751609086990356
0.18257575757575759,0.8592592592592593,0.37550947070121765
0.18257575757575759,0.8611111111111112,0.37466955184936523
0.18333333333333332,0.8611111111111112,0.37433141469955444
0.18333333333333332,0.8629629629629629,0.37359482049942017
0.18409090909090908,0.8629629629629629,0.37326398491859436
0.18409090909090908,0.8638888888888889,0.37324509024620056
0.18636363636363637,0.8638888888888889,0.3724361062049866
0.18636363636363637,0.8648148148148148,0.37227773666381836
0.18712121212121213,0.8648148148148148,0.3720220625400543
0.18712121212121213,0.8657407407407407,0.3707210123538971
0.18863636363636363,0.8657407407407407,0.37064704298973083
0.18863636363636363,0.8666666666666667,0.3703877031803131
0.19015151515151515,0.8666666666666667,0.37006616592407227
0.19015151515151515,0.8675925925925926,0.36985740065574646
0.19242424242424241,0.8675925925925926,0.369310200214386
0.19242424242424241,0.8703703703703703,0.3687589466571808
0.19393939393939394,0.8703703703703703,0.36839962005615234
0.19393939393939394,0.8722222222222222,0.36784687638282776
0.1962121212121212,0.8722222222222222,0.3674694001674652
0.1962121212121212,0.8768518518518519,0.3668062388896942
0.1984848484848485,0.8768518518518519,0.3653053939342499
0.1984848484848485,0.8777777777777778,0.3649079203605652
0.2037878787878788,0.8777777777777778,0.36239245533943176
0.2037878787878788,0.8805555555555555,0.36113640666007996
0.20454545454545456,0.8805555555555555,0.3597527742385864
0.20454545454545456,0.8824074074074074,0.3587893545627594
0.20681818181818182,0.8824074074074074,0.3571792542934418
0.20681818181818182,0.8833333333333333,0.3559322953224182
0.20757575757575758,0.8833333333333333,0.35566794872283936
0.20757575757575758,0.8851851851851852,0.3555300533771515
0.20984848484848484,0.8851851851851852,0.35363587737083435
0.20984848484848484,0.8898148148148148,0.35072875022888184
0.2106060606060606,0.8898148148148148,0.3499988317489624
0.2106060606060606,0.8916666666666667,0.3484398424625397
0.21136363636363636,0.8916666666666667,0.3482825458049774
0.21136363636363636,0.8935185185185185,0.3466644585132599
0.21212121212121213,0.8935185185185185,0.34641972184181213
0.21212121212121213,0.9018518518518519,0.33014774322509766
0.2128787878787879,0.9018518518518519,0.33009588718414307
0.2128787878787879,0.9027777777777778,0.32999980449676514
0.2143939393939394,0.9027777777777778,0.3292953073978424
0.2143939393939394,0.9074074074074074,0.32287532091140747
0.21666666666666667,0.9074074074074074,0.31944361329078674
0.21666666666666667,0.9185185185185185,0.3099636733531952
0.21742424242424244,0.9185185185185185,0.3093232810497284
0.21742424242424244,0.9203703703703704,0.3087529242038727
0.22045454545454546,0.9203703703703704,0.30787086486816406
0.22045454545454546,0.9231481481481482,0.3066633939743042
0.22196969696969698,0.9231481481481482,0.3059622049331665
0.22196969696969698,0.924074074074074,0.30586326122283936
0.22348484848484848,0.924074074074074,0.30480077862739563
0.22348484848484848,0.925,0.30433619022369385
0.22424242424242424,0.925,0.30417513847351074
0.22424242424242424,0.9259259259259259,0.30362963676452637
0.22575757575757577,0.9259259259259259,0.30255126953125
0.22575757575757577,0.9277777777777778,0.30250468850135803
0.22803030303030303,0.9277777777777778,0.30211395025253296
0.22803030303030303,0.9287037037037037,0.3019661605358124
0.22954545454545455,0.9287037037037037,0.3009324371814728
0.22954545454545455,0.9305555555555556,0.3008536696434021
0.2318181818181818,0.9305555555555556,0.29992079734802246
0.2318181818181818,0.9333333333333333,0.29718470573425293
0.23333333333333334,0.9333333333333333,0.29555806517601013
0.23333333333333334,0.9342592592592592,0.2954593598842621
0.23484848484848486,0.9342592592592592,0.29502150416374207
0.23484848484848486,0.937037037037037,0.29442575573921204
0.23712121212121212,0.937037037037037,0.2898525893688202
0.23712121212121212,0.937962962962963,0.28918254375457764
0.24015151515151514,0.937962962962963,0.28765279054641724
0.24015151515151514,0.9388888888888889,0.28760069608688354
0.2431818181818182,0.9388888888888889,0.28561893105506897
0.2431818181818182,0.9398148148148148,0.28559350967407227
0.24621212121212122,0.9398148148148148,0.2843737006187439
0.24621212121212122,0.9407407407407408,0.28426146507263184
0.24696969696969698,0.9407407407407408,0.28392577171325684
0.24696969696969698,0.9462962962962963,0.2833453118801117
0.24772727272727274,0.9462962962962963,0.2831856608390808
0.24772727272727274,0.9472222222222222,0.2824226915836334
0.24924242424242424,0.9472222222222222,0.28213390707969666
0.24924242424242424,0.9481481481481482,0.2816646695137024
0.25075757575757573,0.9481481481481482,0.2811327874660492
0.25075757575757573,0.95,0.2808195948600769
0.2515151515151515,0.95,0.28072163462638855
0.2515151515151515,0.950925925925926,0.28067222237586975
0.25227272727272726,0.950925925925926,0.2805332839488983
0.25227272727272726,0.9518518518518518,0.28000882267951965
0.25303030303030305,0.9518518518518518,0.2794739603996277
0.25303030303030305,0.9527777777777777,0.27932068705558777
0.2537878787878788,0.9527777777777777,0.2792727053165436
0.2537878787878788,0.9546296296296296,0.2784823775291443
0.2553030303030303,0.9546296296296296,0.2783282995223999
0.2553030303030303,0.9555555555555556,0.27817824482917786
0.25606060606060604,0.9555555555555556,0.27806752920150757
0.25606060606060604,0.9574074074074074,0.2779279351234436
0.25681818181818183,0.9574074074074074,0.27770963311195374
0.25681818181818183,0.9583333333333334,0.27744460105895996
0.2590909090909091,0.9583333333333334,0.2767064571380615
0.2590909090909091,0.9592592592592593,0.2765916883945465
0.2606060606060606,0.9592592592592593,0.27617308497428894
0.2606060606060606,0.9601851851851851,0.27594372630119324
0.26212121212121214,0.9601851851851851,0.27554208040237427
0.26212121212121214,0.9611111111111111,0.2753462791442871
0.2628787878787879,0.9611111111111111,0.27458688616752625
0.2628787878787879,0.962037037037037,0.2741864025592804
0.26515151515151514,0.962037037037037,0.27325546741485596
0.26515151515151514,0.9629629629629629,0.27303627133369446
0.30757575757575756,0.9629629629629629,0.243370920419693
0.30757575757575756,0.9648148148148148,0.2408781349658966
0.30833333333333335,0.9648148148148148,0.24067799746990204
0.30833333333333335,0.9657407407407408,0.23938976228237152
0.31212121212121213,0.9657407407407408,0.23300503194332123
0.31212121212121213,0.9666666666666667,0.23268753290176392
0.31742424242424244,0.9666666666666667,0.2275802493095398
0.31742424242424244,0.9675925925925926,0.22752702236175537
0.325,0.9675925925925926,0.22364144027233124
0.325,0.9685185185185186,0.22301027178764343
0.3333333333333333,0.9685185185185186,0.21627165377140045
0.3333333333333333,0.9703703703703703,0.2105489820241928
0.3340909090909091,0.9703703703703703,0.2098688930273056
0.3340909090909091,0.9712962962962963,0.20960688591003418
0.33560606060606063,0.9712962962962963,0.2081177532672882
0.33560606060606063,0.9722222222222222,0.20760682225227356
0.34545454545454546,0.9722222222222222,0.1983228623867035
0.34545454545454546,0.9740740740740741,0.19710086286067963
0.3477272727272727,0.9740740740740741,0.1965211033821106
0.3477272727272727,0.975,0.19640257954597473
0.3484848484848485,0.975,0.19596442580223083
0.3484848484848485,0.975925925925926,0.1956752985715866
0.34924242424242424,0.975925925925926,0.1955122947692871
0.34924242424242424,0.9777777777777777,0.19524846971035004
0.3522727272727273,0.9777777777777777,0.19410449266433716
0.3522727272727273,0.9796296296296296,0.19275322556495667
0.3560606060606061,0.9796296296296296,0.19178341329097748
0.3560606060606061,0.9805555555555555,0.1907409429550171
0.3575757575757576,0.9805555555555555,0.19027309119701385
0.3575757575757576,0.9824074074074074,0.18999408185482025
0.3613636363636364,0.9824074074074074,0.18875762820243835
0.3613636363636364,0.9833333333333333,0.18875448405742645
0.3765151515151515,0.9833333333333333,0.18502947688102722
0.3765151515151515,0.9842592592592593,0.18479643762111664
0.39166666666666666,0.9842592592592593,0.1775834560394287
0.39166666666666666,0.9851851851851852,0.17756231129169464
0.43712121212121213,0.9851851851851852,0.1712479591369629
0.43712121212121213,0.9861111111111112,0.1709209382534027
0.45454545454545453,0.9861111111111112,0.16659687459468842
0.45454545454545453,0.987037037037037,0.1664234846830368
0.4871212121212121,0.987037037037037,0.15792293846607208
0.4871212121212121,0.9879629629629629,0.15722934901714325
0.49015151515151517,0.9879629629629629,0.15615195035934448
0.49015151515151517,0.9888888888888889,0.1558074802160263
0.4984848484848485,0.9888888888888889,0.15503716468811035
0.4984848484848485,0.9898148148148148,0.15475155413150787
0.509090909090909,0.9898148148148148,0.15319271385669708
0.509090909090909,0.9907407407407407,0.1530088484287262
0.5098484848484849,0.9907407407407407,0.15299513936042786
0.5098484848484849,0.9916666666666667,0.15299029648303986
0.5106060606060606,0.9916666666666667,0.15291476249694824
0.5106060606060606,0.9925925925925926,0.15290281176567078
0.5136363636363637,0.9925925925925926,0.15243162214756012
0.5136363636363637,0.9935185185185185,0.1522720456123352
0.5143939393939394,0.9935185185185185,0.15180392563343048
0.5143939393939394,0.9944444444444445,0.15151096880435944
0.5204545454545455,0.9944444444444445,0.1505265235900879
0.5204545454545455,0.9953703703703703,0.15043622255325317
0.5212121212121212,0.9953703703703703,0.15012943744659424
0.5212121212121212,0.9962962962962963,0.14998333156108856
0.5234848484848484,0.9962962962962963,0.1495230793952942
0.5234848484848484,0.9972222222222222,0.1494457721710205
0.5242424242424243,0.9972222222222222,0.14930163323879242
0.5242424242424243,0.9981481481481481,0.14928196370601654
0.5257575757575758,0.9981481481481481,0.14906874299049377
0.5257575757575758,0.9990740740740741,0.1488383710384369
0.5303030303030303,0.9990740740740741,0.14759059250354767
0.5303030303030303,1.0,0.1475401371717453
1.0,1.0,0.017081767320632935
