FPR,TPR,Threshold
0.0,0.0,1.9996590614318848
0.0,0.0002631578947368421,0.9996590614318848
0.0,0.10289473684210526,0.9954107403755188
0.0,0.10342105263157894,0.9953506588935852
0.0,0.44184210526315787,0.939130425453186
0.0,0.4423684210526316,0.9390297532081604
0.0,0.5171052631578947,0.9132574796676636
0.001,0.5171052631578947,0.9132086038589478
0.001,0.5410526315789473,0.9052513837814331
0.002,0.5410526315789473,0.9051916003227234
0.002,0.5484210526315789,0.9028560519218445
0.002,0.5489473684210526,0.9026066660881042
0.002,0.5507894736842105,0.90195631980896
0.003,0.5507894736842105,0.90177321434021
0.003,0.5602631578947368,0.8979348540306091
0.004,0.5602631578947368,0.897932767868042
0.004,0.5628947368421052,0.8966097235679626
0.005,0.5628947368421052,0.8965669274330139
0.005,0.5702631578947368,0.892447292804718
0.006,0.5702631578947368,0.8924431800842285
0.006,0.5747368421052632,0.8907699584960938
0.007,0.5747368421052632,0.8906388878822327
0.007,0.5752631578947368,0.8904945254325867
0.008,0.5752631578947368,0.8904709219932556
0.008,0.578421052631579,0.8887342810630798
0.009,0.578421052631579,0.888651430606842
0.009,0.5873684210526315,0.8860535025596619
0.01,0.5873684210526315,0.8859525322914124
0.01,0.5892105263157895,0.8852691650390625
0.011,0.5892105263157895,0.8852431178092957
0.011,0.5971052631578947,0.8822180032730103
0.013,0.5971052631578947,0.8819107413291931
0.013,0.603421052631579,0.8789026141166687
0.014,0.603421052631579,0.8788829445838928
0.014,0.6076315789473684,0.8777303099632263
0.015,0.6076315789473684,0.8777216672897339
0.015,0.6160526315789474,0.8737020492553711
0.016,0.6160526315789474,0.8735914826393127
0.016,0.6231578947368421,0.8701095581054688
0.017,0.6231578947368421,0.8700954914093018
0.017,0.623421052631579,0.8697101473808289
0.018,0.623421052631579,0.8696657419204712
0.018,0.6273684210526316,0.8676803708076477
0.019,0.6273684210526316,0.8676663637161255
0.019,0.6373684210526316,0.8606823086738586
0.02,0.6373684210526316,0.8605227470397949
0.02,0.6394736842105263,0.8596318960189819
0.021,0.6394736842105263,0.8595691323280334
0.021,0.6489473684210526,0.8535837531089783
0.022,0.6489473684210526,0.8535788655281067
0.022,0.6494736842105263,0.8535235524177551
0.023,0.6494736842105263,0.8534812927246094
0.023,0.6518421052631579,0.852323591709137
0.024,0.6518421052631579,0.8523191809654236
0.024,0.6523684210526316,0.8518846035003662
0.026,0.6523684210526316,0.8510730862617493
0.026,0.6526315789473685,0.8510574102401733
0.027,0.6526315789473685,0.8507887125015259
0.027,0.6584210526315789,0.8486411571502686
0.028,0.6584210526315789,0.8484517335891724
0.028,0.6626315789473685,0.8457047343254089
0.029,0.6626315789473685,0.8454919457435608
0.029,0.6644736842105263,0.8448901176452637
0.03,0.6644736842105263,0.844875156879425
0.03,0.671578947368421,0.8414358496665955
0.031,0.671578947368421,0.841356635093689
0.031,0.6815789473684211,0.8371034264564514
0.032,0.6815789473684211,0.8363979458808899
0.032,0.6821052631578948,0.8360666632652283
0.033,0.6821052631578948,0.8359290361404419
0.033,0.6860526315789474,0.8326261639595032
0.034,0.6860526315789474,0.8325773477554321
0.034,0.6863157894736842,0.8325033187866211
0.036,0.6863157894736842,0.8324556946754456
0.036,0.6913157894736842,0.8297291398048401
0.037,0.6913157894736842,0.8294669389724731
0.037,0.6915789473684211,0.8292834162712097
0.038,0.6915789473684211,0.8292527794837952
0.038,0.6921052631578948,0.8290755748748779
0.039,0.6921052631578948,0.8290480971336365
0.039,0.7063157894736842,0.8204658031463623
0.04,0.7063157894736842,0.8201927542686462
0.04,0.7081578947368421,0.8197585344314575
0.042,0.7081578947368421,0.8190642595291138
0.042,0.7107894736842105,0.8160828948020935
0.043,0.7107894736842105,0.8156928420066833
0.043,0.7210526315789474,0.809867262840271
0.044,0.7210526315789474,0.8094305396080017
0.044,0.7263157894736842,0.8054438829421997
0.046,0.7263157894736842,0.8050381541252136
0.046,0.7278947368421053,0.8040833473205566
0.047,0.7278947368421053,0.8037403225898743
0.047,0.738421052631579,0.7975108623504639
0.048,0.738421052631579,0.7974289655685425
0.048,0.7494736842105263,0.7899873852729797
0.049,0.7494736842105263,0.7896511554718018
0.049,0.7563157894736842,0.7852333188056946
0.05,0.7563157894736842,0.7852154970169067
0.05,0.7618421052631579,0.7803105115890503
0.051,0.7618421052631579,0.7801998257637024
0.051,0.7623684210526316,0.7795063257217407
0.052,0.7623684210526316,0.7788744568824768
0.052,0.7642105263157895,0.7772084474563599
0.053,0.7642105263157895,0.7766659259796143
0.053,0.765,0.7752969264984131
0.054,0.765,0.775178849697113
0.054,0.7710526315789473,0.769645631313324
0.055,0.7710526315789473,0.7688018679618835
0.055,0.7728947368421053,0.7675949335098267
0.058,0.7728947368421053,0.7671186327934265
0.058,0.7760526315789473,0.7647268772125244
0.059,0.7760526315789473,0.7646766901016235
0.059,0.7776315789473685,0.762791633605957
0.06,0.7776315789473685,0.7627438306808472
0.06,0.78,0.7603461146354675
0.061,0.78,0.7598133087158203
0.061,0.7802631578947369,0.7594565153121948
0.062,0.7802631578947369,0.759121298789978
0.062,0.7836842105263158,0.756318211555481
0.063,0.7836842105263158,0.75628662109375
0.063,0.7839473684210526,0.7558788657188416
0.064,0.7839473684210526,0.7557457089424133
0.064,0.7894736842105263,0.7499766945838928
0.065,0.7894736842105263,0.7496533393859863
0.065,0.7907894736842105,0.7479188442230225
0.066,0.7907894736842105,0.7476397156715393
0.066,0.7913157894736842,0.7471972107887268
0.067,0.7913157894736842,0.7469488978385925
0.067,0.7926315789473685,0.7428237199783325
0.068,0.7926315789473685,0.7426303029060364
0.068,0.8013157894736842,0.7351396679878235
0.069,0.8013157894736842,0.7349354028701782
0.069,0.8047368421052632,0.7320783734321594
0.07,0.8047368421052632,0.7315495610237122
0.07,0.805,0.7311022281646729
0.072,0.805,0.7309132218360901
0.072,0.8057894736842105,0.7305625081062317
0.073,0.8057894736842105,0.7305610179901123
0.073,0.8081578947368421,0.7278274893760681
0.074,0.8081578947368421,0.7276023626327515
0.074,0.8163157894736842,0.7160830497741699
0.075,0.8163157894736842,0.7160444855690002
0.075,0.8189473684210526,0.7116078734397888
0.076,0.8189473684210526,0.7114878296852112
0.076,0.8234210526315789,0.7065538167953491
0.077,0.8234210526315789,0.7058869004249573
0.077,0.8239473684210527,0.7050617933273315
0.078,0.8239473684210527,0.7047735452651978
0.078,0.8342105263157895,0.6944699287414551
0.079,0.8342105263157895,0.6941401958465576
0.079,0.8389473684210527,0.6882010698318481
0.08,0.8389473684210527,0.6876720786094666
0.08,0.8518421052631578,0.6673689484596252
0.081,0.8518421052631578,0.6669224500656128
0.081,0.8560526315789474,0.6611214280128479
0.082,0.8560526315789474,0.6608484387397766
0.082,0.8578947368421053,0.6578824520111084
0.083,0.8578947368421053,0.6576049327850342
0.083,0.8642105263157894,0.6486997008323669
0.084,0.8642105263157894,0.6484270691871643
0.084,0.866578947368421,0.6453453302383423
0.085,0.866578947368421,0.644732654094696
0.085,0.8673684210526316,0.6438531875610352
0.086,0.8673684210526316,0.6434081196784973
0.086,0.8689473684210526,0.640992283821106
0.087,0.8689473684210526,0.6403847932815552
0.087,0.8721052631578947,0.6344116926193237
0.088,0.8721052631578947,0.6343591809272766
0.088,0.8723684210526316,0.6341647505760193
0.089,0.8723684210526316,0.6338934302330017
0.089,0.8757894736842106,0.6299121379852295
0.09,0.8757894736842106,0.629702091217041
0.09,0.8778947368421053,0.6258025765419006
0.091,0.8778947368421053,0.6254612803459167
0.091,0.8818421052631579,0.6196434497833252
0.092,0.8818421052631579,0.6181108951568604
0.092,0.8826315789473684,0.6174193024635315
0.093,0.8826315789473684,0.6160653233528137
0.093,0.8831578947368421,0.6151828765869141
0.094,0.8831578947368421,0.614217221736908
0.094,0.8839473684210526,0.6127482652664185
0.095,0.8839473684210526,0.612651526927948
0.095,0.8844736842105263,0.6119049787521362
0.096,0.8844736842105263,0.6118940114974976
0.096,0.8847368421052632,0.6116704940795898
0.097,0.8847368421052632,0.6084932088851929
0.097,0.8852631578947369,0.6083390116691589
0.098,0.8852631578947369,0.6076558828353882
0.098,0.8855263157894737,0.6063238978385925
0.099,0.8855263157894737,0.6061131358146667
0.099,0.8892105263157895,0.6011691093444824
0.1,0.8892105263157895,0.6003844738006592
0.1,0.891578947368421,0.5962503552436829
0.101,0.891578947368421,0.5960083603858948
0.101,0.8918421052631579,0.5957510471343994
0.103,0.8918421052631579,0.5947235822677612
0.103,0.8939473684210526,0.5905588269233704
0.104,0.8939473684210526,0.5904343724250793
0.104,0.8952631578947369,0.5878222584724426
0.105,0.8952631578947369,0.5868422985076904
0.105,0.8984210526315789,0.5828357338905334
0.106,0.8984210526315789,0.5827399492263794
0.106,0.8992105263157895,0.5782431960105896
0.107,0.8992105263157895,0.5780099034309387
0.107,0.9,0.5776380896568298
0.108,0.9,0.5773142576217651
0.108,0.9002631578947369,0.5768284797668457
0.109,0.9002631578947369,0.5768201947212219
0.109,0.9023684210526316,0.5676991939544678
0.11,0.9023684210526316,0.5671419501304626
0.11,0.9026315789473685,0.5669286251068115
0.111,0.9026315789473685,0.5668506026268005
0.111,0.9031578947368422,0.5657574534416199
0.112,0.9031578947368422,0.5657280683517456
0.112,0.9042105263157895,0.5640964508056641
0.114,0.9042105263157895,0.5624366402626038
0.114,0.9060526315789473,0.5572977066040039
0.115,0.9060526315789473,0.5572781562805176
0.115,0.9068421052631579,0.5546834468841553
0.117,0.9068421052631579,0.5542109608650208
0.117,0.91,0.5463114380836487
0.118,0.91,0.5455679893493652
0.118,0.9107894736842105,0.5445062518119812
0.119,0.9107894736842105,0.5408259034156799
0.119,0.9118421052631579,0.5373026728630066
0.12,0.9118421052631579,0.5363978147506714
0.12,0.9126315789473685,0.5337969064712524
0.121,0.9126315789473685,0.5308502912521362
0.121,0.9131578947368421,0.528779923915863
0.123,0.9131578947368421,0.5272224545478821
0.123,0.9142105263157895,0.524699866771698
0.125,0.9142105263157895,0.5223243832588196
0.125,0.916578947368421,0.5135984420776367
0.126,0.916578947368421,0.5126768946647644
0.126,0.9168421052631579,0.5123181343078613
0.129,0.9168421052631579,0.5093142986297607
0.129,0.9171052631578948,0.5088567137718201
0.131,0.9171052631578948,0.5071724057197571
0.131,0.9178947368421052,0.5067195892333984
0.135,0.9178947368421052,0.5049062967300415
0.135,0.9181578947368421,0.5045114159584045
0.136,0.9181578947368421,0.5040340423583984
0.136,0.9184210526315789,0.5016188621520996
0.138,0.9184210526315789,0.5000807046890259
0.138,0.9194736842105263,0.49734991788864136
0.139,0.9194736842105263,0.49717482924461365
0.139,0.92,0.4953509569168091
0.14,0.92,0.49530136585235596
0.14,0.9202631578947369,0.49421337246894836
0.141,0.9202631578947369,0.4941066801548004
0.141,0.9205263157894736,0.49343353509902954
0.142,0.9205263157894736,0.4926891326904297
0.142,0.9207894736842105,0.49193328619003296
0.147,0.9207894736842105,0.4824478328227997
0.147,0.9210526315789473,0.48219776153564453
0.149,0.9210526315789473,0.4798848628997803
0.149,0.9213157894736842,0.4790939688682556
0.15,0.9213157894736842,0.47907528281211853
0.15,0.921578947368421,0.4788679778575897
0.154,0.921578947368421,0.4761733114719391
0.154,0.9218421052631579,0.47195422649383545
0.156,0.9218421052631579,0.4712682068347931
0.156,0.9226315789473685,0.4695035219192505
0.158,0.9226315789473685,0.4667319655418396
0.158,0.9228947368421052,0.466634601354599
0.161,0.9228947368421052,0.46025851368904114
0.161,0.9231578947368421,0.4586806297302246
0.163,0.9231578947368421,0.45466315746307373
0.163,0.9234210526315789,0.4515838027000427
0.165,0.9234210526315789,0.4506981670856476
0.165,0.9239473684210526,0.4486948251724243
0.166,0.9239473684210526,0.44649961590766907
0.166,0.9242105263157895,0.44532960653305054
0.169,0.9242105263157895,0.43573087453842163
0.169,0.925,0.43235933780670166
0.172,0.925,0.4301338195800781
0.172,0.9255263157894736,0.429458349943161
0.173,0.9255263157894736,0.42878013849258423
0.173,0.9263157894736842,0.418576180934906
0.174,0.9263157894736842,0.4180113673210144
0.174,0.9265789473684211,0.41692766547203064
0.176,0.9265789473684211,0.41467148065567017
0.176,0.9268421052631579,0.41390755772590637
0.18,0.9268421052631579,0.40780818462371826
0.18,0.9278947368421052,0.4052997827529907
0.184,0.9278947368421052,0.40248802304267883
0.184,0.9281578947368421,0.4001051187515259
0.188,0.9281578947368421,0.39662861824035645
0.188,0.9284210526315789,0.3964323401451111
0.192,0.9284210526315789,0.39386025071144104
0.192,0.9286842105263158,0.3935948312282562
0.194,0.9286842105263158,0.39114174246788025
0.194,0.9289473684210526,0.3898274600505829
0.203,0.9289473684210526,0.3807782232761383
0.203,0.9292105263157895,0.3804785907268524
0.204,0.9292105263157895,0.3802717626094818
0.204,0.9294736842105263,0.380018949508667
0.206,0.9294736842105263,0.37867245078086853
0.206,0.9297368421052632,0.3775786757469177
0.207,0.9297368421052632,0.3768068552017212
0.207,0.93,0.37653014063835144
0.209,0.93,0.3696172535419464
0.209,0.9302631578947368,0.3687226474285126
0.212,0.9302631578947368,0.3666258454322815
0.212,0.9305263157894736,0.3659747838973999
0.217,0.9305263157894736,0.3607085943222046
0.217,0.9315789473684211,0.3575834333896637
0.218,0.9315789473684211,0.3555646538734436
0.218,0.9318421052631579,0.35499823093414307
0.227,0.9318421052631579,0.3495798110961914
0.227,0.9321052631578948,0.34900590777397156
0.232,0.9321052631578948,0.34419265389442444
0.232,0.9323684210526316,0.34417960047721863
0.233,0.9323684210526316,0.3418909013271332
0.233,0.9326315789473684,0.3418470025062561
0.234,0.9326315789473684,0.33984577655792236
0.234,0.9331578947368421,0.3374180495738983
0.236,0.9331578947368421,0.3358590006828308
0.236,0.9334210526315789,0.33583804965019226
0.237,0.9334210526315789,0.3340509235858917
0.237,0.9339473684210526,0.3325369954109192
0.24,0.9339473684210526,0.33179688453674316
0.24,0.9344736842105263,0.33018219470977783
0.243,0.9344736842105263,0.32712796330451965
0.243,0.9347368421052632,0.3264947533607483
0.246,0.9347368421052632,0.3232194781303406
0.246,0.935,0.3223109841346741
0.247,0.935,0.3216366469860077
0.247,0.9352631578947368,0.32085368037223816
0.249,0.9352631578947368,0.3186488747596741
0.249,0.9355263157894737,0.31676456332206726
0.253,0.9355263157894737,0.31175652146339417
0.253,0.9357894736842105,0.3116382956504822
0.254,0.9357894736842105,0.3113866150379181
0.254,0.9363157894736842,0.310359388589859
0.256,0.9363157894736842,0.3078928589820862
0.256,0.9368421052631579,0.3040081858634949
0.257,0.9368421052631579,0.30365753173828125
0.257,0.9371052631578948,0.30205264687538147
0.259,0.9371052631578948,0.3005036413669586
0.259,0.9373684210526316,0.30033814907073975
0.26,0.9373684210526316,0.3002595007419586
0.26,0.9376315789473684,0.29907044768333435
0.261,0.9376315789473684,0.2971159517765045
0.261,0.9389473684210526,0.2940405607223511
0.262,0.9389473684210526,0.2932630777359009
0.262,0.9392105263157895,0.29266875982284546
0.263,0.9392105263157895,0.2918398976325989
0.263,0.9394736842105263,0.29089343547821045
0.264,0.9394736842105263,0.2908819913864136
0.264,0.9397368421052632,0.2908458709716797
0.267,0.9397368421052632,0.2881510555744171
0.267,0.94,0.2867535352706909
0.268,0.94,0.28645721077919006
0.268,0.9407894736842105,0.28564441204071045
0.269,0.9407894736842105,0.2854781150817871
0.269,0.9423684210526316,0.28039953112602234
0.273,0.9423684210526316,0.27939897775650024
0.273,0.9426315789473684,0.2791300415992737
0.276,0.9426315789473684,0.27552855014801025
0.276,0.9428947368421052,0.2750343084335327
0.277,0.9428947368421052,0.2735765874385834
0.277,0.9434210526315789,0.27335742115974426
0.281,0.9434210526315789,0.27215996384620667
0.281,0.9442105263157895,0.27050718665122986
0.283,0.9442105263157895,0.27010977268218994
0.283,0.9444736842105264,0.2688189446926117
0.285,0.9444736842105264,0.2681061625480652
0.285,0.945,0.2678390145301819
0.286,0.945,0.26778513193130493
0.286,0.9452631578947368,0.2670145034790039
0.287,0.9452631578947368,0.26667821407318115
0.287,0.9457894736842105,0.26531851291656494
0.288,0.9457894736842105,0.2651921212673187
0.288,0.9465789473684211,0.2635209262371063
0.289,0.9465789473684211,0.26209643483161926
0.289,0.9468421052631579,0.2613821029663086
0.29,0.9468421052631579,0.2610761225223541
0.29,0.9471052631578948,0.26066115498542786
0.293,0.9471052631578948,0.2594638168811798
0.293,0.9473684210526315,0.25919109582901
0.294,0.9473684210526315,0.2586135268211365
0.294,0.9478947368421052,0.2579527199268341
0.295,0.9478947368421052,0.25767624378204346
0.295,0.9492105263157895,0.25333839654922485
0.297,0.9492105263157895,0.2527267634868622
0.297,0.9494736842105264,0.25219470262527466
0.3,0.9494736842105264,0.2512933313846588
0.3,0.95,0.25093814730644226
0.301,0.95,0.24996784329414368
0.301,0.9502631578947368,0.24994505941867828
0.304,0.9502631578947368,0.24900458753108978
0.304,0.9507894736842105,0.24820969998836517
0.305,0.9507894736842105,0.24717475473880768
0.305,0.9510526315789474,0.24637795984745026
0.31,0.9510526315789474,0.24492137134075165
0.31,0.9515789473684211,0.24415989220142365
0.311,0.9515789473684211,0.24401378631591797
0.311,0.9521052631578948,0.2428402602672577
0.313,0.9521052631578948,0.24096593260765076
0.313,0.9523684210526315,0.2397998720407486
0.314,0.9523684210526315,0.2394181340932846
0.314,0.9526315789473684,0.23803222179412842
0.315,0.9526315789473684,0.2376105934381485
0.315,0.9539473684210527,0.23615358769893646
0.316,0.9539473684210527,0.2361236959695816
0.316,0.955,0.23471786081790924
0.317,0.955,0.23463451862335205
0.317,0.9557894736842105,0.23241277039051056
0.318,0.9557894736842105,0.2321181744337082
0.318,0.9560526315789474,0.2320098578929901
0.321,0.9560526315789474,0.2308512181043625
0.321,0.9565789473684211,0.22987592220306396
0.322,0.9565789473684211,0.2294231504201889
0.322,0.9568421052631579,0.2287837564945221
0.326,0.9568421052631579,0.2256982922554016
0.326,0.9571052631578948,0.22547785937786102
0.327,0.9571052631578948,0.22536426782608032
0.327,0.9576315789473684,0.2243952453136444
0.328,0.9576315789473684,0.22416415810585022
0.328,0.9581578947368421,0.22348922491073608
0.329,0.9581578947368421,0.2234116494655609
0.329,0.958421052631579,0.22299984097480774
0.33,0.958421052631579,0.22296489775180817
0.33,0.9589473684210527,0.2217542827129364
0.332,0.9589473684210527,0.2209235429763794
0.332,0.9592105263157895,0.22054344415664673
0.335,0.9592105263157895,0.22009633481502533
0.335,0.9594736842105264,0.21970169246196747
0.336,0.9594736842105264,0.21936862170696259
0.336,0.9597368421052631,0.21919436752796173
0.337,0.9597368421052631,0.21918335556983948
0.337,0.9610526315789474,0.21711210906505585
0.338,0.9610526315789474,0.21675017476081848
0.338,0.9623684210526315,0.21358492970466614
0.344,0.9623684210526315,0.21204526722431183
0.344,0.9626315789473684,0.21201547980308533
0.346,0.9626315789473684,0.2116292268037796
0.346,0.9628947368421052,0.21115924417972565
0.347,0.9628947368421052,0.21112926304340363
0.347,0.963421052631579,0.21084749698638916
0.348,0.963421052631579,0.21024590730667114
0.348,0.9642105263157895,0.20943038165569305
0.353,0.9642105263157895,0.20856480300426483
0.353,0.965,0.20712722837924957
0.359,0.965,0.20606030523777008
0.359,0.9652631578947368,0.20553156733512878
0.361,0.9652631578947368,0.2043890357017517
0.361,0.9655263157894737,0.20201458036899567
0.362,0.9655263157894737,0.20190973579883575
0.362,0.9657894736842105,0.2018163949251175
0.369,0.9657894736842105,0.19829197227954865
0.369,0.9663157894736842,0.1975356638431549
0.375,0.9663157894736842,0.19571754336357117
0.375,0.966842105263158,0.19518348574638367
0.376,0.966842105263158,0.19507619738578796
0.376,0.9673684210526315,0.19433210790157318
0.379,0.9673684210526315,0.19330234825611115
0.379,0.9678947368421053,0.19266557693481445
0.38,0.9678947368421053,0.1925482600927353
0.38,0.9689473684210527,0.19138288497924805
0.386,0.9689473684210527,0.19016940891742706
0.386,0.9694736842105263,0.18830916285514832
0.387,0.9694736842105263,0.18815438449382782
0.387,0.97,0.18708370625972748
0.39,0.97,0.18646514415740967
0.39,0.9702631578947368,0.18613223731517792
0.391,0.9702631578947368,0.18603788316249847
0.391,0.9713157894736842,0.18468497693538666
0.395,0.9713157894736842,0.1832672655582428
0.395,0.9715789473684211,0.18320561945438385
0.398,0.9715789473684211,0.18298141658306122
0.398,0.9718421052631578,0.18277966976165771
0.399,0.9718421052631578,0.18220743536949158
0.399,0.9721052631578947,0.18179453909397125
0.4,0.9721052631578947,0.18165132403373718
0.4,0.9723684210526315,0.18156017363071442
0.404,0.9723684210526315,0.18099136650562286
0.404,0.9726315789473684,0.18098261952400208
0.411,0.9726315789473684,0.17948207259178162
0.411,0.9731578947368421,0.17935819923877716
0.412,0.9731578947368421,0.17898069322109222
0.412,0.973421052631579,0.17883411049842834
0.413,0.973421052631579,0.1787191480398178
0.413,0.9739473684210527,0.1785310059785843
0.414,0.9739473684210527,0.17846380174160004
0.414,0.9744736842105263,0.17811648547649384
0.419,0.9744736842105263,0.17726048827171326
0.419,0.9747368421052631,0.17667150497436523
0.421,0.9747368421052631,0.17624276876449585
0.421,0.975,0.1760229915380478
0.423,0.975,0.17590104043483734
0.423,0.9755263157894737,0.1755749136209488
0.424,0.9755263157894737,0.1755547821521759
0.424,0.9757894736842105,0.17535832524299622
0.426,0.9757894736842105,0.17453686892986298
0.426,0.9760526315789474,0.17446628212928772
0.427,0.9760526315789474,0.17424632608890533
0.427,0.9763157894736842,0.17374800145626068
0.429,0.9763157894736842,0.1734677106142044
0.429,0.9765789473684211,0.17316389083862305
0.43,0.9765789473684211,0.17310428619384766
0.43,0.9768421052631578,0.17305819690227509
0.44,0.9768421052631578,0.1712523251771927
0.44,0.9771052631578947,0.17108036577701569
0.444,0.9771052631578947,0.17076341807842255
0.444,0.9773684210526316,0.17026425898075104
0.445,0.9773684210526316,0.16928808391094208
0.445,0.9776315789473684,0.16816847026348114
0.446,0.9776315789473684,0.1679864376783371
0.446,0.9778947368421053,0.1677953153848648
0.448,0.9778947368421053,0.16679047048091888
0.448,0.978421052631579,0.16644665598869324
0.449,0.978421052631579,0.16605260968208313
0.449,0.9786842105263158,0.16596660017967224
0.45,0.9786842105263158,0.165599524974823
0.45,0.9789473684210527,0.1655629724264145
0.454,0.9789473684210527,0.1652989685535431
0.454,0.9792105263157894,0.16498683393001556
0.455,0.9792105263157894,0.16467523574829102
0.455,0.9794736842105263,0.16462866961956024
0.456,0.9794736842105263,0.16440796852111816
0.456,0.98,0.16405600309371948
0.46,0.98,0.16320505738258362
0.46,0.9802631578947368,0.16288021206855774
0.462,0.9802631578947368,0.16272784769535065
0.462,0.9805263157894737,0.16221556067466736
0.466,0.9805263157894737,0.16166922450065613
0.466,0.9813157894736843,0.16145752370357513
0.467,0.9813157894736843,0.1612803041934967
0.467,0.9815789473684211,0.16122284531593323
0.469,0.9815789473684211,0.16071397066116333
0.469,0.9818421052631578,0.16050685942173004
0.47,0.9818421052631578,0.16031332314014435
0.47,0.9821052631578947,0.15994217991828918
0.475,0.9821052631578947,0.15885168313980103
0.475,0.9826315789473684,0.15818440914154053
0.477,0.9826315789473684,0.1575533151626587
0.477,0.9828947368421053,0.15731307864189148
0.481,0.9828947368421053,0.1571980118751526
0.481,0.9831578947368421,0.15700380504131317
0.482,0.9831578947368421,0.156986802816391
0.482,0.983421052631579,0.1569390445947647
0.483,0.983421052631579,0.1557956486940384
0.483,0.9844736842105263,0.155259370803833
0.486,0.9844736842105263,0.15420931577682495
0.486,0.9847368421052631,0.15400195121765137
0.488,0.9847368421052631,0.15346825122833252
0.488,0.985,0.15315255522727966
0.506,0.985,0.1484166383743286
0.506,0.9852631578947368,0.14822335541248322
0.507,0.9852631578947368,0.14802518486976624
0.507,0.9855263157894737,0.14736099541187286
0.509,0.9855263157894737,0.14652755856513977
0.509,0.9857894736842105,0.14647698402404785
0.51,0.9857894736842105,0.14612817764282227
0.51,0.9860526315789474,0.14591410756111145
0.513,0.9860526315789474,0.14492014050483704
0.513,0.9863157894736843,0.14470581710338593
0.514,0.9863157894736843,0.14455854892730713
0.514,0.986578947368421,0.14450934529304504
0.518,0.986578947368421,0.14402098953723907
0.518,0.9868421052631579,0.14399166405200958
0.52,0.9868421052631579,0.14336280524730682
0.52,0.9873684210526316,0.14272403717041016
0.521,0.9873684210526316,0.1422978788614273
0.521,0.9878947368421053,0.1415565460920334
0.531,0.9878947368421053,0.13914498686790466
0.531,0.9881578947368421,0.13909323513507843
0.532,0.9881578947368421,0.13879062235355377
0.532,0.9889473684210527,0.1386536955833435
0.533,0.9889473684210527,0.13848121464252472
0.533,0.9892105263157894,0.13843385875225067
0.535,0.9892105263157894,0.13831675052642822
0.535,0.9894736842105263,0.1383131444454193
0.54,0.9894736842105263,0.13713225722312927
0.54,0.9902631578947368,0.13668249547481537
0.548,0.9902631578947368,0.13410881161689758
0.548,0.991578947368421,0.13308987021446228
0.553,0.991578947368421,0.1319192349910736
0.553,0.9918421052631579,0.13176624476909637
0.556,0.9918421052631579,0.13075348734855652
0.556,0.9921052631578947,0.13001273572444916
0.56,0.9921052631578947,0.1290900856256485
0.56,0.9923684210526316,0.12893228232860565
0.561,0.9923684210526316,0.1288871020078659
0.561,0.9928947368421053,0.12859535217285156
0.562,0.9928947368421053,0.1285054087638855
0.562,0.9931578947368421,0.1284879744052887
0.566,0.9931578947368421,0.12729421257972717
0.566,0.9939473684210526,0.12668298184871674
0.568,0.9939473684210526,0.12634451687335968
0.568,0.9942105263157894,0.12627798318862915
0.569,0.9942105263157894,0.12619416415691376
0.569,0.9944736842105263,0.12614764273166656
0.578,0.9944736842105263,0.12280046939849854
0.578,0.9947368421052631,0.12222769856452942
0.579,0.9947368421052631,0.12212150543928146
0.579,0.995,0.12194687128067017
0.589,0.995,0.11838465929031372
0.589,0.9952631578947368,0.11832312494516373
0.593,0.9952631578947368,0.11717136204242706
0.593,0.9955263157894737,0.11666274815797806
0.599,0.9955263157894737,0.11552990972995758
0.599,0.9957894736842106,0.11548049002885818
0.6,0.9957894736842106,0.11507073044776917
0.6,0.9963157894736843,0.11479664593935013
0.606,0.9963157894736843,0.11369559168815613
0.606,0.996578947368421,0.11361003667116165
0.609,0.996578947368421,0.11314770579338074
0.609,0.9968421052631579,0.11307989060878754
0.611,0.9968421052631579,0.1129508689045906
0.611,0.9973684210526316,0.11197017133235931
0.616,0.9973684210526316,0.11025556176900864
0.616,0.9978947368421053,0.10892581939697266
0.627,0.9978947368421053,0.10529161244630814
0.627,0.9981578947368421,0.10509724169969559
0.633,0.9981578947368421,0.10431475937366486
0.633,0.9986842105263158,0.10395141690969467
0.635,0.9986842105263158,0.10349152982234955
0.635,0.9989473684210526,0.10323715209960938
0.64,0.9989473684210526,0.1016482338309288
0.64,0.9992105263157894,0.10164817422628403
0.677,0.9992105263157894,0.09200930595397949
0.677,0.9994736842105263,0.09181966632604599
0.683,0.9994736842105263,0.09051160514354706
0.683,0.9997368421052631,0.09017406404018402
0.705,0.9997368421052631,0.08245079219341278
0.705,1.0,0.08224044740200043
1.0,1.0,0.0032693003304302692
