FPR,TPR,Threshold
0.0,0.0,1.9977978467941284
0.0,0.0002105263157894737,0.9977978467941284
0.0,0.02568421052631579,0.9808825850486755
0.0008,0.02568421052631579,0.9808622002601624
0.0008,0.032842105263157895,0.9781439900398254
0.0024,0.032842105263157895,0.9780213236808777
0.0024,0.037263157894736845,0.9753711223602295
0.004,0.037263157894736845,0.9752652049064636
0.004,0.03915789473684211,0.974825918674469
0.0048,0.03915789473684211,0.9746763110160828
0.0048,0.041473684210526315,0.9737314581871033
0.0056,0.041473684210526315,0.9736874103546143
0.0056,0.04252631578947368,0.9732947945594788
0.0072,0.04252631578947368,0.9729427099227905
0.0072,0.044,0.9725877642631531
0.0096,0.044,0.9724790453910828
0.0096,0.04778947368421053,0.9710149765014648
0.0104,0.04778947368421053,0.9709361791610718
0.0104,0.048,0.9709206819534302
0.0112,0.048,0.9707968831062317
0.0112,0.04863157894736842,0.9703630208969116
0.012,0.04863157894736842,0.9702937006950378
0.012,0.04968421052631579,0.9698143601417542
0.0128,0.04968421052631579,0.9697586297988892
0.0128,0.05136842105263158,0.9689978957176208
0.0136,0.05136842105263158,0.9689117074012756
0.0136,0.05263157894736842,0.9678576588630676
0.0144,0.05263157894736842,0.9677866101264954
0.0144,0.053052631578947365,0.9676464200019836
0.0152,0.053052631578947365,0.967379629611969
0.0152,0.054947368421052634,0.9663742780685425
0.0176,0.054947368421052634,0.9663050174713135
0.0176,0.056,0.9654799103736877
0.0184,0.056,0.9654728174209595
0.0184,0.056210526315789475,0.965363621711731
0.0192,0.056210526315789475,0.9653158187866211
0.0192,0.056842105263157895,0.9651293754577637
0.02,0.056842105263157895,0.965012788772583
0.02,0.05705263157894737,0.9647560715675354
0.0216,0.05705263157894737,0.964731752872467
0.0216,0.05726315789473684,0.9647256731987
0.0224,0.05726315789473684,0.9647162556648254
0.0224,0.05789473684210526,0.9646260738372803
0.0232,0.05789473684210526,0.9645218849182129
0.0232,0.059157894736842104,0.9638457894325256
0.024,0.059157894736842104,0.9638239741325378
0.024,0.059789473684210524,0.9637970328330994
0.0248,0.059789473684210524,0.9637535214424133
0.0248,0.06,0.9636785984039307
0.0264,0.06,0.9636366367340088
0.0264,0.060421052631578945,0.9634681940078735
0.0272,0.060421052631578945,0.9634230136871338
0.0272,0.06126315789473684,0.9628538489341736
0.028,0.06126315789473684,0.9625858068466187
0.028,0.06294736842105263,0.9615846872329712
0.0288,0.06294736842105263,0.9612715244293213
0.0288,0.06315789473684211,0.9611831903457642
0.0296,0.06315789473684211,0.961168110370636
0.0296,0.06378947368421052,0.9609981775283813
0.0304,0.06378947368421052,0.9609895944595337
0.0304,0.06505263157894736,0.9604382514953613
0.032,0.06505263157894736,0.9602836966514587
0.032,0.06652631578947368,0.9594854712486267
0.0328,0.06652631578947368,0.9594079256057739
0.0328,0.06673684210526316,0.9592458605766296
0.0336,0.06673684210526316,0.9591667652130127
0.0336,0.06989473684210526,0.9567463994026184
0.0352,0.06989473684210526,0.9565240740776062
0.0352,0.07326315789473684,0.9546579122543335
0.036,0.07326315789473684,0.9543730616569519
0.036,0.07578947368421053,0.953429639339447
0.0368,0.07578947368421053,0.953377902507782
0.0368,0.076,0.953190267086029
0.0376,0.076,0.953060507774353
0.0376,0.07936842105263157,0.9512168169021606
0.0384,0.07936842105263157,0.951033353805542
0.0384,0.08042105263157895,0.9505946636199951
0.0392,0.08042105263157895,0.9504968523979187
0.0392,0.08463157894736842,0.947861909866333
0.04,0.08463157894736842,0.9478487372398376
0.04,0.09157894736842105,0.9451040029525757
0.0408,0.09157894736842105,0.944850742816925
0.0408,0.09705263157894736,0.9424927830696106
0.0416,0.09705263157894736,0.9424294829368591
0.0416,0.0983157894736842,0.9420639276504517
0.0424,0.0983157894736842,0.9419126510620117
0.0424,0.1016842105263158,0.940769374370575
0.0432,0.1016842105263158,0.9406183958053589
0.0432,0.116,0.934642493724823
0.044,0.116,0.9346308708190918
0.044,0.12126315789473684,0.9318293333053589
0.0448,0.12126315789473684,0.9317744970321655
0.0448,0.12378947368421053,0.9302999973297119
0.0464,0.12378947368421053,0.930158793926239
0.0464,0.13621052631578948,0.9225417971611023
0.0472,0.13621052631578948,0.9225233197212219
0.0472,0.1416842105263158,0.9184768795967102
0.048,0.1416842105263158,0.9178757667541504
0.048,0.14863157894736842,0.9133756160736084
0.0488,0.14863157894736842,0.9131392240524292
0.0488,0.16778947368421052,0.903133749961853
0.0496,0.16778947368421052,0.9030282497406006
0.0496,0.16905263157894737,0.902610182762146
0.0504,0.16905263157894737,0.9024365544319153
0.0504,0.17073684210526316,0.9018953442573547
0.0512,0.17073684210526316,0.9018898010253906
0.0512,0.17305263157894737,0.9005332589149475
0.052,0.17305263157894737,0.9002594947814941
0.052,0.17726315789473684,0.8979133367538452
0.0528,0.17726315789473684,0.8979064226150513
0.0528,0.18378947368421053,0.8934381604194641
0.0536,0.18378947368421053,0.8930754065513611
0.0536,0.19178947368421054,0.889613687992096
0.0544,0.19178947368421054,0.8895767331123352
0.0544,0.19894736842105262,0.8851390480995178
0.0552,0.19894736842105262,0.885101318359375
0.0552,0.20821052631578948,0.8789777159690857
0.056,0.20821052631578948,0.8789384365081787
0.056,0.21073684210526317,0.8779413104057312
0.0568,0.21073684210526317,0.8779200911521912
0.0568,0.21263157894736842,0.8765844106674194
0.0576,0.21263157894736842,0.8764029145240784
0.0576,0.2265263157894737,0.8699799180030823
0.0592,0.2265263157894737,0.8695298433303833
0.0592,0.22821052631578947,0.8682425022125244
0.0608,0.22821052631578947,0.867956280708313
0.0608,0.2351578947368421,0.8641040325164795
0.0616,0.2351578947368421,0.8640530705451965
0.0616,0.2391578947368421,0.8618596196174622
0.0624,0.2391578947368421,0.8617823123931885
0.0624,0.24105263157894738,0.8609352707862854
0.0632,0.24105263157894738,0.8608698844909668
0.0632,0.25094736842105264,0.8552350401878357
0.064,0.25094736842105264,0.855221688747406
0.064,0.252,0.8540817499160767
0.0648,0.252,0.853959321975708
0.0648,0.2536842105263158,0.8529828786849976
0.0656,0.2536842105263158,0.8529810309410095
0.0656,0.2538947368421053,0.852979838848114
0.0664,0.2538947368421053,0.8529796600341797
0.0664,0.25494736842105264,0.8526923060417175
0.0672,0.25494736842105264,0.8526540994644165
0.0672,0.2553684210526316,0.8525670170783997
0.068,0.2553684210526316,0.8522656559944153
0.068,0.26,0.8501322865486145
0.0688,0.26,0.8501240015029907
0.0688,0.26610526315789473,0.8458986878395081
0.0696,0.26610526315789473,0.8458822965621948
0.0696,0.2671578947368421,0.8455603718757629
0.0704,0.2671578947368421,0.8455403447151184
0.0704,0.2673684210526316,0.8453832864761353
0.0712,0.2673684210526316,0.8453700542449951
0.0712,0.27010526315789474,0.8435992002487183
0.072,0.27010526315789474,0.8435360193252563
0.072,0.27157894736842103,0.8423468470573425
0.0728,0.27157894736842103,0.8423203825950623
0.0728,0.27221052631578946,0.8418591618537903
0.0736,0.27221052631578946,0.841569721698761
0.0736,0.2728421052631579,0.8412265181541443
0.0744,0.2728421052631579,0.8412230610847473
0.0744,0.2753684210526316,0.8399531841278076
0.0752,0.2753684210526316,0.8399206399917603
0.0752,0.276,0.839590847492218
0.076,0.276,0.8395510911941528
0.076,0.2772631578947368,0.8391355276107788
0.0776,0.2772631578947368,0.8388908505439758
0.0776,0.28357894736842104,0.8342666625976562
0.0784,0.28357894736842104,0.8342640399932861
0.0784,0.2850526315789474,0.8331906199455261
0.0792,0.2850526315789474,0.8331542015075684
0.0792,0.2854736842105263,0.8331071138381958
0.08,0.2854736842105263,0.8327186107635498
0.08,0.2865263157894737,0.831844687461853
0.0808,0.2865263157894737,0.8317936658859253
0.0808,0.29242105263157897,0.8280833959579468
0.0816,0.29242105263157897,0.8280788064002991
0.0816,0.29726315789473684,0.8261551856994629
0.0824,0.29726315789473684,0.8260035514831543
0.0824,0.2983157894736842,0.8252204656600952
0.0832,0.2983157894736842,0.8251235485076904
0.0832,0.29936842105263156,0.8244040608406067
0.084,0.29936842105263156,0.8243756890296936
0.084,0.30126315789473684,0.8236231207847595
0.0848,0.30126315789473684,0.8235675096511841
0.0848,0.30357894736842106,0.8225157856941223
0.0856,0.30357894736842106,0.8224504590034485
0.0856,0.3044210526315789,0.8221831321716309
0.0864,0.3044210526315789,0.8219860196113586
0.0864,0.3048421052631579,0.8218008279800415
0.088,0.3048421052631579,0.821435272693634
0.088,0.3063157894736842,0.8208674192428589
0.0888,0.3063157894736842,0.8208654522895813
0.0888,0.31094736842105264,0.8186291456222534
0.0896,0.31094736842105264,0.8186228275299072
0.0896,0.31305263157894736,0.8175798654556274
0.0904,0.31305263157894736,0.8175017237663269
0.0904,0.31326315789473685,0.8174118995666504
0.0912,0.31326315789473685,0.8172822594642639
0.0912,0.3134736842105263,0.8172770142555237
0.092,0.3134736842105263,0.8172509670257568
0.092,0.3136842105263158,0.8172383308410645
0.0928,0.3136842105263158,0.8172219395637512
0.0928,0.3138947368421053,0.8172177672386169
0.0936,0.3138947368421053,0.8171302676200867
0.0936,0.3157894736842105,0.8161046504974365
0.0944,0.3157894736842105,0.8160269260406494
0.0944,0.316,0.8159482479095459
0.0952,0.316,0.8158634305000305
0.0952,0.31684210526315787,0.8145455121994019
0.0968,0.31684210526315787,0.8144820332527161
0.0968,0.3202105263157895,0.8128503561019897
0.0976,0.3202105263157895,0.8128460049629211
0.0976,0.3223157894736842,0.8122726678848267
0.0984,0.3223157894736842,0.8121438026428223
0.0984,0.324,0.8114657998085022
0.0992,0.324,0.811404824256897
0.0992,0.32589473684210524,0.8101966381072998
0.1008,0.32589473684210524,0.8101781606674194
0.1008,0.3294736842105263,0.8087782859802246
0.1016,0.3294736842105263,0.8085906505584717
0.1016,0.33052631578947367,0.8083688616752625
0.1032,0.33052631578947367,0.8082823753356934
0.1032,0.3336842105263158,0.8071060180664062
0.104,0.3336842105263158,0.806909441947937
0.104,0.33431578947368423,0.806649923324585
0.1056,0.33431578947368423,0.8059222102165222
0.1056,0.33452631578947367,0.8057742714881897
0.1064,0.33452631578947367,0.805581271648407
0.1064,0.33473684210526317,0.8055222630500793
0.1072,0.33473684210526317,0.8054255843162537
0.1072,0.33642105263157895,0.8046708106994629
0.108,0.33642105263157895,0.8045116066932678
0.108,0.33789473684210525,0.8035014271736145
0.1088,0.33789473684210525,0.8032891750335693
0.1088,0.33873684210526317,0.8028565645217896
0.1096,0.33873684210526317,0.8027663230895996
0.1096,0.3433684210526316,0.8002881407737732
0.1104,0.3433684210526316,0.8001865744590759
0.1104,0.3473684210526316,0.7981650233268738
0.1112,0.3473684210526316,0.7981582283973694
0.1112,0.35242105263157897,0.7952516078948975
0.112,0.35242105263157897,0.7952242493629456
0.112,0.3526315789473684,0.7952159643173218
0.1128,0.3526315789473684,0.7952137589454651
0.1128,0.35347368421052633,0.7947713732719421
0.1144,0.35347368421052633,0.7944445610046387
0.1144,0.35768421052631577,0.7921903729438782
0.1152,0.35768421052631577,0.7921700477600098
0.1152,0.3631578947368421,0.7893892526626587
0.116,0.3631578947368421,0.7893258929252625
0.116,0.3642105263157895,0.7890333533287048
0.1168,0.3642105263157895,0.7889591455459595
0.1168,0.37115789473684213,0.7862633466720581
0.1176,0.37115789473684213,0.7862181663513184
0.1176,0.3751578947368421,0.7843917012214661
0.1184,0.3751578947368421,0.783958911895752
0.1184,0.3778947368421053,0.7822088599205017
0.1192,0.3778947368421053,0.7820661067962646
0.1192,0.3848421052631579,0.7787054777145386
0.12,0.3848421052631579,0.7784755825996399
0.12,0.3854736842105263,0.7781784534454346
0.1208,0.3854736842105263,0.7780857682228088
0.1208,0.38821052631578945,0.7769619226455688
0.1216,0.38821052631578945,0.7768112421035767
0.1216,0.38863157894736844,0.7767022848129272
0.1224,0.38863157894736844,0.7762829661369324
0.1224,0.3911578947368421,0.7751222252845764
0.1232,0.3911578947368421,0.7749131321907043
0.1232,0.39663157894736845,0.7722607851028442
0.124,0.39663157894736845,0.7721889615058899
0.124,0.39810526315789474,0.7718763947486877
0.1248,0.39810526315789474,0.7718217372894287
0.1248,0.40273684210526317,0.7687203288078308
0.1256,0.40273684210526317,0.7684460878372192
0.1256,0.40421052631578946,0.7679798603057861
0.1264,0.40421052631578946,0.7677212953567505
0.1264,0.4052631578947368,0.7669734954833984
0.1272,0.4052631578947368,0.766951322555542
0.1272,0.40610526315789475,0.7667101621627808
0.128,0.40610526315789475,0.7667010426521301
0.128,0.4126315789473684,0.76378333568573
0.1288,0.4126315789473684,0.763716995716095
0.1288,0.41810526315789476,0.7606421113014221
0.1296,0.41810526315789476,0.7606310248374939
0.1296,0.4187368421052632,0.7600390911102295
0.1304,0.4187368421052632,0.7598873972892761
0.1304,0.4216842105263158,0.7577542662620544
0.1312,0.4216842105263158,0.7577342987060547
0.1312,0.4225263157894737,0.7574111819267273
0.132,0.4225263157894737,0.7574033141136169
0.132,0.42547368421052634,0.7559658885002136
0.1328,0.42547368421052634,0.7558092474937439
0.1328,0.4256842105263158,0.7557739615440369
0.1336,0.4256842105263158,0.755749523639679
0.1336,0.4376842105263158,0.7502898573875427
0.1344,0.4376842105263158,0.7502892017364502
0.1344,0.4393684210526316,0.7495770454406738
0.1352,0.4393684210526316,0.7494921088218689
0.1352,0.44063157894736843,0.7489660382270813
0.136,0.44063157894736843,0.7488539814949036
0.136,0.4416842105263158,0.748643696308136
0.1368,0.4416842105263158,0.7484964728355408
0.1368,0.444,0.7474988698959351
0.1376,0.444,0.7473750710487366
0.1376,0.4458947368421053,0.7460107803344727
0.1384,0.4458947368421053,0.745987594127655
0.1384,0.4461052631578947,0.7457857131958008
0.1392,0.4461052631578947,0.7455655336380005
0.1392,0.44863157894736844,0.7437225580215454
0.14,0.44863157894736844,0.7436809539794922
0.14,0.4488421052631579,0.7434254288673401
0.1408,0.4488421052631579,0.743358314037323
0.1408,0.4511578947368421,0.7421141862869263
0.1416,0.4511578947368421,0.7420730590820312
0.1416,0.4528421052631579,0.7404885292053223
0.1424,0.4528421052631579,0.7403842210769653
0.1424,0.45389473684210524,0.7398420572280884
0.1432,0.45389473684210524,0.7395910620689392
0.1432,0.4593684210526316,0.7362412214279175
0.144,0.4593684210526316,0.7361525297164917
0.144,0.46273684210526317,0.7329948544502258
0.1448,0.46273684210526317,0.7328159809112549
0.1448,0.4633684210526316,0.7322331666946411
0.1456,0.4633684210526316,0.7319017648696899
0.1456,0.46442105263157896,0.7315917611122131
0.1464,0.46442105263157896,0.7315585017204285
0.1464,0.468,0.7290329933166504
0.1472,0.468,0.7289826273918152
0.1472,0.4726315789473684,0.725818395614624
0.148,0.4726315789473684,0.725694477558136
0.148,0.48526315789473684,0.7182016968727112
0.1488,0.48526315789473684,0.7179701328277588
0.1488,0.4856842105263158,0.7174347043037415
0.1496,0.4856842105263158,0.7174036502838135
0.1496,0.4871578947368421,0.7167189121246338
0.1504,0.4871578947368421,0.7165675759315491
0.1504,0.48736842105263156,0.7162901759147644
0.1512,0.48736842105263156,0.7161511182785034
0.1512,0.4886315789473684,0.7150911092758179
0.152,0.4886315789473684,0.7150059938430786
0.152,0.4901052631578947,0.7142342925071716
0.1528,0.4901052631578947,0.7138849496841431
0.1528,0.4903157894736842,0.7138779759407043
0.1536,0.4903157894736842,0.7137157320976257
0.1536,0.492,0.7130305171012878
0.1544,0.492,0.7130286693572998
0.1544,0.4974736842105263,0.7099210619926453
0.1552,0.4974736842105263,0.7099207639694214
0.1552,0.4997894736842105,0.7085967659950256
0.156,0.4997894736842105,0.7085593342781067
0.156,0.5008421052631579,0.7078646421432495
0.1576,0.5008421052631579,0.7077707648277283
0.1576,0.5069473684210526,0.7051706910133362
0.1584,0.5069473684210526,0.7050023674964905
0.1584,0.5141052631578947,0.701113224029541
0.1592,0.5141052631578947,0.7008997797966003
0.1592,0.5145263157894737,0.7008159160614014
0.16,0.5145263157894737,0.7007126808166504
0.16,0.5153684210526316,0.6998859643936157
0.1608,0.5153684210526316,0.6998482942581177
0.1608,0.5166315789473684,0.6991341710090637
0.1632,0.5166315789473684,0.6983247399330139
0.1632,0.5168421052631579,0.6981591582298279
0.164,0.5168421052631579,0.6981104016304016
0.164,0.5189473684210526,0.6966312527656555
0.1648,0.5189473684210526,0.696588933467865
0.1648,0.5206315789473684,0.6959585547447205
0.1656,0.5206315789473684,0.6956266164779663
0.1656,0.5271578947368422,0.6926606893539429
0.1664,0.5271578947368422,0.692659854888916
0.1664,0.528,0.692307710647583
0.1672,0.528,0.6921616196632385
0.1672,0.5286315789473685,0.691719651222229
0.168,0.5286315789473685,0.6916652321815491
0.168,0.5324210526315789,0.6890716552734375
0.1688,0.5324210526315789,0.6890145540237427
0.1688,0.5326315789473685,0.6889511942863464
0.1696,0.5326315789473685,0.6888055801391602
0.1696,0.5328421052631579,0.6884282231330872
0.1704,0.5328421052631579,0.6884078979492188
0.1704,0.5332631578947369,0.6882994771003723
0.1712,0.5332631578947369,0.6882538199424744
0.1712,0.5336842105263158,0.6878975629806519
0.172,0.5336842105263158,0.6877396702766418
0.172,0.5345263157894737,0.687249481678009
0.1728,0.5345263157894737,0.6871659755706787
0.1728,0.535157894736842,0.6863337159156799
0.1744,0.535157894736842,0.6861106753349304
0.1744,0.5353684210526316,0.6860771775245667
0.1752,0.5353684210526316,0.6859554052352905
0.1752,0.536,0.6855510473251343
0.176,0.536,0.6855378150939941
0.176,0.539578947368421,0.6839292049407959
0.1768,0.539578947368421,0.6837652325630188
0.1768,0.5406315789473685,0.6827570796012878
0.1776,0.5406315789473685,0.6824170351028442
0.1776,0.5408421052631579,0.6823719143867493
0.1784,0.5408421052631579,0.6823353171348572
0.1784,0.5412631578947369,0.6821238994598389
0.1792,0.5412631578947369,0.6820436120033264
0.1792,0.5418947368421053,0.6816352605819702
0.18,0.5418947368421053,0.6815640330314636
0.18,0.5469473684210526,0.6791724562644958
0.1808,0.5469473684210526,0.6788599491119385
0.1808,0.5482105263157895,0.6784945726394653
0.1816,0.5482105263157895,0.6784842610359192
0.1816,0.5501052631578948,0.6775851845741272
0.1824,0.5501052631578948,0.6774079203605652
0.1824,0.5505263157894736,0.6769234538078308
0.1832,0.5505263157894736,0.6768724322319031
0.1832,0.5522105263157895,0.6752892732620239
0.184,0.5522105263157895,0.6751874089241028
0.184,0.5532631578947368,0.6743236780166626
0.1848,0.5532631578947368,0.6742231845855713
0.1848,0.5536842105263158,0.6741362810134888
0.1856,0.5536842105263158,0.6740972995758057
0.1856,0.5555789473684211,0.6735162138938904
0.1864,0.5555789473684211,0.6735081076622009
0.1864,0.5562105263157895,0.6731402277946472
0.1872,0.5562105263157895,0.6731289625167847
0.1872,0.5593684210526316,0.6713889837265015
0.188,0.5593684210526316,0.6713829040527344
0.188,0.5648421052631579,0.6685627698898315
0.1904,0.5648421052631579,0.6681323051452637
0.1904,0.5658947368421052,0.6674334406852722
0.1912,0.5658947368421052,0.667425274848938
0.1912,0.5665263157894737,0.6669593453407288
0.192,0.5665263157894737,0.6668539643287659
0.192,0.5671578947368421,0.6666319370269775
0.1928,0.5671578947368421,0.6665963530540466
0.1928,0.5715789473684211,0.6640109419822693
0.1936,0.5715789473684211,0.6639412641525269
0.1936,0.5726315789473684,0.6634688973426819
0.1944,0.5726315789473684,0.663189709186554
0.1944,0.5736842105263158,0.6627111434936523
0.1952,0.5736842105263158,0.6624683141708374
0.1952,0.5749473684210527,0.6621870398521423
0.196,0.5749473684210527,0.661755383014679
0.196,0.5755789473684211,0.661306619644165
0.1968,0.5755789473684211,0.6611928939819336
0.1968,0.5789473684210527,0.6579416990280151
0.1976,0.5789473684210527,0.6578203439712524
0.1976,0.5797894736842105,0.6575660705566406
0.1984,0.5797894736842105,0.657539963722229
0.1984,0.5821052631578948,0.6566894054412842
0.2008,0.5821052631578948,0.6565126776695251
0.2008,0.5835789473684211,0.655960738658905
0.2024,0.5835789473684211,0.6558616161346436
0.2024,0.5877894736842105,0.6534168720245361
0.2032,0.5877894736842105,0.6531928181648254
0.2032,0.5909473684210527,0.6510403752326965
0.204,0.5909473684210527,0.6510224938392639
0.204,0.5911578947368421,0.6507430672645569
0.2048,0.5911578947368421,0.6504553556442261
0.2048,0.5941052631578947,0.6493602395057678
0.2056,0.5941052631578947,0.6492279767990112
0.2056,0.5945263157894737,0.649044930934906
0.2064,0.5945263157894737,0.6489871740341187
0.2064,0.5955789473684211,0.6482582092285156
0.2072,0.5955789473684211,0.6479401588439941
0.2072,0.596421052631579,0.6472287178039551
0.208,0.596421052631579,0.6470984816551208
0.208,0.5974736842105263,0.6465375423431396
0.2088,0.5974736842105263,0.6464870572090149
0.2088,0.6023157894736842,0.6442531943321228
0.2096,0.6023157894736842,0.6442195177078247
0.2096,0.6029473684210527,0.6440755128860474
0.2104,0.6029473684210527,0.6440715193748474
0.2104,0.604,0.6436712145805359
0.2112,0.604,0.6436702013015747
0.2112,0.6050526315789474,0.6431723833084106
0.212,0.6050526315789474,0.6430639028549194
0.212,0.6077894736842105,0.6416563987731934
0.2128,0.6077894736842105,0.6416134238243103
0.2128,0.608421052631579,0.6412522792816162
0.2136,0.608421052631579,0.6412437558174133
0.2136,0.6088421052631579,0.6408904790878296
0.2144,0.6088421052631579,0.6408466696739197
0.2144,0.6117894736842105,0.6393671631813049
0.2152,0.6117894736842105,0.6384130120277405
0.2152,0.6122105263157894,0.6377704739570618
0.216,0.6122105263157894,0.6375110745429993
0.216,0.612421052631579,0.6374856233596802
0.2168,0.612421052631579,0.6373957395553589
0.2168,0.6138947368421053,0.6368012428283691
0.2176,0.6138947368421053,0.6366826891899109
0.2176,0.6145263157894737,0.6362024545669556
0.2184,0.6145263157894737,0.6361469626426697
0.2184,0.6151578947368421,0.635652482509613
0.2192,0.6151578947368421,0.6356136798858643
0.2192,0.6174736842105263,0.6341515779495239
0.22,0.6174736842105263,0.6340594291687012
0.22,0.6178947368421053,0.6337489485740662
0.2208,0.6178947368421053,0.6336794495582581
0.2208,0.6183157894736843,0.6335090398788452
0.2216,0.6183157894736843,0.633366584777832
0.2216,0.62,0.632997989654541
0.2224,0.62,0.6328502893447876
0.2224,0.6202105263157894,0.6324209570884705
0.2232,0.6202105263157894,0.6323021650314331
0.2232,0.6223157894736842,0.6307982206344604
0.224,0.6223157894736842,0.6307622194290161
0.224,0.6227368421052631,0.6307327747344971
0.2264,0.6227368421052631,0.6304662227630615
0.2264,0.6242105263157894,0.6299093961715698
0.2272,0.6242105263157894,0.6296906471252441
0.2272,0.6252631578947369,0.6293303370475769
0.228,0.6252631578947369,0.6292838454246521
0.228,0.6254736842105263,0.6292388439178467
0.2296,0.6254736842105263,0.6289962530136108
0.2296,0.6256842105263158,0.6289046406745911
0.2304,0.6256842105263158,0.6288926601409912
0.2304,0.6263157894736842,0.6284788846969604
0.2312,0.6263157894736842,0.628455638885498
0.2312,0.6265263157894737,0.6282848119735718
0.232,0.6265263157894737,0.6282392144203186
0.232,0.6286315789473684,0.626704752445221
0.2328,0.6286315789473684,0.6267040371894836
0.2328,0.6313684210526316,0.6240391135215759
0.2336,0.6313684210526316,0.6240187883377075
0.2336,0.632,0.6236916184425354
0.2344,0.632,0.6236259937286377
0.2344,0.6330526315789474,0.6229435205459595
0.2352,0.6330526315789474,0.6228482127189636
0.2352,0.6334736842105263,0.6227070689201355
0.236,0.6334736842105263,0.6225435733795166
0.236,0.6349473684210526,0.6219069957733154
0.2368,0.6349473684210526,0.6211864948272705
0.2368,0.6351578947368421,0.6208431720733643
0.2376,0.6351578947368421,0.6208000779151917
0.2376,0.636421052631579,0.6203834414482117
0.2384,0.636421052631579,0.6203323006629944
0.2384,0.6385263157894737,0.6180728673934937
0.2392,0.6385263157894737,0.6180306673049927
0.2392,0.6414736842105263,0.6146725416183472
0.24,0.6414736842105263,0.6146346926689148
0.24,0.6425263157894737,0.6143066883087158
0.2408,0.6425263157894737,0.6140242218971252
0.2408,0.6444210526315789,0.6132333278656006
0.2424,0.6444210526315789,0.613018274307251
0.2424,0.6448421052631579,0.6125948429107666
0.2432,0.6448421052631579,0.6124119758605957
0.2432,0.6452631578947369,0.6122282147407532
0.244,0.6452631578947369,0.611970067024231
0.244,0.6463157894736842,0.6107490658760071
0.2448,0.6463157894736842,0.6105174422264099
0.2448,0.6465263157894737,0.6101738810539246
0.2456,0.6465263157894737,0.6100294589996338
0.2456,0.6467368421052632,0.6099570989608765
0.2464,0.6467368421052632,0.6098297238349915
0.2464,0.6482105263157895,0.6088624000549316
0.2472,0.6482105263157895,0.6088405847549438
0.2472,0.6488421052631579,0.6084473133087158
0.248,0.6488421052631579,0.6084280610084534
0.248,0.6503157894736842,0.607803463935852
0.2496,0.6503157894736842,0.6076480746269226
0.2496,0.652,0.6069641709327698
0.2504,0.652,0.6068221926689148
0.2504,0.6522105263157895,0.606721818447113
0.2512,0.6522105263157895,0.6066843867301941
0.2512,0.6524210526315789,0.6066166758537292
0.252,0.6524210526315789,0.6065313220024109
0.252,0.6530526315789473,0.6058626174926758
0.2528,0.6530526315789473,0.6057161092758179
0.2528,0.6538947368421053,0.6054145693778992
0.2544,0.6538947368421053,0.6051855683326721
0.2544,0.6557894736842105,0.6039618253707886
0.2552,0.6557894736842105,0.6037930846214294
0.2552,0.6568421052631579,0.6034924983978271
0.256,0.6568421052631579,0.6033543348312378
0.256,0.6604210526315789,0.6019481420516968
0.2568,0.6604210526315789,0.6018894910812378
0.2568,0.6621052631578948,0.6009840369224548
0.2576,0.6621052631578948,0.6004594564437866
0.2576,0.664,0.5993349552154541
0.2584,0.664,0.5992122292518616
0.2584,0.6658947368421053,0.5980833172798157
0.2592,0.6658947368421053,0.5979937314987183
0.2592,0.6688421052631579,0.596679151058197
0.26,0.6688421052631579,0.596381664276123
0.26,0.6711578947368421,0.5956470370292664
0.2608,0.6711578947368421,0.5954250693321228
0.2608,0.6728421052631579,0.5938120484352112
0.2616,0.6728421052631579,0.5937334299087524
0.2616,0.6736842105263158,0.5933637619018555
0.2632,0.6736842105263158,0.5931634902954102
0.2632,0.6741052631578948,0.5930156111717224
0.264,0.6741052631578948,0.5929828882217407
0.264,0.6751578947368421,0.5918154120445251
0.2648,0.6751578947368421,0.5917874574661255
0.2648,0.6795789473684211,0.5890191793441772
0.2672,0.6795789473684211,0.5886438488960266
0.2672,0.6816842105263158,0.5865141749382019
0.268,0.6816842105263158,0.5862462520599365
0.268,0.684,0.5844440460205078
0.2688,0.684,0.5842345356941223
0.2688,0.6844210526315789,0.5840534567832947
0.2696,0.6844210526315789,0.5839980244636536
0.2696,0.688,0.5815374851226807
0.2704,0.688,0.581336259841919
0.2704,0.6888421052631579,0.5808607935905457
0.2712,0.6888421052631579,0.5808041095733643
0.2712,0.6894736842105263,0.5803106427192688
0.2728,0.6894736842105263,0.5796871185302734
0.2728,0.6926315789473684,0.5774951577186584
0.2736,0.6926315789473684,0.577021062374115
0.2736,0.6930526315789474,0.5763964056968689
0.2744,0.6930526315789474,0.5762519836425781
0.2744,0.6934736842105264,0.5754683613777161
0.2752,0.6934736842105264,0.5753694772720337
0.2752,0.6941052631578948,0.5750386118888855
0.276,0.6941052631578948,0.5749838352203369
0.276,0.6966315789473684,0.5730016231536865
0.2768,0.6966315789473684,0.5729960203170776
0.2768,0.6974736842105264,0.5716742873191833
0.2776,0.6974736842105264,0.5714559555053711
0.2776,0.7006315789473684,0.5695963501930237
0.28,0.7006315789473684,0.5688104629516602
0.28,0.7016842105263158,0.5684263706207275
0.2808,0.7016842105263158,0.568291425704956
0.2808,0.7021052631578948,0.5680955648422241
0.2824,0.7021052631578948,0.5676506161689758
0.2824,0.7025263157894737,0.5675308704376221
0.2832,0.7025263157894737,0.5675010681152344
0.2832,0.7027368421052631,0.5674991607666016
0.284,0.7027368421052631,0.5674811005592346
0.284,0.7031578947368421,0.5670440793037415
0.2856,0.7031578947368421,0.5669764876365662
0.2856,0.704,0.5663811564445496
0.2864,0.704,0.5662437677383423
0.2864,0.7042105263157895,0.5660673379898071
0.2872,0.7042105263157895,0.565605103969574
0.2872,0.7046315789473684,0.5655026435852051
0.288,0.7046315789473684,0.5654937028884888
0.288,0.7054736842105264,0.5649647116661072
0.2888,0.7054736842105264,0.5649282932281494
0.2888,0.708,0.5638412833213806
0.2896,0.708,0.5638211965560913
0.2896,0.7090526315789474,0.5630527138710022
0.2904,0.7090526315789474,0.5628668069839478
0.2904,0.7103157894736842,0.5623076558113098
0.2912,0.7103157894736842,0.5616811513900757
0.2912,0.7105263157894737,0.5615383386611938
0.2936,0.7105263157894737,0.5611247420310974
0.2936,0.712421052631579,0.5599280595779419
0.2944,0.712421052631579,0.5598006248474121
0.2944,0.7126315789473684,0.5597286224365234
0.2952,0.7126315789473684,0.5594741106033325
0.2952,0.7136842105263158,0.558527410030365
0.296,0.7136842105263158,0.5582643151283264
0.296,0.7153684210526315,0.5560379028320312
0.2968,0.7153684210526315,0.5560224056243896
0.2968,0.716842105263158,0.5554547905921936
0.2976,0.716842105263158,0.5552694797515869
0.2976,0.7170526315789474,0.5552622079849243
0.2984,0.7170526315789474,0.5551837086677551
0.2984,0.7172631578947368,0.5545523762702942
0.2992,0.7172631578947368,0.5544599890708923
0.2992,0.7178947368421053,0.5542758703231812
0.3,0.7178947368421053,0.5541560053825378
0.3,0.7181052631578947,0.5540573596954346
0.3008,0.7181052631578947,0.5537018179893494
0.3008,0.7187368421052631,0.5533285737037659
0.3016,0.7187368421052631,0.5531387329101562
0.3016,0.7208421052631578,0.5522212982177734
0.3024,0.7208421052631578,0.552004337310791
0.3024,0.7212631578947368,0.5518860220909119
0.3048,0.7212631578947368,0.5516834855079651
0.3048,0.7229473684210527,0.5501631498336792
0.3064,0.7229473684210527,0.5498055815696716
0.3064,0.7235789473684211,0.5495221614837646
0.3072,0.7235789473684211,0.5493875741958618
0.3072,0.7254736842105263,0.5482702851295471
0.308,0.7254736842105263,0.5481509566307068
0.308,0.7271578947368421,0.5471960306167603
0.3088,0.7271578947368421,0.5471552014350891
0.3088,0.7275789473684211,0.5461848378181458
0.3096,0.7275789473684211,0.5461163520812988
0.3096,0.7307368421052631,0.5443503260612488
0.3112,0.7307368421052631,0.5440514087677002
0.3112,0.732421052631579,0.5431907176971436
0.312,0.732421052631579,0.5430600643157959
0.312,0.7330526315789474,0.5429183840751648
0.3128,0.7330526315789474,0.5428644418716431
0.3128,0.7351578947368421,0.5417564511299133
0.3136,0.7351578947368421,0.5413050651550293
0.3136,0.735578947368421,0.5411268472671509
0.3144,0.735578947368421,0.5410416126251221
0.3144,0.736421052631579,0.540532648563385
0.3152,0.736421052631579,0.5403797626495361
0.3152,0.7372631578947368,0.5400614142417908
0.316,0.7372631578947368,0.5399500727653503
0.316,0.7397894736842106,0.5382261276245117
0.3168,0.7397894736842106,0.5382133722305298
0.3168,0.740421052631579,0.5377084016799927
0.3176,0.740421052631579,0.5373840928077698
0.3176,0.7433684210526316,0.5351467728614807
0.3192,0.7433684210526316,0.5347946286201477
0.3192,0.744421052631579,0.534142255783081
0.3208,0.744421052631579,0.5337285399436951
0.3208,0.7446315789473684,0.533696711063385
0.3216,0.7446315789473684,0.5336658358573914
0.3216,0.7452631578947368,0.533324658870697
0.3224,0.7452631578947368,0.5332947373390198
0.3224,0.7454736842105263,0.5329794883728027
0.3248,0.7454736842105263,0.5326401591300964
0.3248,0.7469473684210526,0.5314375162124634
0.3256,0.7469473684210526,0.5314137935638428
0.3256,0.7507368421052631,0.5296536684036255
0.3264,0.7507368421052631,0.5290289521217346
0.3264,0.7509473684210526,0.5287258625030518
0.3272,0.7509473684210526,0.5287160873413086
0.3272,0.751578947368421,0.5280708074569702
0.328,0.751578947368421,0.5280248522758484
0.328,0.752,0.5274130702018738
0.3296,0.752,0.5270599126815796
0.3296,0.7541052631578947,0.5255087018013
0.3312,0.7541052631578947,0.5254057049751282
0.3312,0.7553684210526316,0.5242729187011719
0.3328,0.7553684210526316,0.5236765742301941
0.3328,0.7574736842105263,0.5227065086364746
0.3344,0.7574736842105263,0.5225405097007751
0.3344,0.7581052631578947,0.5220141410827637
0.336,0.7581052631578947,0.5217118263244629
0.336,0.7591578947368421,0.5211923122406006
0.3368,0.7591578947368421,0.5210351943969727
0.3368,0.76,0.5202818512916565
0.3376,0.76,0.5202800035476685
0.3376,0.7618947368421053,0.5190538167953491
0.3384,0.7618947368421053,0.518804132938385
0.3384,0.7648421052631579,0.5171329975128174
0.34,0.7648421052631579,0.5170559287071228
0.34,0.7652631578947369,0.5169855952262878
0.3408,0.7652631578947369,0.5168267488479614
0.3408,0.7663157894736842,0.5153988599777222
0.3424,0.7663157894736842,0.5152836441993713
0.3424,0.7665263157894737,0.5152468681335449
0.344,0.7665263157894737,0.5149325728416443
0.344,0.7667368421052632,0.5143433213233948
0.3448,0.7667368421052632,0.5142120718955994
0.3448,0.7686315789473684,0.5123670101165771
0.3456,0.7686315789473684,0.5121876001358032
0.3456,0.7688421052631579,0.5121520757675171
0.3472,0.7688421052631579,0.5119705200195312
0.3472,0.7690526315789473,0.511962890625
0.348,0.7690526315789473,0.5119576454162598
0.348,0.7692631578947369,0.5118268132209778
0.3488,0.7692631578947369,0.5118070840835571
0.3488,0.7696842105263157,0.511459469795227
0.3504,0.7696842105263157,0.5111297965049744
0.3504,0.7707368421052632,0.5101423263549805
0.352,0.7707368421052632,0.5097066760063171
0.352,0.7732631578947369,0.5076388120651245
0.3544,0.7732631578947369,0.5066437721252441
0.3544,0.7734736842105263,0.5065119862556458
0.356,0.7734736842105263,0.5063414573669434
0.356,0.7743157894736842,0.5059300065040588
0.3568,0.7743157894736842,0.5058326125144958
0.3568,0.775578947368421,0.5042762756347656
0.3576,0.775578947368421,0.5042243599891663
0.3576,0.7764210526315789,0.5036894083023071
0.3584,0.7764210526315789,0.5032830238342285
0.3584,0.7766315789473685,0.5032702088356018
0.3592,0.7766315789473685,0.5032481551170349
0.3592,0.7797894736842105,0.5008846521377563
0.36,0.7797894736842105,0.5007826089859009
0.36,0.78,0.5007609724998474
0.3608,0.78,0.5006325244903564
0.3608,0.7806315789473685,0.49981945753097534
0.3616,0.7806315789473685,0.49969226121902466
0.3616,0.7808421052631579,0.4995979964733124
0.364,0.7808421052631579,0.4993937313556671
0.364,0.7810526315789473,0.499374121427536
0.3648,0.7810526315789473,0.49908918142318726
0.3648,0.7818947368421053,0.4986106753349304
0.3656,0.7818947368421053,0.49855509400367737
0.3656,0.7825263157894737,0.4983990490436554
0.368,0.7825263157894737,0.4977574050426483
0.368,0.7827368421052632,0.49759283661842346
0.3688,0.7827368421052632,0.4974507987499237
0.3688,0.783578947368421,0.4966586232185364
0.3696,0.783578947368421,0.4964587688446045
0.3696,0.7844210526315789,0.4957452118396759
0.3704,0.7844210526315789,0.49562326073646545
0.3704,0.7848421052631579,0.4955183267593384
0.3712,0.7848421052631579,0.49536383152008057
0.3712,0.7869473684210526,0.49359607696533203
0.372,0.7869473684210526,0.49319615960121155
0.372,0.7873684210526316,0.4929310381412506
0.3728,0.7873684210526316,0.49282464385032654
0.3728,0.788,0.49271562695503235
0.3736,0.788,0.49261564016342163
0.3736,0.7884210526315789,0.4922778308391571
0.3744,0.7884210526315789,0.49202650785446167
0.3744,0.7886315789473685,0.49187278747558594
0.3752,0.7886315789473685,0.49186500906944275
0.3752,0.7890526315789473,0.4917774498462677
0.376,0.7890526315789473,0.4916892349720001
0.376,0.7896842105263158,0.4916028082370758
0.3776,0.7896842105263158,0.49127769470214844
0.3776,0.7911578947368421,0.4906444549560547
0.3784,0.7911578947368421,0.49045470356941223
0.3784,0.7917894736842105,0.49006274342536926
0.3792,0.7917894736842105,0.49003836512565613
0.3792,0.792,0.4900372624397278
0.38,0.792,0.48999491333961487
0.38,0.7934736842105263,0.48803892731666565
0.3816,0.7934736842105263,0.48749345541000366
0.3816,0.7966315789473685,0.4851325750350952
0.3824,0.7966315789473685,0.48513147234916687
0.3824,0.7983157894736842,0.48266735672950745
0.3832,0.7983157894736842,0.48261287808418274
0.3832,0.7987368421052632,0.4823931157588959
0.3848,0.7987368421052632,0.48235028982162476
0.3848,0.7991578947368421,0.4820295572280884
0.3856,0.7991578947368421,0.48194020986557007
0.3856,0.8010526315789473,0.48109525442123413
0.3872,0.8010526315789473,0.48083096742630005
0.3872,0.8012631578947368,0.4805176556110382
0.388,0.8012631578947368,0.4804469645023346
0.388,0.8014736842105263,0.4804188013076782
0.3896,0.8014736842105263,0.4800848960876465
0.3896,0.8023157894736842,0.4793180227279663
0.3904,0.8023157894736842,0.4793161451816559
0.3904,0.8027368421052632,0.47862064838409424
0.392,0.8027368421052632,0.4784555435180664
0.392,0.8031578947368421,0.47795262932777405
0.3928,0.8031578947368421,0.47788381576538086
0.3928,0.8035789473684211,0.4777412414550781
0.3944,0.8035789473684211,0.47767341136932373
0.3944,0.8069473684210526,0.47546833753585815
0.3952,0.8069473684210526,0.47532036900520325
0.3952,0.8071578947368421,0.4752475619316101
0.396,0.8071578947368421,0.47524294257164
0.396,0.8082105263157895,0.47490930557250977
0.3968,0.8082105263157895,0.47478243708610535
0.3968,0.8088421052631579,0.4745112359523773
0.3984,0.8088421052631579,0.4744468927383423
0.3984,0.8090526315789474,0.4744310975074768
0.3992,0.8090526315789474,0.4741332530975342
0.3992,0.8096842105263158,0.4738130569458008
0.4,0.8096842105263158,0.47364065051078796
0.4,0.8128421052631579,0.4714803397655487
0.4008,0.8128421052631579,0.4714524447917938
0.4008,0.8130526315789474,0.4714449346065521
0.4016,0.8130526315789474,0.47135210037231445
0.4016,0.8149473684210526,0.47012460231781006
0.4024,0.8149473684210526,0.46996214985847473
0.4024,0.8191578947368421,0.46742546558380127
0.404,0.8191578947368421,0.467161625623703
0.404,0.8212631578947368,0.46586135029792786
0.4048,0.8212631578947368,0.4657716453075409
0.4048,0.8244210526315789,0.4633115231990814
0.4056,0.8244210526315789,0.4632343053817749
0.4056,0.8250526315789474,0.4628371596336365
0.4064,0.8250526315789474,0.4628069996833801
0.4064,0.8254736842105264,0.4625445604324341
0.4072,0.8254736842105264,0.4624663293361664
0.4072,0.8256842105263158,0.46219611167907715
0.408,0.8256842105263158,0.4619917571544647
0.408,0.8271578947368421,0.4613170325756073
0.4088,0.8271578947368421,0.4611763656139374
0.4088,0.8273684210526315,0.46112707257270813
0.4104,0.8273684210526315,0.46044597029685974
0.4104,0.828,0.46023815870285034
0.4112,0.828,0.4602149426937103
0.4112,0.828421052631579,0.45994552969932556
0.4128,0.828421052631579,0.4598570764064789
0.4128,0.8286315789473684,0.45981040596961975
0.4136,0.8286315789473684,0.45980149507522583
0.4136,0.8301052631578948,0.45874324440956116
0.416,0.8301052631578948,0.45799994468688965
0.416,0.8317894736842105,0.457165390253067
0.4168,0.8317894736842105,0.4571094810962677
0.4168,0.832,0.45702624320983887
0.4184,0.832,0.45661646127700806
0.4184,0.8330526315789474,0.4556344747543335
0.42,0.8330526315789474,0.4552193880081177
0.42,0.8334736842105264,0.4551551640033722
0.4208,0.8334736842105264,0.4550401270389557
0.4208,0.8338947368421052,0.45465901494026184
0.4216,0.8338947368421052,0.45452171564102173
0.4216,0.8355789473684211,0.4533798396587372
0.4224,0.8355789473684211,0.45321545004844666
0.4224,0.8378947368421052,0.4524235725402832
0.424,0.8378947368421052,0.4521552324295044
0.424,0.8383157894736842,0.451699435710907
0.428,0.8383157894736842,0.4512476921081543
0.428,0.8387368421052631,0.4505305290222168
0.4288,0.8387368421052631,0.4501224160194397
0.4288,0.8389473684210527,0.44997555017471313
0.4296,0.8389473684210527,0.4498385488986969
0.4296,0.8391578947368421,0.449828565120697
0.4304,0.8391578947368421,0.44911089539527893
0.4304,0.84,0.4486798942089081
0.4312,0.84,0.4486609399318695
0.4312,0.840842105263158,0.44855231046676636
0.432,0.840842105263158,0.44843965768814087
0.432,0.8410526315789474,0.44833266735076904
0.4344,0.8410526315789474,0.4479060173034668
0.4344,0.8414736842105263,0.4474823474884033
0.4352,0.8414736842105263,0.4471404254436493
0.4352,0.8418947368421053,0.44670161604881287
0.4368,0.8418947368421053,0.4461909234523773
0.4368,0.8421052631578947,0.4460711181163788
0.4376,0.8421052631578947,0.44603705406188965
0.4376,0.8423157894736842,0.4455745816230774
0.44,0.8423157894736842,0.44514405727386475
0.44,0.8427368421052631,0.4441811144351959
0.4416,0.8427368421052631,0.4438397288322449
0.4416,0.8429473684210527,0.4436589777469635
0.4432,0.8429473684210527,0.44341573119163513
0.4432,0.8431578947368421,0.443388968706131
0.4464,0.8431578947368421,0.4431125521659851
0.4464,0.844,0.4423993229866028
0.448,0.844,0.4422438144683838
0.448,0.8442105263157895,0.44216838479042053
0.4488,0.8442105263157895,0.44211477041244507
0.4488,0.844421052631579,0.44189372658729553
0.4496,0.844421052631579,0.44189074635505676
0.4496,0.844842105263158,0.4414852261543274
0.4504,0.844842105263158,0.4414152204990387
0.4504,0.8452631578947368,0.4411945641040802
0.4512,0.8452631578947368,0.4409728944301605
0.4512,0.8454736842105263,0.4409068822860718
0.452,0.8454736842105263,0.4408223628997803
0.452,0.8456842105263158,0.44069740176200867
0.4544,0.8456842105263158,0.44003909826278687
0.4544,0.8465263157894737,0.43936601281166077
0.4552,0.8465263157894737,0.43927738070487976
0.4552,0.8467368421052631,0.43905001878738403
0.456,0.8467368421052631,0.43900924921035767
0.456,0.8469473684210527,0.4388483464717865
0.4576,0.8469473684210527,0.43871259689331055
0.4576,0.8473684210526315,0.4379626214504242
0.4584,0.8473684210526315,0.43781906366348267
0.4584,0.8477894736842105,0.437326580286026
0.4592,0.8477894736842105,0.43719449639320374
0.4592,0.8482105263157895,0.43690329790115356
0.4624,0.8482105263157895,0.4360836446285248
0.4624,0.848421052631579,0.43576446175575256
0.4632,0.848421052631579,0.43570348620414734
0.4632,0.8486315789473684,0.43546757102012634
0.464,0.8486315789473684,0.4354374408721924
0.464,0.8494736842105263,0.43528228998184204
0.4672,0.8494736842105263,0.434976726770401
0.4672,0.8496842105263158,0.4348949193954468
0.468,0.8496842105263158,0.43472373485565186
0.468,0.8505263157894737,0.43419888615608215
0.4688,0.8505263157894737,0.43414393067359924
0.4688,0.8509473684210527,0.4335818290710449
0.4696,0.8509473684210527,0.4335736632347107
0.4696,0.8511578947368421,0.4334716796875
0.4704,0.8511578947368421,0.4332049489021301
0.4704,0.8522105263157894,0.4326428771018982
0.4728,0.8522105263157894,0.43221035599708557
0.4728,0.8541052631578947,0.4308071732521057
0.4744,0.8541052631578947,0.4305841624736786
0.4744,0.8553684210526316,0.42885622382164
0.4752,0.8553684210526316,0.4287145137786865
0.4752,0.8555789473684211,0.42863714694976807
0.476,0.8555789473684211,0.42853444814682007
0.476,0.856,0.42808201909065247
0.4768,0.856,0.4279727339744568
0.4768,0.8566315789473684,0.4276888966560364
0.4776,0.8566315789473684,0.4274464249610901
0.4776,0.8578947368421053,0.4256659746170044
0.48,0.8578947368421053,0.42542704939842224
0.48,0.8587368421052631,0.4250539541244507
0.4808,0.8587368421052631,0.4246819317340851
0.4808,0.8597894736842105,0.42362189292907715
0.4816,0.8597894736842105,0.42349696159362793
0.4816,0.8606315789473684,0.42335158586502075
0.4824,0.8606315789473684,0.4232621192932129
0.4824,0.8608421052631579,0.4231432378292084
0.4848,0.8608421052631579,0.42250680923461914
0.4848,0.8621052631578947,0.42108866572380066
0.4856,0.8621052631578947,0.4209086000919342
0.4856,0.8629473684210527,0.420582115650177
0.4872,0.8629473684210527,0.42030152678489685
0.4872,0.8631578947368421,0.42026665806770325
0.488,0.8631578947368421,0.4202326238155365
0.488,0.8637894736842106,0.41898879408836365
0.4888,0.8637894736842106,0.41883209347724915
0.4888,0.8650526315789474,0.41757652163505554
0.4888,0.8654736842105263,0.4172738790512085
0.4888,0.8658947368421053,0.4167965352535248
0.4896,0.8658947368421053,0.41671666502952576
0.4896,0.8663157894736843,0.41619986295700073
0.4904,0.8663157894736843,0.4161314070224762
0.4904,0.8688421052631579,0.41365569829940796
0.4912,0.8688421052631579,0.4134725034236908
0.4912,0.8690526315789474,0.41303399205207825
0.492,0.8690526315789474,0.413005530834198
0.492,0.8692631578947368,0.41230571269989014
0.4936,0.8692631578947368,0.41175103187561035
0.4936,0.8696842105263158,0.411204993724823
0.4952,0.8696842105263158,0.4107346534729004
0.4952,0.8711578947368421,0.4096173644065857
0.4968,0.8711578947368421,0.4089011251926422
0.4968,0.8726315789473684,0.40760722756385803
0.4976,0.8726315789473684,0.407057523727417
0.4976,0.8730526315789474,0.40678414702415466
0.4984,0.8730526315789474,0.4066256284713745
0.4984,0.8734736842105263,0.40612903237342834
0.4992,0.8734736842105263,0.4060875177383423
0.4992,0.8736842105263158,0.4056459367275238
0.5,0.8736842105263158,0.4055745601654053
0.5,0.8745263157894737,0.40494629740715027
0.5008,0.8745263157894737,0.40478628873825073
0.5008,0.8747368421052631,0.40453898906707764
0.5016,0.8747368421052631,0.40438446402549744
0.5016,0.875578947368421,0.4041198492050171
0.5024,0.875578947368421,0.40403035283088684
0.5024,0.876,0.40329134464263916
0.5032,0.876,0.40313512086868286
0.5032,0.8766315789473684,0.4024859070777893
0.508,0.8766315789473684,0.401778906583786
0.508,0.8768421052631579,0.401712566614151
0.5088,0.8768421052631579,0.401680588722229
0.5088,0.8772631578947369,0.4012175500392914
0.5104,0.8772631578947369,0.4010078012943268
0.5104,0.8783157894736842,0.3981957733631134
0.5112,0.8783157894736842,0.3977673649787903
0.5112,0.8787368421052631,0.3975759744644165
0.512,0.8787368421052631,0.39740878343582153
0.512,0.8789473684210526,0.3972756266593933
0.5128,0.8789473684210526,0.39669254422187805
0.5128,0.8793684210526316,0.3965741693973541
0.5152,0.8793684210526316,0.3957918882369995
0.5152,0.8797894736842106,0.39570876955986023
0.5176,0.8797894736842106,0.39495593309402466
0.5176,0.8802105263157894,0.3944428563117981
0.5184,0.8802105263157894,0.3944326341152191
0.5184,0.8808421052631579,0.3939599394798279
0.5192,0.8808421052631579,0.39359527826309204
0.5192,0.8814736842105263,0.39336732029914856
0.52,0.8814736842105263,0.39319369196891785
0.52,0.8818947368421053,0.3926505446434021
0.5208,0.8818947368421053,0.3924708068370819
0.5208,0.8821052631578947,0.3919764459133148
0.5224,0.8821052631578947,0.3917674124240875
0.5224,0.8823157894736842,0.39164474606513977
0.5232,0.8823157894736842,0.39152413606643677
0.5232,0.8825263157894737,0.39150622487068176
0.524,0.8825263157894737,0.3913492262363434
0.524,0.8833684210526316,0.3908971846103668
0.5264,0.8833684210526316,0.38999366760253906
0.5264,0.884,0.3888641595840454
0.5272,0.884,0.38873574137687683
0.5272,0.8850526315789473,0.3878934979438782
0.5296,0.8850526315789473,0.38728904724121094
0.5296,0.8858947368421053,0.3865801692008972
0.5304,0.8858947368421053,0.38646766543388367
0.5304,0.8861052631578947,0.3863755166530609
0.5312,0.8861052631578947,0.38628464937210083
0.5312,0.8863157894736842,0.38614851236343384
0.532,0.8863157894736842,0.38610848784446716
0.532,0.8873684210526316,0.3850274980068207
0.5336,0.8873684210526316,0.3849990665912628
0.5336,0.887578947368421,0.3848435878753662
0.5344,0.887578947368421,0.3846093416213989
0.5344,0.888421052631579,0.38379043340682983
0.5368,0.888421052631579,0.3835799992084503
0.5368,0.8890526315789473,0.38288259506225586
0.5376,0.8890526315789473,0.38283881545066833
0.5376,0.8896842105263157,0.38225293159484863
0.5408,0.8896842105263157,0.3818141520023346
0.5408,0.8898947368421053,0.3814966082572937
0.5424,0.8898947368421053,0.38132110238075256
0.5424,0.8907368421052632,0.3805195689201355
0.5432,0.8907368421052632,0.3802463412284851
0.5432,0.8909473684210526,0.37972840666770935
0.5448,0.8909473684210526,0.3794410526752472
0.5448,0.891578947368421,0.37863245606422424
0.5456,0.891578947368421,0.37820562720298767
0.5456,0.892,0.37801215052604675
0.5472,0.892,0.3779192864894867
0.5472,0.8922105263157895,0.3775656223297119
0.548,0.8922105263157895,0.37733420729637146
0.548,0.8930526315789473,0.376958966255188
0.5488,0.8930526315789473,0.37680041790008545
0.5488,0.8941052631578947,0.3752693831920624
0.5496,0.8941052631578947,0.3752272129058838
0.5496,0.8943157894736842,0.3751886785030365
0.5504,0.8943157894736842,0.37515726685523987
0.5504,0.8974736842105263,0.37306928634643555
0.552,0.8974736842105263,0.37294045090675354
0.552,0.8981052631578947,0.37269511818885803
0.5528,0.8981052631578947,0.372344046831131
0.5528,0.899578947368421,0.3707962930202484
0.5536,0.899578947368421,0.3702743351459503
0.5536,0.9,0.3697391748428345
0.5544,0.9,0.36971938610076904
0.5544,0.9018947368421053,0.3675903379917145
0.5552,0.9018947368421053,0.367379754781723
0.5552,0.9021052631578947,0.36715564131736755
0.556,0.9021052631578947,0.3671020567417145
0.556,0.9023157894736842,0.36657556891441345
0.5584,0.9023157894736842,0.365802526473999
0.5584,0.9025263157894737,0.3656943440437317
0.5592,0.9025263157894737,0.36561718583106995
0.5592,0.9031578947368422,0.36522945761680603
0.56,0.9031578947368422,0.365209698677063
0.56,0.9033684210526316,0.3650853931903839
0.5608,0.9033684210526316,0.3649872839450836
0.5608,0.9037894736842105,0.3646179139614105
0.5616,0.9037894736842105,0.36450403928756714
0.5616,0.904,0.3644959628582001
0.5624,0.904,0.36399611830711365
0.5624,0.9065263157894737,0.3605470061302185
0.5632,0.9065263157894737,0.3602498471736908
0.5632,0.9077894736842105,0.3592548072338104
0.564,0.9077894736842105,0.35904645919799805
0.564,0.9086315789473685,0.35812950134277344
0.5648,0.9086315789473685,0.3579086363315582
0.5648,0.9092631578947369,0.35728588700294495
0.5656,0.9092631578947369,0.35708191990852356
0.5656,0.9094736842105263,0.35678747296333313
0.5672,0.9094736842105263,0.3566446900367737
0.5672,0.9096842105263158,0.3564465045928955
0.568,0.9096842105263158,0.3562628924846649
0.568,0.9098947368421053,0.3560183644294739
0.5696,0.9098947368421053,0.3554547429084778
0.5696,0.9101052631578948,0.35527628660202026
0.5728,0.9101052631578948,0.3543105125427246
0.5728,0.9109473684210526,0.35308560729026794
0.5736,0.9109473684210526,0.3527376353740692
0.5736,0.9111578947368421,0.35249724984169006
0.5768,0.9111578947368421,0.3520617187023163
0.5768,0.9117894736842105,0.35142195224761963
0.5776,0.9117894736842105,0.3513453006744385
0.5776,0.9122105263157895,0.3505229949951172
0.5792,0.9122105263157895,0.3500978350639343
0.5792,0.9128421052631579,0.3497282862663269
0.5808,0.9128421052631579,0.34858736395835876
0.5808,0.9130526315789473,0.3483876883983612
0.5832,0.9130526315789473,0.3481373190879822
0.5832,0.9141052631578948,0.3466596007347107
0.584,0.9141052631578948,0.3464915156364441
0.584,0.9149473684210526,0.34552764892578125
0.5848,0.9149473684210526,0.34535083174705505
0.5848,0.9153684210526316,0.3450201153755188
0.5864,0.9153684210526316,0.3441689908504486
0.5864,0.915578947368421,0.34314313530921936
0.5872,0.915578947368421,0.3428857922554016
0.5872,0.9162105263157895,0.3415907621383667
0.588,0.9162105263157895,0.3412933349609375
0.588,0.9168421052631579,0.34060436487197876
0.5888,0.9168421052631579,0.34049198031425476
0.5888,0.9172631578947369,0.33950144052505493
0.5896,0.9172631578947369,0.3394831418991089
0.5896,0.9176842105263158,0.3375527262687683
0.5904,0.9176842105263158,0.3375241756439209
0.5904,0.9183157894736842,0.33626165986061096
0.5912,0.9183157894736842,0.33622491359710693
0.5912,0.9189473684210526,0.33508679270744324
0.5936,0.9189473684210526,0.3342694640159607
0.5936,0.9193684210526316,0.33408015966415405
0.596,0.9193684210526316,0.3326376974582672
0.596,0.919578947368421,0.33259889483451843
0.5968,0.919578947368421,0.3321000337600708
0.5968,0.9197894736842105,0.33201584219932556
0.5976,0.9197894736842105,0.331189900636673
0.5976,0.92,0.3311695456504822
0.5984,0.92,0.3308325409889221
0.5984,0.9208421052631579,0.3299798369407654
0.5992,0.9208421052631579,0.3299451768398285
0.5992,0.9210526315789473,0.32966962456703186
0.6,0.9210526315789473,0.3294447660446167
0.6,0.9212631578947369,0.3291446566581726
0.6008,0.9212631578947369,0.3287765383720398
0.6008,0.9227368421052632,0.3283303678035736
0.6016,0.9227368421052632,0.32828840613365173
0.6016,0.9233684210526316,0.32763370871543884
0.6024,0.9233684210526316,0.32699790596961975
0.6024,0.9246315789473685,0.32580164074897766
0.6032,0.9246315789473685,0.3256138563156128
0.6032,0.9252631578947368,0.3250046670436859
0.6048,0.9252631578947368,0.32493993639945984
0.6048,0.9254736842105263,0.3249005675315857
0.6064,0.9254736842105263,0.32449066638946533
0.6064,0.9256842105263158,0.3244023621082306
0.6072,0.9256842105263158,0.324368417263031
0.6072,0.9258947368421052,0.3240254819393158
0.608,0.9258947368421052,0.3237871825695038
0.608,0.9265263157894736,0.32315072417259216
0.6088,0.9265263157894736,0.32304802536964417
0.6088,0.9277894736842105,0.3206849992275238
0.6104,0.9277894736842105,0.3196113705635071
0.6104,0.928,0.31949034333229065
0.6112,0.928,0.3192732632160187
0.6112,0.9284210526315789,0.31866154074668884
0.612,0.9284210526315789,0.31856077909469604
0.612,0.9288421052631579,0.31796616315841675
0.6152,0.9288421052631579,0.31760695576667786
0.6152,0.9292631578947368,0.31693974137306213
0.6168,0.9292631578947368,0.31668707728385925
0.6168,0.9294736842105263,0.31648191809654236
0.6192,0.9294736842105263,0.3161550760269165
0.6192,0.9296842105263158,0.316008597612381
0.62,0.9296842105263158,0.31584644317626953
0.62,0.9301052631578948,0.31546881794929504
0.6208,0.9301052631578948,0.31546750664711
0.6208,0.9303157894736842,0.3151507079601288
0.6224,0.9303157894736842,0.31428733468055725
0.6224,0.9307368421052632,0.3140554130077362
0.6256,0.9307368421052632,0.31268706917762756
0.6256,0.9309473684210526,0.31240779161453247
0.6272,0.9309473684210526,0.3121471703052521
0.6272,0.9311578947368421,0.3120117485523224
0.628,0.9311578947368421,0.3118351399898529
0.628,0.9313684210526316,0.3117313086986542
0.6296,0.9313684210526316,0.31080761551856995
0.6296,0.932,0.3104373812675476
0.6312,0.932,0.30991166830062866
0.6312,0.9322105263157895,0.3096740245819092
0.632,0.9322105263157895,0.3094511330127716
0.632,0.9324210526315789,0.3092954754829407
0.6336,0.9324210526315789,0.3086482584476471
0.6336,0.9326315789473684,0.30846893787384033
0.6344,0.9326315789473684,0.3076881468296051
0.6344,0.9328421052631579,0.30761176347732544
0.636,0.9328421052631579,0.307477742433548
0.636,0.9330526315789474,0.3071728050708771
0.6376,0.9330526315789474,0.3069511353969574
0.6376,0.9332631578947368,0.30596280097961426
0.6384,0.9332631578947368,0.30582329630851746
0.6384,0.9338947368421052,0.30487802624702454
0.6392,0.9338947368421052,0.30439069867134094
0.6392,0.9341052631578948,0.3040902018547058
0.64,0.9341052631578948,0.30380600690841675
0.64,0.9349473684210526,0.3030736446380615
0.6408,0.9349473684210526,0.30292829871177673
0.6408,0.9351578947368421,0.3028583824634552
0.6432,0.9351578947368421,0.30189210176467896
0.6432,0.9378947368421052,0.2978672981262207
0.6464,0.9378947368421052,0.29689809679985046
0.6464,0.9395789473684211,0.29483911395072937
0.6472,0.9395789473684211,0.29464495182037354
0.6472,0.9397894736842105,0.29290351271629333
0.648,0.9397894736842105,0.2924862205982208
0.648,0.9406315789473684,0.2917320430278778
0.6496,0.9406315789473684,0.29148736596107483
0.6496,0.9408421052631579,0.2914176285266876
0.6504,0.9408421052631579,0.29141274094581604
0.6504,0.9414736842105264,0.2904791533946991
0.6512,0.9414736842105264,0.2903349697589874
0.6512,0.9418947368421052,0.28949791193008423
0.652,0.9418947368421052,0.28925788402557373
0.652,0.9425263157894737,0.28681570291519165
0.6528,0.9425263157894737,0.28632551431655884
0.6528,0.9427368421052632,0.2860359847545624
0.6536,0.9427368421052632,0.2859588861465454
0.6536,0.9431578947368421,0.284625381231308
0.6544,0.9431578947368421,0.2841985523700714
0.6544,0.9433684210526316,0.2839481830596924
0.6552,0.9433684210526316,0.2839469015598297
0.6552,0.9437894736842105,0.2839089334011078
0.656,0.9437894736842105,0.28344300389289856
0.656,0.9442105263157895,0.28308799862861633
0.6568,0.9442105263157895,0.28307396173477173
0.6568,0.9444210526315789,0.2829951047897339
0.6584,0.9444210526315789,0.2827223837375641
0.6584,0.9448421052631579,0.28230568766593933
0.6592,0.9448421052631579,0.28163331747055054
0.6592,0.9450526315789474,0.28144389390945435
0.66,0.9450526315789474,0.28133973479270935
0.66,0.9454736842105264,0.28087782859802246
0.6616,0.9454736842105264,0.2800127863883972
0.6616,0.9456842105263158,0.27975866198539734
0.6632,0.9456842105263158,0.2785325050354004
0.6632,0.9467368421052632,0.27651917934417725
0.664,0.9467368421052632,0.27635514736175537
0.664,0.9469473684210526,0.2762569487094879
0.6648,0.9469473684210526,0.27599844336509705
0.6648,0.9471578947368421,0.2758849561214447
0.6656,0.9471578947368421,0.27587148547172546
0.6656,0.9475789473684211,0.27570170164108276
0.6664,0.9475789473684211,0.2756780982017517
0.6664,0.9477894736842105,0.2755332291126251
0.6672,0.9477894736842105,0.2755313515663147
0.6672,0.9482105263157895,0.27511292695999146
0.668,0.9482105263157895,0.274608850479126
0.668,0.9484210526315789,0.2741958498954773
0.6696,0.9484210526315789,0.2740582525730133
0.6696,0.9486315789473684,0.27378490567207336
0.6704,0.9486315789473684,0.27323779463768005
0.6704,0.9490526315789474,0.2727712094783783
0.6728,0.9490526315789474,0.27225935459136963
0.6728,0.9492631578947368,0.27215322852134705
0.6744,0.9492631578947368,0.27190709114074707
0.6744,0.9494736842105264,0.2716885507106781
0.6752,0.9494736842105264,0.27140873670578003
0.6752,0.9498947368421052,0.271144300699234
0.6784,0.9498947368421052,0.2690907418727875
0.6784,0.9501052631578948,0.26894330978393555
0.68,0.9501052631578948,0.26854729652404785
0.68,0.9509473684210527,0.26758021116256714
0.6808,0.9509473684210527,0.267408162355423
0.6808,0.9511578947368421,0.26736682653427124
0.6864,0.9511578947368421,0.2665586471557617
0.6864,0.952,0.2651008665561676
0.6872,0.952,0.26497557759284973
0.6872,0.9522105263157895,0.2644667625427246
0.6896,0.9522105263157895,0.2639580965042114
0.6896,0.9526315789473684,0.2636917233467102
0.692,0.9526315789473684,0.2628716230392456
0.692,0.9528421052631579,0.2627597749233246
0.6928,0.9528421052631579,0.2626652419567108
0.6928,0.9541052631578948,0.26157256960868835
0.6944,0.9541052631578948,0.261243611574173
0.6944,0.9543157894736842,0.2612150311470032
0.6968,0.9543157894736842,0.2602810561656952
0.6968,0.9547368421052631,0.2591577470302582
0.6992,0.9547368421052631,0.258899450302124
0.6992,0.9549473684210527,0.2585735321044922
0.7,0.9549473684210527,0.25831905007362366
0.7,0.9551578947368421,0.2579007148742676
0.7008,0.9551578947368421,0.25789403915405273
0.7008,0.9553684210526315,0.25766217708587646
0.7024,0.9553684210526315,0.2574291527271271
0.7024,0.9557894736842105,0.25632843375205994
0.7032,0.9557894736842105,0.2560579776763916
0.7032,0.9562105263157895,0.2559199035167694
0.704,0.9562105263157895,0.2557639181613922
0.704,0.956421052631579,0.2553548514842987
0.7048,0.956421052631579,0.2551279366016388
0.7048,0.9566315789473684,0.2537078559398651
0.7072,0.9566315789473684,0.25307372212409973
0.7072,0.9570526315789474,0.2507742643356323
0.7096,0.9570526315789474,0.2499087154865265
0.7096,0.9572631578947368,0.24987462162971497
0.7112,0.9572631578947368,0.24972482025623322
0.7112,0.9574736842105264,0.24962350726127625
0.712,0.9574736842105264,0.24887120723724365
0.712,0.9576842105263158,0.24861827492713928
0.7136,0.9576842105263158,0.24829667806625366
0.7136,0.9583157894736842,0.24787487089633942
0.7144,0.9583157894736842,0.24777773022651672
0.7144,0.9587368421052631,0.2476939707994461
0.7184,0.9587368421052631,0.24553106725215912
0.7184,0.9593684210526315,0.24471594393253326
0.7192,0.9593684210526315,0.24429208040237427
0.7192,0.9597894736842105,0.24379411339759827
0.72,0.9597894736842105,0.24375250935554504
0.72,0.9602105263157895,0.24302788078784943
0.7224,0.9602105263157895,0.24267154932022095
0.7224,0.9610526315789474,0.2415163666009903
0.7256,0.9610526315789474,0.24072323739528656
0.7256,0.9612631578947368,0.24066907167434692
0.728,0.9612631578947368,0.23975162208080292
0.728,0.9618947368421052,0.23826810717582703
0.7304,0.9618947368421052,0.23647980391979218
0.7304,0.9623157894736842,0.2363416999578476
0.7336,0.9623157894736842,0.23533044755458832
0.7336,0.9629473684210527,0.23424097895622253
0.7344,0.9629473684210527,0.2338857501745224
0.7344,0.9635789473684211,0.23278017342090607
0.7352,0.9635789473684211,0.23257045447826385
0.7352,0.9637894736842105,0.23232528567314148
0.736,0.9637894736842105,0.2322002649307251
0.736,0.964,0.23215806484222412
0.7368,0.964,0.23185119032859802
0.7368,0.9646315789473684,0.23147515952587128
0.7384,0.9646315789473684,0.23105859756469727
0.7384,0.9650526315789474,0.2309303879737854
0.7392,0.9650526315789474,0.23075807094573975
0.7392,0.9654736842105263,0.23038983345031738
0.74,0.9654736842105263,0.2294701486825943
0.74,0.9656842105263158,0.22936634719371796
0.7416,0.9656842105263158,0.22842921316623688
0.7416,0.9658947368421053,0.22803959250450134
0.7432,0.9658947368421053,0.2269236445426941
0.7432,0.9661052631578947,0.22669239342212677
0.7504,0.9661052631578947,0.2240985482931137
0.7504,0.9665263157894737,0.22354179620742798
0.7512,0.9665263157894737,0.22344964742660522
0.7512,0.9669473684210527,0.2233024388551712
0.752,0.9669473684210527,0.2232113480567932
0.752,0.9673684210526315,0.2226141393184662
0.7536,0.9673684210526315,0.22190596163272858
0.7536,0.9675789473684211,0.22175878286361694
0.7552,0.9675789473684211,0.22122550010681152
0.7552,0.968,0.2210368812084198
0.7584,0.968,0.21996693313121796
0.7584,0.9682105263157895,0.2181035280227661
0.76,0.9682105263157895,0.2178434431552887
0.76,0.9686315789473684,0.21732573211193085
0.7608,0.9686315789473684,0.21720342338085175
0.7608,0.9690526315789474,0.21677134931087494
0.7624,0.9690526315789474,0.21596309542655945
0.7624,0.9709473684210527,0.21487772464752197
0.7632,0.9709473684210527,0.21486768126487732
0.7632,0.9711578947368421,0.21431197226047516
0.7656,0.9711578947368421,0.21350155770778656
0.7656,0.9717894736842105,0.2123260498046875
0.7664,0.9717894736842105,0.21220195293426514
0.7664,0.972,0.21182562410831451
0.768,0.972,0.21078290045261383
0.768,0.9722105263157895,0.2104729264974594
0.7688,0.9722105263157895,0.21046681702136993
0.7688,0.972421052631579,0.20968569815158844
0.772,0.972421052631579,0.20814873278141022
0.772,0.9726315789473684,0.20805209875106812
0.7728,0.9726315789473684,0.20751670002937317
0.7728,0.9728421052631578,0.20731206238269806
0.7744,0.9728421052631578,0.20645543932914734
0.7744,0.9743157894736842,0.2044186145067215
0.7752,0.9743157894736842,0.20424415171146393
0.7752,0.9745263157894737,0.2034757137298584
0.78,0.9745263157894737,0.20139095187187195
0.78,0.9751578947368421,0.20054523646831512
0.7816,0.9751578947368421,0.198055237531662
0.7816,0.9753684210526316,0.19804681837558746
0.7856,0.9753684210526316,0.19640247523784637
0.7856,0.9755789473684211,0.19574914872646332
0.7872,0.9755789473684211,0.1956031620502472
0.7872,0.976,0.1951884925365448
0.7888,0.976,0.19408732652664185
0.7888,0.9766315789473684,0.1934964656829834
0.792,0.9766315789473684,0.19257932901382446
0.792,0.9768421052631578,0.19249065220355988
0.7928,0.9768421052631578,0.19173602759838104
0.7928,0.9772631578947368,0.19093632698059082
0.7952,0.9772631578947368,0.18942056596279144
0.7952,0.9774736842105263,0.18935459852218628
0.796,0.9774736842105263,0.18915943801403046
0.796,0.9776842105263158,0.188718780875206
0.7968,0.9776842105263158,0.18866382539272308
0.7968,0.9778947368421053,0.18843869864940643
0.7992,0.9778947368421053,0.18796133995056152
0.7992,0.9781052631578947,0.18795280158519745
0.8016,0.9781052631578947,0.18744783103466034
0.8016,0.9783157894736842,0.187289759516716
0.8024,0.9783157894736842,0.18621738255023956
0.8024,0.9785263157894737,0.18591773509979248
0.8032,0.9785263157894737,0.18573810160160065
0.8032,0.9787368421052631,0.1843513548374176
0.8048,0.9787368421052631,0.18341803550720215
0.8048,0.9789473684210527,0.18283644318580627
0.8064,0.9789473684210527,0.18211132287979126
0.8064,0.9791578947368421,0.18210245668888092
0.8088,0.9791578947368421,0.18156258761882782
0.8088,0.9793684210526316,0.18143188953399658
0.8096,0.9793684210526316,0.18139447271823883
0.8096,0.9795789473684211,0.18123836815357208
0.8112,0.9795789473684211,0.18099799752235413
0.8112,0.98,0.18060535192489624
0.8144,0.98,0.17860683798789978
0.8144,0.980421052631579,0.17765003442764282
0.8152,0.980421052631579,0.17722003161907196
0.8152,0.9806315789473684,0.17710910737514496
0.816,0.9806315789473684,0.17697805166244507
0.816,0.9810526315789474,0.176677867770195
0.8168,0.9810526315789474,0.17637890577316284
0.8168,0.9814736842105263,0.17576342821121216
0.8184,0.9814736842105263,0.1741066873073578
0.8184,0.9818947368421053,0.1735210120677948
0.8208,0.9818947368421053,0.17295485734939575
0.8208,0.9825263157894737,0.17130979895591736
0.8224,0.9825263157894737,0.17031407356262207
0.8224,0.9831578947368421,0.16858109831809998
0.8232,0.9831578947368421,0.16822874546051025
0.8232,0.9837894736842105,0.16670788824558258
0.8256,0.9837894736842105,0.16648513078689575
0.8256,0.984,0.16591934859752655
0.8272,0.984,0.16569775342941284
0.8272,0.9842105263157894,0.1655610054731369
0.828,0.9842105263157894,0.1652088463306427
0.828,0.984421052631579,0.1649995744228363
0.8328,0.984421052631579,0.1633116751909256
0.8328,0.9848421052631579,0.1621759682893753
0.8352,0.9848421052631579,0.16134963929653168
0.8352,0.9852631578947368,0.1608947515487671
0.8424,0.9852631578947368,0.15893319249153137
0.8424,0.9856842105263158,0.15876303613185883
0.8448,0.9856842105263158,0.15703262388706207
0.8448,0.9861052631578947,0.156820610165596
0.8464,0.9861052631578947,0.15621371567249298
0.8464,0.9863157894736843,0.15615180134773254
0.848,0.9863157894736843,0.15591490268707275
0.848,0.9867368421052631,0.15475615859031677
0.8544,0.9867368421052631,0.15151293575763702
0.8544,0.9871578947368421,0.14978866279125214
0.8568,0.9871578947368421,0.14908409118652344
0.8568,0.9873684210526316,0.148264542222023
0.8576,0.9873684210526316,0.14818502962589264
0.8576,0.987578947368421,0.14809484779834747
0.8592,0.987578947368421,0.14712955057621002
0.8592,0.988421052631579,0.14648675918579102
0.86,0.988421052631579,0.14641177654266357
0.86,0.9886315789473684,0.14622479677200317
0.8608,0.9886315789473684,0.14618544280529022
0.8608,0.9888421052631579,0.1459960639476776
0.8632,0.9888421052631579,0.145209401845932
0.8632,0.9894736842105263,0.14448833465576172
0.864,0.9894736842105263,0.14433705806732178
0.864,0.9896842105263158,0.14429469406604767
0.8672,0.9896842105263158,0.14249655604362488
0.8672,0.9898947368421053,0.14221949875354767
0.8696,0.9898947368421053,0.14198829233646393
0.8696,0.9903157894736843,0.1415117233991623
0.8736,0.9903157894736843,0.1391875147819519
0.8736,0.9905263157894737,0.13897748291492462
0.8752,0.9905263157894737,0.13868267834186554
0.8752,0.9907368421052631,0.13836154341697693
0.876,0.9907368421052631,0.1382283717393875
0.876,0.9913684210526316,0.1377374827861786
0.8768,0.9913684210526316,0.13731621205806732
0.8768,0.9922105263157894,0.13612757623195648
0.8784,0.9922105263157894,0.13541020452976227
0.8784,0.9926315789473684,0.13475020229816437
0.88,0.9926315789473684,0.13413551449775696
0.88,0.9928421052631579,0.13397186994552612
0.8808,0.9928421052631579,0.13370175659656525
0.8808,0.9930526315789474,0.13357441127300262
0.8824,0.9930526315789474,0.13279226422309875
0.8824,0.9932631578947368,0.13273462653160095
0.884,0.9932631578947368,0.13246214389801025
0.884,0.9934736842105263,0.1323646456003189
0.8848,0.9934736842105263,0.1315435916185379
0.8848,0.9936842105263158,0.13096709549427032
0.888,0.9936842105263158,0.13013118505477905
0.888,0.9941052631578947,0.1299121081829071
0.8888,0.9941052631578947,0.1297086477279663
0.8888,0.9945263157894737,0.12872202694416046
0.8912,0.9945263157894737,0.1282370537519455
0.8912,0.9949473684210526,0.12722262740135193
0.8936,0.9949473684210526,0.1263531893491745
0.8936,0.9951578947368421,0.1247849315404892
0.8952,0.9951578947368421,0.12414219975471497
0.8952,0.9953684210526316,0.1233929768204689
0.8968,0.9953684210526316,0.12318424880504608
0.8968,0.995578947368421,0.12288560718297958
0.8992,0.995578947368421,0.12182474136352539
0.8992,0.9957894736842106,0.12176179140806198
0.9024,0.9957894736842106,0.11816903948783875
0.9024,0.996,0.11807309836149216
0.9048,0.996,0.1166951060295105
0.9048,0.9962105263157894,0.11651906371116638
0.9056,0.9962105263157894,0.11632101237773895
0.9056,0.996421052631579,0.11627881973981857
0.9064,0.996421052631579,0.11598008871078491
0.9064,0.9968421052631579,0.1143929734826088
0.9072,0.9968421052631579,0.11311911791563034
0.9072,0.9972631578947369,0.11278319358825684
0.9104,0.9972631578947369,0.11173786222934723
0.9104,0.9974736842105263,0.11142287403345108
0.9136,0.9974736842105263,0.10838940739631653
0.9136,0.9976842105263158,0.1075468435883522
0.9144,0.9976842105263158,0.10696431249380112
0.9144,0.9978947368421053,0.10674698650836945
0.9152,0.9978947368421053,0.1055140271782875
0.9152,0.9981052631578947,0.10499130934476852
0.916,0.9981052631578947,0.10446822643280029
0.916,0.9983157894736842,0.10421843826770782
0.9168,0.9983157894736842,0.10417233407497406
0.9168,0.9987368421052631,0.10262726247310638
0.9224,0.9987368421052631,0.10109706223011017
0.9224,0.9989473684210526,0.10102911293506622
0.928,0.9989473684210526,0.09919437766075134
0.928,0.9991578947368421,0.09830691665410995
0.932,0.9991578947368421,0.09541668742895126
0.932,0.999578947368421,0.09446867555379868
0.9328,0.999578947368421,0.0935843214392662
0.9328,0.9997894736842106,0.0929826870560646
0.9576,0.9997894736842106,0.0764598399400711
0.9576,1.0,0.07609234750270844
1.0,1.0,0.04326185956597328
