FPR,TPR,Threshold
0.0,0.0,1.980399489402771
0.0,0.0004807692307692308,0.980399489402771
0.0,0.04471153846153846,0.9675086736679077
0.0003676470588235294,0.04471153846153846,0.9674956202507019
0.0003676470588235294,0.04903846153846154,0.9672927260398865
0.0007352941176470588,0.04903846153846154,0.9669548869132996
0.0007352941176470588,0.04951923076923077,0.9669449329376221
0.0014705882352941176,0.04951923076923077,0.9666207432746887
0.0014705882352941176,0.05,0.9665780663490295
0.001838235294117647,0.05,0.966134786605835
0.001838235294117647,0.05048076923076923,0.9661266207695007
0.0022058823529411764,0.05048076923076923,0.9659647941589355
0.0022058823529411764,0.05096153846153846,0.9658746719360352
0.002573529411764706,0.05096153846153846,0.965803861618042
0.002573529411764706,0.051923076923076926,0.965637743473053
0.0029411764705882353,0.051923076923076926,0.9655590653419495
0.0029411764705882353,0.052403846153846155,0.9655473828315735
0.0033088235294117647,0.052403846153846155,0.9654401540756226
0.0033088235294117647,0.058173076923076925,0.9650928378105164
0.003676470588235294,0.058173076923076925,0.9650044441223145
0.003676470588235294,0.06009615384615385,0.9648923277854919
0.004044117647058824,0.06009615384615385,0.9648717045783997
0.004044117647058824,0.06346153846153846,0.9647313356399536
0.009191176470588236,0.06346153846153846,0.9639127850532532
0.009191176470588236,0.06394230769230769,0.9639006853103638
0.009926470588235294,0.06394230769230769,0.9638324975967407
0.009926470588235294,0.06490384615384616,0.9637317061424255
0.01213235294117647,0.06490384615384616,0.9635992050170898
0.01213235294117647,0.06538461538461539,0.9635440707206726
0.015073529411764706,0.06538461538461539,0.9633501172065735
0.015073529411764706,0.06586538461538462,0.9632927775382996
0.015441176470588236,0.06586538461538462,0.9632777571678162
0.015441176470588236,0.06634615384615385,0.9632309675216675
0.017279411764705883,0.06634615384615385,0.9631735682487488
0.017279411764705883,0.06682692307692308,0.9631519913673401
0.01838235294117647,0.06682692307692308,0.9630654454231262
0.01838235294117647,0.0673076923076923,0.96300208568573
0.01948529411764706,0.0673076923076923,0.962853193283081
0.01948529411764706,0.06778846153846153,0.9628512859344482
0.021691176470588235,0.06778846153846153,0.9626755118370056
0.021691176470588235,0.07019230769230769,0.9621983766555786
0.022058823529411766,0.07019230769230769,0.9619404077529907
0.022058823529411766,0.07355769230769231,0.9609982967376709
0.022426470588235294,0.07355769230769231,0.960966944694519
0.022426470588235294,0.07548076923076923,0.9607704877853394
0.022794117647058822,0.07548076923076923,0.960699737071991
0.022794117647058822,0.09278846153846154,0.9598847031593323
0.023161764705882354,0.09278846153846154,0.9598784446716309
0.023161764705882354,0.09567307692307692,0.9596607685089111
0.02426470588235294,0.09567307692307692,0.9580370783805847
0.02426470588235294,0.09903846153846153,0.9563300609588623
0.025,0.09903846153846153,0.9556928277015686
0.025,0.09951923076923076,0.9555516242980957
0.02536764705882353,0.09951923076923076,0.955467700958252
0.02536764705882353,0.1,0.9553443193435669
0.025735294117647058,0.1,0.9551537036895752
0.025735294117647058,0.10096153846153846,0.9550098776817322
0.02610294117647059,0.10096153846153846,0.9543924927711487
0.02610294117647059,0.10144230769230769,0.953183114528656
0.028676470588235293,0.10144230769230769,0.9522547125816345
0.028676470588235293,0.10192307692307692,0.9521037340164185
0.03308823529411765,0.10192307692307692,0.9514635801315308
0.03308823529411765,0.10240384615384615,0.951411247253418
0.03602941176470588,0.10240384615384615,0.9510746598243713
0.03602941176470588,0.10432692307692308,0.9500712752342224
0.036397058823529414,0.10432692307692308,0.9497871994972229
0.036397058823529414,0.11009615384615384,0.9478825330734253
0.03676470588235294,0.11009615384615384,0.9475906491279602
0.03676470588235294,0.11057692307692307,0.9474447965621948
0.03713235294117647,0.11057692307692307,0.9473425149917603
0.03713235294117647,0.1110576923076923,0.9472298622131348
0.0375,0.1110576923076923,0.9470837712287903
0.0375,0.12788461538461537,0.9457420706748962
0.03786764705882353,0.12788461538461537,0.9457013010978699
0.03786764705882353,0.13557692307692307,0.9442867636680603
0.03823529411764706,0.13557692307692307,0.9441985487937927
0.03823529411764706,0.1360576923076923,0.9436471462249756
0.03860294117647059,0.1360576923076923,0.9433665871620178
0.03860294117647059,0.13846153846153847,0.9416118264198303
0.03897058823529412,0.13846153846153847,0.9414042234420776
0.03897058823529412,0.1389423076923077,0.9407486915588379
0.039338235294117646,0.1389423076923077,0.9403895139694214
0.039338235294117646,0.1466346153846154,0.9369845390319824
0.039705882352941174,0.1466346153846154,0.9362695217132568
0.039705882352941174,0.15048076923076922,0.9347954988479614
0.04007352941176471,0.15048076923076922,0.9347516298294067
0.04007352941176471,0.15673076923076923,0.9340793490409851
0.04044117647058824,0.15673076923076923,0.9340044856071472
0.04044117647058824,0.16201923076923078,0.9336135387420654
0.040808823529411765,0.16201923076923078,0.9335712194442749
0.040808823529411765,0.19423076923076923,0.9278203845024109
0.041176470588235294,0.19423076923076923,0.9277227520942688
0.041176470588235294,0.19615384615384615,0.9268035292625427
0.04154411764705882,0.19615384615384615,0.9260503053665161
0.04154411764705882,0.19759615384615384,0.9257060885429382
0.04191176470588235,0.19759615384615384,0.9256350994110107
0.04191176470588235,0.19807692307692307,0.9251458048820496
0.042279411764705885,0.19807692307692307,0.9250693321228027
0.042279411764705885,0.1985576923076923,0.9250190258026123
0.04264705882352941,0.1985576923076923,0.924781322479248
0.04264705882352941,0.20384615384615384,0.9237280488014221
0.04301470588235294,0.20384615384615384,0.9236363768577576
0.04301470588235294,0.2091346153846154,0.9232533574104309
0.04338235294117647,0.2091346153846154,0.9232514500617981
0.04338235294117647,0.21201923076923077,0.9229258894920349
0.04375,0.21201923076923077,0.9228065609931946
0.04375,0.22259615384615383,0.9217075705528259
0.04411764705882353,0.22259615384615383,0.9216771721839905
0.04411764705882353,0.23028846153846153,0.9200288653373718
0.04448529411764706,0.23028846153846153,0.9199450612068176
0.04448529411764706,0.23076923076923078,0.9198684692382812
0.04485294117647059,0.23076923076923078,0.9193955659866333
0.04485294117647059,0.2326923076923077,0.9191398620605469
0.04522058823529412,0.2326923076923077,0.9191300272941589
0.04522058823529412,0.23509615384615384,0.9189465641975403
0.045588235294117645,0.23509615384615384,0.9189079999923706
0.045588235294117645,0.23557692307692307,0.9188659191131592
0.04595588235294118,0.23557692307692307,0.9188286066055298
0.04595588235294118,0.2360576923076923,0.9187557101249695
0.04632352941176471,0.2360576923076923,0.9186417460441589
0.04632352941176471,0.24086538461538462,0.9182129502296448
0.04963235294117647,0.24086538461538462,0.9176486730575562
0.04963235294117647,0.24134615384615385,0.9175623655319214
0.05220588235294118,0.24134615384615385,0.916984498500824
0.05220588235294118,0.24182692307692308,0.9169202446937561
0.054044117647058826,0.24182692307692308,0.9166331887245178
0.054044117647058826,0.2423076923076923,0.915839672088623
0.054411764705882354,0.2423076923076923,0.9155160784721375
0.054411764705882354,0.2466346153846154,0.9125838279724121
0.05477941176470588,0.2466346153846154,0.9125485420227051
0.05477941176470588,0.24711538461538463,0.9121186137199402
0.05514705882352941,0.24711538461538463,0.912072479724884
0.05514705882352941,0.24759615384615385,0.9104502201080322
0.05551470588235294,0.24759615384615385,0.9100906252861023
0.05551470588235294,0.2519230769230769,0.9080502390861511
0.05588235294117647,0.2519230769230769,0.9073922634124756
0.05588235294117647,0.2673076923076923,0.9011068344116211
0.05625,0.2673076923076923,0.9010345339775085
0.05625,0.28221153846153846,0.8990939855575562
0.05661764705882353,0.28221153846153846,0.8990333676338196
0.05661764705882353,0.28557692307692306,0.8985164761543274
0.05698529411764706,0.28557692307692306,0.898490846157074
0.05698529411764706,0.29134615384615387,0.8981150984764099
0.057352941176470586,0.29134615384615387,0.8980631232261658
0.057352941176470586,0.29471153846153847,0.8973102569580078
0.05772058823529412,0.29471153846153847,0.8972862362861633
0.05772058823529412,0.2985576923076923,0.8969806432723999
0.05808823529411765,0.2985576923076923,0.8964661955833435
0.05808823529411765,0.29903846153846153,0.8956353068351746
0.05845588235294118,0.29903846153846153,0.89467853307724
0.05845588235294118,0.3,0.8941695690155029
0.058823529411764705,0.3,0.893675684928894
0.058823529411764705,0.30096153846153845,0.8931680917739868
0.05919117647058823,0.30096153846153845,0.8931284546852112
0.05919117647058823,0.3014423076923077,0.8931169509887695
0.05955882352941176,0.3014423076923077,0.893052875995636
0.05955882352941176,0.3019230769230769,0.8929136991500854
0.06139705882352941,0.3019230769230769,0.8916833400726318
0.06139705882352941,0.30240384615384613,0.8916561007499695
0.06470588235294118,0.30240384615384613,0.8908643126487732
0.06470588235294118,0.3033653846153846,0.8905300498008728
0.06801470588235294,0.3033653846153846,0.8897393345832825
0.06801470588235294,0.3057692307692308,0.8886685371398926
0.06838235294117648,0.3057692307692308,0.8884661197662354
0.06838235294117648,0.30673076923076925,0.8884409070014954
0.06875,0.30673076923076925,0.8871262669563293
0.06875,0.3072115384615385,0.8868144154548645
0.07058823529411765,0.3072115384615385,0.8842804431915283
0.07058823529411765,0.3076923076923077,0.8841583728790283
0.07095588235294117,0.3076923076923077,0.8841031789779663
0.07095588235294117,0.30817307692307694,0.8838824033737183
0.07169117647058823,0.30817307692307694,0.8836423754692078
0.07169117647058823,0.30865384615384617,0.8836109042167664
0.0724264705882353,0.30865384615384617,0.8830913305282593
0.0724264705882353,0.31009615384615385,0.8815650343894958
0.07316176470588236,0.31009615384615385,0.8814704418182373
0.07316176470588236,0.3110576923076923,0.8805729150772095
0.07352941176470588,0.3110576923076923,0.8805696964263916
0.07352941176470588,0.31153846153846154,0.8801936507225037
0.07426470588235294,0.31153846153846154,0.8799101114273071
0.07426470588235294,0.3125,0.8797969818115234
0.07536764705882353,0.3125,0.8796639442443848
0.07536764705882353,0.3139423076923077,0.8794834613800049
0.08051470588235295,0.3139423076923077,0.878168523311615
0.08051470588235295,0.31490384615384615,0.8778834342956543
0.08235294117647059,0.31490384615384615,0.8776265382766724
0.08235294117647059,0.3158653846153846,0.877487063407898
0.0849264705882353,0.3158653846153846,0.8770434260368347
0.0849264705882353,0.31634615384615383,0.8769903182983398
0.08897058823529412,0.31634615384615383,0.8761196136474609
0.08897058823529412,0.31682692307692306,0.8761090040206909
0.08933823529411765,0.31682692307692306,0.875883162021637
0.08933823529411765,0.3173076923076923,0.8758620023727417
0.08970588235294118,0.3173076923076923,0.8758374452590942
0.08970588235294118,0.31826923076923075,0.8756158351898193
0.09044117647058823,0.31826923076923075,0.8754299283027649
0.09044117647058823,0.31875,0.8753871917724609
0.09117647058823529,0.31875,0.8751881122589111
0.09117647058823529,0.3192307692307692,0.8751627206802368
0.09191176470588236,0.3192307692307692,0.8749551177024841
0.09191176470588236,0.31971153846153844,0.8748343586921692
0.09264705882352942,0.31971153846153844,0.8747974634170532
0.09264705882352942,0.32019230769230766,0.8747521638870239
0.09301470588235294,0.32019230769230766,0.8746443390846252
0.09301470588235294,0.32067307692307695,0.8746339082717896
0.09375,0.32067307692307695,0.8746067881584167
0.09375,0.33028846153846153,0.873040497303009
0.09411764705882353,0.33028846153846153,0.8730250597000122
0.09411764705882353,0.3317307692307692,0.8729174733161926
0.09448529411764706,0.3317307692307692,0.8728969097137451
0.09448529411764706,0.3331730769230769,0.872799813747406
0.09485294117647058,0.3331730769230769,0.8725218176841736
0.09485294117647058,0.33365384615384613,0.8720365762710571
0.09558823529411764,0.33365384615384613,0.8718461394309998
0.09558823529411764,0.3346153846153846,0.8718067407608032
0.09632352941176471,0.3346153846153846,0.871682345867157
0.09632352941176471,0.33653846153846156,0.871509313583374
0.09669117647058824,0.33653846153846156,0.8714585900306702
0.09669117647058824,0.33798076923076925,0.8712554574012756
0.09705882352941177,0.33798076923076925,0.8711224794387817
0.09705882352941177,0.3384615384615385,0.8710927367210388
0.0974264705882353,0.3384615384615385,0.8709272146224976
0.0974264705882353,0.3389423076923077,0.8708059787750244
0.09779411764705882,0.3389423076923077,0.8707981705665588
0.09779411764705882,0.33942307692307694,0.8707806468009949
0.09852941176470588,0.33942307692307694,0.8707191348075867
0.09852941176470588,0.33990384615384617,0.8706799149513245
0.09963235294117648,0.33990384615384617,0.8706249594688416
0.09963235294117648,0.3403846153846154,0.8706090450286865
0.1,0.3403846153846154,0.8705488443374634
0.1,0.34134615384615385,0.8703088760375977
0.10036764705882353,0.34134615384615385,0.8703008890151978
0.10036764705882353,0.3418269230769231,0.8702222108840942
0.10073529411764706,0.3418269230769231,0.8702065944671631
0.10073529411764706,0.3423076923076923,0.870079517364502
0.10110294117647059,0.3423076923076923,0.8700540065765381
0.10110294117647059,0.34423076923076923,0.8699207305908203
0.10147058823529412,0.34423076923076923,0.8698940277099609
0.10147058823529412,0.3451923076923077,0.8697803616523743
0.10404411764705883,0.3451923076923077,0.8692377805709839
0.10404411764705883,0.3456730769230769,0.8691698312759399
0.10514705882352941,0.3456730769230769,0.8690773248672485
0.10514705882352941,0.3466346153846154,0.8689788579940796
0.10551470588235294,0.3466346153846154,0.8688538074493408
0.10551470588235294,0.3490384615384615,0.8679644465446472
0.10588235294117647,0.3490384615384615,0.8677894473075867
0.10588235294117647,0.35384615384615387,0.8671110272407532
0.10625,0.35384615384615387,0.8670946359634399
0.10625,0.35721153846153847,0.8667175769805908
0.10661764705882353,0.35721153846153847,0.8665938377380371
0.10661764705882353,0.3576923076923077,0.8664357662200928
0.10698529411764705,0.3576923076923077,0.8662899732589722
0.10698529411764705,0.3596153846153846,0.8659381866455078
0.10735294117647058,0.3596153846153846,0.8659298419952393
0.10735294117647058,0.36009615384615384,0.8657583594322205
0.10772058823529412,0.36009615384615384,0.8657423853874207
0.10772058823529412,0.36201923076923076,0.8655828237533569
0.10882352941176471,0.36201923076923076,0.8653517365455627
0.10882352941176471,0.3625,0.8652604222297668
0.10919117647058824,0.3625,0.865233302116394
0.10919117647058824,0.3629807692307692,0.8651503920555115
0.10955882352941176,0.3629807692307692,0.8649691343307495
0.10955882352941176,0.36346153846153845,0.8649375438690186
0.10992647058823529,0.36346153846153845,0.8646209836006165
0.10992647058823529,0.3639423076923077,0.8645331859588623
0.11066176470588235,0.3639423076923077,0.8644004464149475
0.11066176470588235,0.3644230769230769,0.8642531037330627
0.1125,0.3644230769230769,0.8639998435974121
0.1125,0.36538461538461536,0.8639236092567444
0.11323529411764706,0.36538461538461536,0.863773763179779
0.11323529411764706,0.3658653846153846,0.8636589050292969
0.1150735294117647,0.3658653846153846,0.8629176616668701
0.1150735294117647,0.3663461538461538,0.8628075122833252
0.11654411764705883,0.3663461538461538,0.862615704536438
0.11654411764705883,0.37067307692307694,0.8612346649169922
0.11691176470588235,0.37067307692307694,0.8611748814582825
0.11691176470588235,0.37115384615384617,0.8609535098075867
0.11727941176470588,0.37115384615384617,0.8609475493431091
0.11727941176470588,0.3716346153846154,0.8608971834182739
0.11801470588235294,0.3716346153846154,0.8605647683143616
0.11801470588235294,0.37451923076923077,0.8600985407829285
0.11838235294117647,0.37451923076923077,0.8600921034812927
0.11838235294117647,0.37596153846153846,0.8599206209182739
0.11875,0.37596153846153846,0.8599178791046143
0.11875,0.3817307692307692,0.8592960834503174
0.11911764705882352,0.3817307692307692,0.8592616319656372
0.11911764705882352,0.39278846153846153,0.8574984669685364
0.11948529411764706,0.39278846153846153,0.8571394681930542
0.11948529411764706,0.39326923076923076,0.8569716811180115
0.11985294117647059,0.39326923076923076,0.8568554520606995
0.11985294117647059,0.3956730769230769,0.8556003570556641
0.12095588235294118,0.3956730769230769,0.8550397157669067
0.12095588235294118,0.39615384615384613,0.8549687266349792
0.1213235294117647,0.39615384615384613,0.8547717928886414
0.1213235294117647,0.39663461538461536,0.8546265363693237
0.12169117647058823,0.39663461538461536,0.8545958995819092
0.12169117647058823,0.3971153846153846,0.8544681668281555
0.12205882352941176,0.3971153846153846,0.8544518351554871
0.12205882352941176,0.39855769230769234,0.853926956653595
0.12426470588235294,0.39855769230769234,0.8529025912284851
0.12426470588235294,0.3995192307692308,0.8528519868850708
0.12720588235294117,0.3995192307692308,0.8520541787147522
0.12720588235294117,0.40048076923076925,0.8519631624221802
0.12867647058823528,0.40048076923076925,0.8512868881225586
0.12867647058823528,0.4014423076923077,0.8510576486587524
0.1297794117647059,0.4014423076923077,0.8509302139282227
0.1297794117647059,0.4028846153846154,0.8507463335990906
0.13051470588235295,0.4028846153846154,0.8507070541381836
0.13051470588235295,0.40384615384615385,0.8505983948707581
0.13088235294117648,0.40384615384615385,0.8505451083183289
0.13088235294117648,0.4043269230769231,0.850466251373291
0.13198529411764706,0.4043269230769231,0.8501943945884705
0.13198529411764706,0.41057692307692306,0.8492669463157654
0.1323529411764706,0.41057692307692306,0.8490917086601257
0.1323529411764706,0.41923076923076924,0.8459668755531311
0.13272058823529412,0.41923076923076924,0.8459572196006775
0.13272058823529412,0.41971153846153847,0.845741868019104
0.13308823529411765,0.41971153846153847,0.8455410003662109
0.13308823529411765,0.4201923076923077,0.8454881906509399
0.1338235294117647,0.4201923076923077,0.8453590869903564
0.1338235294117647,0.4221153846153846,0.8451640605926514
0.13419117647058823,0.4221153846153846,0.8451619744300842
0.13419117647058823,0.425,0.844302237033844
0.13455882352941176,0.425,0.8442129492759705
0.13455882352941176,0.42788461538461536,0.8433775901794434
0.1349264705882353,0.42788461538461536,0.8433669209480286
0.1349264705882353,0.42932692307692305,0.8432183265686035
0.1363970588235294,0.42932692307692305,0.8426880240440369
0.1363970588235294,0.42980769230769234,0.8424924612045288
0.13713235294117648,0.42980769230769234,0.8414074182510376
0.13713235294117648,0.43028846153846156,0.8411274552345276
0.14080882352941176,0.43028846153846156,0.8397105932235718
0.14080882352941176,0.4307692307692308,0.8396597504615784
0.14191176470588235,0.4307692307692308,0.8392848372459412
0.14191176470588235,0.43125,0.8391897678375244
0.14411764705882352,0.43125,0.8388134837150574
0.14411764705882352,0.4322115384615385,0.8372083902359009
0.14448529411764705,0.4322115384615385,0.8370978236198425
0.14448529411764705,0.4341346153846154,0.8352528214454651
0.14522058823529413,0.4341346153846154,0.8345487713813782
0.14522058823529413,0.4355769230769231,0.8341863751411438
0.14558823529411766,0.4355769230769231,0.8341398239135742
0.14558823529411766,0.43798076923076923,0.8328062891960144
0.14595588235294119,0.43798076923076923,0.832589328289032
0.14595588235294119,0.4389423076923077,0.8325016498565674
0.14669117647058824,0.4389423076923077,0.831845760345459
0.14669117647058824,0.4394230769230769,0.8317975401878357
0.1474264705882353,0.4394230769230769,0.8315545916557312
0.1474264705882353,0.43990384615384615,0.8313515186309814
0.14816176470588235,0.43990384615384615,0.8309029936790466
0.14816176470588235,0.44134615384615383,0.8289880752563477
0.14852941176470588,0.44134615384615383,0.8287101984024048
0.14852941176470588,0.44182692307692306,0.8282620310783386
0.14926470588235294,0.44182692307692306,0.8278619050979614
0.14926470588235294,0.44326923076923075,0.8251064419746399
0.14963235294117647,0.44326923076923075,0.8250015377998352
0.14963235294117647,0.4442307692307692,0.8246105313301086
0.15036764705882352,0.4442307692307692,0.8244038224220276
0.15036764705882352,0.44519230769230766,0.8240487575531006
0.15073529411764705,0.44519230769230766,0.8240221738815308
0.15073529411764705,0.4466346153846154,0.8235881328582764
0.15110294117647058,0.4466346153846154,0.8234642744064331
0.15110294117647058,0.44759615384615387,0.8232228755950928
0.1514705882352941,0.44759615384615387,0.8231999278068542
0.1514705882352941,0.4485576923076923,0.8229564428329468
0.15220588235294116,0.4485576923076923,0.8227362632751465
0.15220588235294116,0.44903846153846155,0.8227279186248779
0.15257352941176472,0.44903846153846155,0.8226010203361511
0.15257352941176472,0.4495192307692308,0.8225816488265991
0.15330882352941178,0.4495192307692308,0.8223394155502319
0.15330882352941178,0.4514423076923077,0.8219976425170898
0.1536764705882353,0.4514423076923077,0.8219780325889587
0.1536764705882353,0.4567307692307692,0.8215596079826355
0.15404411764705883,0.4567307692307692,0.8215419054031372
0.15404411764705883,0.45865384615384613,0.8212341070175171
0.15441176470588236,0.45865384615384613,0.8212267756462097
0.15441176470588236,0.4600961538461538,0.8210396766662598
0.15588235294117647,0.4600961538461538,0.8208356499671936
0.15588235294117647,0.46057692307692305,0.820769190788269
0.15625,0.46057692307692305,0.8207038640975952
0.15625,0.46105769230769234,0.8206955194473267
0.15661764705882353,0.46105769230769234,0.8206679224967957
0.15661764705882353,0.46153846153846156,0.8206369280815125
0.15698529411764706,0.4620192307692308,0.8205433487892151
0.15698529411764706,0.4625,0.8205056190490723
0.15735294117647058,0.4625,0.8203432559967041
0.15735294117647058,0.4634615384615385,0.8202758431434631
0.1577205882352941,0.4634615384615385,0.8202348947525024
0.1577205882352941,0.4673076923076923,0.8197405338287354
0.15808823529411764,0.4673076923076923,0.8196413516998291
0.15808823529411764,0.46778846153846154,0.819636881351471
0.15845588235294117,0.46778846153846154,0.8196102380752563
0.15845588235294117,0.46923076923076923,0.8195143938064575
0.1588235294117647,0.46923076923076923,0.8195136785507202
0.1588235294117647,0.4706730769230769,0.8194188475608826
0.15919117647058822,0.4706730769230769,0.8193103671073914
0.15919117647058822,0.47115384615384615,0.8192518353462219
0.15955882352941175,0.47115384615384615,0.8190768957138062
0.15955882352941175,0.4716346153846154,0.8190026879310608
0.16139705882352942,0.4716346153846154,0.8185418844223022
0.16139705882352942,0.47259615384615383,0.8169192671775818
0.16397058823529412,0.47259615384615383,0.8144821524620056
0.16397058823529412,0.47307692307692306,0.8142833113670349
0.16433823529411765,0.47307692307692306,0.8141794204711914
0.16433823529411765,0.4735576923076923,0.8133062124252319
0.16544117647058823,0.4735576923076923,0.8129038214683533
0.1661764705882353,0.4735576923076923,0.8126966953277588
0.16801470588235295,0.4735576923076923,0.8122817277908325
0.16801470588235295,0.4740384615384615,0.8120560646057129
0.16875,0.4740384615384615,0.8120132684707642
0.16875,0.475,0.8116137981414795
0.16948529411764707,0.475,0.8114595413208008
0.16948529411764707,0.4754807692307692,0.8113399147987366
0.1698529411764706,0.4754807692307692,0.8112748861312866
0.1698529411764706,0.47644230769230766,0.8112121224403381
0.17058823529411765,0.47644230769230766,0.8110470175743103
0.17058823529411765,0.47692307692307695,0.8109234571456909
0.17205882352941176,0.47692307692307695,0.8106042742729187
0.17205882352941176,0.4774038461538462,0.8105629086494446
0.1724264705882353,0.4774038461538462,0.8105341196060181
0.1724264705882353,0.4778846153846154,0.8104501366615295
0.17352941176470588,0.4778846153846154,0.8102684617042542
0.17352941176470588,0.48173076923076924,0.8096045255661011
0.1738970588235294,0.48173076923076924,0.8095766305923462
0.1738970588235294,0.48221153846153847,0.8094947934150696
0.17426470588235293,0.48221153846153847,0.8092250227928162
0.17426470588235293,0.4826923076923077,0.8091618418693542
0.17463235294117646,0.4826923076923077,0.8090550303459167
0.17463235294117646,0.4841346153846154,0.8085955381393433
0.17536764705882352,0.4841346153846154,0.8084671497344971
0.17536764705882352,0.4894230769230769,0.8073737025260925
0.17683823529411766,0.4894230769230769,0.8055191040039062
0.17683823529411766,0.48990384615384613,0.8054879307746887
0.17720588235294119,0.48990384615384613,0.8050135970115662
0.17720588235294119,0.49182692307692305,0.8042455911636353
0.1775735294117647,0.49182692307692305,0.8041307926177979
0.1775735294117647,0.49278846153846156,0.8035233020782471
0.17904411764705883,0.49278846153846156,0.8032047748565674
0.17904411764705883,0.49375,0.8026028871536255
0.17941176470588235,0.49375,0.8019421100616455
0.17941176470588235,0.49423076923076925,0.8018831014633179
0.17977941176470588,0.49423076923076925,0.8016023635864258
0.17977941176470588,0.49567307692307694,0.8009850978851318
0.18125,0.49567307692307694,0.8005029559135437
0.18125,0.49615384615384617,0.8004340529441833
0.18198529411764705,0.49615384615384617,0.800144374370575
0.18198529411764705,0.4966346153846154,0.7999183535575867
0.18308823529411763,0.4966346153846154,0.7992250919342041
0.18308823529411763,0.4971153846153846,0.7990807294845581
0.18345588235294116,0.4971153846153846,0.7987388968467712
0.18345588235294116,0.4985576923076923,0.7976372241973877
0.18382352941176472,0.4985576923076923,0.797451376914978
0.18382352941176472,0.49903846153846154,0.7974348664283752
0.18419117647058825,0.49903846153846154,0.7972841858863831
0.18419117647058825,0.5,0.7971354722976685
0.18713235294117647,0.5,0.7964024543762207
0.18713235294117647,0.5004807692307692,0.7963218688964844
0.1875,0.5004807692307692,0.7962490916252136
0.1875,0.5009615384615385,0.7961692810058594
0.18823529411764706,0.5009615384615385,0.7961245179176331
0.18823529411764706,0.5014423076923077,0.7961075901985168
0.1889705882352941,0.5014423076923077,0.7956335544586182
0.1889705882352941,0.5024038461538461,0.7952619194984436
0.18933823529411764,0.5024038461538461,0.7951502799987793
0.18933823529411764,0.5028846153846154,0.795036256313324
0.1900735294117647,0.5028846153846154,0.7949976325035095
0.1900735294117647,0.5038461538461538,0.7949395179748535
0.19411764705882353,0.5038461538461538,0.7937811613082886
0.19411764705882353,0.5048076923076923,0.7936440706253052
0.1948529411764706,0.5048076923076923,0.7933766841888428
0.1948529411764706,0.5052884615384615,0.7931552529335022
0.19522058823529412,0.5052884615384615,0.7931419014930725
0.19522058823529412,0.5057692307692307,0.7930657267570496
0.19595588235294117,0.5057692307692307,0.7930504679679871
0.19595588235294117,0.50625,0.792966365814209
0.19669117647058823,0.50625,0.7928058505058289
0.19669117647058823,0.5067307692307692,0.7928056716918945
0.19816176470588234,0.5067307692307692,0.7925561666488647
0.19816176470588234,0.5076923076923077,0.7925106883049011
0.1988970588235294,0.5076923076923077,0.7923664450645447
0.1988970588235294,0.5086538461538461,0.7921279668807983
0.19963235294117648,0.5086538461538461,0.7920421957969666
0.19963235294117648,0.5100961538461538,0.7918485999107361
0.2,0.5100961538461538,0.7918421626091003
0.2,0.5110576923076923,0.7917086482048035
0.20147058823529412,0.5110576923076923,0.7914867401123047
0.20147058823529412,0.5129807692307692,0.7913154363632202
0.20220588235294118,0.5129807692307692,0.7911906838417053
0.20220588235294118,0.5134615384615384,0.7910540699958801
0.20294117647058824,0.5134615384615384,0.7910184860229492
0.2036764705882353,0.5134615384615384,0.7909058332443237
0.2036764705882353,0.5139423076923076,0.7907834053039551
0.20551470588235293,0.5139423076923076,0.7904914617538452
0.20551470588235293,0.5144230769230769,0.790445864200592
0.20588235294117646,0.5144230769230769,0.7904103994369507
0.20588235294117646,0.5153846153846153,0.7901347875595093
0.20625,0.5153846153846153,0.7901107668876648
0.20625,0.5158653846153847,0.790071964263916
0.20661764705882352,0.5158653846153847,0.7899712324142456
0.20661764705882352,0.5168269230769231,0.7898818254470825
0.2073529411764706,0.5168269230769231,0.7898379564285278
0.2073529411764706,0.5173076923076924,0.7897977232933044
0.20772058823529413,0.5173076923076924,0.7897571325302124
0.20772058823529413,0.5182692307692308,0.7897301316261292
0.20808823529411766,0.5182692307692308,0.7897101044654846
0.20808823529411766,0.5197115384615385,0.7895673513412476
0.20845588235294119,0.5197115384615385,0.7895315885543823
0.20845588235294119,0.520673076923077,0.7894418239593506
0.2088235294117647,0.520673076923077,0.7894070744514465
0.2088235294117647,0.5211538461538462,0.7892391085624695
0.21029411764705883,0.5211538461538462,0.7888044714927673
0.21029411764705883,0.5216346153846154,0.7886899709701538
0.21066176470588235,0.5216346153846154,0.7884762287139893
0.21066176470588235,0.5221153846153846,0.7883933782577515
0.21102941176470588,0.5221153846153846,0.7882928252220154
0.21102941176470588,0.5235576923076923,0.7881596088409424
0.2113970588235294,0.5235576923076923,0.788145124912262
0.2113970588235294,0.525,0.7880675792694092
0.21176470588235294,0.525,0.7879971861839294
0.21176470588235294,0.5254807692307693,0.7879207730293274
0.2125,0.5254807692307693,0.7878891825675964
0.2125,0.5259615384615385,0.7878303527832031
0.21286764705882352,0.5259615384615385,0.7877882122993469
0.21286764705882352,0.5264423076923077,0.7876542806625366
0.21323529411764705,0.5264423076923077,0.7875611782073975
0.21323529411764705,0.5274038461538462,0.7874685525894165
0.21470588235294116,0.5274038461538462,0.7872849702835083
0.21470588235294116,0.5298076923076923,0.786669909954071
0.21507352941176472,0.5298076923076923,0.7866043448448181
0.21507352941176472,0.5317307692307692,0.7861302495002747
0.21544117647058825,0.5317307692307692,0.7860637307167053
0.21544117647058825,0.5350961538461538,0.7849396467208862
0.21580882352941178,0.5350961538461538,0.7848772406578064
0.21580882352941178,0.5360576923076923,0.7847332954406738
0.21654411764705883,0.5360576923076923,0.7845301628112793
0.21654411764705883,0.5394230769230769,0.784089207649231
0.21691176470588236,0.5394230769230769,0.7839986085891724
0.21691176470588236,0.5403846153846154,0.7837989330291748
0.2172794117647059,0.5403846153846154,0.7837419509887695
0.2172794117647059,0.5413461538461538,0.7833508253097534
0.21764705882352942,0.5413461538461538,0.7833265662193298
0.21764705882352942,0.541826923076923,0.7832862138748169
0.21801470588235294,0.541826923076923,0.783238410949707
0.21801470588235294,0.5427884615384615,0.7831130623817444
0.21838235294117647,0.5427884615384615,0.7831109762191772
0.21838235294117647,0.5432692307692307,0.7830782532691956
0.21911764705882353,0.5432692307692307,0.7828407287597656
0.21911764705882353,0.5442307692307692,0.7825728058815002
0.21948529411764706,0.5442307692307692,0.7824676036834717
0.21948529411764706,0.5461538461538461,0.7821977734565735
0.21985294117647058,0.5461538461538461,0.7821831703186035
0.21985294117647058,0.5480769230769231,0.7818362712860107
0.22058823529411764,0.5480769230769231,0.7816596627235413
0.22058823529411764,0.55,0.7815676927566528
0.22095588235294117,0.55,0.7814710736274719
0.22095588235294117,0.5509615384615385,0.7814372181892395
0.22169117647058822,0.5509615384615385,0.7813479900360107
0.22169117647058822,0.5514423076923077,0.781330943107605
0.22205882352941175,0.5514423076923077,0.7812783122062683
0.22205882352941175,0.5524038461538462,0.7810916900634766
0.22316176470588237,0.5524038461538462,0.7810270190238953
0.22316176470588237,0.5528846153846154,0.7807132005691528
0.2235294117647059,0.5528846153846154,0.7806921601295471
0.2235294117647059,0.5533653846153846,0.7806894779205322
0.225,0.5533653846153846,0.7801432013511658
0.225,0.5538461538461539,0.7800947427749634
0.2275735294117647,0.5538461538461539,0.7798666954040527
0.2275735294117647,0.5548076923076923,0.7797563672065735
0.2286764705882353,0.5548076923076923,0.7794915437698364
0.2286764705882353,0.5552884615384616,0.7794530987739563
0.22904411764705881,0.5552884615384616,0.7794203758239746
0.22904411764705881,0.5557692307692308,0.7793608903884888
0.2301470588235294,0.5557692307692308,0.7792633771896362
0.2301470588235294,0.55625,0.7791621088981628
0.23125,0.55625,0.7789720892906189
0.23125,0.5567307692307693,0.7788398265838623
0.23161764705882354,0.5567307692307693,0.7788307666778564
0.23161764705882354,0.5576923076923077,0.7788165211677551
0.2323529411764706,0.5576923076923077,0.778694212436676
0.2323529411764706,0.5581730769230769,0.7786692380905151
0.23419117647058824,0.5581730769230769,0.7784005999565125
0.23419117647058824,0.5586538461538462,0.7783656120300293
0.23529411764705882,0.5586538461538462,0.777928352355957
0.23529411764705882,0.5591346153846154,0.7778228521347046
0.2411764705882353,0.5591346153846154,0.7763550877571106
0.2411764705882353,0.5605769230769231,0.7762244939804077
0.2426470588235294,0.5605769230769231,0.7753811478614807
0.2426470588235294,0.5615384615384615,0.7745289206504822
0.24411764705882352,0.5615384615384615,0.7735475897789001
0.24411764705882352,0.5625,0.7732305526733398
0.25073529411764706,0.5625,0.7715824246406555
0.25073529411764706,0.5629807692307692,0.7714370489120483
0.25220588235294117,0.5629807692307692,0.7709168791770935
0.25220588235294117,0.5634615384615385,0.7708907723426819
0.25441176470588234,0.5634615384615385,0.7700376510620117
0.25441176470588234,0.5639423076923077,0.7700046896934509
0.25698529411764703,0.5639423076923077,0.769092857837677
0.25698529411764703,0.5653846153846154,0.7689251899719238
0.25735294117647056,0.5653846153846154,0.7688459157943726
0.25735294117647056,0.5658653846153846,0.768746018409729
0.2577205882352941,0.5658653846153846,0.7684575915336609
0.2577205882352941,0.5668269230769231,0.7674373388290405
0.2580882352941177,0.5668269230769231,0.767278790473938
0.2580882352941177,0.5673076923076923,0.7671236991882324
0.25919117647058826,0.5673076923076923,0.7667257189750671
0.25919117647058826,0.5677884615384615,0.766706109046936
0.26838235294117646,0.5677884615384615,0.7639374732971191
0.26838235294117646,0.56875,0.7638627886772156
0.26875,0.56875,0.7637839913368225
0.26875,0.5692307692307692,0.76318359375
0.26948529411764705,0.5692307692307692,0.7629612684249878
0.26948529411764705,0.5697115384615384,0.7628804445266724
0.27426470588235297,0.5697115384615384,0.760923445224762
0.27426470588235297,0.5701923076923077,0.7607806324958801
0.2761029411764706,0.5701923076923077,0.7601238489151001
0.2761029411764706,0.5706730769230769,0.760071337223053
0.2772058823529412,0.5706730769230769,0.7598708868026733
0.2772058823529412,0.5716346153846154,0.7590835690498352
0.2783088235294118,0.5716346153846154,0.7571908235549927
0.2783088235294118,0.5721153846153846,0.7571488618850708
0.2786764705882353,0.5721153846153846,0.7566524147987366
0.2786764705882353,0.5725961538461538,0.7566054463386536
0.27941176470588236,0.5725961538461538,0.7539450526237488
0.27941176470588236,0.573076923076923,0.7534837126731873
0.2797794117647059,0.573076923076923,0.7531372904777527
0.2797794117647059,0.5740384615384615,0.7527822852134705
0.28051470588235294,0.5740384615384615,0.7527083158493042
0.28051470588235294,0.5745192307692307,0.7524828314781189
0.28161764705882353,0.5745192307692307,0.7521974444389343
0.28161764705882353,0.5778846153846153,0.7509096264839172
0.28198529411764706,0.5778846153846153,0.7508139610290527
0.28198529411764706,0.5798076923076924,0.7498312592506409
0.2823529411764706,0.5798076923076924,0.7497946619987488
0.2823529411764706,0.5817307692307693,0.7495482563972473
0.2827205882352941,0.5817307692307693,0.7494527101516724
0.2827205882352941,0.5846153846153846,0.7482501268386841
0.28345588235294117,0.5846153846153846,0.7481153011322021
0.28345588235294117,0.5865384615384616,0.7474839091300964
0.2838235294117647,0.5865384615384616,0.7473391890525818
0.2838235294117647,0.5879807692307693,0.747230589389801
0.2841911764705882,0.5879807692307693,0.7472187280654907
0.2841911764705882,0.5884615384615385,0.7470659613609314
0.28455882352941175,0.5884615384615385,0.74647456407547
0.28455882352941175,0.5889423076923077,0.7464187145233154
0.2852941176470588,0.5889423076923077,0.745904803276062
0.2852941176470588,0.5894230769230769,0.7457977533340454
0.28602941176470587,0.5894230769230769,0.7454187273979187
0.28602941176470587,0.5903846153846154,0.745145320892334
0.2926470588235294,0.5903846153846154,0.741722047328949
0.2926470588235294,0.5908653846153846,0.7417119741439819
0.29411764705882354,0.5908653846153846,0.74114590883255
0.29411764705882354,0.5913461538461539,0.7411344051361084
0.2948529411764706,0.5913461538461539,0.7406042814254761
0.2948529411764706,0.5918269230769231,0.7405115962028503
0.2977941176470588,0.5918269230769231,0.7393850088119507
0.2977941176470588,0.5923076923076923,0.7386301755905151
0.29816176470588235,0.5923076923076923,0.738229513168335
0.29816176470588235,0.59375,0.7362753748893738
0.2988970588235294,0.59375,0.7358787059783936
0.2988970588235294,0.5951923076923077,0.7348107695579529
0.29963235294117646,0.5951923076923077,0.7344181537628174
0.29963235294117646,0.5956730769230769,0.7342325448989868
0.3003676470588235,0.5956730769230769,0.7334803938865662
0.3003676470588235,0.5975961538461538,0.7331515550613403
0.30073529411764705,0.5975961538461538,0.7330486178398132
0.30073529411764705,0.5990384615384615,0.7323634624481201
0.3011029411764706,0.5990384615384615,0.732227623462677
0.3011029411764706,0.6,0.7320841550827026
0.30183823529411763,0.6,0.7317649126052856
0.30183823529411763,0.6004807692307692,0.7315635681152344
0.3029411764705882,0.6004807692307692,0.7309125661849976
0.3029411764705882,0.6009615384615384,0.7308785915374756
0.30330882352941174,0.6009615384615384,0.7305513620376587
0.30330882352941174,0.6024038461538461,0.7304280400276184
0.3040441176470588,0.6024038461538461,0.7300776243209839
0.3040441176470588,0.6033653846153846,0.7300125956535339
0.3044117647058823,0.6033653846153846,0.7300118803977966
0.3044117647058823,0.6048076923076923,0.7298630475997925
0.3047794117647059,0.6048076923076923,0.7297320365905762
0.3047794117647059,0.6052884615384615,0.7296709418296814
0.30551470588235297,0.6052884615384615,0.7295330762863159
0.30551470588235297,0.6057692307692307,0.7295129895210266
0.3058823529411765,0.6057692307692307,0.7294246554374695
0.3058823529411765,0.60625,0.7293837070465088
0.3069852941176471,0.60625,0.7292354106903076
0.3069852941176471,0.6067307692307692,0.7290986776351929
0.3073529411764706,0.6067307692307692,0.7290793657302856
0.3073529411764706,0.6081730769230769,0.728908121585846
0.30772058823529413,0.6081730769230769,0.7287006378173828
0.30772058823529413,0.6091346153846153,0.728445827960968
0.3084558823529412,0.6091346153846153,0.7283806204795837
0.3084558823529412,0.6096153846153847,0.7282825112342834
0.3088235294117647,0.6096153846153847,0.7281848192214966
0.3088235294117647,0.6100961538461539,0.7281494736671448
0.30919117647058825,0.6100961538461539,0.7280029058456421
0.30919117647058825,0.6115384615384616,0.7276391386985779
0.3095588235294118,0.6115384615384616,0.7276103496551514
0.3095588235294118,0.6120192307692308,0.7275961637496948
0.3099264705882353,0.6120192307692308,0.7275562882423401
0.3099264705882353,0.6125,0.7275403738021851
0.31029411764705883,0.6125,0.7274749279022217
0.31029411764705883,0.6129807692307693,0.7274159789085388
0.3110294117647059,0.6129807692307693,0.7272129058837891
0.3110294117647059,0.6163461538461539,0.7269327640533447
0.3113970588235294,0.6163461538461539,0.7268949747085571
0.3113970588235294,0.6173076923076923,0.7268221378326416
0.31286764705882353,0.6173076923076923,0.726453423500061
0.31286764705882353,0.6177884615384616,0.7263773679733276
0.31323529411764706,0.6177884615384616,0.7261965274810791
0.31323529411764706,0.6197115384615385,0.7250548601150513
0.3136029411764706,0.6197115384615385,0.7247830033302307
0.3136029411764706,0.6201923076923077,0.7246073484420776
0.3139705882352941,0.6201923076923077,0.7244266271591187
0.3139705882352941,0.6221153846153846,0.723473310470581
0.31433823529411764,0.6221153846153846,0.7232053875923157
0.31433823529411764,0.6235576923076923,0.7224925756454468
0.3154411764705882,0.6235576923076923,0.7221722602844238
0.3154411764705882,0.6240384615384615,0.722133994102478
0.31580882352941175,0.6240384615384615,0.7217108011245728
0.31580882352941175,0.6245192307692308,0.7216796875
0.3161764705882353,0.6245192307692308,0.7216733694076538
0.3161764705882353,0.6259615384615385,0.7210705876350403
0.31691176470588234,0.6259615384615385,0.7208629250526428
0.31691176470588234,0.6288461538461538,0.7202692627906799
0.31727941176470587,0.6288461538461538,0.7200950980186462
0.31727941176470587,0.6293269230769231,0.7196571826934814
0.3176470588235294,0.6293269230769231,0.7193838357925415
0.3176470588235294,0.6298076923076923,0.7192273736000061
0.31875,0.6298076923076923,0.7186838388442993
0.31875,0.6307692307692307,0.7183960676193237
0.31948529411764703,0.6307692307692307,0.7182995080947876
0.31948529411764703,0.63125,0.7180739641189575
0.31985294117647056,0.63125,0.7179396152496338
0.31985294117647056,0.6326923076923077,0.7177546620368958
0.3202205882352941,0.6326923076923077,0.7177336812019348
0.3202205882352941,0.6336538461538461,0.717717170715332
0.3205882352941177,0.6336538461538461,0.7176163196563721
0.3205882352941177,0.6341346153846154,0.7175945043563843
0.3209558823529412,0.6341346153846154,0.7175635695457458
0.3209558823529412,0.6346153846153846,0.7175576686859131
0.32132352941176473,0.6346153846153846,0.7174388766288757
0.32132352941176473,0.6350961538461538,0.7174280881881714
0.32169117647058826,0.6350961538461538,0.7174249887466431
0.32169117647058826,0.635576923076923,0.717325747013092
0.3220588235294118,0.635576923076923,0.7172702550888062
0.3220588235294118,0.6360576923076923,0.7171802520751953
0.32316176470588237,0.6360576923076923,0.7170696258544922
0.32316176470588237,0.6365384615384615,0.7169368267059326
0.3235294117647059,0.6365384615384615,0.7168660163879395
0.3235294117647059,0.6379807692307692,0.7166560292243958
0.32426470588235295,0.6379807692307692,0.7165735363960266
0.32426470588235295,0.6384615384615384,0.7163904905319214
0.3246323529411765,0.6384615384615384,0.7162662744522095
0.3246323529411765,0.6389423076923076,0.716181755065918
0.32573529411764707,0.6389423076923076,0.715905487537384
0.32573529411764707,0.6399038461538461,0.7158150672912598
0.3264705882352941,0.6399038461538461,0.715676486492157
0.3264705882352941,0.6423076923076924,0.7153446674346924
0.32683823529411765,0.6423076923076924,0.7153217196464539
0.32683823529411765,0.64375,0.715279221534729
0.3272058823529412,0.64375,0.7152522206306458
0.3272058823529412,0.6466346153846154,0.7150020599365234
0.3275735294117647,0.6466346153846154,0.7149198055267334
0.3275735294117647,0.6475961538461539,0.7147648334503174
0.3290441176470588,0.6475961538461539,0.714659571647644
0.3290441176470588,0.6524038461538462,0.7141285538673401
0.32941176470588235,0.6524038461538462,0.7141001224517822
0.32941176470588235,0.6552884615384615,0.7136596441268921
0.3297794117647059,0.6552884615384615,0.7136236429214478
0.3297794117647059,0.6653846153846154,0.7126697301864624
0.3301470588235294,0.6653846153846154,0.7125561237335205
0.3301470588235294,0.6677884615384615,0.7124210000038147
0.33051470588235293,0.6677884615384615,0.7121811509132385
0.33051470588235293,0.6793269230769231,0.7109924554824829
0.33088235294117646,0.6793269230769231,0.7109770774841309
0.33088235294117646,0.6822115384615385,0.7108268737792969
0.33125,0.6822115384615385,0.710801899433136
0.33125,0.6846153846153846,0.710572361946106
0.3316176470588235,0.6846153846153846,0.7104834318161011
0.3316176470588235,0.6870192307692308,0.7101475596427917
0.33198529411764705,0.6870192307692308,0.7101348042488098
0.33198529411764705,0.6884615384615385,0.7097642421722412
0.3323529411764706,0.6884615384615385,0.7095783352851868
0.3323529411764706,0.6903846153846154,0.7095238566398621
0.3327205882352941,0.6903846153846154,0.7094467878341675
0.3327205882352941,0.6913461538461538,0.7090886235237122
0.33345588235294116,0.6913461538461538,0.708940863609314
0.33345588235294116,0.6927884615384615,0.7086703777313232
0.3338235294117647,0.6927884615384615,0.7086629271507263
0.3338235294117647,0.6951923076923077,0.7082825303077698
0.3341911764705882,0.6951923076923077,0.7081486582756042
0.3341911764705882,0.6971153846153846,0.7079726457595825
0.33492647058823527,0.6971153846153846,0.7079395055770874
0.33492647058823527,0.698076923076923,0.7078729867935181
0.3352941176470588,0.698076923076923,0.7078345417976379
0.3352941176470588,0.7,0.7076206803321838
0.3356617647058823,0.7,0.7075278162956238
0.3356617647058823,0.7014423076923076,0.7073786854743958
0.33639705882352944,0.7014423076923076,0.7071713805198669
0.33639705882352944,0.7019230769230769,0.707069993019104
0.33676470588235297,0.7019230769230769,0.7070627212524414
0.33676470588235297,0.7024038461538461,0.7070558667182922
0.33786764705882355,0.7024038461538461,0.7066463232040405
0.33786764705882355,0.7033653846153847,0.7062945365905762
0.3386029411764706,0.7033653846153847,0.7061741948127747
0.3386029411764706,0.7038461538461539,0.7061640024185181
0.33897058823529413,0.7038461538461539,0.7059682011604309
0.33897058823529413,0.7043269230769231,0.7058094143867493
0.33933823529411766,0.7043269230769231,0.7057958245277405
0.33933823529411766,0.7052884615384616,0.7054489254951477
0.3400735294117647,0.7052884615384616,0.70539391040802
0.3400735294117647,0.7072115384615385,0.7051684856414795
0.3411764705882353,0.7072115384615385,0.7050747275352478
0.3411764705882353,0.708173076923077,0.7050092816352844
0.34191176470588236,0.708173076923077,0.7046414613723755
0.34191176470588236,0.7086538461538462,0.7046223282814026
0.34448529411764706,0.7086538461538462,0.7038784623146057
0.34448529411764706,0.7100961538461539,0.7035557627677917
0.3448529411764706,0.7100961538461539,0.7034573554992676
0.3448529411764706,0.7105769230769231,0.7033604979515076
0.34558823529411764,0.7105769230769231,0.7029586434364319
0.34558823529411764,0.7115384615384616,0.7026841044425964
0.34595588235294117,0.7115384615384616,0.7026191353797913
0.34595588235294117,0.7120192307692308,0.7026050090789795
0.3466911764705882,0.7120192307692308,0.702431321144104
0.3466911764705882,0.7129807692307693,0.7024147510528564
0.34705882352941175,0.7129807692307693,0.7024106979370117
0.34705882352941175,0.7134615384615385,0.7022718191146851
0.34852941176470587,0.7134615384615385,0.7020629048347473
0.34852941176470587,0.7139423076923077,0.7020450234413147
0.34963235294117645,0.7139423076923077,0.7015913724899292
0.34963235294117645,0.7153846153846154,0.7015022039413452
0.3503676470588235,0.7153846153846154,0.7009113430976868
0.3503676470588235,0.7163461538461539,0.7006883025169373
0.3514705882352941,0.7163461538461539,0.7003507614135742
0.3514705882352941,0.7173076923076923,0.700165331363678
0.3518382352941177,0.7173076923076923,0.7000554800033569
0.3518382352941177,0.7182692307692308,0.6997284293174744
0.35257352941176473,0.7182692307692308,0.6994996070861816
0.35257352941176473,0.71875,0.699370801448822
0.35294117647058826,0.71875,0.6992049217224121
0.35294117647058826,0.7206730769230769,0.6989686489105225
0.35404411764705884,0.7206730769230769,0.6987709403038025
0.35404411764705884,0.7211538461538461,0.6985610723495483
0.35441176470588237,0.7211538461538461,0.6985245943069458
0.35441176470588237,0.7264423076923077,0.6963244676589966
0.3547794117647059,0.7264423076923077,0.6961062550544739
0.3547794117647059,0.7346153846153847,0.6923426985740662
0.3551470588235294,0.7346153846153847,0.6923279762268066
0.3551470588235294,0.7389423076923077,0.6912860870361328
0.3558823529411765,0.7389423076923077,0.6910997629165649
0.3558823529411765,0.7408653846153846,0.6905959248542786
0.3573529411764706,0.7408653846153846,0.6897795796394348
0.3573529411764706,0.7423076923076923,0.6893427968025208
0.3584558823529412,0.7423076923076923,0.687751293182373
0.3584558823529412,0.7432692307692308,0.6875458359718323
0.3588235294117647,0.7432692307692308,0.6874037981033325
0.3588235294117647,0.7442307692307693,0.6873109340667725
0.3599264705882353,0.7442307692307693,0.6860726475715637
0.3599264705882353,0.7447115384615385,0.6859082579612732
0.3602941176470588,0.7447115384615385,0.6856949329376221
0.3602941176470588,0.7451923076923077,0.6855370998382568
0.36066176470588235,0.7451923076923077,0.6854947805404663
0.36066176470588235,0.7471153846153846,0.6835871338844299
0.3613970588235294,0.7471153846153846,0.6820639967918396
0.3613970588235294,0.7475961538461539,0.6817029118537903
0.36213235294117646,0.7475961538461539,0.6809011101722717
0.36213235294117646,0.7480769230769231,0.6803317666053772
0.3625,0.7480769230769231,0.6802193522453308
0.3625,0.7495192307692308,0.6789757013320923
0.3650735294117647,0.7495192307692308,0.6751927137374878
0.3650735294117647,0.7504807692307692,0.6743423342704773
0.36617647058823527,0.7504807692307692,0.6740878224372864
0.36617647058823527,0.7509615384615385,0.6739212870597839
0.3672794117647059,0.7509615384615385,0.673007607460022
0.3672794117647059,0.7514423076923077,0.6728772521018982
0.36764705882352944,0.7514423076923077,0.672772228717804
0.36764705882352944,0.7519230769230769,0.6725953817367554
0.36911764705882355,0.7519230769230769,0.672110378742218
0.36911764705882355,0.7524038461538461,0.6720951795578003
0.37022058823529413,0.7524038461538461,0.6717696189880371
0.37022058823529413,0.7528846153846154,0.671764075756073
0.3709558823529412,0.7528846153846154,0.6715260148048401
0.3709558823529412,0.7538461538461538,0.6714272499084473
0.37169117647058825,0.7538461538461538,0.6712294816970825
0.37169117647058825,0.7548076923076923,0.6709368228912354
0.37279411764705883,0.7548076923076923,0.6702131032943726
0.37279411764705883,0.7552884615384615,0.670181155204773
0.3764705882352941,0.7552884615384615,0.6687593460083008
0.3764705882352941,0.7591346153846154,0.667115330696106
0.37683823529411764,0.7591346153846154,0.6671028733253479
0.37683823529411764,0.7596153846153846,0.6670138835906982
0.3775735294117647,0.7596153846153846,0.6668928265571594
0.3775735294117647,0.7615384615384615,0.665468692779541
0.3779411764705882,0.7615384615384615,0.6654407382011414
0.3779411764705882,0.7620192307692307,0.6651735305786133
0.37830882352941175,0.7620192307692307,0.6651609539985657
0.37830882352941175,0.7629807692307692,0.6646398305892944
0.3790441176470588,0.7629807692307692,0.6643341183662415
0.3790441176470588,0.7653846153846153,0.6639312505722046
0.37941176470588234,0.7653846153846153,0.6637077927589417
0.37941176470588234,0.7673076923076924,0.6624888777732849
0.37977941176470587,0.7673076923076924,0.6624234318733215
0.37977941176470587,0.7677884615384616,0.6623923182487488
0.3801470588235294,0.7677884615384616,0.662356972694397
0.3801470588235294,0.76875,0.6620211601257324
0.3805147058823529,0.76875,0.661738395690918
0.3805147058823529,0.7697115384615385,0.6616102457046509
0.38088235294117645,0.7697115384615385,0.6613720655441284
0.38088235294117645,0.7701923076923077,0.6610656976699829
0.38125,0.7701923076923077,0.6610320806503296
0.38125,0.770673076923077,0.659718930721283
0.3816176470588235,0.770673076923077,0.6591756939888
0.3816176470588235,0.7711538461538462,0.6585328578948975
0.38235294117647056,0.7711538461538462,0.6579365730285645
0.38235294117647056,0.7716346153846154,0.6576673984527588
0.3830882352941177,0.7716346153846154,0.6572314500808716
0.3830882352941177,0.7721153846153846,0.6571919322013855
0.38382352941176473,0.7721153846153846,0.6569600105285645
0.38382352941176473,0.7735576923076923,0.6565795540809631
0.3849264705882353,0.7735576923076923,0.6559281945228577
0.3849264705882353,0.7745192307692308,0.6558799743652344
0.38566176470588237,0.7745192307692308,0.6555609703063965
0.38566176470588237,0.775,0.6555313467979431
0.3875,0.775,0.6542239785194397
0.3875,0.7759615384615385,0.653694212436676
0.3900735294117647,0.7759615384615385,0.6527501344680786
0.3900735294117647,0.7764423076923077,0.6525384187698364
0.39080882352941176,0.7764423076923077,0.6524114012718201
0.39080882352941176,0.7769230769230769,0.6523921489715576
0.3915441176470588,0.7769230769230769,0.6522866487503052
0.3915441176470588,0.7774038461538462,0.6522740721702576
0.39191176470588235,0.7774038461538462,0.6520050168037415
0.39191176470588235,0.7778846153846154,0.6520012617111206
0.3922794117647059,0.7778846153846154,0.6518132090568542
0.3922794117647059,0.7788461538461539,0.6518004536628723
0.39338235294117646,0.7788461538461539,0.6515706181526184
0.39338235294117646,0.7798076923076923,0.6514350175857544
0.3941176470588235,0.7798076923076923,0.651321291923523
0.3941176470588235,0.7802884615384615,0.651150643825531
0.3963235294117647,0.7802884615384615,0.6507518887519836
0.3963235294117647,0.7807692307692308,0.650679886341095
0.3966911764705882,0.7807692307692308,0.6505904197692871
0.3966911764705882,0.78125,0.6504697203636169
0.39742647058823527,0.78125,0.6503372192382812
0.39742647058823527,0.7822115384615385,0.6503094434738159
0.3977941176470588,0.7822115384615385,0.6501134037971497
0.3977941176470588,0.7841346153846154,0.6499425172805786
0.39889705882352944,0.7841346153846154,0.64979487657547
0.39889705882352944,0.7860576923076923,0.6496208310127258
0.4,0.7860576923076923,0.6492524743080139
0.4,0.7875,0.6491532921791077
0.4011029411764706,0.7875,0.648838996887207
0.4011029411764706,0.7879807692307692,0.6488370895385742
0.4025735294117647,0.7879807692307692,0.6486892700195312
0.4025735294117647,0.7884615384615384,0.6485921740531921
0.40294117647058825,0.7884615384615384,0.648576021194458
0.40294117647058825,0.7889423076923077,0.6485045552253723
0.4033088235294118,0.7889423076923077,0.6483912467956543
0.4033088235294118,0.7894230769230769,0.6483709812164307
0.40404411764705883,0.7894230769230769,0.6482236385345459
0.40404411764705883,0.7903846153846154,0.6480917930603027
0.40441176470588236,0.7903846153846154,0.6479538679122925
0.40441176470588236,0.7932692307692307,0.6476863026618958
0.40625,0.7932692307692307,0.6476260423660278
0.40625,0.79375,0.6474143266677856
0.40661764705882353,0.79375,0.6473342776298523
0.40661764705882353,0.7971153846153847,0.6470534801483154
0.40698529411764706,0.7971153846153847,0.6468161940574646
0.40698529411764706,0.7975961538461539,0.6466904282569885
0.4073529411764706,0.7975961538461539,0.6465822458267212
0.4073529411764706,0.7980769230769231,0.646516740322113
0.4077205882352941,0.7980769230769231,0.6465028524398804
0.4077205882352941,0.7990384615384616,0.6460074186325073
0.40808823529411764,0.7990384615384616,0.6458253860473633
0.40808823529411764,0.7995192307692308,0.6454423069953918
0.40845588235294117,0.7995192307692308,0.6452414393424988
0.40845588235294117,0.8,0.6451395750045776
0.4088235294117647,0.8,0.6450296640396118
0.4088235294117647,0.8009615384615385,0.6446627378463745
0.40955882352941175,0.8009615384615385,0.6445227861404419
0.40955882352941175,0.8024038461538462,0.6440881490707397
0.41102941176470587,0.8024038461538462,0.6439375877380371
0.41102941176470587,0.8028846153846154,0.6439346671104431
0.4113970588235294,0.8028846153846154,0.6439178586006165
0.4113970588235294,0.8038461538461539,0.643750011920929
0.41213235294117645,0.8038461538461539,0.6435089111328125
0.41213235294117645,0.8043269230769231,0.6433699131011963
0.4125,0.8043269230769231,0.6433551907539368
0.4125,0.8052884615384616,0.6432936191558838
0.4128676470588235,0.8052884615384616,0.6430454850196838
0.4128676470588235,0.80625,0.6426738500595093
0.4139705882352941,0.80625,0.6419892907142639
0.4139705882352941,0.8076923076923077,0.6415817141532898
0.4143382352941177,0.8076923076923077,0.6415536999702454
0.4143382352941177,0.8081730769230769,0.6414240002632141
0.41507352941176473,0.8081730769230769,0.6411216259002686
0.41507352941176473,0.8086538461538462,0.641096293926239
0.41544117647058826,0.8086538461538462,0.640776515007019
0.41544117647058826,0.8091346153846154,0.6405847072601318
0.41654411764705884,0.8091346153846154,0.6404742002487183
0.41654411764705884,0.8115384615384615,0.6397910714149475
0.41691176470588237,0.8115384615384615,0.6397908926010132
0.41691176470588237,0.8139423076923077,0.6389337182044983
0.4176470588235294,0.8139423076923077,0.6386233568191528
0.4176470588235294,0.8153846153846154,0.6380972862243652
0.41801470588235295,0.8153846153846154,0.6379063129425049
0.41801470588235295,0.8168269230769231,0.6377130746841431
0.4183823529411765,0.8168269230769231,0.637664258480072
0.4183823529411765,0.8177884615384615,0.6374105215072632
0.41875,0.8177884615384615,0.6373796463012695
0.41875,0.8192307692307692,0.6372069120407104
0.4202205882352941,0.8192307692307692,0.636046290397644
0.4202205882352941,0.8197115384615384,0.6359475255012512
0.4213235294117647,0.8197115384615384,0.6354302763938904
0.4213235294117647,0.8201923076923077,0.6354079246520996
0.42169117647058824,0.8201923076923077,0.6353878974914551
0.42169117647058824,0.8206730769230769,0.6351478695869446
0.4224264705882353,0.8206730769230769,0.634842574596405
0.4224264705882353,0.8211538461538461,0.6347786784172058
0.4227941176470588,0.8211538461538461,0.6345348358154297
0.4227941176470588,0.8216346153846154,0.6344398260116577
0.42316176470588235,0.8216346153846154,0.6343021988868713
0.42316176470588235,0.823076923076923,0.6332696080207825
0.42573529411764705,0.823076923076923,0.6329402923583984
0.42573529411764705,0.8235576923076923,0.6327484250068665
0.4261029411764706,0.8235576923076923,0.6326838135719299
0.4261029411764706,0.8240384615384615,0.6326584219932556
0.42683823529411763,0.8240384615384615,0.6320738196372986
0.42683823529411763,0.8245192307692307,0.6317578554153442
0.4290441176470588,0.8245192307692307,0.6310284733772278
0.4290441176470588,0.825,0.6304279565811157
0.4294117647058823,0.825,0.6303395628929138
0.4294117647058823,0.8254807692307692,0.6302724480628967
0.43051470588235297,0.8254807692307692,0.6273556351661682
0.43051470588235297,0.8259615384615384,0.627223014831543
0.4319852941176471,0.8259615384615384,0.6262220740318298
0.4319852941176471,0.8264423076923076,0.6261324286460876
0.43272058823529413,0.8264423076923076,0.6253768801689148
0.43272058823529413,0.8288461538461539,0.6234517693519592
0.43308823529411766,0.8288461538461539,0.6232172250747681
0.43308823529411766,0.8302884615384616,0.6227344870567322
0.4338235294117647,0.8302884615384616,0.6213714480400085
0.4338235294117647,0.8317307692307693,0.6201809048652649
0.4345588235294118,0.8317307692307693,0.6187686920166016
0.4345588235294118,0.8322115384615385,0.6177780628204346
0.4349264705882353,0.8322115384615385,0.6177334785461426
0.4349264705882353,0.8326923076923077,0.6173609495162964
0.43676470588235294,0.8326923076923077,0.616247832775116
0.43676470588235294,0.833173076923077,0.6158806681632996
0.44080882352941175,0.833173076923077,0.6129287481307983
0.44080882352941175,0.8341346153846154,0.6124060750007629
0.44375,0.8341346153846154,0.6107712984085083
0.44375,0.8346153846153846,0.610467255115509
0.4452205882352941,0.8346153846153846,0.6101006269454956
0.4452205882352941,0.8365384615384616,0.6097137928009033
0.4455882352941177,0.8365384615384616,0.6094290018081665
0.4455882352941177,0.8375,0.609073281288147
0.4459558823529412,0.8375,0.6090701222419739
0.4459558823529412,0.8389423076923077,0.6079585552215576
0.44632352941176473,0.8389423076923077,0.607730507850647
0.44632352941176473,0.8466346153846154,0.6042705178260803
0.44669117647058826,0.8466346153846154,0.6041862964630127
0.44669117647058826,0.8480769230769231,0.6037926077842712
0.4470588235294118,0.8480769230769231,0.6036545634269714
0.4470588235294118,0.8509615384615384,0.6011583805084229
0.44816176470588237,0.8509615384615384,0.59895259141922
0.44816176470588237,0.8514423076923077,0.5975170731544495
0.4488970588235294,0.8514423076923077,0.5961464047431946
0.4488970588235294,0.8519230769230769,0.5956559777259827
0.44926470588235295,0.8519230769230769,0.5955244898796082
0.44926470588235295,0.8533653846153846,0.5948818325996399
0.45,0.8533653846153846,0.5935515761375427
0.45,0.8548076923076923,0.5923857092857361
0.45036764705882354,0.8548076923076923,0.5921226739883423
0.45036764705882354,0.8581730769230769,0.5907239317893982
0.45073529411764707,0.8581730769230769,0.5905166864395142
0.45073529411764707,0.8586538461538461,0.5899193286895752
0.4511029411764706,0.8586538461538461,0.5891628861427307
0.4511029411764706,0.8591346153846153,0.5889419317245483
0.4522058823529412,0.8591346153846153,0.5884385704994202
0.4522058823529412,0.8596153846153847,0.5880911946296692
0.45330882352941176,0.8596153846153847,0.5855840444564819
0.45330882352941176,0.8600961538461539,0.585564911365509
0.4536764705882353,0.8600961538461539,0.5854907631874084
0.4536764705882353,0.8605769230769231,0.5853497385978699
0.45441176470588235,0.8605769230769231,0.5842747688293457
0.45441176470588235,0.8615384615384616,0.5833715200424194
0.4551470588235294,0.8615384615384616,0.5816358327865601
0.4551470588235294,0.8620192307692308,0.5815122127532959
0.45588235294117646,0.8620192307692308,0.5799649953842163
0.45588235294117646,0.8629807692307693,0.5793663263320923
0.45625,0.8629807692307693,0.579021155834198
0.45625,0.8634615384615385,0.5789199471473694
0.45808823529411763,0.8634615384615385,0.5779784917831421
0.45808823529411763,0.8663461538461539,0.5769450068473816
0.4588235294117647,0.8663461538461539,0.5763945579528809
0.4588235294117647,0.8668269230769231,0.5763747096061707
0.4591911764705882,0.8668269230769231,0.576365053653717
0.4591911764705882,0.86875,0.5758840441703796
0.45992647058823527,0.86875,0.5756533741950989
0.45992647058823527,0.8701923076923077,0.5751558542251587
0.4602941176470588,0.8701923076923077,0.5748274922370911
0.4602941176470588,0.8711538461538462,0.5746456384658813
0.46139705882352944,0.8711538461538462,0.5743594765663147
0.46139705882352944,0.8721153846153846,0.5740525722503662
0.46286764705882355,0.8721153846153846,0.5738632678985596
0.46286764705882355,0.8745192307692308,0.5736432075500488
0.4632352941176471,0.8745192307692308,0.5735688209533691
0.4632352941176471,0.8754807692307692,0.5734362006187439
0.4636029411764706,0.8754807692307692,0.5733891129493713
0.4636029411764706,0.8778846153846154,0.5729849934577942
0.46433823529411766,0.8778846153846154,0.5728461146354675
0.46433823529411766,0.8798076923076923,0.5726321935653687
0.4650735294117647,0.8798076923076923,0.5724799633026123
0.4650735294117647,0.8807692307692307,0.5720639824867249
0.46544117647058825,0.8807692307692307,0.5719491243362427
0.46544117647058825,0.88125,0.5718387365341187
0.4661764705882353,0.88125,0.5714460015296936
0.4661764705882353,0.8826923076923077,0.5711866617202759
0.4672794117647059,0.8826923076923077,0.5708741545677185
0.4672794117647059,0.8846153846153846,0.5706082582473755
0.46801470588235294,0.8846153846153846,0.5704917907714844
0.46801470588235294,0.8850961538461538,0.5704124569892883
0.46911764705882353,0.8850961538461538,0.5701128840446472
0.46911764705882353,0.8875,0.5699639916419983
0.4698529411764706,0.8875,0.569678783416748
0.4698529411764706,0.8879807692307692,0.5695894360542297
0.4702205882352941,0.8879807692307692,0.5695566534996033
0.4702205882352941,0.8894230769230769,0.5690538287162781
0.4713235294117647,0.8894230769230769,0.5682621002197266
0.4713235294117647,0.8899038461538461,0.5681914687156677
0.47205882352941175,0.8899038461538461,0.5668742060661316
0.47205882352941175,0.8903846153846153,0.56623375415802
0.47352941176470587,0.8903846153846153,0.5643886923789978
0.47352941176470587,0.8908653846153847,0.5641859173774719
0.475,0.8908653846153847,0.5639356970787048
0.475,0.8913461538461539,0.5638183951377869
0.47794117647058826,0.8913461538461539,0.5624370574951172
0.47794117647058826,0.8918269230769231,0.5620751976966858
0.4834558823529412,0.8918269230769231,0.5608170032501221
0.4834558823529412,0.8923076923076924,0.5606696605682373
0.48419117647058824,0.8923076923076924,0.5605955719947815
0.48419117647058824,0.8927884615384616,0.5605929493904114
0.48823529411764705,0.8927884615384616,0.55939120054245
0.48823529411764705,0.8932692307692308,0.559374213218689
0.4933823529411765,0.8932692307692308,0.5573000311851501
0.4933823529411765,0.89375,0.5565200448036194
0.4944852941176471,0.89375,0.5556400418281555
0.4944852941176471,0.8947115384615385,0.5550180077552795
0.4959558823529412,0.8947115384615385,0.5539151430130005
0.4959558823529412,0.8951923076923077,0.553708553314209
0.4970588235294118,0.8951923076923077,0.5533860921859741
0.4970588235294118,0.895673076923077,0.5533401966094971
0.4985294117647059,0.895673076923077,0.5523728132247925
0.4985294117647059,0.8961538461538462,0.5523251891136169
0.4988970588235294,0.8961538461538462,0.5521556735038757
0.4988970588235294,0.8971153846153846,0.551963210105896
0.5018382352941176,0.8971153846153846,0.5509914755821228
0.5018382352941176,0.8975961538461539,0.5509164929389954
0.5022058823529412,0.8975961538461539,0.5507733821868896
0.5022058823529412,0.8980769230769231,0.5503528118133545
0.5040441176470588,0.8980769230769231,0.5494144558906555
0.5040441176470588,0.8985576923076923,0.5493568181991577
0.5058823529411764,0.8985576923076923,0.5486531257629395
0.5058823529411764,0.8990384615384616,0.5485990047454834
0.5099264705882353,0.8990384615384616,0.546353816986084
0.5099264705882353,0.9004807692307693,0.5452080965042114
0.5110294117647058,0.9004807692307693,0.5449346303939819
0.5110294117647058,0.9009615384615385,0.5447027087211609
0.5139705882352941,0.9009615384615385,0.5436922907829285
0.5139705882352941,0.9014423076923077,0.5433180928230286
0.5147058823529411,0.9014423076923077,0.5431666374206543
0.5147058823529411,0.9019230769230769,0.5431368350982666
0.5161764705882353,0.9019230769230769,0.5426176190376282
0.5161764705882353,0.9024038461538462,0.5425467491149902
0.518014705882353,0.9024038461538462,0.5422674417495728
0.518014705882353,0.9028846153846154,0.5422142148017883
0.5246323529411765,0.9028846153846154,0.5406587719917297
0.5246323529411765,0.9033653846153846,0.5406237244606018
0.5327205882352941,0.9033653846153846,0.5392478704452515
0.5327205882352941,0.9038461538461539,0.5392396450042725
0.5356617647058823,0.9038461538461539,0.5381178259849548
0.5356617647058823,0.9043269230769231,0.5380789637565613
0.5371323529411764,0.9043269230769231,0.5376507639884949
0.5371323529411764,0.9048076923076923,0.5375742316246033
0.5389705882352941,0.9048076923076923,0.5373772382736206
0.5389705882352941,0.9052884615384615,0.5372668504714966
0.5393382352941176,0.9052884615384615,0.537260115146637
0.5393382352941176,0.9057692307692308,0.5369996428489685
0.5400735294117647,0.9057692307692308,0.5366917848587036
0.5400735294117647,0.90625,0.5366673469543457
0.5408088235294117,0.90625,0.5366507172584534
0.5408088235294117,0.9076923076923077,0.5363619923591614
0.5411764705882353,0.9076923076923077,0.5361579656600952
0.5411764705882353,0.9086538461538461,0.5356471538543701
0.5415441176470588,0.9086538461538461,0.5354729294776917
0.5415441176470588,0.9091346153846154,0.5352211594581604
0.5419117647058823,0.9091346153846154,0.5351005792617798
0.5419117647058823,0.9100961538461538,0.5348489880561829
0.5422794117647058,0.9100961538461538,0.5348327159881592
0.5422794117647058,0.9125,0.5343694686889648
0.5426470588235294,0.9125,0.5341417789459229
0.5426470588235294,0.9149038461538461,0.5330278873443604
0.5430147058823529,0.9149038461538461,0.5329360365867615
0.5430147058823529,0.9173076923076923,0.5320351123809814
0.5433823529411764,0.9173076923076923,0.5318524241447449
0.5433823529411764,0.9197115384615384,0.531390368938446
0.544485294117647,0.9197115384615384,0.5301955938339233
0.544485294117647,0.9206730769230769,0.528042197227478
0.5463235294117647,0.9206730769230769,0.5258931517601013
0.5463235294117647,0.9211538461538461,0.5252960324287415
0.5470588235294118,0.9211538461538461,0.5248210430145264
0.5470588235294118,0.9221153846153847,0.524744987487793
0.5481617647058824,0.9221153846153847,0.5241081714630127
0.5481617647058824,0.9225961538461539,0.5231763124465942
0.5488970588235295,0.9225961538461539,0.5230345129966736
0.5488970588235295,0.9240384615384616,0.5226485133171082
0.5496323529411765,0.9240384615384616,0.521935760974884
0.5496323529411765,0.926923076923077,0.5210569500923157
0.55,0.926923076923077,0.5210329294204712
0.55,0.9274038461538462,0.5209302306175232
0.5503676470588236,0.9274038461538462,0.5208924412727356
0.5503676470588236,0.9278846153846154,0.5208055377006531
0.5514705882352942,0.9278846153846154,0.5205566883087158
0.5514705882352942,0.9288461538461539,0.5202115774154663
0.5518382352941177,0.9288461538461539,0.5201927423477173
0.5518382352941177,0.9293269230769231,0.5198389887809753
0.5522058823529412,0.9293269230769231,0.5197223424911499
0.5522058823529412,0.93125,0.5189310908317566
0.5525735294117647,0.93125,0.5188509225845337
0.5525735294117647,0.9317307692307693,0.5187824964523315
0.5529411764705883,0.9317307692307693,0.5187482237815857
0.5529411764705883,0.9322115384615385,0.5184754133224487
0.5533088235294118,0.9322115384615385,0.5183274149894714
0.5533088235294118,0.9336538461538462,0.5181984305381775
0.5588235294117647,0.9336538461538462,0.5158529877662659
0.5588235294117647,0.9341346153846154,0.5157959461212158
0.5595588235294118,0.9341346153846154,0.5156117081642151
0.5595588235294118,0.9346153846153846,0.5154581069946289
0.5613970588235294,0.9346153846153846,0.5146822333335876
0.5613970588235294,0.9350961538461539,0.5145560503005981
0.5647058823529412,0.9350961538461539,0.5126940608024597
0.5647058823529412,0.9355769230769231,0.5125980973243713
0.5661764705882353,0.9355769230769231,0.512305498123169
0.5661764705882353,0.9360576923076923,0.5120971202850342
0.5702205882352941,0.9360576923076923,0.5096312761306763
0.5702205882352941,0.9365384615384615,0.5095812082290649
0.5716911764705882,0.9365384615384615,0.5087994337081909
0.5716911764705882,0.9370192307692308,0.508708119392395
0.5738970588235294,0.9370192307692308,0.50773024559021
0.5738970588235294,0.9375,0.507604718208313
0.5746323529411764,0.9375,0.5071648359298706
0.5746323529411764,0.9384615384615385,0.5063486695289612
0.5775735294117647,0.9384615384615385,0.5047088861465454
0.5775735294117647,0.9389423076923077,0.504487156867981
0.5834558823529412,0.9389423076923077,0.5026712417602539
0.5834558823529412,0.9394230769230769,0.5026472210884094
0.5852941176470589,0.9394230769230769,0.5017021298408508
0.5852941176470589,0.9399038461538461,0.5015146732330322
0.5860294117647059,0.9399038461538461,0.5013367533683777
0.5860294117647059,0.9403846153846154,0.5012123584747314
0.5893382352941177,0.9403846153846154,0.4995962083339691
0.5893382352941177,0.9408653846153846,0.49927079677581787
0.5915441176470588,0.9408653846153846,0.4966644048690796
0.5915441176470588,0.9413461538461538,0.4962787628173828
0.5919117647058824,0.9413461538461538,0.49575915932655334
0.5919117647058824,0.9423076923076923,0.4953380227088928
0.5930147058823529,0.9423076923076923,0.49410492181777954
0.5930147058823529,0.9427884615384615,0.49382737278938293
0.59375,0.9427884615384615,0.49353229999542236
0.59375,0.9432692307692307,0.4934708774089813
0.5944852941176471,0.9432692307692307,0.4932776093482971
0.5944852941176471,0.94375,0.4932103157043457
0.6099264705882353,0.94375,0.4890531897544861
0.6099264705882353,0.9442307692307692,0.48880138993263245
0.6161764705882353,0.9442307692307692,0.4879293441772461
0.6161764705882353,0.9447115384615384,0.4878024458885193
0.6279411764705882,0.9447115384615384,0.48268187046051025
0.6279411764705882,0.9451923076923077,0.48221054673194885
0.6341911764705882,0.9451923076923077,0.47918543219566345
0.6341911764705882,0.9456730769230769,0.478732705116272
0.643014705882353,0.9456730769230769,0.47539353370666504
0.643014705882353,0.9461538461538461,0.4753730595111847
0.6503676470588236,0.9461538461538461,0.4714054465293884
0.6503676470588236,0.9466346153846154,0.4709470570087433
0.6511029411764706,0.9466346153846154,0.4707549810409546
0.6511029411764706,0.9475961538461538,0.470104455947876
0.6522058823529412,0.9475961538461538,0.46935778856277466
0.6522058823529412,0.9490384615384615,0.46867817640304565
0.6525735294117647,0.9490384615384615,0.46863967180252075
0.6525735294117647,0.9495192307692307,0.4685174524784088
0.6533088235294118,0.9495192307692307,0.46843716502189636
0.6533088235294118,0.95,0.4683168828487396
0.6547794117647059,0.95,0.4676589071750641
0.6547794117647059,0.9504807692307692,0.46747609972953796
0.6606617647058823,0.9504807692307692,0.46392256021499634
0.6606617647058823,0.9509615384615384,0.46362724900245667
0.6613970588235294,0.9509615384615384,0.4633503258228302
0.6613970588235294,0.9514423076923076,0.46325886249542236
0.6643382352941176,0.9514423076923076,0.46240079402923584
0.6643382352941176,0.9519230769230769,0.46197018027305603
0.6669117647058823,0.9519230769230769,0.45732608437538147
0.6669117647058823,0.9524038461538461,0.4572935402393341
0.6683823529411764,0.9524038461538461,0.4556296467781067
0.6683823529411764,0.9528846153846153,0.4552745223045349
0.66875,0.9528846153846153,0.4549781084060669
0.66875,0.9543269230769231,0.4538871645927429
0.6691176470588235,0.9543269230769231,0.45379847288131714
0.6691176470588235,0.9557692307692308,0.4531725347042084
0.669485294117647,0.9557692307692308,0.4529978036880493
0.669485294117647,0.9591346153846154,0.4510473906993866
0.6698529411764705,0.9591346153846154,0.45103952288627625
0.6698529411764705,0.9600961538461539,0.4506537616252899
0.6713235294117647,0.9600961538461539,0.4501577615737915
0.6713235294117647,0.9615384615384616,0.4499906599521637
0.6731617647058824,0.9615384615384616,0.44938525557518005
0.6731617647058824,0.9620192307692308,0.4492208957672119
0.674264705882353,0.9620192307692308,0.44887804985046387
0.674264705882353,0.9629807692307693,0.4486793577671051
0.675,0.9629807692307693,0.4482521116733551
0.675,0.9644230769230769,0.4477382004261017
0.6753676470588236,0.9644230769230769,0.44752997159957886
0.6753676470588236,0.9658653846153846,0.44742003083229065
0.6816176470588236,0.9658653846153846,0.4446535110473633
0.6816176470588236,0.9668269230769231,0.4430745840072632
0.6834558823529412,0.9668269230769231,0.437444269657135
0.6834558823529412,0.9673076923076923,0.4372350573539734
0.6852941176470588,0.9673076923076923,0.43351325392723083
0.6852941176470588,0.9677884615384615,0.4332100450992584
0.6860294117647059,0.9677884615384615,0.4326295852661133
0.6860294117647059,0.9682692307692308,0.43240082263946533
0.6863970588235294,0.9682692307692308,0.4322952628135681
0.6863970588235294,0.9692307692307692,0.4309365451335907
0.6893382352941176,0.9692307692307692,0.425169438123703
0.6893382352941176,0.9701923076923077,0.4234176576137543
0.6897058823529412,0.9701923076923077,0.42119157314300537
0.6897058823529412,0.9716346153846154,0.41966232657432556
0.711764705882353,0.9716346153846154,0.40511196851730347
0.711764705882353,0.9721153846153846,0.40391919016838074
0.7154411764705882,0.9721153846153846,0.4003574848175049
0.7154411764705882,0.9725961538461538,0.40013495087623596
0.7169117647058824,0.9725961538461538,0.3989719748497009
0.7169117647058824,0.9730769230769231,0.3988858461380005
0.7308823529411764,0.9730769230769231,0.3942406475543976
0.7308823529411764,0.9735576923076923,0.394085556268692
0.7341911764705882,0.9735576923076923,0.39228594303131104
0.7341911764705882,0.9740384615384615,0.392280638217926
0.7459558823529412,0.9740384615384615,0.3875121772289276
0.7459558823529412,0.9745192307692307,0.3874891996383667
0.7566176470588235,0.9745192307692307,0.3815196454524994
0.7566176470588235,0.975,0.3814721703529358
0.7606617647058823,0.975,0.37409505248069763
0.7606617647058823,0.9754807692307692,0.37385094165802
0.7621323529411764,0.9754807692307692,0.3727748990058899
0.7621323529411764,0.9759615384615384,0.3724081218242645
0.7669117647058824,0.9759615384615384,0.3625161051750183
0.7669117647058824,0.9764423076923077,0.3613544702529907
0.7672794117647059,0.9764423076923077,0.3607260584831238
0.7672794117647059,0.9769230769230769,0.3600587546825409
0.76875,0.9769230769230769,0.35683000087738037
0.76875,0.9778846153846154,0.35213369131088257
0.7698529411764706,0.9778846153846154,0.3447073698043823
0.7698529411764706,0.9783653846153846,0.34449252486228943
0.7772058823529412,0.9783653846153846,0.33269184827804565
0.7772058823529412,0.9788461538461538,0.33235964179039
0.7801470588235294,0.9788461538461538,0.329241007566452
0.7801470588235294,0.979326923076923,0.329187273979187
0.8051470588235294,0.979326923076923,0.3081795573234558
0.8051470588235294,0.9798076923076923,0.3080975413322449
0.825,0.9798076923076923,0.2819114923477173
0.825,0.9802884615384615,0.28129658102989197
0.8408088235294118,0.9802884615384615,0.25149908661842346
0.8408088235294118,0.9807692307692307,0.25134921073913574
0.9022058823529412,0.9807692307692307,0.17494121193885803
0.9022058823529412,0.98125,0.17461228370666504
0.9040441176470588,0.98125,0.17184771597385406
0.9040441176470588,0.9817307692307692,0.17150698602199554
0.9047794117647059,0.9817307692307692,0.17079949378967285
0.9047794117647059,0.9822115384615384,0.17055262625217438
0.9051470588235294,0.9822115384615384,0.17043936252593994
0.9051470588235294,0.9826923076923076,0.17006412148475647
0.9069852941176471,0.9826923076923076,0.16810177266597748
0.9069852941176471,0.9831730769230769,0.1672409325838089
0.9172794117647058,0.9831730769230769,0.16383641958236694
0.9172794117647058,0.9836538461538461,0.16374439001083374
0.9198529411764705,0.9836538461538461,0.16267631947994232
0.9198529411764705,0.9841346153846153,0.16262441873550415
0.9213235294117647,0.9841346153846153,0.16218149662017822
0.9213235294117647,0.9846153846153847,0.16208148002624512
0.9216911764705882,0.9846153846153847,0.16206370294094086
0.9216911764705882,0.9855769230769231,0.1616908460855484
0.9224264705882353,0.9855769230769231,0.16129951179027557
0.9224264705882353,0.9860576923076924,0.16116371750831604
0.9227941176470589,0.9860576923076924,0.16110992431640625
0.9227941176470589,0.9865384615384616,0.1608732044696808
0.9235294117647059,0.9865384615384616,0.1607675403356552
0.9235294117647059,0.9879807692307693,0.16056321561336517
0.9238970588235295,0.9879807692307693,0.16055415570735931
0.9238970588235295,0.9884615384615385,0.16054238379001617
0.9246323529411765,0.9884615384615385,0.1603580266237259
0.9246323529411765,0.9889423076923077,0.16035710275173187
0.925,0.9889423076923077,0.16032774746418
0.925,0.9951923076923077,0.1583438664674759
0.9268382352941177,0.9951923076923077,0.1528102457523346
0.9268382352941177,0.9956730769230769,0.15159109234809875
0.9279411764705883,0.9956730769230769,0.1509663313627243
0.9279411764705883,0.9961538461538462,0.15040995180606842
0.9290441176470589,0.9961538461538462,0.14518754184246063
0.9290441176470589,0.9966346153846154,0.14514827728271484
0.9503676470588235,0.9966346153846154,0.12514948844909668
0.9503676470588235,0.9971153846153846,0.1251017302274704
0.9577205882352942,0.9971153846153846,0.11861107498407364
0.9577205882352942,0.9975961538461539,0.11840115487575531
0.9595588235294118,0.9975961538461539,0.109627366065979
0.9595588235294118,0.9980769230769231,0.10952851176261902
0.9602941176470589,0.9980769230769231,0.10692570358514786
0.9602941176470589,0.9985576923076923,0.10587923228740692
0.9705882352941176,0.9985576923076923,0.09520874917507172
0.9705882352941176,0.9990384615384615,0.09498496353626251
0.9772058823529411,0.9990384615384615,0.08694340288639069
0.9772058823529411,0.9995192307692308,0.08684609085321426
0.9797794117647058,0.9995192307692308,0.0794702097773552
0.9797794117647058,1.0,0.07630516588687897
1.0,1.0,0.013655507937073708
