FPR,TPR,Threshold
0.0,0.0,1.9891015887260437
0.0,0.0005263157894736842,0.9891015887260437
0.0,0.2131578947368421,0.9080509543418884
0.002,0.2131578947368421,0.9074687361717224
0.002,0.26789473684210524,0.8772494196891785
0.004,0.26789473684210524,0.8771108984947205
0.004,0.27157894736842103,0.8757739663124084
0.012,0.27157894736842103,0.875105082988739
0.012,0.27421052631578946,0.8741506934165955
0.018,0.27421052631578946,0.8737055659294128
0.018,0.2873684210526316,0.866976261138916
0.02,0.2873684210526316,0.8669732809066772
0.02,0.29210526315789476,0.8658053874969482
0.022,0.29210526315789476,0.8654444813728333
0.022,0.29736842105263156,0.8646904826164246
0.024,0.29736842105263156,0.8646634817123413
0.024,0.29947368421052634,0.8641979694366455
0.026,0.29947368421052634,0.8625506162643433
0.026,0.3026315789473684,0.8617402911186218
0.03,0.3026315789473684,0.8615155816078186
0.03,0.3136842105263158,0.8576070070266724
0.032,0.3136842105263158,0.8575789928436279
0.032,0.33,0.8528229594230652
0.034,0.33,0.8526996970176697
0.034,0.33052631578947367,0.8526481986045837
0.036,0.33052631578947367,0.8524879813194275
0.036,0.3357894736842105,0.8507949113845825
0.038,0.3357894736842105,0.850694477558136
0.038,0.33789473684210525,0.8499229550361633
0.04,0.33789473684210525,0.8496972322463989
0.04,0.5568421052631579,0.731548011302948
0.042,0.5568421052631579,0.7307809591293335
0.042,0.5768421052631579,0.7141275405883789
0.044,0.5768421052631579,0.7138223052024841
0.044,0.5878947368421052,0.6987751126289368
0.048,0.5878947368421052,0.6975580453872681
0.048,0.5894736842105263,0.6969378590583801
0.052,0.5894736842105263,0.6962704658508301
0.052,0.59,0.6960322260856628
0.054,0.59,0.6950932741165161
0.054,0.5921052631578947,0.6939800381660461
0.056,0.5921052631578947,0.6938830614089966
0.056,0.5931578947368421,0.6936971545219421
0.058,0.5931578947368421,0.6935627460479736
0.058,0.6089473684210527,0.6770998239517212
0.06,0.6089473684210527,0.6759198307991028
0.06,0.6178947368421053,0.6695861220359802
0.062,0.6178947368421053,0.6653971672058105
0.062,0.6242105263157894,0.6575801968574524
0.064,0.6242105263157894,0.6568298935890198
0.064,0.6247368421052631,0.6556193232536316
0.066,0.6247368421052631,0.6554312109947205
0.066,0.63,0.6525055170059204
0.068,0.63,0.6524994969367981
0.068,0.6421052631578947,0.6418688297271729
0.07,0.6421052631578947,0.641092836856842
0.07,0.6431578947368422,0.6404705047607422
0.074,0.6431578947368422,0.6394559741020203
0.074,0.6442105263157895,0.6391801834106445
0.076,0.6442105263157895,0.638274610042572
0.076,0.65,0.6351789832115173
0.078,0.65,0.6347743272781372
0.078,0.6557894736842105,0.6303077340126038
0.08,0.6557894736842105,0.6302905082702637
0.08,0.66,0.6277533173561096
0.082,0.66,0.6275981068611145
0.082,0.6636842105263158,0.6252728700637817
0.088,0.6636842105263158,0.6248326301574707
0.088,0.6652631578947369,0.6239563822746277
0.102,0.6652631578947369,0.6194225549697876
0.102,0.6673684210526316,0.6159618496894836
0.104,0.6673684210526316,0.6148688793182373
0.104,0.6684210526315789,0.6135886907577515
0.108,0.6684210526315789,0.6118174195289612
0.108,0.6773684210526316,0.6064872741699219
0.11,0.6773684210526316,0.606471598148346
0.11,0.6868421052631579,0.601829469203949
0.112,0.6868421052631579,0.6000420451164246
0.112,0.6873684210526316,0.5999293327331543
0.114,0.6873684210526316,0.5993145704269409
0.114,0.6878947368421052,0.5980810523033142
0.116,0.6878947368421052,0.5962409973144531
0.116,0.6921052631578948,0.5882645845413208
0.118,0.6921052631578948,0.5881640911102295
0.118,0.6963157894736842,0.5830622911453247
0.12,0.6963157894736842,0.5817359089851379
0.12,0.6968421052631579,0.5810657143592834
0.122,0.6968421052631579,0.580531120300293
0.122,0.6978947368421052,0.5793794393539429
0.126,0.6978947368421052,0.5787177085876465
0.126,0.7247368421052631,0.5585885047912598
0.128,0.7247368421052631,0.5583334565162659
0.128,0.741578947368421,0.5436017513275146
0.134,0.741578947368421,0.5425118803977966
0.134,0.7421052631578947,0.5422497987747192
0.136,0.7421052631578947,0.5419429540634155
0.136,0.7468421052631579,0.5390241742134094
0.14,0.7468421052631579,0.5389202833175659
0.14,0.7473684210526316,0.538550853729248
0.142,0.7473684210526316,0.5380265116691589
0.142,0.751578947368421,0.5327738523483276
0.144,0.751578947368421,0.53252112865448
0.144,0.7542105263157894,0.524685263633728
0.146,0.7542105263157894,0.5242471694946289
0.146,0.7557894736842106,0.5225608944892883
0.148,0.7557894736842106,0.5212143063545227
0.148,0.7589473684210526,0.5178307890892029
0.15,0.7589473684210526,0.5176417827606201
0.15,0.761578947368421,0.5122097730636597
0.152,0.761578947368421,0.5117371082305908
0.152,0.7621052631578947,0.510735034942627
0.154,0.7621052631578947,0.5105001926422119
0.154,0.7626315789473684,0.5089445114135742
0.156,0.7626315789473684,0.507484495639801
0.156,0.7663157894736842,0.5017973780632019
0.158,0.7663157894736842,0.5017518401145935
0.158,0.7689473684210526,0.49714258313179016
0.162,0.7689473684210526,0.49569249153137207
0.162,0.7694736842105263,0.49349677562713623
0.164,0.7694736842105263,0.4891820251941681
0.164,0.7747368421052632,0.4860803782939911
0.166,0.7747368421052632,0.48571208119392395
0.166,0.7778947368421053,0.48311513662338257
0.168,0.7778947368421053,0.48277547955513
0.168,0.78,0.4787628948688507
0.17,0.78,0.47767889499664307
0.17,0.7821052631578947,0.47545021772384644
0.172,0.7821052631578947,0.4745112955570221
0.172,0.7884210526315789,0.4687007963657379
0.174,0.7884210526315789,0.4686972200870514
0.174,0.79,0.4667876958847046
0.176,0.79,0.46493151783943176
0.176,0.7910526315789473,0.46426647901535034
0.18,0.7910526315789473,0.46379610896110535
0.18,0.791578947368421,0.4632016718387604
0.182,0.791578947368421,0.4624948799610138
0.182,0.7926315789473685,0.4608098268508911
0.186,0.7926315789473685,0.4602034091949463
0.186,0.7942105263157895,0.45882532000541687
0.188,0.7942105263157895,0.4585672914981842
0.188,0.7984210526315789,0.45462846755981445
0.192,0.7984210526315789,0.45266762375831604
0.192,0.7989473684210526,0.45171356201171875
0.196,0.7989473684210526,0.450705885887146
0.196,0.8005263157894736,0.4490395188331604
0.202,0.8005263157894736,0.4471057951450348
0.202,0.8010526315789473,0.4466160237789154
0.208,0.8010526315789473,0.44592493772506714
0.208,0.8036842105263158,0.4441462457180023
0.212,0.8036842105263158,0.4436887800693512
0.212,0.8042105263157895,0.4433146119117737
0.214,0.8042105263157895,0.4431869089603424
0.214,0.8047368421052632,0.44299668073654175
0.216,0.8047368421052632,0.4425951838493347
0.216,0.8110526315789474,0.4371790885925293
0.218,0.8110526315789474,0.436821848154068
0.218,0.8115789473684211,0.43651899695396423
0.22,0.8115789473684211,0.43626368045806885
0.22,0.8142105263157895,0.4300090968608856
0.222,0.8142105263157895,0.42694202065467834
0.222,0.8173684210526316,0.42457273602485657
0.228,0.8173684210526316,0.4210473597049713
0.228,0.8189473684210526,0.4186182916164398
0.232,0.8189473684210526,0.4183814525604248
0.232,0.8194736842105264,0.41806450486183167
0.234,0.8194736842105264,0.41788265109062195
0.234,0.8210526315789474,0.41662734746932983
0.236,0.8210526315789474,0.4159291982650757
0.236,0.8236842105263158,0.41422152519226074
0.238,0.8236842105263158,0.41265636682510376
0.238,0.8257894736842105,0.40471380949020386
0.242,0.8257894736842105,0.4026075303554535
0.242,0.8294736842105264,0.39874911308288574
0.248,0.8294736842105264,0.3981863558292389
0.248,0.8305263157894737,0.3976297974586487
0.25,0.8305263157894737,0.39750340580940247
0.25,0.8326315789473684,0.39649027585983276
0.252,0.8326315789473684,0.39630597829818726
0.252,0.8336842105263158,0.3960000276565552
0.256,0.8336842105263158,0.39568087458610535
0.256,0.8347368421052631,0.39509227871894836
0.258,0.8347368421052631,0.3941923975944519
0.258,0.838421052631579,0.39299455285072327
0.26,0.838421052631579,0.3927621841430664
0.26,0.8421052631578947,0.3846927285194397
0.262,0.8421052631578947,0.3822871446609497
0.262,0.8494736842105263,0.3752281665802002
0.264,0.8494736842105263,0.3749496340751648
0.264,0.85,0.3741113245487213
0.268,0.85,0.3729734420776367
0.268,0.8542105263157894,0.3680347204208374
0.27,0.8542105263157894,0.3679761588573456
0.27,0.8557894736842105,0.3633437752723694
0.274,0.8557894736842105,0.36237841844558716
0.274,0.8605263157894737,0.35942357778549194
0.276,0.8605263157894737,0.35909953713417053
0.276,0.8610526315789474,0.3588567078113556
0.278,0.8610526315789474,0.35883501172065735
0.278,0.8621052631578947,0.35846012830734253
0.28,0.8621052631578947,0.3583853542804718
0.28,0.8663157894736843,0.3560357987880707
0.282,0.8663157894736843,0.3556371331214905
0.282,0.8678947368421053,0.3546099364757538
0.284,0.8678947368421053,0.352800190448761
0.284,0.87,0.35237157344818115
0.288,0.87,0.35143131017684937
0.288,0.8705263157894737,0.3511981964111328
0.29,0.8705263157894737,0.3498653769493103
0.29,0.8757894736842106,0.34301918745040894
0.292,0.8757894736842106,0.34182706475257874
0.292,0.8789473684210526,0.3355388641357422
0.3,0.8789473684210526,0.33467182517051697
0.3,0.8805263157894737,0.3327506184577942
0.302,0.8805263157894737,0.3326963782310486
0.302,0.8810526315789474,0.33258920907974243
0.306,0.8810526315789474,0.33196109533309937
0.306,0.8842105263157894,0.32789480686187744
0.308,0.8842105263157894,0.32647544145584106
0.308,0.8868421052631579,0.32333627343177795
0.31,0.8868421052631579,0.32242661714553833
0.31,0.8889473684210526,0.31980782747268677
0.312,0.8889473684210526,0.31933754682540894
0.312,0.8936842105263157,0.31434717774391174
0.314,0.8936842105263157,0.3140191435813904
0.314,0.8942105263157895,0.31398388743400574
0.316,0.8942105263157895,0.31349045038223267
0.316,0.8947368421052632,0.3125026822090149
0.318,0.8947368421052632,0.3122144639492035
0.318,0.8957894736842106,0.31022679805755615
0.32,0.8957894736842106,0.310210257768631
0.32,0.8978947368421053,0.30631470680236816
0.322,0.8978947368421053,0.3047981560230255
0.322,0.8989473684210526,0.3021376132965088
0.324,0.8989473684210526,0.3017280399799347
0.324,0.9,0.30147722363471985
0.326,0.9,0.30027592182159424
0.326,0.9010526315789473,0.3000619411468506
0.328,0.9010526315789473,0.2996189296245575
0.328,0.9031578947368422,0.29792577028274536
0.336,0.9031578947368422,0.29433006048202515
0.336,0.9121052631578948,0.28391483426094055
0.344,0.9121052631578948,0.28171277046203613
0.344,0.9126315789473685,0.2813970446586609
0.356,0.9126315789473685,0.27868756651878357
0.356,0.9131578947368421,0.27865326404571533
0.358,0.9131578947368421,0.27710896730422974
0.358,0.9168421052631579,0.2687814235687256
0.386,0.9168421052631579,0.2645842730998993
0.386,0.9173684210526316,0.26454171538352966
0.388,0.9173684210526316,0.2644799053668976
0.388,0.9189473684210526,0.26323840022087097
0.392,0.9189473684210526,0.2629983127117157
0.392,0.9194736842105263,0.2629649043083191
0.398,0.9194736842105263,0.2620394229888916
0.398,0.92,0.26166751980781555
0.404,0.92,0.2613336145877838
0.404,0.9210526315789473,0.26073798537254333
0.406,0.9210526315789473,0.2604758143424988
0.406,0.921578947368421,0.26044052839279175
0.408,0.921578947368421,0.25979575514793396
0.408,0.9221052631578948,0.2589185833930969
0.412,0.9221052631578948,0.25781720876693726
0.412,0.9231578947368421,0.25605255365371704
0.414,0.9231578947368421,0.25521180033683777
0.414,0.9236842105263158,0.25481128692626953
0.424,0.9236842105263158,0.2537529766559601
0.424,0.9242105263157895,0.25317975878715515
0.428,0.9242105263157895,0.25267109274864197
0.428,0.9247368421052632,0.25243186950683594
0.436,0.9247368421052632,0.2511923909187317
0.436,0.9257894736842105,0.25110143423080444
0.44,0.9257894736842105,0.2475554347038269
0.44,0.9273684210526316,0.24505072832107544
0.444,0.9273684210526316,0.24466130137443542
0.444,0.9284210526315789,0.24429692327976227
0.45,0.9284210526315789,0.24333438277244568
0.45,0.9289473684210526,0.24330471456050873
0.456,0.9289473684210526,0.2419116348028183
0.456,0.9310526315789474,0.24073940515518188
0.46,0.9310526315789474,0.2403332144021988
0.46,0.9315789473684211,0.2401595562696457
0.47,0.9315789473684211,0.2385026067495346
0.47,0.9326315789473684,0.23701351881027222
0.474,0.9326315789473684,0.23669299483299255
0.474,0.9336842105263158,0.2353888750076294
0.476,0.9336842105263158,0.23343896865844727
0.476,0.9342105263157895,0.2320670634508133
0.478,0.9342105263157895,0.23097670078277588
0.478,0.9347368421052632,0.23038341104984283
0.48,0.9347368421052632,0.23021598160266876
0.48,0.9352631578947368,0.23019404709339142
0.488,0.9352631578947368,0.2277705818414688
0.488,0.9357894736842105,0.22552354633808136
0.49,0.9357894736842105,0.225497767329216
0.49,0.9394736842105263,0.22193066775798798
0.492,0.9394736842105263,0.22182461619377136
0.492,0.9436842105263158,0.21199551224708557
0.502,0.9436842105263158,0.20821087062358856
0.502,0.9447368421052632,0.2079593986272812
0.506,0.9447368421052632,0.2070765495300293
0.506,0.9457894736842105,0.2063724398612976
0.516,0.9457894736842105,0.20492924749851227
0.516,0.9468421052631579,0.2000454068183899
0.52,0.9468421052631579,0.19840708374977112
0.52,0.9478947368421052,0.19399459660053253
0.572,0.9478947368421052,0.17773252725601196
0.572,0.9484210526315789,0.17772208154201508
0.598,0.9484210526315789,0.16379958391189575
0.598,0.9489473684210527,0.16238847374916077
0.602,0.9489473684210527,0.1586020588874817
0.602,0.9494736842105264,0.15671157836914062
0.604,0.9494736842105264,0.15642313659191132
0.604,0.9510526315789474,0.15556730329990387
0.606,0.9510526315789474,0.15501493215560913
0.606,0.9542105263157895,0.15074360370635986
0.608,0.9542105263157895,0.14997653663158417
0.608,0.9547368421052631,0.14875739812850952
0.622,0.9547368421052631,0.14495430886745453
0.622,0.9557894736842105,0.14414356648921967
0.63,0.9557894736842105,0.14034347236156464
0.63,0.9563157894736842,0.1391541063785553
0.632,0.9563157894736842,0.1387786865234375
0.632,0.9573684210526315,0.1377219557762146
0.636,0.9573684210526315,0.13588877022266388
0.636,0.958421052631579,0.1346435695886612
0.676,0.958421052631579,0.1093830019235611
0.676,0.9589473684210527,0.10833740234375
0.686,0.9589473684210527,0.10168096423149109
0.686,0.96,0.09509994089603424
0.69,0.96,0.09206079691648483
0.69,0.9657894736842105,0.08711062371730804
0.702,0.9657894736842105,0.08466430753469467
0.702,0.966842105263158,0.08432335406541824
0.712,0.966842105263158,0.08317652344703674
0.712,0.9673684210526315,0.08186058700084686
0.714,0.9673684210526315,0.08099309355020523
0.714,0.9678947368421053,0.08092264831066132
0.716,0.9678947368421053,0.0800773948431015
0.716,0.968421052631579,0.07903677225112915
0.718,0.968421052631579,0.0790049135684967
0.718,0.9689473684210527,0.07844891399145126
0.72,0.9689473684210527,0.07809241861104965
0.72,0.9694736842105263,0.07749113440513611
0.722,0.9694736842105263,0.07745441794395447
0.722,0.97,0.07548880577087402
0.732,0.97,0.07234948873519897
0.732,0.9705263157894737,0.0714353397488594
0.734,0.9705263157894737,0.07042219489812851
0.734,0.9710526315789474,0.0693221166729927
0.746,0.9710526315789474,0.06488502025604248
0.746,0.9715789473684211,0.06485326588153839
0.756,0.9715789473684211,0.06375076621770859
0.756,0.9721052631578947,0.06345471739768982
0.768,0.9721052631578947,0.06229244917631149
0.768,0.9726315789473684,0.06227085366845131
0.784,0.9726315789473684,0.06072220206260681
0.784,0.9731578947368421,0.06053321808576584
0.786,0.9731578947368421,0.05950278043746948
0.786,0.9747368421052631,0.05885755270719528
0.788,0.9747368421052631,0.05842334032058716
0.788,0.9757894736842105,0.05833769217133522
0.79,0.9757894736842105,0.05825689062476158
0.79,0.9763157894736842,0.05804966762661934
0.792,0.9763157894736842,0.057894978672266006
0.792,0.9768421052631578,0.057870395481586456
0.798,0.9768421052631578,0.05663546174764633
0.798,0.9773684210526316,0.056534890085458755
0.8,0.9773684210526316,0.05641302093863487
0.8,0.9778947368421053,0.05561274290084839
0.802,0.9778947368421053,0.055329348891973495
0.802,0.98,0.05477837100625038
0.804,0.98,0.054213427007198334
0.804,0.9805263157894737,0.05372006073594093
0.81,0.9805263157894737,0.05259455367922783
0.81,0.9810526315789474,0.05222328007221222
0.814,0.9810526315789474,0.05165824666619301
0.814,0.9831578947368421,0.050039686262607574
0.818,0.9831578947368421,0.049835581332445145
0.818,0.9847368421052631,0.049725014716386795
0.822,0.9847368421052631,0.04957107827067375
0.822,0.9857894736842105,0.04920421540737152
0.824,0.9857894736842105,0.049150463193655014
0.824,0.9863157894736843,0.04908814653754234
0.828,0.9863157894736843,0.04886647313833237
0.828,0.9873684210526316,0.04865457862615585
0.832,0.9873684210526316,0.0485246405005455
0.832,0.9878947368421053,0.04773937910795212
0.836,0.9878947368421053,0.047218747437000275
0.836,0.988421052631579,0.046171724796295166
0.838,0.988421052631579,0.04613197594881058
0.838,0.99,0.04589104279875755
0.84,0.99,0.04559507966041565
0.84,0.9926315789473684,0.0447726808488369
0.842,0.9926315789473684,0.044715918600559235
0.842,0.9952631578947368,0.044153906404972076
0.846,0.9952631578947368,0.04411613568663597
0.846,0.9957894736842106,0.043539345264434814
0.85,0.9957894736842106,0.04297839105129242
0.85,0.9968421052631579,0.04278164729475975
0.854,0.9968421052631579,0.041786257177591324
0.854,0.9973684210526316,0.04157186672091484
0.856,0.9973684210526316,0.041237346827983856
0.856,0.9978947368421053,0.041207119822502136
0.868,0.9978947368421053,0.04031297564506531
0.868,0.9989473684210526,0.039541684091091156
0.87,0.9989473684210526,0.039467666298151016
0.87,0.9994736842105263,0.03898860141634941
0.874,0.9994736842105263,0.038392309099435806
0.874,1.0,0.03836742416024208
1.0,1.0,0.014200168661773205
