FPR,TPR,Threshold
0.0,0.0,1.9991002082824707
0.0,0.0002631578947368421,0.9991002082824707
0.0,0.003157894736842105,0.9989080429077148
0.0,0.0036842105263157894,0.9989079236984253
0.0,0.003947368421052632,0.9989078044891357
0.0,0.005,0.998907208442688
0.0,0.011052631578947368,0.9987432360649109
0.0,0.011578947368421053,0.9987426400184631
0.0,0.019473684210526317,0.9986662864685059
0.0,0.02,0.9986649751663208
0.0,0.03763157894736842,0.9981678128242493
0.0,0.038157894736842106,0.9981675744056702
0.0,0.03894736842105263,0.9981667399406433
0.0,0.039473684210526314,0.9981665015220642
0.0,0.049736842105263156,0.9978620409965515
0.0,0.05026315789473684,0.9978616833686829
0.0,0.05131578947368421,0.9978479146957397
0.0,0.0518421052631579,0.9978435039520264
0.0,0.06342105263157895,0.9970760345458984
0.0,0.06394736842105263,0.9970755577087402
0.0,0.11052631578947368,0.9942253232002258
0.0,0.11105263157894738,0.9942241311073303
0.0,0.11368421052631579,0.9941287040710449
0.0,0.11421052631578947,0.9941142201423645
0.0,0.13736842105263158,0.9902774095535278
0.0,0.13789473684210526,0.9902751445770264
0.0,0.15578947368421053,0.9885432720184326
0.0,0.1563157894736842,0.9885411262512207
0.0,0.16631578947368422,0.9870979189872742
0.0,0.1668421052631579,0.9870959520339966
0.0,0.19473684210526315,0.9838159680366516
0.0,0.19526315789473683,0.9837908148765564
0.0,0.23868421052631578,0.9812798500061035
0.0,0.23921052631578948,0.9812782406806946
0.0,0.2542105263157895,0.9805651307106018
0.0,0.25473684210526315,0.9805639386177063
0.0,0.25921052631578945,0.9802818298339844
0.0,0.25973684210526315,0.9802796840667725
0.0,0.2718421052631579,0.9784221649169922
0.0,0.2723684210526316,0.9783428311347961
0.0,0.2760526315789474,0.9779993891716003
0.0,0.27657894736842104,0.977993369102478
0.0,0.355,0.9643276333808899
0.0,0.3555263157894737,0.9641770124435425
0.0,0.5039473684210526,0.9134606719017029
0.0,0.5044736842105263,0.913447916507721
0.0,0.5123684210526316,0.9118583798408508
0.0,0.5128947368421053,0.9118453860282898
0.0,0.5284210526315789,0.906400740146637
0.001,0.5284210526315789,0.9062886834144592
0.001,0.591842105263158,0.8769572377204895
0.002,0.591842105263158,0.8769254088401794
0.002,0.5960526315789474,0.8729547262191772
0.003,0.5960526315789474,0.8725538849830627
0.003,0.6005263157894737,0.8679172992706299
0.004,0.6005263157894737,0.8676565289497375
0.004,0.6031578947368421,0.8657930493354797
0.005,0.6031578947368421,0.8657739162445068
0.005,0.6039473684210527,0.8655152916908264
0.006,0.6039473684210527,0.8654974699020386
0.006,0.6042105263157894,0.8654212951660156
0.007,0.6042105263157894,0.8654173612594604
0.007,0.6052631578947368,0.8650581240653992
0.009,0.6052631578947368,0.8649135828018188
0.009,0.6081578947368421,0.8642268180847168
0.01,0.6081578947368421,0.8642101883888245
0.01,0.6086842105263158,0.8639044761657715
0.011,0.6086842105263158,0.8637999892234802
0.011,0.6097368421052631,0.8633176684379578
0.012,0.6097368421052631,0.8632809519767761
0.012,0.6186842105263158,0.8619699478149414
0.014,0.6186842105263158,0.8618940711021423
0.014,0.6189473684210526,0.8618836998939514
0.017,0.6189473684210526,0.861831545829773
0.017,0.6192105263157894,0.8618308305740356
0.021,0.6192105263157894,0.8617731928825378
0.021,0.6197368421052631,0.8616589307785034
0.024,0.6197368421052631,0.8615740537643433
0.024,0.62,0.8614542484283447
0.025,0.62,0.8614087700843811
0.025,0.628421052631579,0.8600075244903564
0.026,0.628421052631579,0.8598827123641968
0.026,0.6286842105263157,0.859848141670227
0.027,0.6286842105263157,0.8596237897872925
0.027,0.63,0.8589893579483032
0.028,0.63,0.8588359355926514
0.028,0.6321052631578947,0.8572099208831787
0.029,0.6321052631578947,0.8569658994674683
0.029,0.633421052631579,0.8557858467102051
0.03,0.633421052631579,0.855686604976654
0.03,0.6407894736842106,0.8520926833152771
0.032,0.6407894736842106,0.8519314527511597
0.032,0.6523684210526316,0.8474778532981873
0.033,0.6523684210526316,0.8474584221839905
0.033,0.6892105263157895,0.8359187245368958
0.034,0.6892105263157895,0.8358522653579712
0.034,0.7076315789473684,0.8288471698760986
0.035,0.7076315789473684,0.8285859823226929
0.035,0.7157894736842105,0.8216352462768555
0.036,0.7157894736842105,0.8216263055801392
0.036,0.7218421052631578,0.8197868466377258
0.037,0.7218421052631578,0.8194363117218018
0.037,0.7252631578947368,0.8166136741638184
0.038,0.7252631578947368,0.8166061043739319
0.038,0.7294736842105263,0.8112772703170776
0.039,0.7294736842105263,0.8111360669136047
0.039,0.7328947368421053,0.8102834820747375
0.04,0.7328947368421053,0.8099759221076965
0.04,0.7339473684210527,0.808642566204071
0.041,0.7339473684210527,0.8085176348686218
0.041,0.7342105263157894,0.8084057569503784
0.042,0.7342105263157894,0.8082098364830017
0.042,0.7344736842105263,0.8080673813819885
0.043,0.7344736842105263,0.8077678680419922
0.043,0.7347368421052631,0.8077014684677124
0.045,0.7347368421052631,0.8070357441902161
0.045,0.735,0.8065025806427002
0.046,0.735,0.8064306974411011
0.046,0.7352631578947368,0.8064286112785339
0.047,0.7352631578947368,0.8059244751930237
0.047,0.7355263157894737,0.8058117032051086
0.048,0.7355263157894737,0.8055973649024963
0.048,0.7360526315789474,0.8046994209289551
0.05,0.7360526315789474,0.804632306098938
0.05,0.7368421052631579,0.8034585118293762
0.051,0.7368421052631579,0.8031217455863953
0.051,0.7376315789473684,0.8026068210601807
0.062,0.7376315789473684,0.8021807074546814
0.062,0.738421052631579,0.8020113706588745
0.063,0.738421052631579,0.80196613073349
0.063,0.7394736842105263,0.8010143041610718
0.064,0.7394736842105263,0.8007321357727051
0.064,0.74,0.8003246188163757
0.065,0.74,0.8001340627670288
0.065,0.7421052631578947,0.7992154955863953
0.066,0.7421052631578947,0.7991943955421448
0.066,0.7428947368421053,0.7987574338912964
0.067,0.7428947368421053,0.7986741065979004
0.067,0.7476315789473684,0.796250581741333
0.068,0.7476315789473684,0.795011043548584
0.068,0.7510526315789474,0.7916262149810791
0.069,0.7510526315789474,0.7912850975990295
0.069,0.7521052631578947,0.7902281284332275
0.07,0.7521052631578947,0.7901581525802612
0.07,0.7613157894736842,0.7835111618041992
0.071,0.7613157894736842,0.7834885716438293
0.071,0.7702631578947369,0.7795279622077942
0.072,0.7702631578947369,0.7795270085334778
0.072,0.7726315789473684,0.7766814231872559
0.073,0.7726315789473684,0.7766720652580261
0.073,0.7821052631578947,0.7675934433937073
0.074,0.7821052631578947,0.7661826014518738
0.074,0.7894736842105263,0.7578182816505432
0.075,0.7894736842105263,0.7577678561210632
0.075,0.791578947368421,0.7550976872444153
0.076,0.791578947368421,0.7543838620185852
0.076,0.8147368421052632,0.7379074692726135
0.077,0.8147368421052632,0.7377576231956482
0.077,0.8197368421052632,0.7308149933815002
0.078,0.8197368421052632,0.7305881977081299
0.078,0.82,0.7296063303947449
0.079,0.82,0.7294935584068298
0.079,0.8265789473684211,0.7250092625617981
0.08,0.8265789473684211,0.7248156070709229
0.08,0.8478947368421053,0.7084052562713623
0.081,0.8478947368421053,0.7082712054252625
0.081,0.8678947368421053,0.6866429448127747
0.082,0.8678947368421053,0.6863142251968384
0.082,0.8681578947368421,0.6856100559234619
0.083,0.8681578947368421,0.6855924129486084
0.083,0.8752631578947369,0.6681621074676514
0.085,0.8752631578947369,0.6665278077125549
0.085,0.8757894736842106,0.665805459022522
0.086,0.8757894736842106,0.6641290783882141
0.086,0.8760526315789474,0.6637915372848511
0.087,0.8760526315789474,0.6630389094352722
0.087,0.8768421052631579,0.6611559987068176
0.089,0.8768421052631579,0.660685122013092
0.089,0.8776315789473684,0.6596444249153137
0.09,0.8776315789473684,0.6594663262367249
0.09,0.8778947368421053,0.6586865782737732
0.095,0.8778947368421053,0.6550809741020203
0.095,0.8781578947368421,0.6542148590087891
0.105,0.8781578947368421,0.6536595821380615
0.105,0.878421052631579,0.6535237431526184
0.106,0.878421052631579,0.6533612608909607
0.106,0.8786842105263157,0.6530494093894958
0.107,0.8786842105263157,0.6529493927955627
0.107,0.8794736842105263,0.6524067521095276
0.11,0.8794736842105263,0.6505178213119507
0.11,0.8810526315789474,0.6459333300590515
0.111,0.8810526315789474,0.6450943946838379
0.111,0.8813157894736842,0.6422179937362671
0.113,0.8813157894736842,0.6415886878967285
0.113,0.8818421052631579,0.6410825252532959
0.114,0.8818421052631579,0.6405406594276428
0.114,0.8826315789473684,0.6392789483070374
0.115,0.8826315789473684,0.6382566094398499
0.115,0.896578947368421,0.6272637248039246
0.116,0.896578947368421,0.6271576881408691
0.116,0.8984210526315789,0.6224004030227661
0.117,0.8984210526315789,0.6215344667434692
0.117,0.9002631578947369,0.6161236763000488
0.118,0.9002631578947369,0.6157746315002441
0.118,0.9010526315789473,0.6138178706169128
0.119,0.9010526315789473,0.6125267744064331
0.119,0.906578947368421,0.6044325232505798
0.12,0.906578947368421,0.6040096879005432
0.12,0.9136842105263158,0.5746185779571533
0.121,0.9136842105263158,0.5741081237792969
0.121,0.9142105263157895,0.573358952999115
0.122,0.9142105263157895,0.5732920169830322
0.122,0.916578947368421,0.5717443823814392
0.123,0.916578947368421,0.5716922879219055
0.123,0.9189473684210526,0.5671566128730774
0.124,0.9189473684210526,0.5660203099250793
0.124,0.92,0.5618730187416077
0.127,0.92,0.5552090406417847
0.127,0.9202631578947369,0.5547986626625061
0.128,0.9202631578947369,0.5547152757644653
0.128,0.9207894736842105,0.553956925868988
0.13,0.9207894736842105,0.5518826246261597
0.13,0.9213157894736842,0.5512508749961853
0.144,0.9213157894736842,0.5458543300628662
0.144,0.921578947368421,0.5455030798912048
0.149,0.921578947368421,0.5404366254806519
0.149,0.9218421052631579,0.5353447794914246
0.15,0.9218421052631579,0.5341786742210388
0.15,0.9223684210526316,0.5327007174491882
0.151,0.9223684210526316,0.5292901396751404
0.151,0.9226315789473685,0.5273797512054443
0.153,0.9226315789473685,0.5256756544113159
0.153,0.9231578947368421,0.5247126221656799
0.154,0.9231578947368421,0.5213496685028076
0.154,0.9247368421052632,0.5111429691314697
0.155,0.9247368421052632,0.5027396082878113
0.155,0.925,0.499697744846344
0.156,0.925,0.4978717565536499
0.156,0.9252631578947368,0.49259841442108154
0.157,0.9252631578947368,0.49055933952331543
0.157,0.9260526315789473,0.48030662536621094
0.158,0.9260526315789473,0.4801637828350067
0.158,0.9263157894736842,0.4773464500904083
0.159,0.9263157894736842,0.47669824957847595
0.159,0.9265789473684211,0.4739130735397339
0.167,0.9265789473684211,0.4496600031852722
0.167,0.9268421052631579,0.44905179738998413
0.169,0.9268421052631579,0.44677025079727173
0.169,0.9271052631578948,0.44618508219718933
0.191,0.9271052631578948,0.43493640422821045
0.191,0.9276315789473685,0.42855843901634216
0.192,0.9276315789473685,0.4283159077167511
0.192,0.9278947368421052,0.4277004897594452
0.195,0.9278947368421052,0.4225381016731262
0.195,0.9286842105263158,0.4210629463195801
0.196,0.9286842105263158,0.42095839977264404
0.196,0.9302631578947368,0.414833128452301
0.197,0.9302631578947368,0.4148246943950653
0.197,0.9342105263157895,0.4102420508861542
0.199,0.9342105263157895,0.4066851735115051
0.199,0.9344736842105263,0.4061179459095001
0.201,0.9344736842105263,0.4022332429885864
0.201,0.9347368421052632,0.4022195041179657
0.203,0.9347368421052632,0.4015010595321655
0.203,0.935,0.40129953622817993
0.204,0.935,0.40072304010391235
0.204,0.9352631578947368,0.4004341959953308
0.207,0.9352631578947368,0.39933478832244873
0.207,0.9355263157894737,0.3992975354194641
0.231,0.9355263157894737,0.38706159591674805
0.231,0.9363157894736842,0.38249412178993225
0.238,0.9363157894736842,0.37626296281814575
0.238,0.9365789473684211,0.3759768307209015
0.242,0.9365789473684211,0.37249088287353516
0.242,0.9368421052631579,0.3720168471336365
0.256,0.9368421052631579,0.3700196146965027
0.256,0.9371052631578948,0.3691047728061676
0.26,0.9371052631578948,0.3669947683811188
0.26,0.9373684210526316,0.36632755398750305
0.273,0.9373684210526316,0.34266284108161926
0.273,0.9376315789473684,0.34253963828086853
0.274,0.9376315789473684,0.3423651456832886
0.274,0.9378947368421052,0.3412982225418091
0.276,0.9378947368421052,0.3386478126049042
0.276,0.9389473684210526,0.324587345123291
0.277,0.9389473684210526,0.32425761222839355
0.277,0.9394736842105263,0.32309266924858093
0.278,0.9394736842105263,0.3225168287754059
0.278,0.9402631578947368,0.3202724754810333
0.279,0.9402631578947368,0.3180462419986725
0.279,0.9436842105263158,0.31708666682243347
0.28,0.9436842105263158,0.31594374775886536
0.28,0.9444736842105264,0.31437498331069946
0.282,0.9444736842105264,0.31336891651153564
0.282,0.9447368421052632,0.31318047642707825
0.285,0.9447368421052632,0.3098514974117279
0.285,0.945,0.30898040533065796
0.287,0.945,0.3056511878967285
0.287,0.9460526315789474,0.30305713415145874
0.288,0.9460526315789474,0.2997477054595947
0.288,0.9463157894736842,0.29800599813461304
0.291,0.9463157894736842,0.29058268666267395
0.291,0.9468421052631579,0.2869033217430115
0.292,0.9468421052631579,0.28678369522094727
0.292,0.9471052631578948,0.28411751985549927
0.3,0.9471052631578948,0.2808138132095337
0.3,0.9476315789473684,0.2799428105354309
0.302,0.9476315789473684,0.2792778015136719
0.302,0.9478947368421052,0.27866166830062866
0.306,0.9478947368421052,0.27691978216171265
0.306,0.9481578947368421,0.27687641978263855
0.325,0.9481578947368421,0.27244439721107483
0.325,0.9484210526315789,0.27212464809417725
0.327,0.9484210526315789,0.27127930521965027
0.327,0.9486842105263158,0.27126267552375793
0.332,0.9486842105263158,0.2700330317020416
0.332,0.9489473684210527,0.2700123190879822
0.34,0.9489473684210527,0.26973801851272583
0.34,0.9492105263157895,0.26955291628837585
0.341,0.9492105263157895,0.26947930455207825
0.341,0.9497368421052632,0.2685129642486572
0.342,0.9497368421052632,0.26843273639678955
0.342,0.95,0.2683047950267792
0.343,0.95,0.26771077513694763
0.343,0.9502631578947368,0.2676909267902374
0.345,0.9502631578947368,0.267636239528656
0.345,0.9505263157894737,0.2676161527633667
0.346,0.9505263157894737,0.2666788399219513
0.346,0.9507894736842105,0.2662622034549713
0.347,0.9507894736842105,0.2654533088207245
0.347,0.9513157894736842,0.2647326588630676
0.348,0.9513157894736842,0.26440680027008057
0.348,0.9544736842105264,0.2631637752056122
0.349,0.9544736842105264,0.2630585730075836
0.349,0.9565789473684211,0.2601962983608246
0.35,0.9565789473684211,0.2594149112701416
0.35,0.9576315789473684,0.257973313331604
0.351,0.9576315789473684,0.25760382413864136
0.351,0.9623684210526315,0.25398117303848267
0.352,0.9623684210526315,0.25357505679130554
0.352,0.9628947368421052,0.25291046500205994
0.353,0.9628947368421052,0.25271785259246826
0.353,0.963421052631579,0.251461923122406
0.354,0.963421052631579,0.2511991560459137
0.354,0.9636842105263158,0.24929970502853394
0.356,0.9636842105263158,0.2480418086051941
0.356,0.9642105263157895,0.24599140882492065
0.358,0.9642105263157895,0.2446732074022293
0.358,0.9647368421052631,0.24319486320018768
0.362,0.9647368421052631,0.24082745611667633
0.362,0.965,0.23995104432106018
0.366,0.965,0.23289485275745392
0.366,0.9657894736842105,0.2292974293231964
0.367,0.9657894736842105,0.22853292524814606
0.367,0.9660526315789474,0.22759030759334564
0.37,0.9660526315789474,0.22567425668239594
0.37,0.9671052631578947,0.22375352680683136
0.373,0.9671052631578947,0.22292400896549225
0.373,0.9673684210526315,0.22283771634101868
0.375,0.9673684210526315,0.22179588675498962
0.375,0.9676315789473684,0.22151827812194824
0.38,0.9676315789473684,0.21938557922840118
0.38,0.9678947368421053,0.21927964687347412
0.381,0.9678947368421053,0.2191765159368515
0.381,0.968421052631579,0.21817007660865784
0.384,0.968421052631579,0.2175106555223465
0.384,0.9686842105263158,0.21750149130821228
0.395,0.9686842105263158,0.2171202152967453
0.395,0.9694736842105263,0.2156497985124588
0.396,0.9694736842105263,0.21542781591415405
0.396,0.97,0.21508413553237915
0.397,0.97,0.21502067148685455
0.397,0.9702631578947368,0.2145596146583557
0.4,0.9702631578947368,0.21373020112514496
0.4,0.9705263157894737,0.21345801651477814
0.401,0.9705263157894737,0.21337495744228363
0.401,0.9707894736842105,0.21316194534301758
0.402,0.9707894736842105,0.21259643137454987
0.402,0.9710526315789474,0.21220096945762634
0.408,0.9710526315789474,0.2109062373638153
0.408,0.9713157894736842,0.21069730818271637
0.41,0.9713157894736842,0.21024498343467712
0.41,0.9744736842105263,0.20994673669338226
0.411,0.9744736842105263,0.20987790822982788
0.411,0.9755263157894737,0.20887726545333862
0.413,0.9755263157894737,0.20859438180923462
0.413,0.9760526315789474,0.20843586325645447
0.414,0.9760526315789474,0.20837169885635376
0.414,0.9763157894736842,0.20802204310894012
0.415,0.9763157894736842,0.2079993337392807
0.415,0.9771052631578947,0.20743387937545776
0.416,0.9771052631578947,0.20721852779388428
0.416,0.9773684210526316,0.20715279877185822
0.419,0.9773684210526316,0.20694464445114136
0.419,0.9776315789473684,0.20667321979999542
0.423,0.9776315789473684,0.2056885063648224
0.423,0.9778947368421053,0.205322727560997
0.424,0.9778947368421053,0.205138698220253
0.424,0.9781578947368421,0.20506031811237335
0.436,0.9781578947368421,0.20456385612487793
0.436,0.9792105263157894,0.20443980395793915
0.437,0.9792105263157894,0.20443663001060486
0.437,0.9818421052631578,0.20415952801704407
0.44,0.9818421052631578,0.20336224138736725
0.44,0.9821052631578947,0.20317743718624115
0.441,0.9821052631578947,0.20303159952163696
0.441,0.9823684210526316,0.20297029614448547
0.443,0.9823684210526316,0.20257160067558289
0.443,0.9826315789473684,0.20253999531269073
0.451,0.9826315789473684,0.2016555517911911
0.451,0.9828947368421053,0.2016121745109558
0.454,0.9828947368421053,0.2015877366065979
0.454,0.9831578947368421,0.20145945250988007
0.456,0.9831578947368421,0.20136791467666626
0.456,0.983421052631579,0.2007945030927658
0.461,0.983421052631579,0.19981732964515686
0.461,0.9836842105263158,0.1994323581457138
0.467,0.9836842105263158,0.19814541935920715
0.467,0.9839473684210527,0.198139026761055
0.478,0.9839473684210527,0.1960131973028183
0.478,0.9842105263157894,0.1959782987833023
0.496,0.9842105263157894,0.19439077377319336
0.496,0.9844736842105263,0.19422084093093872
0.503,0.9844736842105263,0.19226136803627014
0.503,0.985,0.1919475942850113
0.524,0.985,0.1875583380460739
0.524,0.9852631578947368,0.18605254590511322
0.533,0.9852631578947368,0.18082541227340698
0.533,0.9857894736842105,0.17874178290367126
0.539,0.9857894736842105,0.1767369657754898
0.539,0.9860526315789474,0.1743309050798416
0.543,0.9860526315789474,0.17358390986919403
0.543,0.986578947368421,0.17263905704021454
0.544,0.986578947368421,0.17222483456134796
0.544,0.9868421052631579,0.17148073017597198
0.545,0.9868421052631579,0.1714457869529724
0.545,0.9871052631578947,0.17087100446224213
0.549,0.9871052631578947,0.16978734731674194
0.549,0.9873684210526316,0.16953705251216888
0.552,0.9873684210526316,0.16912198066711426
0.552,0.9878947368421053,0.16871154308319092
0.556,0.9878947368421053,0.16696734726428986
0.556,0.9881578947368421,0.16647014021873474
0.557,0.9881578947368421,0.16644953191280365
0.557,0.988421052631579,0.16616272926330566
0.558,0.988421052631579,0.16586926579475403
0.558,0.9886842105263158,0.16549232602119446
0.568,0.9886842105263158,0.16469058394432068
0.568,0.9889473684210527,0.16459959745407104
0.57,0.9889473684210527,0.1645033359527588
0.57,0.9892105263157894,0.1643042117357254
0.572,0.9892105263157894,0.16393829882144928
0.572,0.9894736842105263,0.16366232931613922
0.576,0.9894736842105263,0.16225220263004303
0.576,0.9897368421052631,0.16221405565738678
0.577,0.9897368421052631,0.16213272511959076
0.577,0.9928947368421053,0.16153614223003387
0.579,0.9928947368421053,0.1609063595533371
0.579,0.9944736842105263,0.15937642753124237
0.584,0.9944736842105263,0.15793347358703613
0.584,0.9947368421052631,0.15663814544677734
0.587,0.9947368421052631,0.15487593412399292
0.587,0.9955263157894737,0.154216930270195
0.589,0.9955263157894737,0.15402521193027496
0.589,0.9957894736842106,0.1534329354763031
0.59,0.9957894736842106,0.1533934623003006
0.59,0.9960526315789474,0.15325328707695007
0.595,0.9960526315789474,0.14965012669563293
0.595,0.9963157894736843,0.14952129125595093
0.598,0.9963157894736843,0.1488240361213684
0.598,0.996578947368421,0.14867699146270752
0.599,0.996578947368421,0.14863193035125732
0.599,0.9968421052631579,0.1467873603105545
0.6,0.9968421052631579,0.1463625431060791
0.6,0.9971052631578947,0.1459851711988449
0.605,0.9971052631578947,0.14405140280723572
0.605,0.9973684210526316,0.14387674629688263
0.657,0.9973684210526316,0.1361374408006668
0.657,0.9976315789473684,0.13610656559467316
0.663,0.9976315789473684,0.1334085762500763
0.663,0.9978947368421053,0.13316962122917175
0.664,0.9978947368421053,0.13316813111305237
0.664,0.9981578947368421,0.13222210109233856
0.677,0.9981578947368421,0.12679940462112427
0.677,0.998421052631579,0.12655028700828552
0.681,0.998421052631579,0.1259743720293045
0.681,0.9986842105263158,0.12581084668636322
0.718,0.9986842105263158,0.1181916818022728
0.718,0.9989473684210526,0.11775761842727661
0.733,0.9989473684210526,0.11626114696264267
0.733,0.9992105263157894,0.11623678356409073
0.738,0.9992105263157894,0.11507441103458405
0.738,0.9994736842105263,0.11468756198883057
0.745,0.9994736842105263,0.11253593862056732
0.745,0.9997368421052631,0.11240508407354355
0.784,0.9997368421052631,0.09911922365427017
0.784,1.0,0.09785816818475723
1.0,1.0,0.011691893450915813
