FPR,TPR,Threshold
0.0,0.0,1.9943534135818481
0.0,0.0005263157894736842,0.9943534135818481
0.0,0.77,0.7235011458396912
0.004,0.77,0.7222327589988708
0.004,0.7710526315789473,0.7204651832580566
0.006,0.7710526315789473,0.720461905002594
0.006,0.771578947368421,0.7200261354446411
0.01,0.771578947368421,0.7192623019218445
0.01,0.7773684210526316,0.7150894999504089
0.012,0.7773684210526316,0.7145485877990723
0.012,0.7778947368421053,0.7145271301269531
0.016,0.7778947368421053,0.7144172191619873
0.016,0.7784210526315789,0.7143001556396484
0.02,0.7784210526315789,0.7141175866127014
0.02,0.7789473684210526,0.7135661244392395
0.024,0.7789473684210526,0.7130941152572632
0.024,0.7852631578947369,0.7101197838783264
0.026,0.7852631578947369,0.7099109292030334
0.026,0.7857894736842105,0.7099056243896484
0.03,0.7857894736842105,0.7096769213676453
0.03,0.7868421052631579,0.7093607783317566
0.032,0.7868421052631579,0.7093144059181213
0.032,0.7894736842105263,0.7088534235954285
0.034,0.7894736842105263,0.7083797454833984
0.034,0.7910526315789473,0.7077494263648987
0.038,0.7910526315789473,0.7073521614074707
0.038,0.791578947368421,0.7070868015289307
0.04,0.791578947368421,0.7069687843322754
0.04,0.7942105263157895,0.705653727054596
0.042,0.7942105263157895,0.7053689956665039
0.042,0.7952631578947369,0.7052456140518188
0.044,0.7952631578947369,0.705053448677063
0.044,0.7957894736842105,0.7050215005874634
0.046,0.7957894736842105,0.704941987991333
0.046,0.7968421052631579,0.7043963074684143
0.048,0.7968421052631579,0.7042866945266724
0.048,0.7994736842105263,0.7028335928916931
0.052,0.7994736842105263,0.7015334963798523
0.052,0.8005263157894736,0.7006606459617615
0.056,0.8005263157894736,0.7002699375152588
0.056,0.8078947368421052,0.693438708782196
0.058,0.8078947368421052,0.6929776668548584
0.058,0.8126315789473684,0.6883222460746765
0.06,0.8126315789473684,0.6852017641067505
0.06,0.8142105263157895,0.6820079684257507
0.062,0.8142105263157895,0.6816607117652893
0.062,0.8194736842105264,0.6737735867500305
0.064,0.8194736842105264,0.6734726428985596
0.064,0.8252631578947368,0.6680353283882141
0.066,0.8252631578947368,0.667650580406189
0.066,0.8268421052631579,0.6656615138053894
0.068,0.8268421052631579,0.6654996275901794
0.068,0.8310526315789474,0.6618566513061523
0.07,0.8310526315789474,0.661819338798523
0.07,0.8347368421052631,0.6591244339942932
0.072,0.8347368421052631,0.6588141322135925
0.072,0.8373684210526315,0.6560255885124207
0.074,0.8373684210526315,0.6550588011741638
0.074,0.8410526315789474,0.652545690536499
0.076,0.8410526315789474,0.6518477201461792
0.076,0.8452631578947368,0.6468625664710999
0.078,0.8452631578947368,0.6457265019416809
0.078,0.8478947368421053,0.640959620475769
0.08,0.8478947368421053,0.6403043866157532
0.08,0.8510526315789474,0.636435866355896
0.082,0.8510526315789474,0.63617342710495
0.082,0.8552631578947368,0.6320653557777405
0.084,0.8552631578947368,0.6320247650146484
0.084,0.8563157894736843,0.629048764705658
0.09,0.8563157894736843,0.6255305409431458
0.09,0.858421052631579,0.6207846403121948
0.092,0.858421052631579,0.6200358867645264
0.092,0.8605263157894737,0.6154113411903381
0.094,0.8605263157894737,0.6140484809875488
0.094,0.8694736842105263,0.5962488055229187
0.1,0.8694736842105263,0.5955042243003845
0.1,0.871578947368421,0.5934600234031677
0.102,0.871578947368421,0.5919762253761292
0.102,0.8757894736842106,0.5898272395133972
0.104,0.8757894736842106,0.5890499949455261
0.104,0.8763157894736842,0.5886796712875366
0.106,0.8763157894736842,0.588270366191864
0.106,0.8821052631578947,0.5717334747314453
0.108,0.8821052631578947,0.5716221928596497
0.108,0.8836842105263157,0.5686895847320557
0.11,0.8836842105263157,0.5672363042831421
0.11,0.8852631578947369,0.5644400715827942
0.112,0.8852631578947369,0.5643949508666992
0.112,0.8857894736842106,0.5627518892288208
0.114,0.8857894736842106,0.5614403486251831
0.114,0.8863157894736842,0.5608400106430054
0.116,0.8863157894736842,0.5592610239982605
0.116,0.8878947368421053,0.5562406778335571
0.118,0.8878947368421053,0.5528388023376465
0.118,0.8931578947368422,0.5400163531303406
0.12,0.8931578947368422,0.5398823022842407
0.12,0.8968421052631579,0.5277987122535706
0.122,0.8968421052631579,0.5262050628662109
0.122,0.8973684210526316,0.5258201360702515
0.124,0.8973684210526316,0.5254963636398315
0.124,0.8984210526315789,0.5230184197425842
0.126,0.8984210526315789,0.5229364633560181
0.126,0.8989473684210526,0.5220355987548828
0.13,0.8989473684210526,0.5209611058235168
0.13,0.9010526315789473,0.5149938464164734
0.134,0.9010526315789473,0.5142039060592651
0.134,0.9036842105263158,0.5090925693511963
0.138,0.9036842105263158,0.5079503059387207
0.138,0.9052631578947369,0.5000348687171936
0.148,0.9052631578947369,0.4942258596420288
0.148,0.9073684210526316,0.49016720056533813
0.152,0.9073684210526316,0.488694429397583
0.152,0.9094736842105263,0.48465609550476074
0.156,0.9094736842105263,0.48347994685173035
0.156,0.9126315789473685,0.47566887736320496
0.162,0.9126315789473685,0.47472938895225525
0.162,0.9131578947368421,0.4743778705596924
0.164,0.9131578947368421,0.4741186499595642
0.164,0.9147368421052632,0.46845757961273193
0.166,0.9147368421052632,0.46770837903022766
0.166,0.9152631578947369,0.46754398941993713
0.172,0.9152631578947369,0.4652564823627472
0.172,0.9163157894736842,0.46399497985839844
0.174,0.9163157894736842,0.46126800775527954
0.174,0.9168421052631579,0.4601851999759674
0.178,0.9168421052631579,0.4572146236896515
0.178,0.9178947368421052,0.45565664768218994
0.182,0.9178947368421052,0.4524746239185333
0.182,0.9184210526315789,0.4504243731498718
0.192,0.9184210526315789,0.44576865434646606
0.192,0.9189473684210526,0.4455607533454895
0.194,0.9189473684210526,0.4450605511665344
0.194,0.92,0.4432668089866638
0.196,0.92,0.4405261278152466
0.196,0.9205263157894736,0.44023802876472473
0.218,0.9205263157894736,0.43258360028266907
0.218,0.9210526315789473,0.4314565658569336
0.224,0.9210526315789473,0.4266124963760376
0.224,0.921578947368421,0.42656633257865906
0.226,0.921578947368421,0.42549121379852295
0.226,0.9221052631578948,0.4253067076206207
0.248,0.9221052631578948,0.39972904324531555
0.248,0.9231578947368421,0.39611855149269104
0.25,0.9231578947368421,0.3952910006046295
0.25,0.9242105263157895,0.39454385638237
0.252,0.9242105263157895,0.3944993019104004
0.252,0.9257894736842105,0.3935469090938568
0.258,0.9257894736842105,0.3906811475753784
0.258,0.9273684210526316,0.3868968188762665
0.26,0.9273684210526316,0.3867298364639282
0.26,0.9294736842105263,0.3848036229610443
0.262,0.9294736842105263,0.38417771458625793
0.262,0.9305263157894736,0.38364604115486145
0.266,0.9305263157894736,0.3824794888496399
0.266,0.9315789473684211,0.3818338215351105
0.27,0.9315789473684211,0.38090816140174866
0.27,0.9321052631578948,0.3797520101070404
0.276,0.9321052631578948,0.37855595350265503
0.276,0.9331578947368421,0.37755006551742554
0.286,0.9331578947368421,0.3756611943244934
0.286,0.9336842105263158,0.3754231929779053
0.288,0.9336842105263158,0.37314146757125854
0.288,0.9342105263157895,0.3729349970817566
0.292,0.9342105263157895,0.37254396080970764
0.292,0.9352631578947368,0.3720099925994873
0.294,0.9352631578947368,0.37185877561569214
0.294,0.9363157894736842,0.36983126401901245
0.3,0.9363157894736842,0.36590898036956787
0.3,0.9368421052631579,0.3658386766910553
0.302,0.9368421052631579,0.36517709493637085
0.302,0.9373684210526316,0.3647088408470154
0.304,0.9373684210526316,0.3627238869667053
0.304,0.9394736842105263,0.36086708307266235
0.31,0.9394736842105263,0.35925689339637756
0.31,0.94,0.3588981032371521
0.312,0.94,0.35855087637901306
0.312,0.9405263157894737,0.35809528827667236
0.314,0.9405263157894737,0.3576747179031372
0.314,0.9426315789473684,0.35488438606262207
0.316,0.9426315789473684,0.3548365831375122
0.316,0.9431578947368421,0.35476768016815186
0.318,0.9431578947368421,0.35419678688049316
0.318,0.9442105263157895,0.35372868180274963
0.32,0.9442105263157895,0.35253652930259705
0.32,0.9447368421052632,0.3515307605266571
0.324,0.9447368421052632,0.3462965190410614
0.324,0.9510526315789474,0.3362238109111786
0.326,0.9510526315789474,0.3329342007637024
0.326,0.9521052631578948,0.3311788737773895
0.328,0.9521052631578948,0.33005964756011963
0.328,0.9547368421052631,0.3220546543598175
0.33,0.9547368421052631,0.3206225633621216
0.33,0.9557894736842105,0.31702500581741333
0.332,0.9557894736842105,0.3164955675601959
0.332,0.9568421052631579,0.3148830533027649
0.336,0.9568421052631579,0.31035372614860535
0.336,0.9589473684210527,0.30393126606941223
0.338,0.9589473684210527,0.30331799387931824
0.338,0.9605263157894737,0.29537948966026306
0.34,0.9605263157894737,0.29533207416534424
0.34,0.9615789473684211,0.2944920063018799
0.342,0.9615789473684211,0.2944336533546448
0.342,0.9621052631578947,0.2942250072956085
0.35,0.9621052631578947,0.28700244426727295
0.35,0.9626315789473684,0.2862750291824341
0.376,0.9626315789473684,0.2780337631702423
0.376,0.9631578947368421,0.27755358815193176
0.382,0.9631578947368421,0.2761419415473938
0.382,0.9642105263157895,0.2760343849658966
0.386,0.9642105263157895,0.2727309465408325
0.386,0.9647368421052631,0.27164509892463684
0.39,0.9647368421052631,0.27094048261642456
0.39,0.9652631578947368,0.27093976736068726
0.394,0.9652631578947368,0.26907485723495483
0.394,0.9657894736842105,0.26754897832870483
0.396,0.9657894736842105,0.2668899595737457
0.396,0.9663157894736842,0.26478904485702515
0.404,0.9663157894736842,0.26117411255836487
0.404,0.966842105263158,0.25724104046821594
0.424,0.966842105263158,0.2454410344362259
0.424,0.9673684210526315,0.24514560401439667
0.426,0.9673684210526315,0.2431184947490692
0.426,0.9678947368421053,0.24260170757770538
0.434,0.9678947368421053,0.2396891713142395
0.434,0.9689473684210527,0.23897752165794373
0.438,0.9689473684210527,0.23876702785491943
0.438,0.97,0.23762819170951843
0.448,0.97,0.2324007749557495
0.448,0.9726315789473684,0.2284238487482071
0.45,0.9726315789473684,0.2276288866996765
0.45,0.9731578947368421,0.226373091340065
0.452,0.9731578947368421,0.2259047031402588
0.452,0.9742105263157895,0.22422809898853302
0.494,0.9742105263157895,0.2087642401456833
0.494,0.9747368421052631,0.208464577794075
0.5,0.9747368421052631,0.20583197474479675
0.5,0.9752631578947368,0.20497506856918335
0.502,0.9752631578947368,0.204837366938591
0.502,0.9757894736842105,0.20366430282592773
0.55,0.9757894736842105,0.18926377594470978
0.55,0.9763157894736842,0.18837563693523407
0.552,0.9763157894736842,0.18774399161338806
0.552,0.9768421052631578,0.1870567798614502
0.554,0.9768421052631578,0.1860833615064621
0.554,0.9773684210526316,0.1852436661720276
0.57,0.9773684210526316,0.17961639165878296
0.57,0.9778947368421053,0.1793442666530609
0.576,0.9778947368421053,0.1782468557357788
0.576,0.978421052631579,0.1778019368648529
0.6,0.978421052631579,0.16497261822223663
0.6,0.9789473684210527,0.16488905251026154
0.634,0.9789473684210527,0.15315866470336914
0.634,0.98,0.15253466367721558
0.638,0.98,0.15198233723640442
0.638,0.9805263157894737,0.15152473747730255
0.64,0.9805263157894737,0.15150846540927887
0.64,0.9810526315789474,0.14695726335048676
0.642,0.9810526315789474,0.14643454551696777
0.642,0.9831578947368421,0.14450538158416748
0.644,0.9831578947368421,0.1444208174943924
0.644,0.9836842105263158,0.14441189169883728
0.648,0.9836842105263158,0.14347676932811737
0.648,0.9842105263157894,0.14265716075897217
0.652,0.9842105263157894,0.1417161524295807
0.652,0.9847368421052631,0.14142616093158722
0.662,0.9847368421052631,0.13555453717708588
0.662,0.9852631578947368,0.1330835223197937
0.672,0.9852631578947368,0.12954968214035034
0.672,0.9857894736842105,0.12886914610862732
0.686,0.9857894736842105,0.12559670209884644
0.686,0.9863157894736843,0.12547212839126587
0.702,0.9863157894736843,0.11735302209854126
0.702,0.9868421052631579,0.11678376793861389
0.704,0.9868421052631579,0.11638595908880234
0.704,0.9873684210526316,0.11631762981414795
0.706,0.9873684210526316,0.11501419544219971
0.706,0.9878947368421053,0.11346881836652756
0.718,0.9878947368421053,0.1095234826207161
0.718,0.988421052631579,0.10894190520048141
0.72,0.988421052631579,0.10864781588315964
0.72,0.9889473684210527,0.10837036371231079
0.736,0.9889473684210527,0.1017206460237503
0.736,0.9894736842105263,0.10129889845848083
0.804,0.9894736842105263,0.05837441608309746
0.804,0.9910526315789474,0.05810495838522911
0.81,0.9910526315789474,0.05714596062898636
0.81,0.991578947368421,0.057134244590997696
0.812,0.991578947368421,0.05688413605093956
0.812,0.9931578947368421,0.05582859367132187
0.816,0.9931578947368421,0.055440083146095276
0.816,0.9936842105263158,0.05536365136504173
0.826,0.9936842105263158,0.05455216020345688
0.826,0.9942105263157894,0.054291725158691406
0.83,0.9942105263157894,0.05415556579828262
0.83,0.9947368421052631,0.05406280979514122
0.84,0.9947368421052631,0.0527832992374897
0.84,0.9952631578947368,0.052592113614082336
0.88,0.9952631578947368,0.047869972884655
0.88,0.9957894736842106,0.047857318073511124
0.896,0.9957894736842106,0.04670578986406326
0.896,0.9963157894736843,0.04666885361075401
0.898,0.9963157894736843,0.04661829397082329
0.898,0.9968421052631579,0.04634367302060127
0.916,0.9968421052631579,0.04289225488901138
0.916,0.9973684210526316,0.042675506323575974
0.924,0.9973684210526316,0.04175540804862976
0.924,0.9978947368421053,0.04161467403173447
0.926,0.9978947368421053,0.041312530636787415
0.926,0.9994736842105263,0.04005531221628189
0.956,0.9994736842105263,0.03607170283794403
0.956,1.0,0.03501942381262779
1.0,1.0,0.015795687213540077
