FPR,TPR,Threshold
0.0,0.0,1.9941972494125366
0.0,0.0005263157894736842,0.9941972494125366
0.0,0.05210526315789474,0.9880794882774353
0.0,0.053157894736842105,0.9880175590515137
0.0,0.7747368421052632,0.7220039367675781
0.002,0.7747368421052632,0.7218236923217773
0.002,0.7784210526315789,0.7192699313163757
0.004,0.7784210526315789,0.7190808057785034
0.004,0.7794736842105263,0.7177147269248962
0.006,0.7794736842105263,0.7174289226531982
0.006,0.7826315789473685,0.7130457758903503
0.01,0.7826315789473685,0.7129763960838318
0.01,0.7868421052631579,0.7111429572105408
0.012,0.7868421052631579,0.7104793190956116
0.012,0.7884210526315789,0.7099589705467224
0.014,0.7884210526315789,0.7097287774085999
0.014,0.7905263157894736,0.7082006335258484
0.016,0.7905263157894736,0.7075090408325195
0.016,0.7921052631578948,0.7067285776138306
0.02,0.7921052631578948,0.7064393162727356
0.02,0.7952631578947369,0.7036503553390503
0.022,0.7952631578947369,0.7035781145095825
0.022,0.8073684210526316,0.6916451454162598
0.024,0.8073684210526316,0.6891257762908936
0.024,0.8084210526315789,0.6880426406860352
0.026,0.8084210526315789,0.6863816976547241
0.026,0.8110526315789474,0.6837570071220398
0.028,0.8110526315789474,0.6836311221122742
0.028,0.8126315789473684,0.6821721196174622
0.03,0.8126315789473684,0.6818082332611084
0.03,0.8152631578947368,0.6792799830436707
0.032,0.8152631578947368,0.6784986853599548
0.032,0.8157894736842105,0.6776081919670105
0.038,0.8157894736842105,0.6750528812408447
0.038,0.8194736842105264,0.6722850203514099
0.04,0.8194736842105264,0.672272264957428
0.04,0.8231578947368421,0.6695747375488281
0.042,0.8231578947368421,0.669471025466919
0.042,0.8236842105263158,0.669297993183136
0.044,0.8236842105263158,0.6692054271697998
0.044,0.8268421052631579,0.6669638156890869
0.05,0.8268421052631579,0.6662896871566772
0.05,0.828421052631579,0.6648053526878357
0.054,0.828421052631579,0.66343754529953
0.054,0.8310526315789474,0.6621330380439758
0.058,0.8310526315789474,0.6604532599449158
0.058,0.8368421052631579,0.655163586139679
0.062,0.8368421052631579,0.6548548340797424
0.062,0.8373684210526315,0.6541701555252075
0.064,0.8373684210526315,0.6538301706314087
0.064,0.8421052631578947,0.6515988707542419
0.068,0.8421052631578947,0.648604691028595
0.068,0.8457894736842105,0.6448847651481628
0.07,0.8457894736842105,0.644481897354126
0.07,0.8468421052631578,0.6423540711402893
0.072,0.8468421052631578,0.6423135995864868
0.072,0.8473684210526315,0.6419234275817871
0.074,0.8473684210526315,0.6414588689804077
0.074,0.85,0.6372283697128296
0.078,0.85,0.6366709470748901
0.078,0.8542105263157894,0.6258069276809692
0.08,0.8542105263157894,0.6255744695663452
0.08,0.8578947368421053,0.6189958453178406
0.082,0.8578947368421053,0.6186400651931763
0.082,0.86,0.6175234913825989
0.084,0.86,0.6174362897872925
0.084,0.8605263157894737,0.6173917651176453
0.088,0.8605263157894737,0.6170454621315002
0.088,0.8657894736842106,0.6120820641517639
0.09,0.8657894736842106,0.612027108669281
0.09,0.8694736842105263,0.604141354560852
0.092,0.8694736842105263,0.604041576385498
0.092,0.8752631578947369,0.5934261679649353
0.094,0.8752631578947369,0.5931941270828247
0.094,0.8757894736842106,0.5917723774909973
0.098,0.8757894736842106,0.5892783403396606
0.098,0.8763157894736842,0.5892139077186584
0.104,0.8763157894736842,0.5879034399986267
0.104,0.8778947368421053,0.5851421356201172
0.106,0.8778947368421053,0.5846107602119446
0.106,0.8789473684210526,0.583109974861145
0.11,0.8789473684210526,0.5808090567588806
0.11,0.8794736842105263,0.5799732804298401
0.114,0.8794736842105263,0.5734618902206421
0.114,0.88,0.5699658393859863
0.116,0.88,0.5699241757392883
0.116,0.8826315789473684,0.562703549861908
0.118,0.8826315789473684,0.5620408058166504
0.118,0.8842105263157894,0.559777021408081
0.12,0.8842105263157894,0.5592169761657715
0.12,0.9068421052631579,0.4968975782394409
0.122,0.9068421052631579,0.4961372911930084
0.122,0.9078947368421053,0.49347081780433655
0.124,0.9078947368421053,0.4925079345703125
0.124,0.9089473684210526,0.4906030595302582
0.126,0.9089473684210526,0.48912879824638367
0.126,0.9105263157894737,0.4827703535556793
0.128,0.9105263157894737,0.481297105550766
0.128,0.9121052631578948,0.4764192998409271
0.132,0.9121052631578948,0.47420668601989746
0.132,0.9126315789473685,0.4723948538303375
0.134,0.9126315789473685,0.4717237055301666
0.134,0.9142105263157895,0.4695685803890228
0.136,0.9142105263157895,0.467300683259964
0.136,0.9147368421052632,0.4658512771129608
0.14,0.9147368421052632,0.4601650834083557
0.14,0.9152631578947369,0.4580991566181183
0.142,0.9152631578947369,0.45750218629837036
0.142,0.9157894736842105,0.455430269241333
0.172,0.9157894736842105,0.4396792948246002
0.172,0.9163157894736842,0.43811383843421936
0.178,0.9163157894736842,0.43623077869415283
0.178,0.9168421052631579,0.43581151962280273
0.182,0.9168421052631579,0.4337313175201416
0.182,0.9173684210526316,0.43342912197113037
0.184,0.9173684210526316,0.42800968885421753
0.184,0.9178947368421052,0.4274049997329712
0.19,0.9178947368421052,0.424696683883667
0.19,0.9189473684210526,0.4237386882305145
0.194,0.9189473684210526,0.4226493835449219
0.194,0.9194736842105263,0.41984009742736816
0.2,0.9194736842105263,0.4161105751991272
0.2,0.92,0.4155150055885315
0.202,0.92,0.4151264429092407
0.202,0.9205263157894736,0.41488122940063477
0.206,0.9205263157894736,0.4129559099674225
0.206,0.9210526315789473,0.41235408186912537
0.214,0.9210526315789473,0.4090607166290283
0.214,0.921578947368421,0.40868866443634033
0.222,0.921578947368421,0.40448737144470215
0.222,0.9221052631578948,0.4040887951850891
0.23,0.9221052631578948,0.4020267128944397
0.23,0.9242105263157895,0.39582559466362
0.24,0.9242105263157895,0.3911605179309845
0.24,0.9247368421052632,0.39095234870910645
0.244,0.9247368421052632,0.3902389109134674
0.244,0.9257894736842105,0.3894866704940796
0.246,0.9257894736842105,0.38946807384490967
0.246,0.9263157894736842,0.38896214962005615
0.25,0.9263157894736842,0.38571104407310486
0.25,0.9268421052631579,0.3838745653629303
0.264,0.9268421052631579,0.38104090094566345
0.264,0.9278947368421052,0.38065358996391296
0.27,0.9278947368421052,0.37922725081443787
0.27,0.9284210526315789,0.37803545594215393
0.286,0.9284210526315789,0.3732838034629822
0.286,0.9294736842105263,0.3727495074272156
0.292,0.9294736842105263,0.3697987496852875
0.292,0.93,0.36911097168922424
0.296,0.93,0.3688627779483795
0.296,0.9305263157894736,0.36758702993392944
0.298,0.9305263157894736,0.3653617203235626
0.298,0.9310526315789474,0.36529821157455444
0.306,0.9310526315789474,0.36130237579345703
0.306,0.9321052631578948,0.3596876859664917
0.308,0.9321052631578948,0.35920900106430054
0.308,0.9368421052631579,0.3545292317867279
0.31,0.9368421052631579,0.3532847464084625
0.31,0.9410526315789474,0.348215252161026
0.312,0.9410526315789474,0.347800076007843
0.312,0.9431578947368421,0.3448409140110016
0.314,0.9431578947368421,0.344096302986145
0.314,0.9436842105263158,0.34329134225845337
0.316,0.9436842105263158,0.3430570662021637
0.316,0.9457894736842105,0.3397900462150574
0.318,0.9457894736842105,0.3392172157764435
0.318,0.9484210526315789,0.33584821224212646
0.326,0.9484210526315789,0.3285037875175476
0.326,0.9489473684210527,0.32679304480552673
0.328,0.9489473684210527,0.32574334740638733
0.328,0.9547368421052631,0.3138390779495239
0.332,0.9547368421052631,0.3120410144329071
0.332,0.9557894736842105,0.3105618357658386
0.334,0.9557894736842105,0.30887383222579956
0.334,0.958421052631579,0.3054407835006714
0.338,0.958421052631579,0.3043228089809418
0.338,0.9605263157894737,0.29991596937179565
0.34,0.9605263157894737,0.2995988130569458
0.34,0.9621052631578947,0.2893795669078827
0.342,0.9621052631578947,0.2891332805156708
0.342,0.9626315789473684,0.2854795455932617
0.344,0.9626315789473684,0.2829144299030304
0.344,0.9631578947368421,0.2824803590774536
0.346,0.9631578947368421,0.2793368697166443
0.346,0.9642105263157895,0.2727826237678528
0.348,0.9642105263157895,0.27190589904785156
0.348,0.9647368421052631,0.2712554335594177
0.352,0.9647368421052631,0.2676294445991516
0.352,0.9652631578947368,0.26753076910972595
0.354,0.9652631578947368,0.26589977741241455
0.354,0.9657894736842105,0.26493456959724426
0.362,0.9657894736842105,0.2608930766582489
0.362,0.9663157894736842,0.2590561807155609
0.37,0.9663157894736842,0.25713399052619934
0.37,0.966842105263158,0.25670599937438965
0.376,0.966842105263158,0.2542019784450531
0.376,0.9673684210526315,0.2528412938117981
0.398,0.9673684210526315,0.24830262362957
0.398,0.9678947368421053,0.2480449378490448
0.402,0.9678947368421053,0.24678528308868408
0.402,0.9689473684210527,0.24607990682125092
0.414,0.9689473684210527,0.24398663640022278
0.414,0.9694736842105263,0.24316205084323883
0.45,0.9694736842105263,0.23113982379436493
0.45,0.97,0.23006893694400787
0.452,0.97,0.22861813008785248
0.452,0.9726315789473684,0.22386564314365387
0.456,0.9726315789473684,0.22137735784053802
0.456,0.9731578947368421,0.22124764323234558
0.458,0.9731578947368421,0.22055433690547943
0.458,0.9736842105263158,0.21983084082603455
0.466,0.9736842105263158,0.21670928597450256
0.466,0.9742105263157895,0.21633367240428925
0.472,0.9742105263157895,0.21460005640983582
0.472,0.9747368421052631,0.2135416567325592
0.494,0.9747368421052631,0.19921322166919708
0.494,0.9752631578947368,0.19882337749004364
0.5,0.9752631578947368,0.19787704944610596
0.5,0.9763157894736842,0.1973688006401062
0.502,0.9763157894736842,0.19726857542991638
0.502,0.9768421052631578,0.19712147116661072
0.506,0.9768421052631578,0.19653770327568054
0.506,0.9773684210526316,0.19651412963867188
0.542,0.9773684210526316,0.18800771236419678
0.542,0.9778947368421053,0.18768665194511414
0.562,0.9778947368421053,0.18183976411819458
0.562,0.978421052631579,0.18156284093856812
0.58,0.978421052631579,0.17669448256492615
0.58,0.9789473684210527,0.17600016295909882
0.63,0.9789473684210527,0.15683995187282562
0.63,0.9794736842105263,0.15561768412590027
0.632,0.9794736842105263,0.15494772791862488
0.632,0.98,0.1545473337173462
0.642,0.98,0.15127123892307281
0.642,0.9805263157894737,0.15012143552303314
0.646,0.9805263157894737,0.14978726208209991
0.646,0.9810526315789474,0.14874756336212158
0.648,0.9810526315789474,0.14790596067905426
0.648,0.9815789473684211,0.14790324866771698
0.65,0.9815789473684211,0.14621390402317047
0.65,0.9831578947368421,0.14473849534988403
0.652,0.9831578947368421,0.1446717530488968
0.652,0.9836842105263158,0.14424678683280945
0.656,0.9836842105263158,0.14254996180534363
0.656,0.9842105263157894,0.14193156361579895
0.66,0.9842105263157894,0.1400778442621231
0.66,0.9847368421052631,0.13971734046936035
0.67,0.9847368421052631,0.13363052904605865
0.67,0.9852631578947368,0.1334533542394638
0.692,0.9852631578947368,0.12668946385383606
0.692,0.9863157894736843,0.12622874975204468
0.694,0.9863157894736843,0.12526729702949524
0.694,0.9868421052631579,0.12515109777450562
0.698,0.9868421052631579,0.1246505081653595
0.698,0.9873684210526316,0.12327101081609726
0.7,0.9873684210526316,0.12280739843845367
0.7,0.9878947368421053,0.12218458205461502
0.708,0.9878947368421053,0.11764609813690186
0.708,0.988421052631579,0.11712358146905899
0.712,0.988421052631579,0.11486189067363739
0.712,0.9889473684210527,0.11378633230924606
0.72,0.9889473684210527,0.10964681953191757
0.72,0.9894736842105263,0.10955359041690826
0.794,0.9894736842105263,0.06321526318788528
0.794,0.99,0.06230977177619934
0.8,0.99,0.06135129556059837
0.8,0.9905263157894737,0.0613509863615036
0.824,0.9905263157894737,0.053257182240486145
0.824,0.9910526315789474,0.05298566445708275
0.828,0.9910526315789474,0.05270743370056152
0.828,0.991578947368421,0.05247408151626587
0.83,0.991578947368421,0.052450913935899734
0.83,0.9921052631578947,0.05221351236104965
0.834,0.9921052631578947,0.051862578839063644
0.834,0.9936842105263158,0.051088154315948486
0.836,0.9936842105263158,0.050574854016304016
0.836,0.9952631578947368,0.04994526132941246
0.848,0.9952631578947368,0.049006395041942596
0.848,0.9957894736842106,0.04884997755289078
0.898,0.9957894736842106,0.04587191343307495
0.898,0.9963157894736843,0.04563482105731964
0.904,0.9963157894736843,0.04515652358531952
0.904,0.9968421052631579,0.04488541930913925
0.91,0.9968421052631579,0.04378070309758186
0.91,0.9978947368421053,0.042915571480989456
0.912,0.9978947368421053,0.04275398701429367
0.912,0.998421052631579,0.04251481220126152
0.914,0.998421052631579,0.04228387773036957
0.914,0.9989473684210526,0.04194077104330063
0.944,0.9989473684210526,0.03984943404793739
0.944,0.9994736842105263,0.03913310542702675
0.948,0.9994736842105263,0.03831757977604866
0.948,1.0,0.03808323293924332
1.0,1.0,0.01760951057076454
