FPR,TPR,Threshold
0.0,0.0,1.9802933931350708
0.0,0.0004807692307692308,0.9802933931350708
0.0,0.022115384615384617,0.9666593670845032
0.0003676470588235294,0.022115384615384617,0.9665700197219849
0.0003676470588235294,0.022596153846153846,0.9659644365310669
0.0007352941176470588,0.022596153846153846,0.9659488797187805
0.0007352941176470588,0.036057692307692304,0.964354932308197
0.0014705882352941176,0.036057692307692304,0.9640446305274963
0.0014705882352941176,0.03701923076923077,0.9634286761283875
0.001838235294117647,0.03701923076923077,0.9633830785751343
0.001838235294117647,0.04326923076923077,0.9630913138389587
0.0022058823529411764,0.04326923076923077,0.9630870819091797
0.0022058823529411764,0.04471153846153846,0.9630570411682129
0.002573529411764706,0.04471153846153846,0.9630467295646667
0.002573529411764706,0.04951923076923077,0.9622530341148376
0.0033088235294117647,0.04951923076923077,0.9617632627487183
0.0033088235294117647,0.05096153846153846,0.9608259201049805
0.003676470588235294,0.05096153846153846,0.9607219696044922
0.003676470588235294,0.051923076923076926,0.9605786800384521
0.004044117647058824,0.051923076923076926,0.9605062007904053
0.004044117647058824,0.055288461538461536,0.9601364135742188
0.004411764705882353,0.055288461538461536,0.9601322412490845
0.004411764705882353,0.06153846153846154,0.9598404169082642
0.004779411764705883,0.06153846153846154,0.9596922993659973
0.004779411764705883,0.06442307692307692,0.9590689539909363
0.011764705882352941,0.06442307692307692,0.9581686854362488
0.011764705882352941,0.06490384615384616,0.9581257104873657
0.0125,0.06490384615384616,0.958004355430603
0.0125,0.06634615384615385,0.9577810764312744
0.013970588235294118,0.06634615384615385,0.9573323726654053
0.013970588235294118,0.06682692307692308,0.9568249583244324
0.015808823529411764,0.06682692307692308,0.956421434879303
0.015808823529411764,0.0673076923076923,0.9563893675804138
0.02022058823529412,0.0673076923076923,0.9562259316444397
0.02022058823529412,0.06778846153846153,0.9562162756919861
0.022794117647058822,0.06778846153846153,0.9553148150444031
0.022794117647058822,0.07836538461538461,0.9542772769927979
0.023161764705882354,0.07836538461538461,0.9542673230171204
0.023161764705882354,0.08125,0.9535097479820251
0.023529411764705882,0.08125,0.9534764885902405
0.023529411764705882,0.09182692307692308,0.9521352648735046
0.02389705882352941,0.09182692307692308,0.951032817363739
0.02389705882352941,0.09375,0.9497474431991577
0.02463235294117647,0.09375,0.9495702385902405
0.02463235294117647,0.09567307692307692,0.9484254717826843
0.025,0.09567307692307692,0.9480304718017578
0.025,0.09615384615384616,0.9478471875190735
0.02536764705882353,0.09615384615384616,0.9463722109794617
0.02536764705882353,0.09663461538461539,0.9461457133293152
0.025735294117647058,0.09663461538461539,0.9461076855659485
0.025735294117647058,0.1,0.9442813396453857
0.027941176470588237,0.1,0.9433867335319519
0.027941176470588237,0.10048076923076923,0.9433765411376953
0.028308823529411765,0.10048076923076923,0.9433056116104126
0.028308823529411765,0.10096153846153846,0.9432961344718933
0.033823529411764704,0.10096153846153846,0.9428385496139526
0.033823529411764704,0.10144230769230769,0.9423929452896118
0.03419117647058824,0.10144230769230769,0.942221999168396
0.03419117647058824,0.10192307692307692,0.9421411752700806
0.03455882352941177,0.10192307692307692,0.9421380758285522
0.03455882352941177,0.10288461538461538,0.9419602155685425
0.034926470588235295,0.10288461538461538,0.9419532418251038
0.034926470588235295,0.12980769230769232,0.9356598854064941
0.03529411764705882,0.12980769230769232,0.9355000257492065
0.03529411764705882,0.13076923076923078,0.934628427028656
0.03566176470588235,0.13076923076923078,0.9342284202575684
0.03566176470588235,0.1389423076923077,0.9287160038948059
0.03602941176470588,0.1389423076923077,0.9279851317405701
0.03602941176470588,0.13942307692307693,0.9279359579086304
0.03676470588235294,0.13942307692307693,0.9274119734764099
0.03676470588235294,0.1625,0.9212649464607239
0.03713235294117647,0.1625,0.9209468364715576
0.03713235294117647,0.17259615384615384,0.9199350476264954
0.0375,0.17259615384615384,0.9198967218399048
0.0375,0.17836538461538462,0.9174488186836243
0.03786764705882353,0.17836538461538462,0.9171802997589111
0.03786764705882353,0.1798076923076923,0.9166519045829773
0.03823529411764706,0.1798076923076923,0.9164146780967712
0.03823529411764706,0.18028846153846154,0.9163469076156616
0.03860294117647059,0.18028846153846154,0.916201114654541
0.03860294117647059,0.18076923076923077,0.9161122441291809
0.03897058823529412,0.18076923076923077,0.9161117672920227
0.03897058823529412,0.19038461538461537,0.9152403473854065
0.039705882352941174,0.19038461538461537,0.9148353934288025
0.039705882352941174,0.1908653846153846,0.9148180484771729
0.04007352941176471,0.1908653846153846,0.9147577285766602
0.04007352941176471,0.19230769230769232,0.9144463539123535
0.04044117647058824,0.19230769230769232,0.9143462181091309
0.04044117647058824,0.19278846153846155,0.9143435955047607
0.040808823529411765,0.19278846153846155,0.9141315817832947
0.040808823529411765,0.19326923076923078,0.9141075611114502
0.041176470588235294,0.19326923076923078,0.9136817455291748
0.041176470588235294,0.20528846153846153,0.9119284152984619
0.04154411764705882,0.20528846153846153,0.9118943214416504
0.04154411764705882,0.20865384615384616,0.9102930426597595
0.04191176470588235,0.20865384615384616,0.9102367758750916
0.04191176470588235,0.2091346153846154,0.909937858581543
0.042279411764705885,0.2091346153846154,0.9098400473594666
0.042279411764705885,0.22259615384615383,0.9063878059387207
0.04264705882352941,0.22259615384615383,0.9063689112663269
0.04264705882352941,0.22355769230769232,0.9060401320457458
0.04411764705882353,0.22355769230769232,0.9056147336959839
0.04411764705882353,0.22692307692307692,0.9051904678344727
0.04448529411764706,0.22692307692307692,0.9051716923713684
0.04448529411764706,0.2283653846153846,0.9051153659820557
0.04485294117647059,0.2283653846153846,0.9051125049591064
0.04485294117647059,0.2298076923076923,0.9050783514976501
0.04522058823529412,0.2298076923076923,0.9050676822662354
0.04522058823529412,0.23028846153846153,0.905057430267334
0.045588235294117645,0.23028846153846153,0.9050424695014954
0.045588235294117645,0.23076923076923078,0.9050375819206238
0.04595588235294118,0.23076923076923078,0.9050292372703552
0.04595588235294118,0.23125,0.9050149321556091
0.04632352941176471,0.23125,0.9050084352493286
0.04632352941176471,0.23221153846153847,0.9049898386001587
0.04852941176470588,0.23221153846153847,0.9049010276794434
0.04852941176470588,0.2326923076923077,0.904895544052124
0.04963235294117647,0.2326923076923077,0.9048564434051514
0.04963235294117647,0.23317307692307693,0.904812216758728
0.05036764705882353,0.23317307692307693,0.904769778251648
0.05036764705882353,0.23509615384615384,0.9044934511184692
0.05073529411764706,0.23509615384615384,0.9044737815856934
0.05073529411764706,0.23557692307692307,0.9039856195449829
0.05110294117647059,0.23557692307692307,0.9036400318145752
0.05110294117647059,0.2360576923076923,0.9036009311676025
0.051470588235294115,0.2360576923076923,0.9035398960113525
0.051470588235294115,0.23701923076923076,0.9034308195114136
0.05220588235294118,0.23701923076923076,0.9032408595085144
0.05220588235294118,0.2375,0.9032224416732788
0.052573529411764706,0.2375,0.9017475843429565
0.052573529411764706,0.23798076923076922,0.9005985260009766
0.052941176470588235,0.23798076923076922,0.8998068571090698
0.052941176470588235,0.24086538461538462,0.8967773914337158
0.05330882352941176,0.24086538461538462,0.8962998390197754
0.05330882352941176,0.24759615384615385,0.8920302987098694
0.05367647058823529,0.24759615384615385,0.8915874361991882
0.05367647058823529,0.24951923076923077,0.8909549713134766
0.054044117647058826,0.24951923076923077,0.8907089829444885
0.054044117647058826,0.25,0.8906862735748291
0.05477941176470588,0.25,0.8894763588905334
0.05477941176470588,0.25096153846153846,0.8887038826942444
0.05514705882352941,0.25096153846153846,0.8879339098930359
0.05514705882352941,0.25576923076923075,0.8861255049705505
0.05551470588235294,0.25576923076923075,0.8860761523246765
0.05551470588235294,0.2639423076923077,0.8849228024482727
0.05588235294117647,0.2639423076923077,0.8846837282180786
0.05588235294117647,0.2759615384615385,0.8830015063285828
0.05625,0.2759615384615385,0.8828430771827698
0.05625,0.2764423076923077,0.8825429081916809
0.05661764705882353,0.2764423076923077,0.8824467062950134
0.05661764705882353,0.2783653846153846,0.8809154629707336
0.05698529411764706,0.2783653846153846,0.8808619976043701
0.05698529411764706,0.27884615384615385,0.8803911209106445
0.05772058823529412,0.27884615384615385,0.8791683912277222
0.05772058823529412,0.28076923076923077,0.8789144158363342
0.05808823529411765,0.28076923076923077,0.878231942653656
0.05808823529411765,0.28125,0.878209114074707
0.05845588235294118,0.28125,0.8781541585922241
0.05845588235294118,0.28221153846153846,0.8765653967857361
0.058823529411764705,0.28221153846153846,0.8760281205177307
0.058823529411764705,0.2826923076923077,0.8759485483169556
0.05919117647058823,0.2826923076923077,0.8758687973022461
0.05919117647058823,0.28509615384615383,0.8747795820236206
0.05955882352941176,0.28509615384615383,0.8747750520706177
0.05955882352941176,0.29086538461538464,0.8742847442626953
0.059926470588235296,0.29086538461538464,0.8742433786392212
0.059926470588235296,0.29615384615384616,0.8717194199562073
0.06139705882352941,0.29615384615384616,0.8710342049598694
0.06139705882352941,0.2966346153846154,0.870864748954773
0.061764705882352944,0.2966346153846154,0.8708299994468689
0.061764705882352944,0.29759615384615384,0.869834303855896
0.06213235294117647,0.29759615384615384,0.8697608709335327
0.06213235294117647,0.2980769230769231,0.8696357607841492
0.0625,0.2980769230769231,0.8694392442703247
0.0625,0.3,0.8686814308166504
0.06360294117647058,0.3,0.8676720261573792
0.06360294117647058,0.3004807692307692,0.8674301505088806
0.06433823529411764,0.3004807692307692,0.8673356175422668
0.06433823529411764,0.3014423076923077,0.867235004901886
0.06580882352941177,0.3014423076923077,0.8663013577461243
0.06580882352941177,0.3019230769230769,0.8662518858909607
0.07022058823529412,0.3019230769230769,0.8658018112182617
0.07022058823529412,0.30240384615384613,0.8656752109527588
0.07058823529411765,0.30240384615384613,0.865646243095398
0.07058823529411765,0.30288461538461536,0.8655360341072083
0.0724264705882353,0.30288461538461536,0.8646809458732605
0.0724264705882353,0.3033653846153846,0.8643662929534912
0.07316176470588236,0.3033653846153846,0.8641379475593567
0.07316176470588236,0.30480769230769234,0.8638076782226562
0.07426470588235294,0.30480769230769234,0.8632239103317261
0.07426470588235294,0.30528846153846156,0.8631954789161682
0.07463235294117647,0.30528846153846156,0.863028347492218
0.07463235294117647,0.30625,0.862506091594696
0.07536764705882353,0.30625,0.8619697093963623
0.07536764705882353,0.30673076923076925,0.8619536757469177
0.07830882352941176,0.30673076923076925,0.861457109451294
0.07830882352941176,0.3072115384615385,0.861437201499939
0.07867647058823529,0.3072115384615385,0.8614257574081421
0.07867647058823529,0.3076923076923077,0.861410915851593
0.08088235294117647,0.3076923076923077,0.8612015247344971
0.08088235294117647,0.30817307692307694,0.8611616492271423
0.08272058823529412,0.30817307692307694,0.8605799674987793
0.08272058823529412,0.30865384615384617,0.8598885536193848
0.08308823529411764,0.30865384615384617,0.8596788048744202
0.08308823529411764,0.3091346153846154,0.8596736192703247
0.0838235294117647,0.3091346153846154,0.859271228313446
0.0838235294117647,0.3096153846153846,0.859054684638977
0.08455882352941177,0.3096153846153846,0.8586896061897278
0.08455882352941177,0.3125,0.8578119277954102
0.0849264705882353,0.3125,0.8574926853179932
0.0849264705882353,0.32067307692307695,0.8564336895942688
0.08639705882352941,0.32067307692307695,0.85561203956604
0.08639705882352941,0.3216346153846154,0.8555446863174438
0.08676470588235294,0.3216346153846154,0.855483889579773
0.08676470588235294,0.32211538461538464,0.8552182912826538
0.08713235294117647,0.32211538461538464,0.8551777601242065
0.08713235294117647,0.32403846153846155,0.8546420931816101
0.0875,0.32403846153846155,0.8546380400657654
0.0875,0.3245192307692308,0.8546286821365356
0.08860294117647059,0.3245192307692308,0.8543689846992493
0.08860294117647059,0.32548076923076924,0.8542166948318481
0.08933823529411765,0.32548076923076924,0.8541799783706665
0.08933823529411765,0.32596153846153847,0.8541058897972107
0.09411764705882353,0.32596153846153847,0.8535451889038086
0.09411764705882353,0.3264423076923077,0.853541374206543
0.09448529411764706,0.3264423076923077,0.8534619212150574
0.09448529411764706,0.3269230769230769,0.8534204363822937
0.09522058823529411,0.3269230769230769,0.853122353553772
0.09522058823529411,0.32740384615384616,0.8530190587043762
0.09558823529411764,0.32740384615384616,0.8529819250106812
0.09558823529411764,0.32884615384615384,0.8524469137191772
0.09595588235294118,0.32884615384615384,0.8521143198013306
0.09595588235294118,0.33028846153846153,0.8517985343933105
0.09669117647058824,0.33028846153846153,0.8515341877937317
0.09669117647058824,0.3370192307692308,0.8510916829109192
0.09705882352941177,0.3370192307692308,0.8510807156562805
0.09705882352941177,0.35192307692307695,0.848982036113739
0.0974264705882353,0.35192307692307695,0.8488935232162476
0.0974264705882353,0.35336538461538464,0.848595142364502
0.09779411764705882,0.35336538461538464,0.8485673069953918
0.09779411764705882,0.3548076923076923,0.8481332659721375
0.09816176470588235,0.3548076923076923,0.847954273223877
0.09816176470588235,0.35528846153846155,0.8479427695274353
0.10551470588235294,0.35528846153846155,0.8460937142372131
0.10551470588235294,0.3557692307692308,0.8459857702255249
0.10588235294117647,0.3557692307692308,0.8456746935844421
0.10588235294117647,0.35625,0.8454963564872742
0.10661764705882353,0.35625,0.8451471924781799
0.10661764705882353,0.35721153846153847,0.8449093699455261
0.10698529411764705,0.35721153846153847,0.8447637557983398
0.10698529411764705,0.3576923076923077,0.8445760607719421
0.10735294117647058,0.3576923076923077,0.8443225622177124
0.10735294117647058,0.3605769230769231,0.8435438275337219
0.10772058823529412,0.3605769230769231,0.8434711694717407
0.10772058823529412,0.3658653846153846,0.8431629538536072
0.10808823529411765,0.3658653846153846,0.8431460857391357
0.10808823529411765,0.36730769230769234,0.8427115082740784
0.10845588235294118,0.36730769230769234,0.8425978422164917
0.10845588235294118,0.36875,0.8423373103141785
0.1125,0.36875,0.8415558934211731
0.1125,0.36923076923076925,0.8415250778198242
0.11286764705882353,0.36923076923076925,0.841514527797699
0.11286764705882353,0.3697115384615385,0.8415127396583557
0.11470588235294117,0.3697115384615385,0.8413577675819397
0.11470588235294117,0.3701923076923077,0.841183602809906
0.1150735294117647,0.3701923076923077,0.8411741256713867
0.1150735294117647,0.37259615384615385,0.8407856822013855
0.11544117647058824,0.37259615384615385,0.8407588005065918
0.11544117647058824,0.37451923076923077,0.8406491279602051
0.11580882352941177,0.37451923076923077,0.8406422138214111
0.11580882352941177,0.3769230769230769,0.8405284285545349
0.1161764705882353,0.3769230769230769,0.8405090570449829
0.1161764705882353,0.3817307692307692,0.8395208716392517
0.11764705882352941,0.3817307692307692,0.8389318585395813
0.11764705882352941,0.38221153846153844,0.8387779593467712
0.11801470588235294,0.38221153846153844,0.8384971618652344
0.11801470588235294,0.38317307692307695,0.8377810716629028
0.11875,0.38317307692307695,0.8374783992767334
0.11875,0.3841346153846154,0.8374032974243164
0.11911764705882352,0.3841346153846154,0.8372519612312317
0.11911764705882352,0.3855769230769231,0.8369998335838318
0.11948529411764706,0.3855769230769231,0.8363680839538574
0.11948529411764706,0.3860576923076923,0.8355678915977478
0.11985294117647059,0.3860576923076923,0.8348159790039062
0.11985294117647059,0.38653846153846155,0.8348001837730408
0.12022058823529412,0.38653846153846155,0.8347766399383545
0.12022058823529412,0.3894230769230769,0.8327914476394653
0.12058823529411765,0.3894230769230769,0.8325318098068237
0.12058823529411765,0.3923076923076923,0.8290554881095886
0.12095588235294118,0.3923076923076923,0.8290003538131714
0.12095588235294118,0.39326923076923076,0.8287160992622375
0.12279411764705882,0.39326923076923076,0.8274927139282227
0.12279411764705882,0.39375,0.8272058963775635
0.1297794117647059,0.39375,0.8260953426361084
0.1297794117647059,0.3942307692307692,0.8260407447814941
0.13051470588235295,0.3942307692307692,0.8259055018424988
0.13051470588235295,0.39471153846153845,0.8258276581764221
0.1338235294117647,0.39471153846153845,0.8256025314331055
0.1338235294117647,0.3951923076923077,0.8255538940429688
0.13602941176470587,0.3951923076923077,0.8251267671585083
0.13602941176470587,0.39615384615384613,0.824727475643158
0.13713235294117648,0.39615384615384613,0.8242509365081787
0.13713235294117648,0.39663461538461536,0.8242167234420776
0.13786764705882354,0.39663461538461536,0.8241390585899353
0.13786764705882354,0.39855769230769234,0.8236804008483887
0.13823529411764707,0.39855769230769234,0.823648989200592
0.13823529411764707,0.40576923076923077,0.8226906061172485
0.13897058823529412,0.40576923076923077,0.8225517272949219
0.13897058823529412,0.40721153846153846,0.822388768196106
0.13933823529411765,0.40721153846153846,0.8222687244415283
0.13933823529411765,0.4076923076923077,0.8218826055526733
0.1400735294117647,0.4076923076923077,0.8213405609130859
0.1400735294117647,0.4081730769230769,0.8210852742195129
0.14080882352941176,0.4081730769230769,0.8209958672523499
0.14080882352941176,0.4129807692307692,0.8184845447540283
0.14227941176470588,0.4129807692307692,0.8157570362091064
0.14227941176470588,0.41346153846153844,0.8154558539390564
0.1426470588235294,0.41346153846153844,0.8148709535598755
0.1426470588235294,0.42403846153846153,0.8118653893470764
0.14301470588235293,0.42403846153846153,0.8117923736572266
0.14301470588235293,0.42451923076923076,0.8106483817100525
0.14338235294117646,0.42451923076923076,0.8105134963989258
0.14338235294117646,0.425,0.8102394342422485
0.14375,0.425,0.8101743459701538
0.14375,0.4254807692307692,0.8100674152374268
0.14411764705882352,0.4254807692307692,0.8098605275154114
0.14411764705882352,0.42596153846153845,0.8095276355743408
0.14448529411764705,0.42596153846153845,0.8091335892677307
0.14448529411764705,0.42932692307692305,0.806600034236908
0.1448529411764706,0.42932692307692305,0.8065751194953918
0.1448529411764706,0.42980769230769234,0.8065446019172668
0.14558823529411766,0.42980769230769234,0.8061437606811523
0.14558823529411766,0.43028846153846156,0.8059042692184448
0.1474264705882353,0.43028846153846156,0.803973913192749
0.1474264705882353,0.43173076923076925,0.8034327030181885
0.14816176470588235,0.43173076923076925,0.8031758666038513
0.14816176470588235,0.4322115384615385,0.8031597137451172
0.1514705882352941,0.4322115384615385,0.802786111831665
0.1514705882352941,0.4326923076923077,0.8027663230895996
0.15183823529411763,0.4326923076923077,0.8027205467224121
0.15183823529411763,0.43317307692307694,0.8027008771896362
0.15330882352941178,0.43317307692307694,0.8025638461112976
0.15330882352941178,0.43365384615384617,0.8024770021438599
0.1536764705882353,0.43365384615384617,0.8023426532745361
0.1536764705882353,0.4341346153846154,0.8022979497909546
0.15404411764705883,0.4341346153846154,0.8019190430641174
0.15404411764705883,0.43509615384615385,0.8018152117729187
0.15441176470588236,0.43509615384615385,0.8014125823974609
0.15441176470588236,0.4389423076923077,0.8007324934005737
0.1547794117647059,0.4389423076923077,0.8006972074508667
0.1547794117647059,0.4427884615384615,0.8003495931625366
0.15514705882352942,0.4427884615384615,0.8002112507820129
0.15514705882352942,0.44326923076923075,0.8000267148017883
0.15551470588235294,0.44326923076923075,0.7999443411827087
0.15551470588235294,0.44375,0.799626886844635
0.15661764705882353,0.44375,0.7978816032409668
0.15661764705882353,0.44471153846153844,0.7975770831108093
0.15698529411764706,0.44471153846153844,0.7975388765335083
0.15698529411764706,0.44567307692307695,0.7968576550483704
0.15735294117647058,0.44567307692307695,0.7968378067016602
0.15735294117647058,0.4461538461538462,0.7965301871299744
0.1577205882352941,0.4461538461538462,0.7961965203285217
0.1577205882352941,0.44711538461538464,0.7948174476623535
0.15845588235294117,0.44711538461538464,0.7940148711204529
0.15845588235294117,0.44759615384615387,0.7936094403266907
0.1610294117647059,0.44759615384615387,0.7913438081741333
0.1610294117647059,0.4480769230769231,0.791337788105011
0.16176470588235295,0.4480769230769231,0.7908399105072021
0.16176470588235295,0.4485576923076923,0.7908253073692322
0.16286764705882353,0.4485576923076923,0.7899468541145325
0.16286764705882353,0.4495192307692308,0.7898790240287781
0.1636029411764706,0.4495192307692308,0.789821445941925
0.1636029411764706,0.45,0.7897667288780212
0.16397058823529412,0.45,0.7897630333900452
0.16397058823529412,0.45048076923076924,0.7897521257400513
0.16433823529411765,0.45048076923076924,0.7897164225578308
0.16433823529411765,0.45096153846153847,0.7896878719329834
0.16654411764705881,0.45096153846153847,0.7895113229751587
0.16654411764705881,0.4514423076923077,0.7895109057426453
0.16727941176470587,0.4514423076923077,0.7894480228424072
0.16727941176470587,0.4519230769230769,0.7894377708435059
0.1676470588235294,0.4519230769230769,0.7894006967544556
0.1676470588235294,0.45625,0.7890866994857788
0.16801470588235295,0.45625,0.7890563607215881
0.16801470588235295,0.4581730769230769,0.7887611985206604
0.16838235294117648,0.4581730769230769,0.7887133955955505
0.16838235294117648,0.4600961538461538,0.7880008816719055
0.16911764705882354,0.4600961538461538,0.7876996994018555
0.16911764705882354,0.46057692307692305,0.7873835563659668
0.17058823529411765,0.46057692307692305,0.78647381067276
0.17058823529411765,0.46153846153846156,0.7862038612365723
0.17095588235294118,0.46153846153846156,0.7860938906669617
0.17095588235294118,0.4620192307692308,0.7860403656959534
0.17169117647058824,0.4620192307692308,0.7856814861297607
0.17169117647058824,0.4639423076923077,0.7841055989265442
0.17205882352941176,0.4639423076923077,0.7835529446601868
0.17205882352941176,0.46490384615384617,0.7832937240600586
0.17279411764705882,0.46490384615384617,0.7820752859115601
0.17279411764705882,0.4668269230769231,0.7812341451644897
0.17352941176470588,0.4668269230769231,0.7805265784263611
0.17352941176470588,0.46923076923076923,0.7794336676597595
0.17426470588235293,0.46923076923076923,0.7787322998046875
0.17426470588235293,0.4701923076923077,0.7782824039459229
0.17536764705882352,0.4701923076923077,0.777955174446106
0.17536764705882352,0.4721153846153846,0.7753894329071045
0.17573529411764705,0.4721153846153846,0.7752277255058289
0.17573529411764705,0.4735576923076923,0.7743472456932068
0.17683823529411766,0.4735576923076923,0.7732429504394531
0.17683823529411766,0.47451923076923075,0.7724557518959045
0.17794117647058824,0.47451923076923075,0.7713967561721802
0.17794117647058824,0.4754807692307692,0.7712206244468689
0.17941176470588235,0.4754807692307692,0.7708631157875061
0.17941176470588235,0.4774038461538462,0.770619809627533
0.18125,0.4774038461538462,0.769878625869751
0.18125,0.4778846153846154,0.7697510123252869
0.18198529411764705,0.4778846153846154,0.7695595026016235
0.18198529411764705,0.4793269230769231,0.7694050669670105
0.18308823529411763,0.4793269230769231,0.7691701054573059
0.18308823529411763,0.4798076923076923,0.7691359519958496
0.18382352941176472,0.4798076923076923,0.7690420150756836
0.18382352941176472,0.48028846153846155,0.7690354585647583
0.18419117647058825,0.48028846153846155,0.7690033316612244
0.18419117647058825,0.4807692307692308,0.7689905166625977
0.1849264705882353,0.4807692307692308,0.7689424753189087
0.1849264705882353,0.48125,0.7689201235771179
0.1860294117647059,0.48125,0.7688777446746826
0.1860294117647059,0.48173076923076924,0.7688743472099304
0.18713235294117647,0.48173076923076924,0.7688419818878174
0.18713235294117647,0.48221153846153847,0.7688414454460144
0.18786764705882353,0.48221153846153847,0.7688130140304565
0.18786764705882353,0.4831730769230769,0.7688055634498596
0.18860294117647058,0.4831730769230769,0.7687747478485107
0.18860294117647058,0.48365384615384616,0.7687586545944214
0.1889705882352941,0.48365384615384616,0.7687557935714722
0.1889705882352941,0.4841346153846154,0.7687187790870667
0.18970588235294117,0.4841346153846154,0.768674373626709
0.18970588235294117,0.4846153846153846,0.7686701416969299
0.1900735294117647,0.4846153846153846,0.7686501145362854
0.1900735294117647,0.48509615384615384,0.7686278820037842
0.19338235294117648,0.48509615384615384,0.7683894634246826
0.19338235294117648,0.4855769230769231,0.7683742046356201
0.19558823529411765,0.4855769230769231,0.7680148482322693
0.19558823529411765,0.4860576923076923,0.7679986357688904
0.1988970588235294,0.4860576923076923,0.7677451968193054
0.1988970588235294,0.48653846153846153,0.7677326798439026
0.2,0.48653846153846153,0.767521321773529
0.2,0.48701923076923076,0.7674874067306519
0.20220588235294118,0.48701923076923076,0.7662336230278015
0.20220588235294118,0.4875,0.7662151455879211
0.20330882352941176,0.4875,0.7659361362457275
0.20330882352941176,0.4889423076923077,0.7656151056289673
0.2036764705882353,0.4889423076923077,0.7655375599861145
0.2036764705882353,0.48990384615384613,0.7652131915092468
0.20404411764705882,0.48990384615384613,0.7651904821395874
0.20404411764705882,0.49038461538461536,0.7651855945587158
0.20441176470588235,0.49038461538461536,0.7650894522666931
0.20441176470588235,0.4908653846153846,0.7649769186973572
0.2051470588235294,0.4908653846153846,0.7648913860321045
0.2051470588235294,0.49182692307692305,0.7648352980613708
0.20625,0.49182692307692305,0.7646763324737549
0.20625,0.49230769230769234,0.7645263075828552
0.20845588235294119,0.49230769230769234,0.7639006972312927
0.20845588235294119,0.49278846153846156,0.763424277305603
0.2088235294117647,0.49278846153846156,0.7634022235870361
0.2088235294117647,0.4932692307692308,0.7626247406005859
0.20919117647058824,0.4932692307692308,0.7622634172439575
0.20919117647058824,0.49375,0.7621323466300964
0.20955882352941177,0.49375,0.7618223428726196
0.20955882352941177,0.49423076923076925,0.7612131237983704
0.2099264705882353,0.49423076923076925,0.7609431147575378
0.2099264705882353,0.49615384615384617,0.7590397596359253
0.21066176470588235,0.49615384615384617,0.7587636113166809
0.21066176470588235,0.5067307692307692,0.7559099793434143
0.21102941176470588,0.5067307692307692,0.7551958560943604
0.21102941176470588,0.5076923076923077,0.7547609806060791
0.2113970588235294,0.5076923076923077,0.7545830011367798
0.2113970588235294,0.5086538461538461,0.7538637518882751
0.21176470588235294,0.5086538461538461,0.7538058757781982
0.21176470588235294,0.5096153846153846,0.753373920917511
0.21360294117647058,0.5096153846153846,0.7529563903808594
0.21360294117647058,0.510576923076923,0.7524557113647461
0.21433823529411763,0.510576923076923,0.7520161867141724
0.21433823529411763,0.5110576923076923,0.7519816160202026
0.21801470588235294,0.5110576923076923,0.7516313195228577
0.21801470588235294,0.5115384615384615,0.7516292929649353
0.21948529411764706,0.5115384615384615,0.7514155507087708
0.21948529411764706,0.5120192307692307,0.7511633038520813
0.21985294117647058,0.5120192307692307,0.7511107325553894
0.21985294117647058,0.5125,0.7507901191711426
0.22058823529411764,0.5125,0.7507219314575195
0.22058823529411764,0.5134615384615384,0.7502887845039368
0.22095588235294117,0.5134615384615384,0.7502251863479614
0.22095588235294117,0.5149038461538461,0.7500056624412537
0.2213235294117647,0.5149038461538461,0.7499277591705322
0.2213235294117647,0.5197115384615385,0.7491035461425781
0.22169117647058822,0.5197115384615385,0.7490692138671875
0.22169117647058822,0.5216346153846154,0.7489364743232727
0.22316176470588237,0.5216346153846154,0.7488319873809814
0.22316176470588237,0.5235576923076923,0.7484019994735718
0.22426470588235295,0.5235576923076923,0.7480142116546631
0.22426470588235295,0.525,0.7477478981018066
0.22463235294117648,0.525,0.7476115226745605
0.22463235294117648,0.5254807692307693,0.7474468946456909
0.22536764705882353,0.5254807692307693,0.7471065521240234
0.22536764705882353,0.5264423076923077,0.7469555139541626
0.22573529411764706,0.5264423076923077,0.7467876076698303
0.22573529411764706,0.5317307692307692,0.746383547782898
0.22647058823529412,0.5317307692307692,0.7463639378547668
0.22647058823529412,0.5403846153846154,0.7452237606048584
0.22683823529411765,0.5403846153846154,0.7452060580253601
0.22683823529411765,0.54375,0.7450548410415649
0.22720588235294117,0.54375,0.7450474500656128
0.22720588235294117,0.5466346153846153,0.7447670698165894
0.22794117647058823,0.5466346153846153,0.7445806264877319
0.22794117647058823,0.5471153846153847,0.7445356845855713
0.22830882352941176,0.5471153846153847,0.7442816495895386
0.22830882352941176,0.5480769230769231,0.7437527179718018
0.2286764705882353,0.5480769230769231,0.7436388731002808
0.2286764705882353,0.5485576923076924,0.7436271905899048
0.22904411764705881,0.5485576923076924,0.7435932159423828
0.22904411764705881,0.5490384615384616,0.7435570359230042
0.22941176470588234,0.5490384615384616,0.7434451580047607
0.22941176470588234,0.5495192307692308,0.743395209312439
0.2301470588235294,0.5495192307692308,0.7430814504623413
0.2301470588235294,0.55,0.7428696751594543
0.23161764705882354,0.55,0.742660403251648
0.23161764705882354,0.5504807692307693,0.7426012754440308
0.23566176470588235,0.5504807692307693,0.7421242594718933
0.23566176470588235,0.5514423076923077,0.7420112490653992
0.2363970588235294,0.5514423076923077,0.7417373657226562
0.2363970588235294,0.551923076923077,0.741621732711792
0.23676470588235293,0.551923076923077,0.7412969470024109
0.23676470588235293,0.5528846153846154,0.7406731247901917
0.23713235294117646,0.5528846153846154,0.7404680848121643
0.23713235294117646,0.5533653846153846,0.7403098940849304
0.24044117647058824,0.5533653846153846,0.7343180179595947
0.24044117647058824,0.5543269230769231,0.7335388660430908
0.24227941176470588,0.5543269230769231,0.7326270341873169
0.24227941176470588,0.5552884615384616,0.7323020696640015
0.24705882352941178,0.5552884615384616,0.7304086089134216
0.24705882352941178,0.5557692307692308,0.7303672432899475
0.2485294117647059,0.5557692307692308,0.7302427291870117
0.2485294117647059,0.5567307692307693,0.7302066683769226
0.24963235294117647,0.5567307692307693,0.7301175594329834
0.24963235294117647,0.5572115384615385,0.7299754023551941
0.25477941176470587,0.5572115384615385,0.7284104824066162
0.25477941176470587,0.5576923076923077,0.728330135345459
0.25735294117647056,0.5576923076923077,0.7281367778778076
0.25735294117647056,0.5581730769230769,0.7280268669128418
0.2584558823529412,0.5581730769230769,0.7278099060058594
0.2584558823529412,0.5586538461538462,0.7277286648750305
0.25882352941176473,0.5586538461538462,0.727616548538208
0.25882352941176473,0.5610576923076923,0.7271752953529358
0.2599264705882353,0.5610576923076923,0.7269533276557922
0.2599264705882353,0.5615384615384615,0.7269390821456909
0.26066176470588237,0.5615384615384615,0.7268681526184082
0.26066176470588237,0.5620192307692308,0.7266836762428284
0.26801470588235293,0.5620192307692308,0.724933922290802
0.26801470588235293,0.5625,0.7248407006263733
0.2702205882352941,0.5625,0.7237082719802856
0.2702205882352941,0.5629807692307692,0.7232651114463806
0.27058823529411763,0.5629807692307692,0.7225648164749146
0.27058823529411763,0.5634615384615385,0.7223528623580933
0.27095588235294116,0.5634615384615385,0.7222943902015686
0.27095588235294116,0.5649038461538461,0.7219448685646057
0.27205882352941174,0.5649038461538461,0.7215878963470459
0.27205882352941174,0.5658653846153846,0.721352756023407
0.27242647058823527,0.5658653846153846,0.7209638953208923
0.27242647058823527,0.5668269230769231,0.7199499607086182
0.2727941176470588,0.5668269230769231,0.7195816040039062
0.2727941176470588,0.5673076923076923,0.7183806300163269
0.2746323529411765,0.5673076923076923,0.7163138389587402
0.2746323529411765,0.5682692307692307,0.715030312538147
0.275,0.5682692307692307,0.71497642993927
0.275,0.5711538461538461,0.714351236820221
0.2757352941176471,0.5711538461538461,0.7139330506324768
0.2757352941176471,0.5721153846153846,0.7138301134109497
0.27683823529411766,0.5721153846153846,0.7118797302246094
0.27683823529411766,0.5735576923076923,0.7112806439399719
0.2775735294117647,0.5735576923076923,0.7099960446357727
0.2775735294117647,0.5740384615384615,0.7099884748458862
0.2783088235294118,0.5740384615384615,0.7099685668945312
0.2783088235294118,0.5745192307692307,0.7098888158798218
0.27904411764705883,0.5745192307692307,0.7096962332725525
0.27904411764705883,0.575,0.709613025188446
0.28345588235294117,0.575,0.7090573906898499
0.28345588235294117,0.5754807692307692,0.7090387940406799
0.2838235294117647,0.5754807692307692,0.7088068723678589
0.2838235294117647,0.5759615384615384,0.7084729075431824
0.2841911764705882,0.5759615384615384,0.7084721922874451
0.2841911764705882,0.5769230769230769,0.7083215117454529
0.2849264705882353,0.5769230769230769,0.708231508731842
0.2849264705882353,0.5783653846153847,0.7080395817756653
0.2852941176470588,0.5783653846153847,0.7079437375068665
0.2852941176470588,0.5860576923076923,0.7064095139503479
0.28602941176470587,0.5860576923076923,0.706215500831604
0.28602941176470587,0.5865384615384616,0.7060815095901489
0.2867647058823529,0.5865384615384616,0.7056698799133301
0.2867647058823529,0.5870192307692308,0.705489456653595
0.2875,0.5870192307692308,0.7050871253013611
0.2875,0.5884615384615385,0.704303503036499
0.2878676470588235,0.5884615384615385,0.7038474678993225
0.2878676470588235,0.5903846153846154,0.7035516500473022
0.2889705882352941,0.5903846153846154,0.7028047442436218
0.2889705882352941,0.5908653846153846,0.7027698755264282
0.2893382352941177,0.5908653846153846,0.7026560306549072
0.2893382352941177,0.5918269230769231,0.7023075819015503
0.2897058823529412,0.5918269230769231,0.7022450566291809
0.2897058823529412,0.5932692307692308,0.7020493149757385
0.29007352941176473,0.5932692307692308,0.7020070552825928
0.29007352941176473,0.5990384615384615,0.701380729675293
0.2908088235294118,0.5990384615384615,0.7012336254119873
0.2908088235294118,0.6009615384615384,0.7005982995033264
0.2911764705882353,0.6009615384615384,0.6997377872467041
0.2911764705882353,0.6014423076923077,0.6995657086372375
0.29191176470588237,0.6014423076923077,0.6994526386260986
0.29191176470588237,0.6038461538461538,0.6981136798858643
0.2926470588235294,0.6038461538461538,0.6978395581245422
0.2926470588235294,0.6067307692307692,0.6961186528205872
0.29301470588235295,0.6067307692307692,0.6958600878715515
0.29301470588235295,0.6076923076923076,0.6956620812416077
0.2933823529411765,0.6076923076923076,0.6954774260520935
0.2933823529411765,0.6086538461538461,0.6949473023414612
0.29375,0.6086538461538461,0.694757878780365
0.29375,0.6110576923076924,0.6929734349250793
0.29411764705882354,0.6110576923076924,0.6926186084747314
0.29411764705882354,0.6125,0.6916767954826355
0.29448529411764707,0.6125,0.6914297342300415
0.29448529411764707,0.6134615384615385,0.6911606192588806
0.2948529411764706,0.6134615384615385,0.6903182864189148
0.2948529411764706,0.614423076923077,0.6890757083892822
0.2952205882352941,0.614423076923077,0.689068615436554
0.2952205882352941,0.6149038461538462,0.6889898777008057
0.29558823529411765,0.6149038461538462,0.688633918762207
0.29558823529411765,0.6177884615384616,0.6870433688163757
0.2974264705882353,0.6177884615384616,0.6847032904624939
0.2974264705882353,0.6197115384615385,0.6842651963233948
0.2977941176470588,0.6197115384615385,0.6840006709098816
0.2977941176470588,0.6201923076923077,0.6830995082855225
0.29816176470588235,0.6201923076923077,0.6830695271492004
0.29816176470588235,0.6211538461538462,0.6829169988632202
0.2985294117647059,0.6211538461538462,0.682868480682373
0.2985294117647059,0.6293269230769231,0.6810400485992432
0.29926470588235293,0.6293269230769231,0.6809480786323547
0.29926470588235293,0.6302884615384615,0.6808041930198669
0.29963235294117646,0.6302884615384615,0.6807465553283691
0.29963235294117646,0.6307692307692307,0.6805239915847778
0.3,0.6307692307692307,0.6801367402076721
0.3,0.6317307692307692,0.6799730062484741
0.3003676470588235,0.6317307692307692,0.6799634099006653
0.3003676470588235,0.6326923076923077,0.6793761849403381
0.3025735294117647,0.6326923076923077,0.6784982085227966
0.3025735294117647,0.6331730769230769,0.6784499287605286
0.30625,0.6331730769230769,0.6780975461006165
0.30625,0.6341346153846154,0.6778414845466614
0.3069852941176471,0.6341346153846154,0.6774523854255676
0.3069852941176471,0.6346153846153846,0.6773073077201843
0.3084558823529412,0.6346153846153846,0.6769043207168579
0.3084558823529412,0.6350961538461538,0.6768795847892761
0.3088235294117647,0.6350961538461538,0.6768577694892883
0.3088235294117647,0.635576923076923,0.6768195033073425
0.30919117647058825,0.635576923076923,0.6766529679298401
0.30919117647058825,0.6375,0.6764041781425476
0.31066176470588236,0.6375,0.6760960221290588
0.31066176470588236,0.6384615384615384,0.6759698987007141
0.3110294117647059,0.6384615384615384,0.6758619546890259
0.3110294117647059,0.6403846153846153,0.6755896210670471
0.3113970588235294,0.6403846153846153,0.6755278706550598
0.3113970588235294,0.6427884615384616,0.6751610040664673
0.31176470588235294,0.6427884615384616,0.6751546859741211
0.31176470588235294,0.6495192307692308,0.674376368522644
0.31213235294117647,0.6495192307692308,0.6743729114532471
0.31213235294117647,0.6528846153846154,0.6741689443588257
0.3125,0.6528846153846154,0.6741454005241394
0.3125,0.6552884615384615,0.6734512448310852
0.31286764705882353,0.6552884615384615,0.6734334230422974
0.31286764705882353,0.6572115384615385,0.6729645729064941
0.31323529411764706,0.6572115384615385,0.6726837158203125
0.31323529411764706,0.6605769230769231,0.6711975336074829
0.3136029411764706,0.6605769230769231,0.6711499094963074
0.3136029411764706,0.6653846153846154,0.670749306678772
0.3139705882352941,0.6653846153846154,0.6707485318183899
0.3139705882352941,0.666826923076923,0.6707004904747009
0.31470588235294117,0.666826923076923,0.6706427335739136
0.31470588235294117,0.6697115384615384,0.6698992848396301
0.3150735294117647,0.6697115384615384,0.6698523759841919
0.3150735294117647,0.6711538461538461,0.6693045496940613
0.3154411764705882,0.6711538461538461,0.667758584022522
0.3154411764705882,0.6725961538461539,0.6668394804000854
0.31580882352941175,0.6725961538461539,0.6666382551193237
0.31580882352941175,0.675,0.6657708883285522
0.31691176470588234,0.675,0.6650786399841309
0.31691176470588234,0.676923076923077,0.6642017960548401
0.31727941176470587,0.676923076923077,0.6641879677772522
0.31727941176470587,0.6802884615384616,0.6630064249038696
0.3176470588235294,0.6802884615384616,0.6628949642181396
0.3176470588235294,0.6807692307692308,0.6628844141960144
0.31838235294117645,0.6807692307692308,0.6628328561782837
0.31838235294117645,0.6826923076923077,0.6626534461975098
0.31875,0.6826923076923077,0.662562370300293
0.31875,0.6850961538461539,0.6624701619148254
0.31948529411764703,0.6850961538461539,0.6623795628547668
0.31948529411764703,0.6855769230769231,0.6623470187187195
0.31985294117647056,0.6855769230769231,0.6622945666313171
0.31985294117647056,0.6860576923076923,0.6622944474220276
0.32279411764705884,0.6860576923076923,0.6619386672973633
0.32279411764705884,0.6870192307692308,0.6618056297302246
0.32316176470588237,0.6870192307692308,0.6615505814552307
0.32316176470588237,0.6879807692307692,0.6612107753753662
0.3235294117647059,0.6879807692307692,0.660993754863739
0.3235294117647059,0.6889423076923077,0.6608467698097229
0.325,0.6889423076923077,0.6604598164558411
0.325,0.6894230769230769,0.6604514718055725
0.32573529411764707,0.6894230769230769,0.6603139042854309
0.32573529411764707,0.6903846153846154,0.6599099040031433
0.3261029411764706,0.6903846153846154,0.6597087383270264
0.3261029411764706,0.6913461538461538,0.6596712470054626
0.3264705882352941,0.6913461538461538,0.6595118641853333
0.3264705882352941,0.6932692307692307,0.659142017364502
0.32683823529411765,0.6932692307692307,0.6589747071266174
0.32683823529411765,0.6947115384615384,0.6588284969329834
0.3272058823529412,0.6947115384615384,0.6587522029876709
0.3272058823529412,0.6956730769230769,0.6586519479751587
0.3275735294117647,0.6956730769230769,0.6586349606513977
0.3275735294117647,0.7004807692307692,0.6582223773002625
0.32794117647058824,0.7004807692307692,0.658174455165863
0.32794117647058824,0.7009615384615384,0.6581739187240601
0.3286764705882353,0.7009615384615384,0.6579341888427734
0.3286764705882353,0.7014423076923076,0.6578590273857117
0.3290441176470588,0.7014423076923076,0.6578266620635986
0.3290441176470588,0.7033653846153847,0.6575104594230652
0.32941176470588235,0.7033653846153847,0.6574746966362
0.32941176470588235,0.7038461538461539,0.6574598550796509
0.33088235294117646,0.7038461538461539,0.6573584675788879
0.33088235294117646,0.7048076923076924,0.6572222709655762
0.33125,0.7048076923076924,0.6572012901306152
0.33125,0.7052884615384616,0.6571614742279053
0.3316176470588235,0.7052884615384616,0.657097339630127
0.3316176470588235,0.708173076923077,0.6568806767463684
0.3323529411764706,0.708173076923077,0.6568714380264282
0.3323529411764706,0.7105769230769231,0.656729519367218
0.33308823529411763,0.7105769230769231,0.6566900014877319
0.33308823529411763,0.7110576923076923,0.6566793918609619
0.33345588235294116,0.7110576923076923,0.6566462516784668
0.33345588235294116,0.7115384615384616,0.6566169261932373
0.3352941176470588,0.7115384615384616,0.6564810276031494
0.3352941176470588,0.7120192307692308,0.6563544869422913
0.3386029411764706,0.7120192307692308,0.6557778716087341
0.3386029411764706,0.7125,0.6557758450508118
0.3397058823529412,0.7125,0.6556671261787415
0.3397058823529412,0.7129807692307693,0.6555969715118408
0.3426470588235294,0.7129807692307693,0.6553091406822205
0.3426470588235294,0.7134615384615385,0.6552342176437378
0.34301470588235294,0.7134615384615385,0.6550737023353577
0.34301470588235294,0.7139423076923077,0.6549575924873352
0.34411764705882353,0.7139423076923077,0.6544967889785767
0.34411764705882353,0.7149038461538462,0.6542699933052063
0.3452205882352941,0.7149038461538462,0.6536524891853333
0.3452205882352941,0.7168269230769231,0.6528461575508118
0.34558823529411764,0.7168269230769231,0.6528084874153137
0.34558823529411764,0.7173076923076923,0.6526661515235901
0.34595588235294117,0.7173076923076923,0.6522115468978882
0.34595588235294117,0.7182692307692308,0.6518712043762207
0.3492647058823529,0.7182692307692308,0.6499499082565308
0.3492647058823529,0.71875,0.6490637063980103
0.35,0.71875,0.6477155089378357
0.35,0.7197115384615385,0.6474676132202148
0.3514705882352941,0.7197115384615385,0.6455203294754028
0.3514705882352941,0.7211538461538461,0.6448568105697632
0.3522058823529412,0.7211538461538461,0.6440739035606384
0.3522058823529412,0.7230769230769231,0.641579270362854
0.35257352941176473,0.7230769230769231,0.6410382986068726
0.35257352941176473,0.7245192307692307,0.6399364471435547
0.3533088235294118,0.7245192307692307,0.6393975615501404
0.3533088235294118,0.7254807692307692,0.6393010020256042
0.3536764705882353,0.7254807692307692,0.6392388939857483
0.3536764705882353,0.7259615384615384,0.6391575932502747
0.35441176470588237,0.7259615384615384,0.638225257396698
0.35441176470588237,0.7331730769230769,0.6369017958641052
0.3547794117647059,0.7331730769230769,0.6368063688278198
0.3547794117647059,0.7336538461538461,0.6367981433868408
0.3551470588235294,0.7336538461538461,0.636673629283905
0.3551470588235294,0.7355769230769231,0.6349953413009644
0.35625,0.7355769230769231,0.6339979767799377
0.35625,0.7399038461538462,0.6331928968429565
0.35661764705882354,0.7399038461538462,0.6331314444541931
0.35661764705882354,0.7423076923076923,0.6330096125602722
0.35698529411764707,0.7423076923076923,0.6329119205474854
0.35698529411764707,0.7447115384615385,0.6324232220649719
0.3577205882352941,0.7447115384615385,0.6321178078651428
0.3577205882352941,0.7466346153846154,0.6315430402755737
0.35808823529411765,0.7466346153846154,0.6315310597419739
0.35808823529411765,0.7485576923076923,0.6311327815055847
0.3584558823529412,0.7485576923076923,0.6311245560646057
0.3584558823529412,0.7490384615384615,0.6311002373695374
0.35955882352941176,0.7490384615384615,0.6302652955055237
0.35955882352941176,0.7495192307692308,0.630047082901001
0.3610294117647059,0.7495192307692308,0.6286612153053284
0.3610294117647059,0.75,0.6284223198890686
0.36213235294117646,0.75,0.6282042264938354
0.36213235294117646,0.7504807692307692,0.6281289458274841
0.36580882352941174,0.7504807692307692,0.6275739073753357
0.36580882352941174,0.7509615384615385,0.6275138854980469
0.3672794117647059,0.7509615384615385,0.6273796558380127
0.3672794117647059,0.7514423076923077,0.6273114085197449
0.36801470588235297,0.7514423076923077,0.6271342635154724
0.36801470588235297,0.7524038461538461,0.6267828941345215
0.3694852941176471,0.7524038461538461,0.6265033483505249
0.3694852941176471,0.7528846153846154,0.6264360547065735
0.37022058823529413,0.7528846153846154,0.6261134147644043
0.37022058823529413,0.7543269230769231,0.6251313090324402
0.37720588235294117,0.7543269230769231,0.6236585974693298
0.37720588235294117,0.7548076923076923,0.6232246160507202
0.3786764705882353,0.7548076923076923,0.6222506165504456
0.3786764705882353,0.7552884615384615,0.6222362518310547
0.37977941176470587,0.7552884615384615,0.6202952265739441
0.37977941176470587,0.75625,0.6201068162918091
0.3801470588235294,0.75625,0.619949221611023
0.3801470588235294,0.7567307692307692,0.6199030876159668
0.38088235294117645,0.7567307692307692,0.6191701889038086
0.38088235294117645,0.7572115384615384,0.6185900568962097
0.38125,0.7572115384615384,0.6180288195610046
0.38125,0.7591346153846154,0.6157914400100708
0.38235294117647056,0.7591346153846154,0.6141930818557739
0.38235294117647056,0.7596153846153846,0.6141680479049683
0.3827205882352941,0.7596153846153846,0.614052951335907
0.3827205882352941,0.7610576923076923,0.613106906414032
0.3830882352941177,0.7610576923076923,0.6130881905555725
0.3830882352941177,0.7682692307692308,0.6115004420280457
0.3834558823529412,0.7682692307692308,0.6114664673805237
0.3834558823529412,0.7692307692307693,0.6113086342811584
0.38382352941176473,0.7692307692307693,0.6111387014389038
0.38382352941176473,0.7730769230769231,0.6097012758255005
0.38419117647058826,0.7730769230769231,0.6096704006195068
0.38419117647058826,0.7735576923076923,0.6094609498977661
0.38566176470588237,0.7735576923076923,0.6080403327941895
0.38566176470588237,0.7754807692307693,0.6074789762496948
0.3860294117647059,0.7754807692307693,0.6073769927024841
0.3860294117647059,0.7774038461538462,0.6067599654197693
0.3863970588235294,0.7774038461538462,0.6067529320716858
0.3863970588235294,0.7807692307692308,0.6045446991920471
0.38676470588235295,0.7807692307692308,0.6045112609863281
0.38676470588235295,0.7884615384615384,0.6035760045051575
0.3871323529411765,0.7884615384615384,0.6034594178199768
0.3871323529411765,0.791826923076923,0.6023585796356201
0.38823529411764707,0.791826923076923,0.6008390188217163
0.38823529411764707,0.7927884615384615,0.6002638339996338
0.3886029411764706,0.7927884615384615,0.6000694036483765
0.3886029411764706,0.79375,0.5993701219558716
0.39705882352941174,0.79375,0.5955652594566345
0.39705882352941174,0.7951923076923076,0.5952724814414978
0.3996323529411765,0.7951923076923076,0.5934630036354065
0.3996323529411765,0.7956730769230769,0.5931821465492249
0.4,0.7956730769230769,0.5930164456367493
0.4,0.7961538461538461,0.5927209258079529
0.40036764705882355,0.7961538461538461,0.5923514366149902
0.40036764705882355,0.7966346153846153,0.5923147201538086
0.40845588235294117,0.7966346153846153,0.5902690291404724
0.40845588235294117,0.7971153846153847,0.5900619029998779
0.41066176470588234,0.7971153846153847,0.5887525677680969
0.41066176470588234,0.7975961538461539,0.5885164737701416
0.4143382352941177,0.7975961538461539,0.5873473286628723
0.4143382352941177,0.7980769230769231,0.5873107314109802
0.4172794117647059,0.7980769230769231,0.5870233178138733
0.4172794117647059,0.7985576923076924,0.5868117213249207
0.4176470588235294,0.7985576923076924,0.5866799354553223
0.4176470588235294,0.7990384615384616,0.5865328311920166
0.4183823529411765,0.7990384615384616,0.5858234763145447
0.4183823529411765,0.7995192307692308,0.5858105421066284
0.42058823529411765,0.7995192307692308,0.5845831632614136
0.42058823529411765,0.8072115384615385,0.5829827785491943
0.4209558823529412,0.8072115384615385,0.5828864574432373
0.4209558823529412,0.8086538461538462,0.5825265645980835
0.4213235294117647,0.8086538461538462,0.5825154781341553
0.4213235294117647,0.8096153846153846,0.582040011882782
0.42205882352941176,0.8096153846153846,0.5817753672599792
0.42205882352941176,0.8100961538461539,0.5810148119926453
0.4224264705882353,0.8100961538461539,0.5807564854621887
0.4224264705882353,0.8115384615384615,0.5797838568687439
0.4227941176470588,0.8115384615384615,0.5797371864318848
0.4227941176470588,0.8120192307692308,0.5791548490524292
0.4238970588235294,0.8120192307692308,0.578500509262085
0.4238970588235294,0.8129807692307692,0.5773304104804993
0.42426470588235293,0.8129807692307692,0.5772966742515564
0.42426470588235293,0.8134615384615385,0.5769327282905579
0.42463235294117646,0.8134615384615385,0.576698899269104
0.42463235294117646,0.8139423076923077,0.57597815990448
0.42573529411764705,0.8139423076923077,0.5728210806846619
0.42573529411764705,0.8144230769230769,0.571706235408783
0.4261029411764706,0.8144230769230769,0.5714285373687744
0.4261029411764706,0.8197115384615384,0.5685270428657532
0.42683823529411763,0.8197115384615384,0.5684799551963806
0.42683823529411763,0.8288461538461539,0.5654456615447998
0.42720588235294116,0.8288461538461539,0.5650609135627747
0.42720588235294116,0.8293269230769231,0.5640286207199097
0.4275735294117647,0.8293269230769231,0.5638618469238281
0.4275735294117647,0.8302884615384616,0.5637229084968567
0.42867647058823527,0.8302884615384616,0.5634450316429138
0.42867647058823527,0.83125,0.5630587339401245
0.4297794117647059,0.83125,0.5626935362815857
0.4297794117647059,0.8317307692307693,0.5626359581947327
0.43014705882352944,0.8317307692307693,0.5624149441719055
0.43014705882352944,0.8322115384615385,0.5622764825820923
0.4308823529411765,0.8322115384615385,0.562064528465271
0.4308823529411765,0.8326923076923077,0.5619396567344666
0.4363970588235294,0.8326923076923077,0.5597987771034241
0.4363970588235294,0.833173076923077,0.5597564578056335
0.43676470588235294,0.833173076923077,0.5592639446258545
0.43676470588235294,0.8336538461538462,0.5591565370559692
0.43713235294117647,0.8336538461538462,0.5585808753967285
0.43713235294117647,0.8341346153846154,0.5580137372016907
0.43823529411764706,0.8341346153846154,0.5572740435600281
0.43823529411764706,0.8350961538461539,0.557025134563446
0.4386029411764706,0.8350961538461539,0.5568534135818481
0.4386029411764706,0.8355769230769231,0.5562276244163513
0.4415441176470588,0.8355769230769231,0.5530133247375488
0.4415441176470588,0.8365384615384616,0.5490584373474121
0.44375,0.8365384615384616,0.5465404987335205
0.44375,0.8379807692307693,0.5454928278923035
0.4452205882352941,0.8379807692307693,0.5437441468238831
0.4452205882352941,0.8403846153846154,0.5421514511108398
0.4459558823529412,0.8403846153846154,0.5416154265403748
0.4459558823529412,0.8413461538461539,0.5414809584617615
0.44632352941176473,0.8413461538461539,0.5408918857574463
0.44632352941176473,0.84375,0.5372487902641296
0.4470588235294118,0.84375,0.535788357257843
0.4470588235294118,0.8451923076923077,0.5345674753189087
0.4474264705882353,0.8451923076923077,0.5344758629798889
0.4474264705882353,0.8456730769230769,0.5337233543395996
0.4588235294117647,0.8456730769230769,0.5268927216529846
0.4588235294117647,0.8461538461538461,0.5265891551971436
0.4610294117647059,0.8461538461538461,0.5257647037506104
0.4610294117647059,0.8471153846153846,0.5256678462028503
0.46176470588235297,0.8471153846153846,0.5252866744995117
0.46176470588235297,0.8475961538461538,0.5246514678001404
0.4625,0.8475961538461538,0.5244563221931458
0.4625,0.8485576923076923,0.5243386626243591
0.4632352941176471,0.8485576923076923,0.5230230689048767
0.4632352941176471,0.8490384615384615,0.5229215621948242
0.46397058823529413,0.8490384615384615,0.5223252177238464
0.46397058823529413,0.85,0.5215961337089539
0.46433823529411766,0.85,0.5211207866668701
0.46433823529411766,0.8504807692307692,0.5209630727767944
0.46544117647058825,0.8504807692307692,0.5199064612388611
0.46544117647058825,0.8509615384615384,0.5195348262786865
0.4658088235294118,0.8509615384615384,0.519321084022522
0.4658088235294118,0.8514423076923077,0.5184004902839661
0.4661764705882353,0.8514423076923077,0.5183241963386536
0.4661764705882353,0.8519230769230769,0.5182657241821289
0.46654411764705883,0.8519230769230769,0.5180628299713135
0.46654411764705883,0.8524038461538461,0.5175852179527283
0.46691176470588236,0.8524038461538461,0.5175008773803711
0.46691176470588236,0.8528846153846154,0.5168449282646179
0.4676470588235294,0.8528846153846154,0.5164737701416016
0.4676470588235294,0.854326923076923,0.5150535106658936
0.46801470588235294,0.854326923076923,0.514348566532135
0.46801470588235294,0.8557692307692307,0.5134708285331726
0.46838235294117647,0.8557692307692307,0.5133355259895325
0.46838235294117647,0.8576923076923076,0.5128743648529053
0.46875,0.8576923076923076,0.5128394365310669
0.46875,0.8596153846153847,0.5126639008522034
0.46911764705882353,0.8596153846153847,0.5126310586929321
0.46911764705882353,0.8649038461538462,0.5113740563392639
0.46948529411764706,0.8649038461538462,0.5113186240196228
0.46948529411764706,0.8653846153846154,0.5108436346054077
0.4698529411764706,0.8653846153846154,0.5105230808258057
0.4698529411764706,0.8663461538461539,0.5103967785835266
0.4702205882352941,0.8663461538461539,0.5089772343635559
0.4702205882352941,0.8673076923076923,0.5086184740066528
0.47095588235294117,0.8673076923076923,0.5082436800003052
0.47095588235294117,0.8682692307692308,0.5080321431159973
0.47205882352941175,0.8682692307692308,0.5073421001434326
0.47205882352941175,0.86875,0.5071353912353516
0.4724264705882353,0.86875,0.5070921182632446
0.4724264705882353,0.8701923076923077,0.5067735314369202
0.4738970588235294,0.8701923076923077,0.5050598382949829
0.4738970588235294,0.8706730769230769,0.5048798322677612
0.4742647058823529,0.8706730769230769,0.5048585534095764
0.4742647058823529,0.8711538461538462,0.5048181414604187
0.4768382352941177,0.8711538461538462,0.5046151876449585
0.4768382352941177,0.8716346153846154,0.5045689344406128
0.47794117647058826,0.8716346153846154,0.5045087933540344
0.47794117647058826,0.8721153846153846,0.5044309496879578
0.4786764705882353,0.8721153846153846,0.5043179988861084
0.4786764705882353,0.8725961538461539,0.5041645765304565
0.47904411764705884,0.8725961538461539,0.5041632056236267
0.47904411764705884,0.8730769230769231,0.5040655136108398
0.4797794117647059,0.8730769230769231,0.5040141344070435
0.4797794117647059,0.8735576923076923,0.5037614107131958
0.4801470588235294,0.8735576923076923,0.5036589503288269
0.4801470588235294,0.8745192307692308,0.5033696889877319
0.48051470588235295,0.8745192307692308,0.5033455491065979
0.48051470588235295,0.8764423076923077,0.5027711391448975
0.4808823529411765,0.8764423076923077,0.5025971531867981
0.4808823529411765,0.8783653846153846,0.5024440884590149
0.48125,0.8783653846153846,0.5024381279945374
0.48125,0.8788461538461538,0.5024343729019165
0.48161764705882354,0.8788461538461538,0.5024031400680542
0.48161764705882354,0.88125,0.5020173788070679
0.48198529411764707,0.88125,0.5018085837364197
0.48198529411764707,0.8817307692307692,0.5016472935676575
0.4823529411764706,0.8817307692307692,0.5013108253479004
0.4823529411764706,0.8841346153846154,0.5000379085540771
0.4834558823529412,0.8841346153846154,0.4995568096637726
0.4834558823529412,0.8846153846153846,0.49955496191978455
0.48419117647058824,0.8846153846153846,0.4991976320743561
0.48419117647058824,0.8850961538461538,0.49903079867362976
0.48566176470588235,0.8850961538461538,0.4983658194541931
0.48566176470588235,0.8860576923076923,0.49788716435432434
0.4863970588235294,0.8860576923076923,0.4977792799472809
0.4863970588235294,0.8870192307692307,0.4972119629383087
0.48713235294117646,0.8870192307692307,0.4969034194946289
0.48713235294117646,0.8875,0.4968451261520386
0.4886029411764706,0.8875,0.4965859651565552
0.4886029411764706,0.8879807692307692,0.496567040681839
0.49411764705882355,0.8879807692307692,0.495902419090271
0.49411764705882355,0.8889423076923076,0.4958494305610657
0.4948529411764706,0.8889423076923076,0.49583348631858826
0.4948529411764706,0.8894230769230769,0.4956791400909424
0.49816176470588236,0.8894230769230769,0.49524569511413574
0.49816176470588236,0.8899038461538461,0.495151549577713
0.49963235294117647,0.8899038461538461,0.4950282573699951
0.49963235294117647,0.8903846153846153,0.49479442834854126
0.5011029411764706,0.8903846153846153,0.49462589621543884
0.5011029411764706,0.8908653846153847,0.4945577383041382
0.5044117647058823,0.8908653846153847,0.49209052324295044
0.5044117647058823,0.8913461538461539,0.4919242858886719
0.5055147058823529,0.8913461538461539,0.4912254512310028
0.5055147058823529,0.8918269230769231,0.4911743700504303
0.5150735294117647,0.8918269230769231,0.4891252815723419
0.5150735294117647,0.8923076923076924,0.48891204595565796
0.5165441176470589,0.8923076923076924,0.4882558286190033
0.5165441176470589,0.8932692307692308,0.4879012405872345
0.5169117647058824,0.8932692307692308,0.4878402352333069
0.5169117647058824,0.89375,0.48762649297714233
0.5283088235294118,0.89375,0.48118501901626587
0.5283088235294118,0.8947115384615385,0.480876624584198
0.5286764705882353,0.8947115384615385,0.4803645610809326
0.5286764705882353,0.895673076923077,0.4801507294178009
0.5294117647058824,0.895673076923077,0.4792710244655609
0.5294117647058824,0.8985576923076923,0.4785900115966797
0.5301470588235294,0.8985576923076923,0.47856375575065613
0.5301470588235294,0.9009615384615385,0.4782726764678955
0.5305147058823529,0.9009615384615385,0.4782504737377167
0.5305147058823529,0.9024038461538462,0.4781796336174011
0.5308823529411765,0.9024038461538462,0.4781278669834137
0.5308823529411765,0.9043269230769231,0.4779573082923889
0.53125,0.9043269230769231,0.4777893126010895
0.53125,0.9048076923076923,0.4776788353919983
0.5316176470588235,0.9048076923076923,0.4776379466056824
0.5316176470588235,0.9052884615384615,0.47760921716690063
0.5327205882352941,0.9052884615384615,0.4774688482284546
0.5327205882352941,0.9057692307692308,0.4774132966995239
0.5345588235294118,0.9057692307692308,0.47724005579948425
0.5345588235294118,0.90625,0.47720059752464294
0.5360294117647059,0.90625,0.47699621319770813
0.5360294117647059,0.9067307692307692,0.4769569933414459
0.5363970588235294,0.9067307692307692,0.4768735468387604
0.5363970588235294,0.9072115384615385,0.47668129205703735
0.5367647058823529,0.9072115384615385,0.4766179621219635
0.5367647058823529,0.9076923076923077,0.4765632748603821
0.5371323529411764,0.9076923076923077,0.47647640109062195
0.5371323529411764,0.9100961538461538,0.47578465938568115
0.5375,0.9100961538461538,0.47577333450317383
0.5375,0.9158653846153846,0.47496554255485535
0.5378676470588235,0.9158653846153846,0.47483667731285095
0.5378676470588235,0.9163461538461538,0.4747241735458374
0.538235294117647,0.9163461538461538,0.4746817350387573
0.538235294117647,0.916826923076923,0.474598228931427
0.5386029411764706,0.916826923076923,0.47450077533721924
0.5386029411764706,0.9197115384615384,0.473175585269928
0.5408088235294117,0.9197115384615384,0.47234174609184265
0.5408088235294117,0.9201923076923076,0.4720405638217926
0.5411764705882353,0.9201923076923076,0.4719632565975189
0.5411764705882353,0.9211538461538461,0.47143328189849854
0.5415441176470588,0.9211538461538461,0.47127413749694824
0.5415441176470588,0.9216346153846153,0.47126805782318115
0.5419117647058823,0.9216346153846153,0.4710943400859833
0.5419117647058823,0.9221153846153847,0.4707419276237488
0.5422794117647058,0.9221153846153847,0.4705531895160675
0.5422794117647058,0.9225961538461539,0.47036269307136536
0.5481617647058824,0.9225961538461539,0.46812987327575684
0.5481617647058824,0.9230769230769231,0.46803542971611023
0.55,0.9230769230769231,0.46748632192611694
0.55,0.9235576923076924,0.46690014004707336
0.5511029411764706,0.9235576923076924,0.4663468599319458
0.5511029411764706,0.9240384615384616,0.46625638008117676
0.5514705882352942,0.9240384615384616,0.4662154018878937
0.5514705882352942,0.9245192307692308,0.46618369221687317
0.5533088235294118,0.9245192307692308,0.464070200920105
0.5533088235294118,0.925,0.4638764560222626
0.5551470588235294,0.925,0.46272385120391846
0.5551470588235294,0.9254807692307693,0.462717741727829
0.555514705882353,0.9254807692307693,0.4626983404159546
0.555514705882353,0.9259615384615385,0.46247273683547974
0.5558823529411765,0.9259615384615385,0.4623543620109558
0.5558823529411765,0.9264423076923077,0.46189266443252563
0.55625,0.9264423076923077,0.4616808593273163
0.55625,0.926923076923077,0.4614420235157013
0.5628676470588235,0.926923076923077,0.4594830870628357
0.5628676470588235,0.9274038461538462,0.4591982662677765
0.5639705882352941,0.9274038461538462,0.4587482511997223
0.5639705882352941,0.9293269230769231,0.45723146200180054
0.5643382352941176,0.9293269230769231,0.45633482933044434
0.5643382352941176,0.9302884615384616,0.4558432698249817
0.5650735294117647,0.9302884615384616,0.4554877281188965
0.5650735294117647,0.9307692307692308,0.4552331268787384
0.5669117647058823,0.9307692307692308,0.45237281918525696
0.5669117647058823,0.93125,0.4523408114910126
0.5672794117647059,0.93125,0.45185235142707825
0.5672794117647059,0.9322115384615385,0.44960442185401917
0.5691176470588235,0.9322115384615385,0.4492075741291046
0.5691176470588235,0.9331730769230769,0.44899532198905945
0.569485294117647,0.9331730769230769,0.44826123118400574
0.569485294117647,0.9336538461538462,0.4478694498538971
0.5794117647058824,0.9336538461538462,0.443287193775177
0.5794117647058824,0.9341346153846154,0.4431709051132202
0.5823529411764706,0.9341346153846154,0.4415726661682129
0.5823529411764706,0.9346153846153846,0.4415670931339264
0.5830882352941177,0.9346153846153846,0.4398959279060364
0.5830882352941177,0.9360576923076923,0.4396040141582489
0.5856617647058824,0.9360576923076923,0.4383566081523895
0.5856617647058824,0.9365384615384615,0.4380120635032654
0.5863970588235294,0.9365384615384615,0.4377075731754303
0.5863970588235294,0.9370192307692308,0.4376260042190552
0.5871323529411765,0.9370192307692308,0.43672096729278564
0.5871323529411765,0.9384615384615385,0.4351891279220581
0.5875,0.9384615384615385,0.433961421251297
0.5875,0.9389423076923077,0.4335361123085022
0.6058823529411764,0.9389423076923077,0.4268873631954193
0.6058823529411764,0.9394230769230769,0.4266599416732788
0.6077205882352941,0.9394230769230769,0.4251689016819
0.6077205882352941,0.9399038461538461,0.4251442551612854
0.6091911764705882,0.9399038461538461,0.4247472584247589
0.6091911764705882,0.9403846153846154,0.42461010813713074
0.6099264705882353,0.9403846153846154,0.4242139756679535
0.6099264705882353,0.9408653846153846,0.42400309443473816
0.6113970588235295,0.9408653846153846,0.42241910099983215
0.6113970588235295,0.9418269230769231,0.4217708110809326
0.6198529411764706,0.9418269230769231,0.41890761256217957
0.6198529411764706,0.9427884615384615,0.4186564087867737
0.6202205882352941,0.9427884615384615,0.41810962557792664
0.6202205882352941,0.94375,0.41747215390205383
0.6272058823529412,0.94375,0.4109935462474823
0.6272058823529412,0.9442307692307692,0.4109136462211609
0.6275735294117647,0.9442307692307692,0.41042861342430115
0.6275735294117647,0.9447115384615384,0.41021403670310974
0.6279411764705882,0.9447115384615384,0.4097496569156647
0.6279411764705882,0.9451923076923077,0.4094540476799011
0.6316176470588235,0.9451923076923077,0.4089970290660858
0.6316176470588235,0.9461538461538461,0.40898382663726807
0.6338235294117647,0.9461538461538461,0.4076610803604126
0.6338235294117647,0.9466346153846154,0.40758684277534485
0.6371323529411764,0.9466346153846154,0.40480831265449524
0.6371323529411764,0.9471153846153846,0.40466564893722534
0.6375,0.9471153846153846,0.40416422486305237
0.6375,0.9475961538461538,0.4039005935192108
0.6397058823529411,0.9475961538461538,0.40128663182258606
0.6397058823529411,0.948076923076923,0.40049269795417786
0.6404411764705882,0.948076923076923,0.4003579914569855
0.6404411764705882,0.9485576923076923,0.39992791414260864
0.6507352941176471,0.9485576923076923,0.3949955701828003
0.6507352941176471,0.9490384615384615,0.3946160674095154
0.6533088235294118,0.9490384615384615,0.3937031030654907
0.6533088235294118,0.9495192307692307,0.3936240077018738
0.6551470588235294,0.9495192307692307,0.39313197135925293
0.6551470588235294,0.95,0.3931117653846741
0.6584558823529412,0.95,0.3923340439796448
0.6584558823529412,0.9504807692307692,0.3921966552734375
0.6610294117647059,0.9504807692307692,0.39097774028778076
0.6610294117647059,0.9514423076923076,0.3906732201576233
0.6613970588235294,0.9514423076923076,0.39061155915260315
0.6613970588235294,0.95625,0.38967978954315186
0.6617647058823529,0.95625,0.38967692852020264
0.6617647058823529,0.9596153846153846,0.38847941160202026
0.6625,0.9596153846153846,0.3881864547729492
0.6625,0.9600961538461539,0.387965589761734
0.6628676470588235,0.9600961538461539,0.3877861201763153
0.6628676470588235,0.9605769230769231,0.387778103351593
0.6639705882352941,0.9605769230769231,0.38670188188552856
0.6639705882352941,0.9610576923076923,0.386545330286026
0.6654411764705882,0.9610576923076923,0.3859136402606964
0.6654411764705882,0.9620192307692308,0.3852870464324951
0.6658088235294117,0.9620192307692308,0.3849353790283203
0.6658088235294117,0.9625,0.38447198271751404
0.6691176470588235,0.9625,0.3766600787639618
0.6691176470588235,0.9629807692307693,0.3765454590320587
0.6764705882352942,0.9629807692307693,0.36921724677085876
0.6764705882352942,0.9634615384615385,0.3687496781349182
0.6915441176470588,0.9634615384615385,0.36586302518844604
0.6915441176470588,0.9639423076923077,0.3658301532268524
0.6930147058823529,0.9639423076923077,0.3647216856479645
0.6930147058823529,0.9644230769230769,0.36461141705513
0.7029411764705882,0.9644230769230769,0.36170485615730286
0.7029411764705882,0.9649038461538462,0.3613673448562622
0.7047794117647059,0.9649038461538462,0.35927411913871765
0.7047794117647059,0.9653846153846154,0.35894715785980225
0.7080882352941177,0.9653846153846154,0.3536531329154968
0.7080882352941177,0.9663461538461539,0.3528074622154236
0.7088235294117647,0.9663461538461539,0.35228773951530457
0.7088235294117647,0.9673076923076923,0.35152915120124817
0.7183823529411765,0.9673076923076923,0.34765711426734924
0.7183823529411765,0.9677884615384615,0.3472374379634857
0.7316176470588235,0.9677884615384615,0.3399699628353119
0.7316176470588235,0.96875,0.33927515149116516
0.7323529411764705,0.96875,0.33724498748779297
0.7323529411764705,0.9692307692307692,0.33702147006988525
0.7330882352941176,0.9692307692307692,0.33641746640205383
0.7330882352941176,0.9701923076923077,0.3355849087238312
0.7345588235294118,0.9701923076923077,0.3335854411125183
0.7345588235294118,0.9706730769230769,0.3330894708633423
0.7356617647058824,0.9706730769230769,0.3318154811859131
0.7356617647058824,0.9716346153846154,0.3311353325843811
0.7375,0.9716346153846154,0.32804158329963684
0.7375,0.9721153846153846,0.32789745926856995
0.7496323529411765,0.9721153846153846,0.31972014904022217
0.7496323529411765,0.9725961538461538,0.3193017840385437
0.75,0.9725961538461538,0.3191779851913452
0.75,0.9730769230769231,0.3183555006980896
0.7507352941176471,0.9730769230769231,0.31742432713508606
0.7507352941176471,0.9740384615384615,0.3165866732597351
0.7511029411764706,0.9740384615384615,0.31290242075920105
0.7511029411764706,0.9745192307692307,0.311695396900177
0.7529411764705882,0.9745192307692307,0.3098946511745453
0.7529411764705882,0.975,0.3098842203617096
0.7573529411764706,0.975,0.3010043501853943
0.7573529411764706,0.9759615384615384,0.3003999888896942
0.7599264705882353,0.9759615384615384,0.2959297001361847
0.7599264705882353,0.9764423076923077,0.29586875438690186
0.7661764705882353,0.9764423076923077,0.2893262207508087
0.7661764705882353,0.9769230769230769,0.2893117666244507
0.7691176470588236,0.9769230769230769,0.2829541265964508
0.7691176470588236,0.9774038461538461,0.28275179862976074
0.7731617647058824,0.9774038461538461,0.27727755904197693
0.7731617647058824,0.9778846153846154,0.2768710255622864
0.8033088235294118,0.9778846153846154,0.252668559551239
0.8033088235294118,0.9783653846153846,0.2520628869533539
0.8139705882352941,0.9783653846153846,0.2471148520708084
0.8139705882352941,0.9788461538461538,0.2469983994960785
0.8172794117647059,0.9788461538461538,0.24586914479732513
0.8172794117647059,0.979326923076923,0.24581001698970795
0.8283088235294118,0.979326923076923,0.23021547496318817
0.8283088235294118,0.9798076923076923,0.22947271168231964
0.8341911764705883,0.9798076923076923,0.21769015491008759
0.8341911764705883,0.9802884615384615,0.21752044558525085
0.8375,0.9802884615384615,0.21199457347393036
0.8375,0.9807692307692307,0.21194994449615479
0.8727941176470588,0.9807692307692307,0.1669541597366333
0.8727941176470588,0.98125,0.16643626987934113
0.8746323529411765,0.98125,0.16462832689285278
0.8746323529411765,0.9817307692307692,0.16408370435237885
0.8783088235294118,0.9817307692307692,0.15752902626991272
0.8783088235294118,0.9822115384615384,0.15705744922161102
0.881985294117647,0.9822115384615384,0.15365661680698395
0.881985294117647,0.9826923076923076,0.1536063551902771
0.8863970588235294,0.9826923076923076,0.1529894471168518
0.8863970588235294,0.9831730769230769,0.1528301239013672
0.8908088235294118,0.9831730769230769,0.14882522821426392
0.8908088235294118,0.9836538461538461,0.14874783158302307
0.9011029411764706,0.9836538461538461,0.1425238996744156
0.9011029411764706,0.9841346153846153,0.1425146907567978
0.9025735294117647,0.9841346153846153,0.13963615894317627
0.9025735294117647,0.9846153846153847,0.1394796371459961
0.9029411764705882,0.9846153846153847,0.1390143185853958
0.9029411764705882,0.9850961538461539,0.13888318836688995
0.9033088235294118,0.9850961538461539,0.13835318386554718
0.9033088235294118,0.9865384615384616,0.1379454880952835
0.9036764705882353,0.9865384615384616,0.13785581290721893
0.9036764705882353,0.9870192307692308,0.13776539266109467
0.9040441176470588,0.9870192307692308,0.13769234716892242
0.9040441176470588,0.9879807692307693,0.13766175508499146
0.9044117647058824,0.9879807692307693,0.13764704763889313
0.9044117647058824,0.9927884615384616,0.13726161420345306
0.9051470588235294,0.9927884615384616,0.1372436285018921
0.9051470588235294,0.9932692307692308,0.1371544748544693
0.9055147058823529,0.9932692307692308,0.13703498244285583
0.9055147058823529,0.99375,0.13699547946453094
0.9088235294117647,0.99375,0.13669970631599426
0.9088235294117647,0.9942307692307693,0.13669255375862122
0.9128676470588235,0.9942307692307693,0.13555951416492462
0.9128676470588235,0.9947115384615385,0.13540099561214447
0.9143382352941176,0.9947115384615385,0.1352093368768692
0.9143382352941176,0.9951923076923077,0.13520334661006927
0.9172794117647058,0.9951923076923077,0.1349916309118271
0.9172794117647058,0.9956730769230769,0.13482961058616638
0.9297794117647059,0.9956730769230769,0.11146130412817001
0.9297794117647059,0.9961538461538462,0.1084788516163826
0.9525735294117647,0.9961538461538462,0.09642884880304337
0.9525735294117647,0.9966346153846154,0.09375832229852676
0.9566176470588236,0.9966346153846154,0.08616330474615097
0.9566176470588236,0.9971153846153846,0.0857013612985611
0.9613970588235294,0.9971153846153846,0.0769360214471817
0.9613970588235294,0.9975961538461539,0.07683460414409637
0.9654411764705882,0.9975961538461539,0.07588014751672745
0.9654411764705882,0.9980769230769231,0.07587617635726929
0.9705882352941176,0.9980769230769231,0.07435538619756699
0.9705882352941176,0.9985576923076923,0.07407987117767334
0.9727941176470588,0.9985576923076923,0.07006923109292984
0.9727941176470588,0.9990384615384615,0.06998375058174133
0.9761029411764706,0.9990384615384615,0.0639704242348671
0.9761029411764706,1.0,0.06263857334852219
1.0,1.0,0.010928279720246792
