FPR,TPR,Threshold
0.0,0.0,1.9631839394569397
0.0,0.000925925925925926,0.9631839394569397
0.0,0.48055555555555557,0.7702890634536743
0.0007575757575757576,0.48055555555555557,0.7693109512329102
0.0007575757575757576,0.4935185185185185,0.7670894861221313
0.0015151515151515152,0.4935185185185185,0.7669975757598877
0.0015151515151515152,0.5009259259259259,0.7651433348655701
0.0030303030303030303,0.5009259259259259,0.7646178603172302
0.0030303030303030303,0.5296296296296297,0.7572497129440308
0.003787878787878788,0.5296296296296297,0.7568669319152832
0.003787878787878788,0.5407407407407407,0.7542373538017273
0.004545454545454545,0.5407407407407407,0.7535321712493896
0.004545454545454545,0.5435185185185185,0.7513347864151001
0.006060606060606061,0.5435185185185185,0.7508584260940552
0.006060606060606061,0.5509259259259259,0.7477540373802185
0.006818181818181818,0.5509259259259259,0.7476819753646851
0.006818181818181818,0.5518518518518518,0.7473357915878296
0.007575757575757576,0.5518518518518518,0.7466312050819397
0.007575757575757576,0.5592592592592592,0.7429524660110474
0.00909090909090909,0.5592592592592592,0.7424408793449402
0.00909090909090909,0.562962962962963,0.741374671459198
0.011363636363636364,0.562962962962963,0.7395316362380981
0.011363636363636364,0.5638888888888889,0.7394117116928101
0.012121212121212121,0.5638888888888889,0.7386788129806519
0.012121212121212121,0.5657407407407408,0.7365745306015015
0.012878787878787878,0.5657407407407408,0.7361527681350708
0.012878787878787878,0.5675925925925925,0.7355509400367737
0.013636363636363636,0.5675925925925925,0.7353545427322388
0.013636363636363636,0.5694444444444444,0.7348306775093079
0.017424242424242425,0.5694444444444444,0.7324280738830566
0.017424242424242425,0.5722222222222222,0.7307109236717224
0.01893939393939394,0.5722222222222222,0.7302812933921814
0.01893939393939394,0.5731481481481482,0.7300959229469299
0.021212121212121213,0.5731481481481482,0.727877140045166
0.021212121212121213,0.5740740740740741,0.7273048758506775
0.022727272727272728,0.5740740740740741,0.7268159985542297
0.022727272727272728,0.5777777777777777,0.7213960289955139
0.024242424242424242,0.5777777777777777,0.7184200882911682
0.024242424242424242,0.5787037037037037,0.7182661890983582
0.026515151515151516,0.5787037037037037,0.7149959802627563
0.026515151515151516,0.5814814814814815,0.7126948237419128
0.02727272727272727,0.5814814814814815,0.7126790285110474
0.02727272727272727,0.5879629629629629,0.709547221660614
0.02878787878787879,0.5879629629629629,0.7087189555168152
0.02878787878787879,0.5972222222222222,0.706321656703949
0.030303030303030304,0.5972222222222222,0.7056152820587158
0.030303030303030304,0.6425925925925926,0.6778200268745422
0.03106060606060606,0.6425925925925926,0.6701682209968567
0.03106060606060606,0.6462962962962963,0.6675899624824524
0.031818181818181815,0.6462962962962963,0.6673055291175842
0.031818181818181815,0.6481481481481481,0.6667925715446472
0.03257575757575758,0.6481481481481481,0.6649267673492432
0.03257575757575758,0.65,0.6645340919494629
0.03333333333333333,0.65,0.6645070314407349
0.03333333333333333,0.6509259259259259,0.6644555926322937
0.038636363636363635,0.6509259259259259,0.6589227914810181
0.038636363636363635,0.6518518518518519,0.658843457698822
0.04242424242424243,0.6518518518518519,0.6565465331077576
0.04242424242424243,0.6527777777777778,0.6551463007926941
0.04318181818181818,0.6527777777777778,0.6546674966812134
0.04318181818181818,0.6537037037037037,0.6539189219474792
0.04393939393939394,0.6537037037037037,0.6534742712974548
0.04393939393939394,0.6555555555555556,0.6525362730026245
0.0446969696969697,0.6555555555555556,0.65226149559021
0.0446969696969697,0.6564814814814814,0.6522349715232849
0.045454545454545456,0.6564814814814814,0.6521750688552856
0.045454545454545456,0.775,0.5879011154174805
0.04772727272727273,0.775,0.584834635257721
0.04772727272727273,0.7805555555555556,0.5801616907119751
0.048484848484848485,0.7805555555555556,0.5798682570457458
0.048484848484848485,0.7833333333333333,0.5762493014335632
0.05075757575757576,0.7833333333333333,0.5742237567901611
0.05075757575757576,0.7842592592592592,0.5741530060768127
0.05378787878787879,0.7842592592592592,0.5694518685340881
0.05378787878787879,0.7851851851851852,0.5691981315612793
0.05454545454545454,0.7851851851851852,0.5689787864685059
0.05454545454545454,0.7870370370370371,0.5687673091888428
0.056818181818181816,0.7870370370370371,0.5672086477279663
0.056818181818181816,0.7898148148148149,0.5643852949142456
0.06060606060606061,0.7898148148148149,0.56006920337677
0.06060606060606061,0.7907407407407407,0.556435227394104
0.06136363636363636,0.7907407407407407,0.5473757386207581
0.06136363636363636,0.7916666666666666,0.5469011664390564
0.06515151515151515,0.7916666666666666,0.5432457327842712
0.06515151515151515,0.7935185185185185,0.5425952076911926
0.06818181818181818,0.7935185185185185,0.5398552417755127
0.06818181818181818,0.7944444444444444,0.539813220500946
0.07045454545454545,0.7944444444444444,0.5362059473991394
0.07045454545454545,0.7953703703703704,0.535296618938446
0.07272727272727272,0.7953703703703704,0.5337062478065491
0.07272727272727272,0.7962962962962963,0.5334900617599487
0.07348484848484849,0.7962962962962963,0.5320733785629272
0.07348484848484849,0.7981481481481482,0.5295501351356506
0.07575757575757576,0.7981481481481482,0.5273240804672241
0.07575757575757576,0.8055555555555556,0.5151830315589905
0.07651515151515151,0.8055555555555556,0.5094536542892456
0.07651515151515151,0.8092592592592592,0.5083001255989075
0.07727272727272727,0.8092592592592592,0.5077661871910095
0.07727272727272727,0.8111111111111111,0.5043386816978455
0.07803030303030303,0.8111111111111111,0.50269615650177
0.07803030303030303,0.8148148148148148,0.4960343837738037
0.11969696969696969,0.8148148148148148,0.4292212426662445
0.11969696969696969,0.8166666666666667,0.4288838505744934
0.12272727272727273,0.8166666666666667,0.42682749032974243
0.12272727272727273,0.8175925925925925,0.4264508783817291
0.12424242424242424,0.8175925925925925,0.425523042678833
0.12424242424242424,0.8185185185185185,0.4239082336425781
0.12727272727272726,0.8185185185185185,0.4218536615371704
0.12727272727272726,0.8194444444444444,0.42106524109840393
0.12803030303030302,0.8194444444444444,0.4202711284160614
0.12803030303030302,0.8212962962962963,0.41945379972457886
0.1318181818181818,0.8212962962962963,0.41732823848724365
0.1318181818181818,0.8222222222222222,0.4171929955482483
0.13257575757575757,0.8222222222222222,0.4171707034111023
0.13257575757575757,0.8240740740740741,0.4169386923313141
0.13560606060606062,0.8240740740740741,0.41470542550086975
0.13560606060606062,0.825,0.4136407971382141
0.13636363636363635,0.825,0.4135562479496002
0.13636363636363635,0.8268518518518518,0.4132922291755676
0.13712121212121212,0.8268518518518518,0.41313037276268005
0.13712121212121212,0.8277777777777777,0.41304612159729004
0.13787878787878788,0.8277777777777777,0.4129014015197754
0.13787878787878788,0.8287037037037037,0.41224297881126404
0.1393939393939394,0.8287037037037037,0.4120784401893616
0.1393939393939394,0.8314814814814815,0.41053542494773865
0.1409090909090909,0.8314814814814815,0.4096467196941376
0.1409090909090909,0.8324074074074074,0.40924063324928284
0.14166666666666666,0.8324074074074074,0.40886983275413513
0.14166666666666666,0.8333333333333334,0.40835222601890564
0.15757575757575756,0.8333333333333334,0.3941352069377899
0.15757575757575756,0.8351851851851851,0.3923977315425873
0.1590909090909091,0.8351851851851851,0.39195528626441956
0.1590909090909091,0.8361111111111111,0.3917045295238495
0.1621212121212121,0.8361111111111111,0.3890962302684784
0.1621212121212121,0.8398148148148148,0.38853827118873596
0.16287878787878787,0.8398148148148148,0.38841211795806885
0.16287878787878787,0.8407407407407408,0.3883506655693054
0.16363636363636364,0.8407407407407408,0.3882672190666199
0.16363636363636364,0.8444444444444444,0.3875744938850403
0.16666666666666666,0.8444444444444444,0.38631829619407654
0.16666666666666666,0.8462962962962963,0.3841436505317688
0.16893939393939394,0.8462962962962963,0.38284042477607727
0.16893939393939394,0.8481481481481481,0.3826284110546112
0.17045454545454544,0.8481481481481481,0.381033718585968
0.17045454545454544,0.8490740740740741,0.38081783056259155
0.1734848484848485,0.8490740740740741,0.37844327092170715
0.1734848484848485,0.8555555555555555,0.3754330277442932
0.17424242424242425,0.8555555555555555,0.37215694785118103
0.17424242424242425,0.8574074074074074,0.3718251883983612
0.175,0.8574074074074074,0.371794730424881
0.175,0.8601851851851852,0.3705248534679413
0.17727272727272728,0.8601851851851852,0.36931172013282776
0.17727272727272728,0.8638888888888889,0.366916686296463
0.1787878787878788,0.8638888888888889,0.3660220205783844
0.1787878787878788,0.8666666666666667,0.36441683769226074
0.17954545454545454,0.8666666666666667,0.3640744984149933
0.17954545454545454,0.8675925925925926,0.3640671670436859
0.1803030303030303,0.8675925925925926,0.364041805267334
0.1803030303030303,0.8685185185185185,0.3638361692428589
0.18106060606060606,0.8685185185185185,0.3634408712387085
0.18106060606060606,0.8703703703703703,0.3630138039588928
0.18484848484848485,0.8703703703703703,0.3604249358177185
0.18484848484848485,0.8722222222222222,0.36030375957489014
0.1856060606060606,0.8722222222222222,0.35891929268836975
0.1856060606060606,0.8731481481481481,0.35830095410346985
0.19090909090909092,0.8731481481481481,0.3567567467689514
0.19090909090909092,0.8740740740740741,0.3565981686115265
0.19545454545454546,0.8740740740740741,0.35390424728393555
0.19545454545454546,0.875,0.3537152409553528
0.1962121212121212,0.875,0.3535332679748535
0.1962121212121212,0.8759259259259259,0.3534375727176666
0.20227272727272727,0.8759259259259259,0.3516373336315155
0.20227272727272727,0.8768518518518519,0.35161346197128296
0.20303030303030303,0.8768518518518519,0.3510378897190094
0.20303030303030303,0.8777777777777778,0.3507501184940338
0.2053030303030303,0.8777777777777778,0.34926435351371765
0.2053030303030303,0.8787037037037037,0.348921537399292
0.20757575757575758,0.8787037037037037,0.34594279527664185
0.20757575757575758,0.8796296296296297,0.34576815366744995
0.20909090909090908,0.8796296296296297,0.34489989280700684
0.20909090909090908,0.8824074074074074,0.34240737557411194
0.20984848484848484,0.8824074074074074,0.3419942855834961
0.20984848484848484,0.8833333333333333,0.3418002128601074
0.21212121212121213,0.8833333333333333,0.33886322379112244
0.21212121212121213,0.8944444444444445,0.3239786922931671
0.2128787878787879,0.8944444444444445,0.322350412607193
0.2128787878787879,0.8972222222222223,0.3174617886543274
0.21363636363636362,0.8972222222222223,0.31742820143699646
0.21363636363636362,0.9009259259259259,0.3130200207233429
0.21515151515151515,0.9009259259259259,0.31144842505455017
0.21515151515151515,0.9138888888888889,0.3031260073184967
0.2159090909090909,0.9138888888888889,0.3023670017719269
0.2159090909090909,0.9203703703703704,0.298627108335495
0.21666666666666667,0.9203703703703704,0.297933965921402
0.21666666666666667,0.9231481481481482,0.29718464612960815
0.21818181818181817,0.9231481481481482,0.2964726984500885
0.21818181818181817,0.9268518518518518,0.29330208897590637
0.21893939393939393,0.9268518518518518,0.29180464148521423
0.21893939393939393,0.9277777777777778,0.2916005253791809
0.22196969696969698,0.9277777777777778,0.2905586361885071
0.22196969696969698,0.9296296296296296,0.29022085666656494
0.22424242424242424,0.9296296296296296,0.28936508297920227
0.22424242424242424,0.9305555555555556,0.28933456540107727
0.22575757575757577,0.9305555555555556,0.28849396109580994
0.22575757575757577,0.9314814814814815,0.28796154260635376
0.22727272727272727,0.9314814814814815,0.28665974736213684
0.22727272727272727,0.9333333333333333,0.2858942449092865
0.22954545454545455,0.9333333333333333,0.2856154143810272
0.22954545454545455,0.9342592592592592,0.28540632128715515
0.2340909090909091,0.9342592592592592,0.2828444838523865
0.2340909090909091,0.9351851851851852,0.28265073895454407
0.23939393939393938,0.9351851851851852,0.2801201641559601
0.23939393939393938,0.9361111111111111,0.2794928252696991
0.2409090909090909,0.9361111111111111,0.27931922674179077
0.2409090909090909,0.937037037037037,0.2791217863559723
0.24166666666666667,0.937037037037037,0.27907872200012207
0.24166666666666667,0.937962962962963,0.27884766459465027
0.24242424242424243,0.937962962962963,0.2787765562534332
0.24242424242424243,0.9407407407407408,0.2776719927787781
0.24772727272727274,0.9407407407407408,0.27418169379234314
0.24772727272727274,0.9416666666666667,0.27379414439201355
0.24924242424242424,0.9416666666666667,0.2727702856063843
0.24924242424242424,0.9435185185185185,0.27217724919319153
0.2553030303030303,0.9435185185185185,0.270291805267334
0.2553030303030303,0.9444444444444444,0.2701142132282257
0.2590909090909091,0.9444444444444444,0.2688673138618469
0.2590909090909091,0.9453703703703704,0.26866450905799866
0.2606060606060606,0.9453703703703704,0.26835596561431885
0.2606060606060606,0.9462962962962963,0.2683408856391907
0.26136363636363635,0.9462962962962963,0.2681145966053009
0.26136363636363635,0.9472222222222222,0.2678900957107544
0.26212121212121214,0.9472222222222222,0.26739901304244995
0.26212121212121214,0.9490740740740741,0.2663516402244568
0.2636363636363636,0.9490740740740741,0.265808641910553
0.2636363636363636,0.95,0.26494258642196655
0.26590909090909093,0.95,0.26354241371154785
0.26590909090909093,0.9518518518518518,0.2621624171733856
0.2674242424242424,0.9518518518518518,0.2618909180164337
0.2674242424242424,0.9527777777777777,0.26128652691841125
0.2681818181818182,0.9527777777777777,0.26110607385635376
0.2681818181818182,0.9537037037037037,0.26012855768203735
0.2689393939393939,0.9537037037037037,0.26010987162590027
0.2689393939393939,0.9555555555555556,0.25983041524887085
0.27121212121212124,0.9555555555555556,0.2566690444946289
0.27121212121212124,0.9583333333333334,0.2550411522388458
0.27575757575757576,0.9583333333333334,0.25268906354904175
0.27575757575757576,0.9601851851851851,0.2521568238735199
0.2787878787878788,0.9601851851851851,0.24994517862796783
0.2787878787878788,0.9611111111111111,0.2496619075536728
0.28106060606060607,0.9611111111111111,0.24815435707569122
0.28106060606060607,0.962037037037037,0.2481304258108139
0.2840909090909091,0.962037037037037,0.24786745011806488
0.2840909090909091,0.9629629629629629,0.24762994050979614
0.30606060606060603,0.9629629629629629,0.2348422408103943
0.30606060606060603,0.9638888888888889,0.2326985001564026
0.3098484848484849,0.9638888888888889,0.22672241926193237
0.3098484848484849,0.9648148148148148,0.22650203108787537
0.3159090909090909,0.9648148148148148,0.221734881401062
0.3159090909090909,0.9657407407407408,0.22103632986545563
0.3212121212121212,0.9657407407407408,0.21906502544879913
0.3212121212121212,0.9666666666666667,0.218837708234787
0.32954545454545453,0.9666666666666667,0.21238216757774353
0.32954545454545453,0.9675925925925926,0.21227294206619263
0.3333333333333333,0.9675925925925926,0.20842735469341278
0.3333333333333333,0.9703703703703703,0.2026759386062622
0.3371212121212121,0.9703703703703703,0.19666288793087006
0.3371212121212121,0.9712962962962963,0.19579695165157318
0.3424242424242424,0.9712962962962963,0.19270353019237518
0.3424242424242424,0.9722222222222222,0.19195802509784698
0.35984848484848486,0.9722222222222222,0.1867714822292328
0.35984848484848486,0.9731481481481481,0.18669956922531128
0.36287878787878786,0.9731481481481481,0.1852320432662964
0.36287878787878786,0.9740740740740741,0.1849166452884674
0.36742424242424243,0.9740740740740741,0.18367137014865875
0.36742424242424243,0.975,0.18359866738319397
0.3765151515151515,0.975,0.18091055750846863
0.3765151515151515,0.975925925925926,0.18023069202899933
0.37727272727272726,0.975925925925926,0.1800832450389862
0.37727272727272726,0.9777777777777777,0.17918245494365692
0.37803030303030305,0.9777777777777777,0.17910903692245483
0.37803030303030305,0.9787037037037037,0.1789872646331787
0.3787878787878788,0.9787037037037037,0.178961381316185
0.3787878787878788,0.9805555555555555,0.17866119742393494
0.38484848484848483,0.9805555555555555,0.17653626203536987
0.38484848484848483,0.9814814814814815,0.17649105191230774
0.3856060606060606,0.9814814814814815,0.17637991905212402
0.3856060606060606,0.9824074074074074,0.17573770880699158
0.38636363636363635,0.9824074074074074,0.17565852403640747
0.38636363636363635,0.9833333333333333,0.17519746720790863
0.3893939393939394,0.9833333333333333,0.17356126010417938
0.3893939393939394,0.9842592592592593,0.17349781095981598
0.39924242424242423,0.9842592592592593,0.17030420899391174
0.39924242424242423,0.9851851851851852,0.17029961943626404
0.44393939393939397,0.9851851851851852,0.160963773727417
0.44393939393939397,0.9861111111111112,0.1606997400522232
0.471969696969697,0.9861111111111112,0.15400952100753784
0.471969696969697,0.987037037037037,0.15374137461185455
0.47575757575757577,0.987037037037037,0.15268301963806152
0.47575757575757577,0.9879629629629629,0.1525694876909256
0.4772727272727273,0.9879629629629629,0.15235237777233124
0.4772727272727273,0.9888888888888889,0.15202642977237701
0.5045454545454545,0.9888888888888889,0.14729945361614227
0.5045454545454545,0.9898148148148148,0.14713169634342194
0.5159090909090909,0.9898148148148148,0.14523495733737946
0.5159090909090909,0.9907407407407407,0.14519155025482178
0.5409090909090909,0.9907407407407407,0.14092068374156952
0.5409090909090909,0.9916666666666667,0.14089785516262054
0.5515151515151515,0.9916666666666667,0.13903580605983734
0.5515151515151515,0.9925925925925926,0.1390351951122284
0.556060606060606,0.9925925925925926,0.13547037541866302
0.556060606060606,0.9935185185185185,0.13537387549877167
0.5568181818181818,0.9935185185185185,0.13519811630249023
0.5568181818181818,0.9953703703703703,0.13489238917827606
0.5598484848484848,0.9953703703703703,0.13398058712482452
0.5598484848484848,0.9972222222222222,0.13336975872516632
0.5606060606060606,0.9972222222222222,0.13175392150878906
0.5606060606060606,0.9981481481481481,0.13169610500335693
0.5621212121212121,0.9981481481481481,0.13086563348770142
0.5621212121212121,0.9990740740740741,0.1308276355266571
0.5636363636363636,0.9990740740740741,0.13059748709201813
0.5636363636363636,1.0,0.13057377934455872
1.0,1.0,0.016005560755729675
