FPR,TPR,Threshold
0.0,0.0,1.983470380306244
0.0,0.000925925925925926,0.9834703803062439
0.0,0.25092592592592594,0.943144679069519
0.0007575757575757576,0.25092592592592594,0.9429516196250916
0.0007575757575757576,0.2537037037037037,0.9426558017730713
0.0015151515151515152,0.2537037037037037,0.9423747658729553
0.0015151515151515152,0.2564814814814815,0.9417415261268616
0.0022727272727272726,0.2564814814814815,0.9417245388031006
0.0022727272727272726,0.2759259259259259,0.9379685521125793
0.0030303030303030303,0.2759259259259259,0.9377579092979431
0.0030303030303030303,0.29074074074074074,0.9351029992103577
0.003787878787878788,0.29074074074074074,0.9349328279495239
0.003787878787878788,0.3037037037037037,0.9320705533027649
0.004545454545454545,0.3037037037037037,0.93203204870224
0.004545454545454545,0.3148148148148148,0.9305851459503174
0.005303030303030303,0.3148148148148148,0.9302883148193359
0.005303030303030303,0.31666666666666665,0.9300304651260376
0.006060606060606061,0.31666666666666665,0.9299427270889282
0.006060606060606061,0.32037037037037036,0.9296770691871643
0.006818181818181818,0.32037037037037036,0.929549515247345
0.006818181818181818,0.32592592592592595,0.9291196465492249
0.007575757575757576,0.32592592592592595,0.9290650486946106
0.007575757575757576,0.3287037037037037,0.9288365244865417
0.008333333333333333,0.3287037037037037,0.9287837743759155
0.008333333333333333,0.33055555555555555,0.9287697076797485
0.009848484848484848,0.33055555555555555,0.9285914301872253
0.009848484848484848,0.3527777777777778,0.9249212145805359
0.010606060606060607,0.3527777777777778,0.9248173236846924
0.010606060606060607,0.36203703703703705,0.9215050935745239
0.011363636363636364,0.36203703703703705,0.9213678240776062
0.011363636363636364,0.36944444444444446,0.9197425246238708
0.012121212121212121,0.36944444444444446,0.9193792939186096
0.012121212121212121,0.37037037037037035,0.919336199760437
0.012878787878787878,0.37037037037037035,0.9192553162574768
0.012878787878787878,0.38333333333333336,0.9151255488395691
0.013636363636363636,0.38333333333333336,0.9144872426986694
0.013636363636363636,0.3907407407407407,0.9130265116691589
0.014393939393939395,0.3907407407407407,0.9128282070159912
0.014393939393939395,0.39537037037037037,0.909751296043396
0.015151515151515152,0.39537037037037037,0.9093146920204163
0.015151515151515152,0.5175925925925926,0.87043696641922
0.015909090909090907,0.5175925925925926,0.8691436052322388
0.015909090909090907,0.5212962962962963,0.8681439161300659
0.016666666666666666,0.5212962962962963,0.867229700088501
0.016666666666666666,0.5435185185185185,0.8609445691108704
0.017424242424242425,0.5435185185185185,0.8607640862464905
0.017424242424242425,0.5444444444444444,0.8607367873191833
0.01818181818181818,0.5444444444444444,0.8607168197631836
0.01818181818181818,0.5527777777777778,0.859022319316864
0.01893939393939394,0.5527777777777778,0.8588196635246277
0.01893939393939394,0.575,0.8523862361907959
0.020454545454545454,0.575,0.8507435917854309
0.020454545454545454,0.5814814814814815,0.8472542762756348
0.021212121212121213,0.5814814814814815,0.8463295698165894
0.021212121212121213,0.5898148148148148,0.8437637686729431
0.02196969696969697,0.5898148148148148,0.8435494303703308
0.02196969696969697,0.5907407407407408,0.8434860706329346
0.022727272727272728,0.5907407407407408,0.8429222106933594
0.022727272727272728,0.5916666666666667,0.8425114154815674
0.023484848484848483,0.5916666666666667,0.8422704935073853
0.023484848484848483,0.5925925925925926,0.8417330384254456
0.025757575757575757,0.5925925925925926,0.8412352800369263
0.025757575757575757,0.5935185185185186,0.841040313243866
0.02878787878787879,0.5935185185185186,0.8399151563644409
0.02878787878787879,0.5944444444444444,0.8393545150756836
0.029545454545454545,0.5944444444444444,0.8389312624931335
0.029545454545454545,0.5962962962962963,0.8384571075439453
0.031818181818181815,0.5962962962962963,0.8374862670898438
0.031818181818181815,0.5972222222222222,0.8374848961830139
0.03257575757575758,0.5972222222222222,0.8367174863815308
0.03257575757575758,0.5981481481481481,0.8363959789276123
0.03484848484848485,0.5981481481481481,0.8359023928642273
0.03484848484848485,0.5990740740740741,0.8358941078186035
0.037121212121212124,0.5990740740740741,0.8344784379005432
0.037121212121212124,0.6,0.834142804145813
0.038636363636363635,0.6,0.8336086273193359
0.038636363636363635,0.600925925925926,0.8335527181625366
0.04015151515151515,0.600925925925926,0.831899881362915
0.04015151515151515,0.6027777777777777,0.8297629356384277
0.04090909090909091,0.6027777777777777,0.8295161128044128
0.04090909090909091,0.6037037037037037,0.8289120197296143
0.04318181818181818,0.6037037037037037,0.8284377455711365
0.04318181818181818,0.6046296296296296,0.8281098008155823
0.04393939393939394,0.6046296296296296,0.8280814290046692
0.04393939393939394,0.6064814814814815,0.8272242546081543
0.0446969696969697,0.6064814814814815,0.8266573548316956
0.0446969696969697,0.6074074074074074,0.825689435005188
0.045454545454545456,0.6074074074074074,0.8253466486930847
0.045454545454545456,0.7212962962962963,0.760514497756958
0.04696969696969697,0.7212962962962963,0.7603241801261902
0.04696969696969697,0.7361111111111112,0.7536133527755737
0.04772727272727273,0.7361111111111112,0.7532048225402832
0.04772727272727273,0.7527777777777778,0.7418488264083862
0.048484848484848485,0.7527777777777778,0.741692066192627
0.048484848484848485,0.7537037037037037,0.7412097454071045
0.05,0.7537037037037037,0.7407312393188477
0.05,0.7546296296296297,0.7406949996948242
0.05075757575757576,0.7546296296296297,0.7406887412071228
0.05075757575757576,0.7564814814814815,0.7382779717445374
0.05303030303030303,0.7564814814814815,0.7369464039802551
0.05303030303030303,0.7574074074074074,0.7367420196533203
0.05378787878787879,0.7574074074074074,0.7366898655891418
0.05378787878787879,0.7583333333333333,0.73660808801651
0.05606060606060606,0.7583333333333333,0.7351698279380798
0.05606060606060606,0.7592592592592593,0.7341876029968262
0.06287878787878788,0.7592592592592593,0.7186247706413269
0.06287878787878788,0.7611111111111111,0.7171252965927124
0.06515151515151515,0.7611111111111111,0.7081249356269836
0.06515151515151515,0.7620370370370371,0.7080226540565491
0.07575757575757576,0.7620370370370371,0.6927343010902405
0.07575757575757576,0.774074074074074,0.6616250872612
0.07727272727272727,0.774074074074074,0.657196581363678
0.07727272727272727,0.7777777777777778,0.6519454717636108
0.07803030303030303,0.7777777777777778,0.6485997438430786
0.07803030303030303,0.7796296296296297,0.6439195871353149
0.07878787878787878,0.7796296296296297,0.6405485272407532
0.07878787878787878,0.7805555555555556,0.6388941407203674
0.07954545454545454,0.7805555555555556,0.6388060450553894
0.07954545454545454,0.7824074074074074,0.6362631320953369
0.0803030303030303,0.7824074074074074,0.6347232460975647
0.0803030303030303,0.7833333333333333,0.6340945363044739
0.08106060606060606,0.7833333333333333,0.6334456205368042
0.08106060606060606,0.7851851851851852,0.6321441531181335
0.08257575757575758,0.7851851851851852,0.6311180591583252
0.08257575757575758,0.7870370370370371,0.6309138536453247
0.08409090909090909,0.7870370370370371,0.6300509572029114
0.08409090909090909,0.787962962962963,0.6295665502548218
0.08484848484848485,0.787962962962963,0.6293715834617615
0.08484848484848485,0.7907407407407407,0.6287439465522766
0.08712121212121213,0.7907407407407407,0.6264073252677917
0.08712121212121213,0.7916666666666666,0.6263092756271362
0.08863636363636364,0.7916666666666666,0.6253500580787659
0.08863636363636364,0.7935185185185185,0.6245556473731995
0.0893939393939394,0.7935185185185185,0.6228353977203369
0.0893939393939394,0.7953703703703704,0.6215879917144775
0.09015151515151515,0.7953703703703704,0.621383011341095
0.09015151515151515,0.799074074074074,0.6193451881408691
0.09166666666666666,0.799074074074074,0.6187878847122192
0.09166666666666666,0.8,0.6181896328926086
0.09242424242424242,0.8,0.6164168119430542
0.09242424242424242,0.8009259259259259,0.6148514151573181
0.09318181818181819,0.8009259259259259,0.6140823364257812
0.09318181818181819,0.8018518518518518,0.6140294671058655
0.0946969696969697,0.8018518518518518,0.6129593253135681
0.0946969696969697,0.8027777777777778,0.6115371584892273
0.09545454545454546,0.8027777777777778,0.6110096573829651
0.09545454545454546,0.8055555555555556,0.6104326248168945
0.09621212121212121,0.8055555555555556,0.6103079319000244
0.09621212121212121,0.8064814814814815,0.6089915633201599
0.09696969696969697,0.8064814814814815,0.6083821058273315
0.09696969696969697,0.8092592592592592,0.6052143573760986
0.09772727272727273,0.8092592592592592,0.6050059199333191
0.09772727272727273,0.8111111111111111,0.6040329933166504
0.09924242424242424,0.8111111111111111,0.6028926372528076
0.09924242424242424,0.812037037037037,0.6010748147964478
0.10075757575757575,0.812037037037037,0.5995898246765137
0.10075757575757575,0.8138888888888889,0.5985798239707947
0.10151515151515152,0.8138888888888889,0.5979047417640686
0.10151515151515152,0.8148148148148148,0.5975434184074402
0.10378787878787879,0.8148148148148148,0.5966624021530151
0.10378787878787879,0.8157407407407408,0.5964414477348328
0.1053030303030303,0.8157407407407408,0.5958276987075806
0.1053030303030303,0.8175925925925925,0.5955307483673096
0.10606060606060606,0.8175925925925925,0.595470130443573
0.10606060606060606,0.8185185185185185,0.5953465104103088
0.10681818181818181,0.8185185185185185,0.5953318476676941
0.10681818181818181,0.8231481481481482,0.592921257019043
0.10909090909090909,0.8231481481481482,0.5905852913856506
0.10909090909090909,0.825925925925926,0.5893760323524475
0.10984848484848485,0.825925925925926,0.5880916714668274
0.10984848484848485,0.8268518518518518,0.587995707988739
0.11060606060606061,0.8268518518518518,0.5875363945960999
0.11060606060606061,0.8287037037037037,0.5852000117301941
0.11212121212121212,0.8287037037037037,0.584004282951355
0.11212121212121212,0.8314814814814815,0.5833207368850708
0.11287878787878788,0.8314814814814815,0.5816932916641235
0.11287878787878788,0.8324074074074074,0.5810521841049194
0.1159090909090909,0.8324074074074074,0.5777460336685181
0.1159090909090909,0.8333333333333334,0.5769079923629761
0.11666666666666667,0.8333333333333334,0.5768864154815674
0.11666666666666667,0.8342592592592593,0.5758203268051147
0.11742424242424243,0.8342592592592593,0.574425220489502
0.11742424242424243,0.8351851851851851,0.5743304491043091
0.11818181818181818,0.8351851851851851,0.574164092540741
0.11818181818181818,0.8361111111111111,0.5736958980560303
0.11893939393939394,0.8361111111111111,0.5733036994934082
0.11893939393939394,0.8398148148148148,0.5701154470443726
0.11969696969696969,0.8398148148148148,0.5690582990646362
0.11969696969696969,0.8425925925925926,0.5671355724334717
0.12045454545454545,0.8425925925925926,0.5654808282852173
0.12045454545454545,0.8453703703703703,0.5615959763526917
0.12121212121212122,0.8453703703703703,0.5608529448509216
0.12121212121212122,0.850925925925926,0.5430816411972046
0.12272727272727273,0.850925925925926,0.5401657819747925
0.12272727272727273,0.8555555555555555,0.5340368151664734
0.12348484848484849,0.8555555555555555,0.5307139158248901
0.12348484848484849,0.8638888888888889,0.5156587362289429
0.12424242424242424,0.8638888888888889,0.5149093270301819
0.12424242424242424,0.8731481481481481,0.5065042972564697
0.125,0.8731481481481481,0.5054555535316467
0.125,0.8777777777777778,0.4987000823020935
0.12575757575757576,0.8777777777777778,0.49767637252807617
0.12575757575757576,0.8787037037037037,0.49726831912994385
0.12651515151515152,0.8787037037037037,0.4965205788612366
0.12651515151515152,0.8796296296296297,0.49632468819618225
0.12727272727272726,0.8796296296296297,0.49499189853668213
0.12727272727272726,0.8805555555555555,0.49481403827667236
0.12803030303030302,0.8805555555555555,0.49446240067481995
0.12803030303030302,0.8870370370370371,0.48887568712234497
0.12878787878787878,0.8870370370370371,0.48836350440979004
0.12878787878787878,0.887962962962963,0.48716187477111816
0.12954545454545455,0.887962962962963,0.4871377944946289
0.12954545454545455,0.8898148148148148,0.4865491986274719
0.13257575757575757,0.8898148148148148,0.48602643609046936
0.13257575757575757,0.8907407407407407,0.48560696840286255
0.13333333333333333,0.8907407407407407,0.4846925139427185
0.13333333333333333,0.8925925925925926,0.4823574423789978
0.13560606060606062,0.8925925925925926,0.48199155926704407
0.13560606060606062,0.8953703703703704,0.478452205657959
0.13636363636363635,0.8953703703703704,0.4781171679496765
0.13636363636363635,0.8962962962962963,0.4781080186367035
0.13712121212121212,0.8962962962962963,0.47800078988075256
0.13712121212121212,0.8972222222222223,0.4777815639972687
0.13787878787878788,0.8972222222222223,0.4777216613292694
0.13787878787878788,0.9268518518518518,0.4642626643180847
0.13863636363636364,0.9268518518518518,0.46417608857154846
0.13863636363636364,0.9564814814814815,0.445075660943985
0.1393939393939394,0.9564814814814815,0.4449542164802551
0.1393939393939394,0.962037037037037,0.43925949931144714
0.14015151515151514,0.962037037037037,0.438467413187027
0.14015151515151514,0.9629629629629629,0.4383656978607178
0.1431818181818182,0.9629629629629629,0.435989648103714
0.1431818181818182,0.9638888888888889,0.4354934096336365
0.14393939393939395,0.9638888888888889,0.4335964322090149
0.14393939393939395,0.9666666666666667,0.43193522095680237
0.14772727272727273,0.9666666666666667,0.42909371852874756
0.14772727272727273,0.9685185185185186,0.4262983202934265
0.14924242424242423,0.9685185185185186,0.42579102516174316
0.14924242424242423,0.9731481481481481,0.4209160804748535
0.15075757575757576,0.9731481481481481,0.4204738438129425
0.15075757575757576,0.9768518518518519,0.41805896162986755
0.15151515151515152,0.9768518518518519,0.41629233956336975
0.15151515151515152,0.9814814814814815,0.4116825461387634
0.2878787878787879,0.9814814814814815,0.2743283808231354
0.2878787878787879,0.9824074074074074,0.27422624826431274
0.2916666666666667,0.9824074074074074,0.2726373076438904
0.2916666666666667,0.9833333333333333,0.27210932970046997
0.3053030303030303,0.9833333333333333,0.2635415196418762
0.3053030303030303,0.9842592592592593,0.26185333728790283
0.3090909090909091,0.9842592592592593,0.2573220729827881
0.3090909090909091,0.9851851851851852,0.25699836015701294
0.31363636363636366,0.9851851851851852,0.25405558943748474
0.31363636363636366,0.9861111111111112,0.25364863872528076
0.32045454545454544,0.9861111111111112,0.24838237464427948
0.32045454545454544,0.987037037037037,0.24830102920532227
0.32196969696969696,0.987037037037037,0.24778644740581512
0.32196969696969696,0.9879629629629629,0.24772876501083374
0.3242424242424242,0.9879629629629629,0.24709993600845337
0.3242424242424242,0.9888888888888889,0.24633102118968964
0.325,0.9888888888888889,0.24605241417884827
0.325,0.9898148148148148,0.24523776769638062
0.32727272727272727,0.9898148148148148,0.241980642080307
0.32727272727272727,0.9916666666666667,0.24122996628284454
0.328030303030303,0.9916666666666667,0.2397623062133789
0.328030303030303,0.9944444444444445,0.23799149692058563
0.3303030303030303,0.9944444444444445,0.23601974546909332
0.3303030303030303,0.9962962962962963,0.23524412512779236
0.34015151515151515,0.9962962962962963,0.22973676025867462
0.34015151515151515,0.9972222222222222,0.22935330867767334
0.3409090909090909,0.9972222222222222,0.2292344719171524
0.3409090909090909,0.9981481481481481,0.22893942892551422
0.3431818181818182,0.9981481481481481,0.22836185991764069
0.3431818181818182,0.9990740740740741,0.22831279039382935
0.35075757575757577,0.9990740740740741,0.2248101681470871
0.35075757575757577,1.0,0.22423289716243744
1.0,1.0,0.013074889779090881
