FPR,TPR,Threshold
0.0,0.0,1.954248309135437
0.0,0.0009615384615384616,0.954248309135437
0.0,0.04038461538461539,0.9297124147415161
0.0007352941176470588,0.04038461538461539,0.9292667508125305
0.0007352941176470588,0.041346153846153845,0.9292310476303101
0.0014705882352941176,0.041346153846153845,0.9290233850479126
0.0014705882352941176,0.04423076923076923,0.9281619787216187
0.0029411764705882353,0.04423076923076923,0.9275606274604797
0.0029411764705882353,0.046153846153846156,0.925910472869873
0.003676470588235294,0.046153846153846156,0.9259008765220642
0.003676470588235294,0.04807692307692308,0.9246421456336975
0.005147058823529412,0.04807692307692308,0.9226682186126709
0.005147058823529412,0.05,0.922396719455719
0.006617647058823529,0.05,0.9217620491981506
0.006617647058823529,0.05096153846153846,0.9214871525764465
0.007352941176470588,0.05096153846153846,0.9214318990707397
0.007352941176470588,0.06057692307692308,0.9168323874473572
0.008088235294117648,0.06057692307692308,0.9166838526725769
0.008088235294117648,0.06442307692307692,0.9155694842338562
0.008823529411764706,0.06442307692307692,0.9153153896331787
0.008823529411764706,0.06538461538461539,0.9151998162269592
0.009558823529411765,0.06538461538461539,0.9149527549743652
0.009558823529411765,0.06826923076923076,0.9136288166046143
0.010294117647058823,0.06826923076923076,0.9133430123329163
0.010294117647058823,0.08173076923076923,0.9101587533950806
0.011029411764705883,0.08173076923076923,0.9095042943954468
0.011029411764705883,0.08942307692307692,0.9076112508773804
0.011764705882352941,0.08942307692307692,0.907378613948822
0.011764705882352941,0.09134615384615384,0.9068104028701782
0.0125,0.09134615384615384,0.9067012071609497
0.0125,0.10961538461538461,0.9016822576522827
0.013235294117647059,0.10961538461538461,0.9016591906547546
0.013235294117647059,0.11153846153846154,0.901348888874054
0.013970588235294118,0.11153846153846154,0.9006878733634949
0.013970588235294118,0.11538461538461539,0.8996754288673401
0.014705882352941176,0.11538461538461539,0.8995163440704346
0.014705882352941176,0.26634615384615384,0.8414788246154785
0.016176470588235296,0.26634615384615384,0.8407941460609436
0.016176470588235296,0.27115384615384613,0.8397112488746643
0.01764705882352941,0.27115384615384613,0.8388625979423523
0.01764705882352941,0.2721153846153846,0.8387265205383301
0.01911764705882353,0.2721153846153846,0.8374834060668945
0.01911764705882353,0.27403846153846156,0.8366303443908691
0.019852941176470587,0.27403846153846156,0.8363237977027893
0.019852941176470587,0.275,0.8358823657035828
0.021323529411764706,0.275,0.8356322646141052
0.021323529411764706,0.28173076923076923,0.8327789902687073
0.022058823529411766,0.28173076923076923,0.8327632546424866
0.022058823529411766,0.2865384615384615,0.8312012553215027
0.023529411764705882,0.2865384615384615,0.8303300142288208
0.023529411764705882,0.28942307692307695,0.8290866017341614
0.025,0.28942307692307695,0.8285341858863831
0.025,0.29615384615384616,0.8277750611305237
0.027205882352941177,0.29615384615384616,0.8269702196121216
0.027205882352941177,0.2980769230769231,0.8259106874465942
0.027941176470588237,0.2980769230769231,0.8258793354034424
0.027941176470588237,0.3,0.8257589340209961
0.029411764705882353,0.3,0.8252831697463989
0.029411764705882353,0.32019230769230766,0.817947506904602
0.030147058823529412,0.32019230769230766,0.817695677280426
0.030147058823529412,0.32596153846153847,0.8161594271659851
0.030882352941176472,0.32596153846153847,0.8146467208862305
0.030882352941176472,0.3403846153846154,0.8115652799606323
0.03161764705882353,0.3403846153846154,0.8114225268363953
0.03161764705882353,0.34326923076923077,0.810982882976532
0.03235294117647059,0.34326923076923077,0.8100915551185608
0.03235294117647059,0.34615384615384615,0.8092277646064758
0.03308823529411765,0.34615384615384615,0.8088813424110413
0.03308823529411765,0.35096153846153844,0.806006133556366
0.033823529411764704,0.35096153846153844,0.8058156967163086
0.033823529411764704,0.3548076923076923,0.8051312565803528
0.03529411764705882,0.3548076923076923,0.8047921061515808
0.03529411764705882,0.35673076923076924,0.8045734167098999
0.03676470588235294,0.35673076923076924,0.8044877052307129
0.03676470588235294,0.3596153846153846,0.803688645362854
0.0375,0.3596153846153846,0.803164541721344
0.0375,0.36346153846153845,0.8024691343307495
0.03823529411764706,0.36346153846153845,0.8022069334983826
0.03823529411764706,0.36730769230769234,0.8013262152671814
0.039705882352941174,0.36730769230769234,0.800960123538971
0.039705882352941174,0.3721153846153846,0.7998974919319153
0.04044117647058824,0.3721153846153846,0.7998263239860535
0.04044117647058824,0.3730769230769231,0.7998088002204895
0.041176470588235294,0.3730769230769231,0.7993867993354797
0.041176470588235294,0.3778846153846154,0.7984919548034668
0.04191176470588235,0.3778846153846154,0.7984397411346436
0.04191176470588235,0.38846153846153847,0.7956215739250183
0.04264705882352941,0.38846153846153847,0.7950991988182068
0.04264705882352941,0.39134615384615384,0.7942560315132141
0.04338235294117647,0.39134615384615384,0.7941721677780151
0.04338235294117647,0.3923076923076923,0.7941665649414062
0.04485294117647059,0.3923076923076923,0.7933870553970337
0.04485294117647059,0.3971153846153846,0.7926331162452698
0.04632352941176471,0.3971153846153846,0.7923083305358887
0.04632352941176471,0.4009615384615385,0.791612982749939
0.047058823529411764,0.4009615384615385,0.7912116646766663
0.047058823529411764,0.40192307692307694,0.7909121513366699
0.04779411764705882,0.40192307692307694,0.7907117009162903
0.04779411764705882,0.4028846153846154,0.7903785705566406
0.05,0.4028846153846154,0.790084719657898
0.05,0.4048076923076923,0.7896604537963867
0.05073529411764706,0.4048076923076923,0.789314866065979
0.05073529411764706,0.40576923076923077,0.7892367839813232
0.052941176470588235,0.40576923076923077,0.7889991402626038
0.052941176470588235,0.4076923076923077,0.7883948683738708
0.05367647058823529,0.4076923076923077,0.788348913192749
0.05367647058823529,0.40865384615384615,0.7878182530403137
0.05514705882352941,0.40865384615384615,0.7868797779083252
0.05514705882352941,0.41057692307692306,0.7865791916847229
0.05955882352941176,0.41057692307692306,0.7835862040519714
0.05955882352941176,0.4153846153846154,0.7828233242034912
0.060294117647058824,0.4153846153846154,0.7828143835067749
0.060294117647058824,0.4182692307692308,0.782203197479248
0.06102941176470588,0.4182692307692308,0.7821717262268066
0.06102941176470588,0.4221153846153846,0.7811452746391296
0.061764705882352944,0.4221153846153846,0.7809503078460693
0.061764705882352944,0.4230769230769231,0.7808942198753357
0.0625,0.4230769230769231,0.78082674741745
0.0625,0.42403846153846153,0.7805375456809998
0.06397058823529411,0.42403846153846153,0.7803511023521423
0.06397058823529411,0.42788461538461536,0.7797727584838867
0.06470588235294118,0.42788461538461536,0.7796841859817505
0.06470588235294118,0.4288461538461538,0.7794901728630066
0.06544117647058824,0.4288461538461538,0.7790704369544983
0.06544117647058824,0.42980769230769234,0.7789967656135559
0.06764705882352941,0.42980769230769234,0.7782407402992249
0.06764705882352941,0.43173076923076925,0.7775843143463135
0.06911764705882353,0.43173076923076925,0.7762022614479065
0.06911764705882353,0.4346153846153846,0.7751545906066895
0.07058823529411765,0.4346153846153846,0.7746606469154358
0.07058823529411765,0.43846153846153846,0.7725264430046082
0.0713235294117647,0.43846153846153846,0.7720966935157776
0.0713235294117647,0.4442307692307692,0.7711495757102966
0.07205882352941176,0.4442307692307692,0.7710023522377014
0.07205882352941176,0.45,0.7690690159797668
0.07279411764705883,0.45,0.7689422965049744
0.07279411764705883,0.45096153846153847,0.7688286900520325
0.07352941176470588,0.45096153846153847,0.7688039541244507
0.07352941176470588,0.4519230769230769,0.7686341404914856
0.07426470588235294,0.4519230769230769,0.768346905708313
0.07426470588235294,0.45384615384615384,0.7675671577453613
0.075,0.45384615384615384,0.7669633030891418
0.075,0.4548076923076923,0.7665879726409912
0.07573529411764705,0.4548076923076923,0.7661930322647095
0.07573529411764705,0.46057692307692305,0.7646934986114502
0.07647058823529412,0.46057692307692305,0.764456033706665
0.07647058823529412,0.46153846153846156,0.7644026279449463
0.07867647058823529,0.46153846153846156,0.7630481719970703
0.07867647058823529,0.46634615384615385,0.7625016570091248
0.07941176470588235,0.46634615384615385,0.762192964553833
0.07941176470588235,0.46826923076923077,0.7616196274757385
0.08014705882352942,0.46826923076923077,0.7614961266517639
0.08014705882352942,0.4721153846153846,0.7594976425170898
0.08161764705882353,0.4721153846153846,0.7586840987205505
0.08161764705882353,0.47307692307692306,0.7586621642112732
0.08308823529411764,0.47307692307692306,0.7584506273269653
0.08308823529411764,0.4798076923076923,0.7568038702011108
0.0838235294117647,0.4798076923076923,0.7564391493797302
0.0838235294117647,0.4826923076923077,0.7560248374938965
0.08529411764705883,0.4826923076923077,0.7557743191719055
0.08529411764705883,0.48365384615384616,0.7556016445159912
0.08823529411764706,0.48365384615384616,0.7533609867095947
0.08823529411764706,0.4846153846153846,0.75310879945755
0.08897058823529412,0.4846153846153846,0.7526503801345825
0.08897058823529412,0.4855769230769231,0.7522236108779907
0.08970588235294118,0.4855769230769231,0.7522143721580505
0.08970588235294118,0.49423076923076925,0.75017911195755
0.09117647058823529,0.49423076923076925,0.7499536871910095
0.09117647058823529,0.4951923076923077,0.7494959831237793
0.09264705882352942,0.4951923076923077,0.7492652535438538
0.09264705882352942,0.49615384615384617,0.7490708827972412
0.09338235294117647,0.49615384615384617,0.7488705515861511
0.09338235294117647,0.4971153846153846,0.7488385438919067
0.09411764705882353,0.4971153846153846,0.7488226890563965
0.09411764705882353,0.4980769230769231,0.7487719058990479
0.09558823529411764,0.4980769230769231,0.747932493686676
0.09558823529411764,0.49903846153846154,0.7477565407752991
0.09705882352941177,0.49903846153846154,0.7473170757293701
0.09705882352941177,0.5,0.7468952536582947
0.09779411764705882,0.5,0.7467199563980103
0.09779411764705882,0.5009615384615385,0.7461570501327515
0.10220588235294117,0.5009615384615385,0.7437467575073242
0.10220588235294117,0.5028846153846154,0.743495523929596
0.10441176470588236,0.5028846153846154,0.7429226040840149
0.10441176470588236,0.5038461538461538,0.7426561713218689
0.10514705882352941,0.5038461538461538,0.7425464391708374
0.10514705882352941,0.5057692307692307,0.7416292428970337
0.10661764705882353,0.5057692307692307,0.7407601475715637
0.10661764705882353,0.5076923076923077,0.7404642105102539
0.10808823529411765,0.5076923076923077,0.7400283813476562
0.10808823529411765,0.510576923076923,0.7396485209465027
0.10955882352941176,0.510576923076923,0.7389556169509888
0.10955882352941176,0.5153846153846153,0.7362022995948792
0.11102941176470588,0.5153846153846153,0.73565673828125
0.11102941176470588,0.5163461538461539,0.7352126240730286
0.11176470588235295,0.5163461538461539,0.7352108359336853
0.11176470588235295,0.5173076923076924,0.7348673939704895
0.11323529411764706,0.5173076923076924,0.7340341210365295
0.11323529411764706,0.5182692307692308,0.7340126037597656
0.11397058823529412,0.5182692307692308,0.7337781190872192
0.11397058823529412,0.5192307692307693,0.7334707379341125
0.11544117647058824,0.5192307692307693,0.7325673699378967
0.11544117647058824,0.5201923076923077,0.7323225736618042
0.11911764705882352,0.5201923076923077,0.7300988435745239
0.11911764705882352,0.5211538461538462,0.7295010089874268
0.12058823529411765,0.5211538461538462,0.7289117574691772
0.12058823529411765,0.5230769230769231,0.7282306551933289
0.1213235294117647,0.5230769230769231,0.7280253171920776
0.1213235294117647,0.5240384615384616,0.7274640798568726
0.12279411764705882,0.5240384615384616,0.7267564535140991
0.12279411764705882,0.525,0.7247025966644287
0.12352941176470589,0.525,0.7239667177200317
0.12352941176470589,0.5298076923076923,0.7227321267127991
0.12426470588235294,0.5298076923076923,0.7223886847496033
0.12426470588235294,0.5346153846153846,0.7213278412818909
0.125,0.5346153846153846,0.7209107875823975
0.125,0.5365384615384615,0.7205056548118591
0.1264705882352941,0.5365384615384615,0.720344603061676
0.1264705882352941,0.5375,0.7202586531639099
0.12794117647058822,0.5375,0.7197543382644653
0.12794117647058822,0.5394230769230769,0.7193073034286499
0.12941176470588237,0.5394230769230769,0.7188711762428284
0.12941176470588237,0.5413461538461538,0.7183520197868347
0.13088235294117648,0.5413461538461538,0.7180007696151733
0.13088235294117648,0.5442307692307692,0.7173247933387756
0.13161764705882353,0.5442307692307692,0.71720290184021
0.13161764705882353,0.5471153846153847,0.7169536352157593
0.13602941176470587,0.5471153846153847,0.7144985198974609
0.13602941176470587,0.5490384615384616,0.7144669890403748
0.13970588235294118,0.5490384615384616,0.7126396894454956
0.13970588235294118,0.551923076923077,0.7116178870201111
0.14044117647058824,0.551923076923077,0.7115802764892578
0.14044117647058824,0.5548076923076923,0.7109470963478088
0.1411764705882353,0.5548076923076923,0.7103856801986694
0.1411764705882353,0.5557692307692308,0.7098345756530762
0.1426470588235294,0.5557692307692308,0.7097954154014587
0.1426470588235294,0.5586538461538462,0.7092379927635193
0.14411764705882352,0.5586538461538462,0.7087411880493164
0.14411764705882352,0.5615384615384615,0.7077042460441589
0.1448529411764706,0.5615384615384615,0.7073416113853455
0.1448529411764706,0.5625,0.7072994112968445
0.14558823529411766,0.5625,0.7072367072105408
0.14558823529411766,0.5673076923076923,0.7050411105155945
0.1463235294117647,0.5673076923076923,0.7050230503082275
0.1463235294117647,0.573076923076923,0.7036306262016296
0.14705882352941177,0.573076923076923,0.7035340666770935
0.14705882352941177,0.5740384615384615,0.7034130096435547
0.14779411764705883,0.5740384615384615,0.7027595639228821
0.14779411764705883,0.575,0.7027413249015808
0.14926470588235294,0.575,0.7022647261619568
0.14926470588235294,0.5759615384615384,0.7019676566123962
0.15073529411764705,0.5759615384615384,0.7014328241348267
0.15073529411764705,0.5769230769230769,0.7011065483093262
0.15441176470588236,0.5769230769230769,0.6994470357894897
0.15441176470588236,0.5778846153846153,0.6992456316947937
0.15588235294117647,0.5778846153846153,0.6989597082138062
0.15588235294117647,0.5788461538461539,0.6986050605773926
0.15808823529411764,0.5788461538461539,0.6979446411132812
0.15808823529411764,0.5798076923076924,0.6977151036262512
0.16323529411764706,0.5798076923076924,0.696160614490509
0.16323529411764706,0.5807692307692308,0.6958303451538086
0.16544117647058823,0.5807692307692308,0.6950636506080627
0.16544117647058823,0.5817307692307693,0.694678008556366
0.1661764705882353,0.5817307692307693,0.6941733360290527
0.1661764705882353,0.5826923076923077,0.6937807202339172
0.16691176470588234,0.5826923076923077,0.6935983896255493
0.16691176470588234,0.5836538461538462,0.6935926675796509
0.16838235294117648,0.5836538461538462,0.6910403370857239
0.16838235294117648,0.5884615384615385,0.6885437369346619
0.16911764705882354,0.5884615384615385,0.6880364418029785
0.16911764705882354,0.5894230769230769,0.687803328037262
0.1698529411764706,0.5894230769230769,0.6875903010368347
0.1698529411764706,0.5923076923076923,0.6850544214248657
0.17058823529411765,0.5923076923076923,0.6850202679634094
0.17058823529411765,0.5932692307692308,0.6848520636558533
0.17205882352941176,0.5932692307692308,0.6845566630363464
0.17205882352941176,0.5942307692307692,0.6844409704208374
0.17352941176470588,0.5942307692307692,0.6839422583580017
0.17352941176470588,0.5961538461538461,0.6834568381309509
0.17426470588235293,0.5961538461538461,0.6825563907623291
0.17426470588235293,0.5971153846153846,0.6820840835571289
0.175,0.5971153846153846,0.6816740036010742
0.175,0.5990384615384615,0.6812795400619507
0.17573529411764705,0.5990384615384615,0.6812139749526978
0.17573529411764705,0.6,0.6810898780822754
0.17794117647058824,0.6,0.6798829436302185
0.17794117647058824,0.6019230769230769,0.6798483729362488
0.17941176470588235,0.6019230769230769,0.6795438528060913
0.17941176470588235,0.6067307692307692,0.6791335940361023
0.18088235294117647,0.6067307692307692,0.6781094074249268
0.18088235294117647,0.6076923076923076,0.6780580282211304
0.18676470588235294,0.6076923076923076,0.6759573817253113
0.18676470588235294,0.6096153846153847,0.67521071434021
0.1875,0.6096153846153847,0.675199568271637
0.1875,0.6105769230769231,0.67482590675354
0.18823529411764706,0.6105769230769231,0.6744749546051025
0.18823529411764706,0.614423076923077,0.672894299030304
0.18970588235294117,0.614423076923077,0.6718848943710327
0.18970588235294117,0.6182692307692308,0.6704228520393372
0.19338235294117648,0.6182692307692308,0.6693691611289978
0.19338235294117648,0.6192307692307693,0.6689999103546143
0.19411764705882353,0.6192307692307693,0.6682862639427185
0.19411764705882353,0.6201923076923077,0.6682506799697876
0.1948529411764706,0.6201923076923077,0.6680591702461243
0.1948529411764706,0.625,0.6662816405296326
0.19558823529411765,0.625,0.6662656664848328
0.19558823529411765,0.6269230769230769,0.6657286286354065
0.1963235294117647,0.6269230769230769,0.6650293469429016
0.1963235294117647,0.6288461538461538,0.6641721725463867
0.19852941176470587,0.6288461538461538,0.6630306839942932
0.19852941176470587,0.6298076923076923,0.6625767350196838
0.19926470588235295,0.6298076923076923,0.662416398525238
0.19926470588235295,0.6317307692307692,0.6618512272834778
0.2,0.6317307692307692,0.6616007685661316
0.2,0.6346153846153846,0.6615214943885803
0.20073529411764707,0.6346153846153846,0.6614675521850586
0.20073529411764707,0.635576923076923,0.6614250540733337
0.20588235294117646,0.635576923076923,0.6605011224746704
0.20588235294117646,0.6365384615384615,0.6598933935165405
0.20661764705882352,0.6365384615384615,0.65980064868927
0.20661764705882352,0.6432692307692308,0.658607542514801
0.2073529411764706,0.6432692307692308,0.6581766605377197
0.2073529411764706,0.6451923076923077,0.6580345630645752
0.20955882352941177,0.6451923076923077,0.6573165655136108
0.20955882352941177,0.6480769230769231,0.6565970182418823
0.21102941176470588,0.6480769230769231,0.6556989550590515
0.21102941176470588,0.6490384615384616,0.6556840538978577
0.21176470588235294,0.6490384615384616,0.6555055379867554
0.21176470588235294,0.65,0.6541380882263184
0.2139705882352941,0.65,0.6534019708633423
0.2139705882352941,0.6528846153846154,0.6527619361877441
0.21544117647058825,0.6528846153846154,0.6520097851753235
0.21544117647058825,0.6586538461538461,0.6491840481758118
0.21691176470588236,0.6586538461538461,0.6484658122062683
0.21691176470588236,0.6596153846153846,0.648263156414032
0.21764705882352942,0.6596153846153846,0.6479634046554565
0.21764705882352942,0.6615384615384615,0.647636353969574
0.2213235294117647,0.6615384615384615,0.6458632946014404
0.2213235294117647,0.6625,0.6457923054695129
0.225,0.6625,0.6441305875778198
0.225,0.6634615384615384,0.6438748836517334
0.22573529411764706,0.6634615384615384,0.6438169479370117
0.22573529411764706,0.6644230769230769,0.6431677341461182
0.22794117647058823,0.6644230769230769,0.6425226926803589
0.22794117647058823,0.6673076923076923,0.6414350867271423
0.2286764705882353,0.6673076923076923,0.6409827470779419
0.2286764705882353,0.6682692307692307,0.6408137679100037
0.22941176470588234,0.6682692307692307,0.640785813331604
0.22941176470588234,0.6692307692307692,0.6405625939369202
0.2301470588235294,0.6692307692307692,0.6401402950286865
0.2301470588235294,0.6701923076923076,0.6400660872459412
0.23088235294117648,0.6701923076923076,0.640000581741333
0.23088235294117648,0.6711538461538461,0.6395845413208008
0.23161764705882354,0.6711538461538461,0.6387295126914978
0.23161764705882354,0.6855769230769231,0.6320151686668396
0.2323529411764706,0.6855769230769231,0.631734311580658
0.2323529411764706,0.6865384615384615,0.6311756372451782
0.23308823529411765,0.6865384615384615,0.6307756304740906
0.23308823529411765,0.6894230769230769,0.630420982837677
0.2338235294117647,0.6894230769230769,0.6302832365036011
0.2338235294117647,0.6923076923076923,0.628068745136261
0.23455882352941176,0.6923076923076923,0.6278389096260071
0.23455882352941176,0.6932692307692307,0.6277650594711304
0.23676470588235293,0.6932692307692307,0.6268040537834167
0.23676470588235293,0.6961538461538461,0.6255593299865723
0.2375,0.6961538461538461,0.6253268718719482
0.2375,0.6971153846153846,0.625214159488678
0.23823529411764705,0.6971153846153846,0.6249083280563354
0.23823529411764705,0.698076923076923,0.6247028112411499
0.23897058823529413,0.698076923076923,0.6244093775749207
0.23897058823529413,0.6990384615384615,0.6243962049484253
0.24044117647058824,0.6990384615384615,0.6236905455589294
0.24044117647058824,0.7038461538461539,0.6226990222930908
0.2411764705882353,0.7038461538461539,0.6225358247756958
0.2411764705882353,0.7201923076923077,0.6175934672355652
0.24191176470588235,0.7201923076923077,0.6171374320983887
0.24191176470588235,0.7211538461538461,0.6167858242988586
0.24338235294117647,0.7211538461538461,0.6162803173065186
0.24338235294117647,0.725,0.6153067350387573
0.24411764705882352,0.725,0.6152189373970032
0.24411764705882352,0.7307692307692307,0.6134685277938843
0.24485294117647058,0.7307692307692307,0.6131666302680969
0.24485294117647058,0.7317307692307692,0.6130093336105347
0.24632352941176472,0.7317307692307692,0.6125795841217041
0.24632352941176472,0.7326923076923076,0.6125617027282715
0.24705882352941178,0.7326923076923076,0.6122902035713196
0.24705882352941178,0.7346153846153847,0.6109554171562195
0.2485294117647059,0.7346153846153847,0.6108793020248413
0.2485294117647059,0.739423076923077,0.6094788908958435
0.24926470588235294,0.739423076923077,0.6094633936882019
0.24926470588235294,0.7423076923076923,0.6085012555122375
0.25073529411764706,0.7423076923076923,0.6078103184700012
0.25073529411764706,0.7490384615384615,0.6049716472625732
0.2514705882352941,0.7490384615384615,0.6048396229743958
0.2514705882352941,0.7548076923076923,0.6028753519058228
0.25220588235294117,0.7548076923076923,0.6016252636909485
0.25220588235294117,0.7567307692307692,0.6006925106048584
0.2529411764705882,0.7567307692307692,0.6001012921333313
0.2529411764705882,0.7586538461538461,0.5997275710105896
0.2580882352941177,0.7586538461538461,0.5964414477348328
0.2580882352941177,0.760576923076923,0.5956928133964539
0.25882352941176473,0.760576923076923,0.5954502820968628
0.25882352941176473,0.7615384615384615,0.5953825116157532
0.2595588235294118,0.7615384615384615,0.5944899320602417
0.2595588235294118,0.7634615384615384,0.5940094590187073
0.26029411764705884,0.7634615384615384,0.5923121571540833
0.26029411764705884,0.7644230769230769,0.5909895896911621
0.2610294117647059,0.7644230769230769,0.590287983417511
0.2610294117647059,0.7701923076923077,0.585031270980835
0.26176470588235295,0.7701923076923077,0.5847655534744263
0.26176470588235295,0.7740384615384616,0.5839300155639648
0.26323529411764707,0.7740384615384616,0.5838428139686584
0.26323529411764707,0.7769230769230769,0.5829476118087769
0.26691176470588235,0.7769230769230769,0.5813111662864685
0.26691176470588235,0.7788461538461539,0.5805055499076843
0.2691176470588235,0.7788461538461539,0.5780518651008606
0.2691176470588235,0.7807692307692308,0.5775648951530457
0.27058823529411763,0.7807692307692308,0.5766890645027161
0.27058823529411763,0.7836538461538461,0.5733087062835693
0.2727941176470588,0.7836538461538461,0.5714311003684998
0.2727941176470588,0.7913461538461538,0.5691424012184143
0.275,0.7913461538461538,0.5667390823364258
0.275,0.7932692307692307,0.5644562840461731
0.2757352941176471,0.7932692307692307,0.5643487572669983
0.2757352941176471,0.7942307692307692,0.5642135739326477
0.27647058823529413,0.7942307692307692,0.5637943744659424
0.27647058823529413,0.7951923076923076,0.5637769103050232
0.27941176470588236,0.7951923076923076,0.5626083612442017
0.27941176470588236,0.7961538461538461,0.5620408058166504
0.2801470588235294,0.7961538461538461,0.5617596507072449
0.2801470588235294,0.7971153846153847,0.5615994930267334
0.28088235294117647,0.7971153846153847,0.5615803003311157
0.28088235294117647,0.7980769230769231,0.5615749955177307
0.28455882352941175,0.7980769230769231,0.560014545917511
0.28455882352941175,0.7990384615384616,0.5592862963676453
0.2852941176470588,0.7990384615384616,0.5589735507965088
0.2852941176470588,0.8,0.5588202476501465
0.2875,0.8,0.5577044486999512
0.2875,0.8038461538461539,0.5571973919868469
0.28823529411764703,0.8038461538461539,0.5567247271537781
0.28823529411764703,0.8048076923076923,0.5566807985305786
0.29044117647058826,0.8048076923076923,0.5560405850410461
0.29044117647058826,0.8057692307692308,0.5557119250297546
0.2911764705882353,0.8057692307692308,0.5555104613304138
0.2911764705882353,0.8067307692307693,0.5549754500389099
0.29411764705882354,0.8067307692307693,0.5521866679191589
0.29411764705882354,0.8086538461538462,0.5508835911750793
0.29558823529411765,0.8086538461538462,0.5495983958244324
0.29558823529411765,0.8096153846153846,0.5493806600570679
0.29705882352941176,0.8096153846153846,0.5485202074050903
0.29705882352941176,0.8105769230769231,0.5484052896499634
0.2977941176470588,0.8105769230769231,0.5477553009986877
0.2977941176470588,0.8115384615384615,0.547696053981781
0.29926470588235293,0.8115384615384615,0.5465030670166016
0.29926470588235293,0.8125,0.5458827018737793
0.30220588235294116,0.8125,0.5439882278442383
0.30220588235294116,0.8163461538461538,0.543175458908081
0.3029411764705882,0.8163461538461538,0.5429145097732544
0.3029411764705882,0.8173076923076923,0.5422356128692627
0.30367647058823527,0.8173076923076923,0.5421289205551147
0.30367647058823527,0.8182692307692307,0.5414140224456787
0.3044117647058823,0.8182692307692307,0.5407645106315613
0.3044117647058823,0.8192307692307692,0.5406846404075623
0.3058823529411765,0.8192307692307692,0.5403299927711487
0.3058823529411765,0.8201923076923077,0.5392029881477356
0.30661764705882355,0.8201923076923077,0.5381242036819458
0.30661764705882355,0.8211538461538461,0.5376958847045898
0.3088235294117647,0.8211538461538461,0.5367995500564575
0.3088235294117647,0.8221153846153846,0.5366921424865723
0.3095588235294118,0.8221153846153846,0.5359908938407898
0.3095588235294118,0.823076923076923,0.5335424542427063
0.3125,0.823076923076923,0.5326050519943237
0.3125,0.8240384615384615,0.5322597622871399
0.31323529411764706,0.8240384615384615,0.5320110321044922
0.31323529411764706,0.825,0.5315494537353516
0.3139705882352941,0.825,0.5305898189544678
0.3139705882352941,0.8259615384615384,0.5305680632591248
0.31838235294117645,0.8259615384615384,0.5274820327758789
0.31838235294117645,0.8288461538461539,0.526750385761261
0.32573529411764707,0.8288461538461539,0.523540735244751
0.32573529411764707,0.8298076923076924,0.5234267711639404
0.3264705882352941,0.8298076923076924,0.5230222344398499
0.3264705882352941,0.8307692307692308,0.52223140001297
0.32941176470588235,0.8307692307692308,0.5214775800704956
0.32941176470588235,0.8317307692307693,0.5211726427078247
0.3323529411764706,0.8317307692307693,0.5205253958702087
0.3323529411764706,0.8336538461538462,0.5203028917312622
0.33455882352941174,0.8336538461538462,0.5196124911308289
0.33455882352941174,0.8355769230769231,0.5192567706108093
0.34044117647058825,0.8355769230769231,0.5178369879722595
0.34044117647058825,0.8394230769230769,0.5162779688835144
0.3411764705882353,0.8394230769230769,0.5157890915870667
0.3411764705882353,0.8403846153846154,0.5156553983688354
0.3448529411764706,0.8403846153846154,0.5153939723968506
0.3448529411764706,0.8413461538461539,0.5153751373291016
0.34558823529411764,0.8413461538461539,0.5146699547767639
0.34558823529411764,0.8432692307692308,0.5143622756004333
0.3522058823529412,0.8432692307692308,0.5119249224662781
0.3522058823529412,0.8442307692307692,0.5114730000495911
0.3551470588235294,0.8442307692307692,0.50986647605896
0.3551470588235294,0.8461538461538461,0.5095734596252441
0.3558823529411765,0.8461538461538461,0.5093541145324707
0.3558823529411765,0.8471153846153846,0.5093452334403992
0.35661764705882354,0.8471153846153846,0.508996307849884
0.35661764705882354,0.8480769230769231,0.5089192986488342
0.35955882352941176,0.8480769230769231,0.5075104832649231
0.35955882352941176,0.8490384615384615,0.5074723362922668
0.3639705882352941,0.8490384615384615,0.5066767930984497
0.3639705882352941,0.85,0.5066064596176147
0.3669117647058823,0.85,0.5057747960090637
0.3669117647058823,0.8509615384615384,0.5057047009468079
0.3713235294117647,0.8509615384615384,0.5047246217727661
0.3713235294117647,0.8519230769230769,0.5047052502632141
0.37426470588235294,0.8519230769230769,0.5042856931686401
0.37426470588235294,0.8538461538461538,0.5041665434837341
0.37573529411764706,0.8538461538461538,0.5038734674453735
0.37573529411764706,0.8548076923076923,0.5037214159965515
0.3779411764705882,0.8548076923076923,0.5023652911186218
0.3779411764705882,0.8557692307692307,0.5022435784339905
0.37941176470588234,0.8557692307692307,0.5020200610160828
0.37941176470588234,0.8567307692307692,0.5018977522850037
0.3816176470588235,0.8567307692307692,0.5014246702194214
0.3816176470588235,0.8586538461538461,0.5011106133460999
0.3860294117647059,0.8586538461538461,0.5003039836883545
0.3860294117647059,0.8605769230769231,0.5001435279846191
0.38676470588235295,0.8605769230769231,0.4999447464942932
0.38676470588235295,0.8615384615384616,0.4998858869075775
0.39338235294117646,0.8615384615384616,0.49791932106018066
0.39338235294117646,0.8625,0.4978576898574829
0.3941176470588235,0.8625,0.4977617859840393
0.3941176470588235,0.8634615384615385,0.4975334107875824
0.39558823529411763,0.8634615384615385,0.4973664879798889
0.39558823529411763,0.8663461538461539,0.4964766204357147
0.39705882352941174,0.8663461538461539,0.4961070120334625
0.39705882352941174,0.8673076923076923,0.49583372473716736
0.3985294117647059,0.8673076923076923,0.49488595128059387
0.3985294117647059,0.8682692307692308,0.49479466676712036
0.4,0.8682692307692308,0.4943517744541168
0.4,0.8701923076923077,0.4932239055633545
0.40147058823529413,0.8701923076923077,0.4926677644252777
0.40147058823529413,0.8711538461538462,0.49259689450263977
0.4022058823529412,0.8711538461538462,0.4924495220184326
0.4022058823529412,0.8730769230769231,0.4908738434314728
0.4036764705882353,0.8730769230769231,0.4906361401081085
0.4036764705882353,0.875,0.4903719127178192
0.4073529411764706,0.875,0.4884803295135498
0.4073529411764706,0.8769230769230769,0.48821428418159485
0.41544117647058826,0.8769230769230769,0.4864243268966675
0.41544117647058826,0.8778846153846154,0.48639073967933655
0.41691176470588237,0.8778846153846154,0.48573198914527893
0.41691176470588237,0.8788461538461538,0.4855940639972687
0.43308823529411766,0.8788461538461538,0.4813375473022461
0.43308823529411766,0.8798076923076923,0.4811965525150299
0.4338235294117647,0.8798076923076923,0.48112207651138306
0.4338235294117647,0.8817307692307692,0.480594277381897
0.43676470588235294,0.8817307692307692,0.47992730140686035
0.43676470588235294,0.8826923076923077,0.47947341203689575
0.4375,0.8826923076923077,0.47938084602355957
0.4375,0.885576923076923,0.47851502895355225
0.4389705882352941,0.885576923076923,0.47831597924232483
0.4389705882352941,0.8865384615384615,0.4781608283519745
0.44191176470588234,0.8865384615384615,0.4762190282344818
0.44191176470588234,0.8884615384615384,0.47598186135292053
0.4441176470588235,0.8884615384615384,0.4739517271518707
0.4441176470588235,0.8894230769230769,0.4738217294216156
0.4514705882352941,0.8894230769230769,0.4699449837207794
0.4514705882352941,0.8903846153846153,0.4694790244102478
0.45588235294117646,0.8903846153846153,0.46809202432632446
0.45588235294117646,0.8923076923076924,0.46715834736824036
0.4573529411764706,0.8923076923076924,0.46672338247299194
0.4573529411764706,0.8942307692307693,0.46642351150512695
0.4602941176470588,0.8942307692307693,0.46541035175323486
0.4602941176470588,0.8961538461538462,0.46490973234176636
0.46544117647058825,0.8961538461538462,0.46308571100234985
0.46544117647058825,0.8971153846153846,0.4629642367362976
0.46838235294117647,0.8971153846153846,0.4621227979660034
0.46838235294117647,0.8980769230769231,0.4614567458629608
0.4742647058823529,0.8980769230769231,0.46011725068092346
0.4742647058823529,0.8990384615384616,0.4599672853946686
0.475,0.8990384615384616,0.4598776698112488
0.475,0.9009615384615385,0.459577739238739
0.5036764705882353,0.9009615384615385,0.444998174905777
0.5036764705882353,0.9019230769230769,0.4449564814567566
0.5058823529411764,0.9019230769230769,0.4445096254348755
0.5058823529411764,0.9028846153846154,0.4442460238933563
0.5117647058823529,0.9028846153846154,0.4407700300216675
0.5117647058823529,0.9038461538461539,0.4407547414302826
0.5389705882352941,0.9038461538461539,0.41751328110694885
0.5389705882352941,0.9048076923076923,0.4174848794937134
0.5397058823529411,0.9048076923076923,0.4169113337993622
0.5397058823529411,0.9057692307692308,0.4163980185985565
0.5419117647058823,0.9057692307692308,0.41398125886917114
0.5419117647058823,0.9076923076923077,0.41285812854766846
0.5448529411764705,0.9076923076923077,0.4106927514076233
0.5448529411764705,0.9086538461538461,0.4076884388923645
0.5477941176470589,0.9086538461538461,0.40042752027511597
0.5477941176470589,0.9115384615384615,0.3991410434246063
0.5485294117647059,0.9115384615384615,0.39795953035354614
0.5485294117647059,0.9134615384615384,0.3961569368839264
0.55,0.9134615384615384,0.395763635635376
0.55,0.9144230769230769,0.39538535475730896
0.5514705882352942,0.9144230769230769,0.3947153687477112
0.5514705882352942,0.9153846153846154,0.3941890299320221
0.5536764705882353,0.9153846153846154,0.39172378182411194
0.5536764705882353,0.9163461538461538,0.3904203474521637
0.5544117647058824,0.9163461538461538,0.3904085159301758
0.5544117647058824,0.9173076923076923,0.38853374123573303
0.5558823529411765,0.9173076923076923,0.37743544578552246
0.5558823529411765,0.9192307692307692,0.37420976161956787
0.5566176470588236,0.9192307692307692,0.3740150034427643
0.5566176470588236,0.9201923076923076,0.3703940510749817
0.5573529411764706,0.9201923076923076,0.3645464777946472
0.5573529411764706,0.9221153846153847,0.3613685667514801
0.5580882352941177,0.9221153846153847,0.36120495200157166
0.5580882352941177,0.9230769230769231,0.3600999712944031
0.5588235294117647,0.9230769230769231,0.3595575988292694
0.5588235294117647,0.926923076923077,0.3562778830528259
0.5610294117647059,0.926923076923077,0.3511793315410614
0.5610294117647059,0.9278846153846154,0.3510116636753082
0.5625,0.9278846153846154,0.3472560942173004
0.5625,0.9307692307692308,0.3423125147819519
0.5639705882352941,0.9307692307692308,0.3409820795059204
0.5639705882352941,0.9326923076923077,0.33984020352363586
0.5661764705882353,0.9326923076923077,0.3376183807849884
0.5661764705882353,0.9384615384615385,0.32651421427726746
0.5676470588235294,0.9384615384615385,0.32406866550445557
0.5676470588235294,0.9394230769230769,0.3240063786506653
0.5691176470588235,0.9394230769230769,0.32169824838638306
0.5691176470588235,0.9403846153846154,0.3215622305870056
0.5698529411764706,0.9403846153846154,0.32064947485923767
0.5698529411764706,0.9432692307692307,0.3194463551044464
0.5713235294117647,0.9432692307692307,0.31886282563209534
0.5713235294117647,0.9442307692307692,0.3186075687408447
0.5720588235294117,0.9442307692307692,0.3183271586894989
0.5720588235294117,0.9451923076923077,0.3177877366542816
0.5727941176470588,0.9451923076923077,0.31773295998573303
0.5727941176470588,0.95,0.3123618960380554
0.575,0.95,0.31155622005462646
0.575,0.9509615384615384,0.31060728430747986
0.5786764705882353,0.9509615384615384,0.3086458742618561
0.5786764705882353,0.9519230769230769,0.3080786168575287
0.5794117647058824,0.9519230769230769,0.3073219060897827
0.5794117647058824,0.9538461538461539,0.30625852942466736
0.5808823529411765,0.9538461538461539,0.30617961287498474
0.5808823529411765,0.9548076923076924,0.3061618208885193
0.5823529411764706,0.9548076923076924,0.3054957985877991
0.5823529411764706,0.9567307692307693,0.30471092462539673
0.5838235294117647,0.9567307692307693,0.30312687158584595
0.5838235294117647,0.9576923076923077,0.30301573872566223
0.5875,0.9576923076923077,0.29782727360725403
0.5875,0.9605769230769231,0.2973234951496124
0.5926470588235294,0.9605769230769231,0.29545357823371887
0.5926470588235294,0.9615384615384616,0.29476574063301086
0.5933823529411765,0.9615384615384616,0.2941094636917114
0.5933823529411765,0.9634615384615385,0.29371535778045654
0.5941176470588235,0.9634615384615385,0.2933853566646576
0.5941176470588235,0.9644230769230769,0.2932622730731964
0.5963235294117647,0.9644230769230769,0.29246872663497925
0.5963235294117647,0.9663461538461539,0.2909747362136841
0.5970588235294118,0.9663461538461539,0.2906642556190491
0.5970588235294118,0.9682692307692308,0.2901379466056824
0.5977941176470588,0.9682692307692308,0.2898152470588684
0.5977941176470588,0.9721153846153846,0.28760597109794617
0.5985294117647059,0.9721153846153846,0.28747186064720154
0.5985294117647059,0.9730769230769231,0.2872422933578491
0.5992647058823529,0.9730769230769231,0.28713080286979675
0.5992647058823529,0.9740384615384615,0.2866978347301483
0.6,0.9740384615384615,0.2864813804626465
0.6,0.975,0.2857697010040283
0.6044117647058823,0.975,0.2839294373989105
0.6044117647058823,0.9759615384615384,0.2838178873062134
0.6058823529411764,0.9759615384615384,0.28346240520477295
0.6058823529411764,0.9778846153846154,0.2827531099319458
0.6088235294117647,0.9778846153846154,0.2807636559009552
0.6088235294117647,0.9798076923076923,0.27991726994514465
0.6125,0.9798076923076923,0.2768941819667816
0.6125,0.9807692307692307,0.2758091390132904
0.6132352941176471,0.9807692307692307,0.2755190134048462
0.6132352941176471,0.9817307692307692,0.27539288997650146
0.6147058823529412,0.9817307692307692,0.2751803994178772
0.6147058823529412,0.9836538461538461,0.2734701335430145
0.6161764705882353,0.9836538461538461,0.2728313207626343
0.6161764705882353,0.9846153846153847,0.2726590633392334
0.6198529411764706,0.9846153846153847,0.2710109353065491
0.6198529411764706,0.9855769230769231,0.2705925405025482
0.6227941176470588,0.9855769230769231,0.2690260708332062
0.6227941176470588,0.9865384615384616,0.268849641084671
0.6294117647058823,0.9865384615384616,0.2664356231689453
0.6294117647058823,0.9875,0.26556068658828735
0.6301470588235294,0.9875,0.2650352418422699
0.6301470588235294,0.989423076923077,0.2642851173877716
0.6345588235294117,0.989423076923077,0.26344776153564453
0.6345588235294117,0.9903846153846154,0.263211190700531
0.6404411764705882,0.9903846153846154,0.2616099417209625
0.6404411764705882,0.9913461538461539,0.26088711619377136
0.6477941176470589,0.9913461538461539,0.2569535970687866
0.6477941176470589,0.9923076923076923,0.25653690099716187
0.65,0.9923076923076923,0.2550046443939209
0.65,0.9932692307692308,0.25394904613494873
0.6529411764705882,0.9932692307692308,0.2523989975452423
0.6529411764705882,0.9942307692307693,0.2522432804107666
0.6573529411764706,0.9942307692307693,0.25053077936172485
0.6573529411764706,0.9951923076923077,0.2503843605518341
0.6647058823529411,0.9951923076923077,0.24761784076690674
0.6647058823529411,0.9961538461538462,0.24745383858680725
0.6661764705882353,0.9961538461538462,0.24538661539554596
0.6661764705882353,0.9971153846153846,0.24459680914878845
0.6823529411764706,0.9971153846153846,0.23672793805599213
0.6823529411764706,0.9980769230769231,0.23648832738399506
0.6860294117647059,0.9980769230769231,0.23475007712841034
0.6860294117647059,0.9990384615384615,0.23431454598903656
0.6867647058823529,0.9990384615384615,0.2343040555715561
0.6867647058823529,1.0,0.2331097275018692
1.0,1.0,0.03089113160967827
