FPR,TPR,Threshold
0.0,0.0,1.9576029777526855
0.0,0.0009615384615384616,0.9576029777526855
0.0,0.03076923076923077,0.9203775525093079
0.0014705882352941176,0.03076923076923077,0.9186002016067505
0.0014705882352941176,0.032692307692307694,0.9183327555656433
0.0022058823529411764,0.032692307692307694,0.9181511402130127
0.0022058823529411764,0.03365384615384615,0.9177452325820923
0.0029411764705882353,0.03365384615384615,0.9164990782737732
0.0029411764705882353,0.0375,0.9108094573020935
0.003676470588235294,0.0375,0.9107516407966614
0.003676470588235294,0.03942307692307692,0.9102492928504944
0.004411764705882353,0.03942307692307692,0.9098464846611023
0.004411764705882353,0.04230769230769231,0.9073415994644165
0.005147058823529412,0.04230769230769231,0.9067289233207703
0.005147058823529412,0.046153846153846156,0.9056530594825745
0.006617647058823529,0.046153846153846156,0.9043785929679871
0.006617647058823529,0.04903846153846154,0.8992365598678589
0.007352941176470588,0.04903846153846154,0.8989057540893555
0.007352941176470588,0.05,0.8988483548164368
0.008823529411764706,0.05,0.8978497982025146
0.008823529411764706,0.051923076923076926,0.8970454931259155
0.009558823529411765,0.051923076923076926,0.8952797055244446
0.009558823529411765,0.05673076923076923,0.8911271095275879
0.010294117647058823,0.05673076923076923,0.8909574151039124
0.010294117647058823,0.058653846153846154,0.8876427412033081
0.011029411764705883,0.058653846153846154,0.8874103426933289
0.011029411764705883,0.06442307692307692,0.8849023580551147
0.011764705882352941,0.06442307692307692,0.8846662640571594
0.011764705882352941,0.075,0.880040168762207
0.013235294117647059,0.075,0.8767502307891846
0.013235294117647059,0.09615384615384616,0.8634641170501709
0.013970588235294118,0.09615384615384616,0.8618162274360657
0.013970588235294118,0.09711538461538462,0.8604419231414795
0.014705882352941176,0.09711538461538462,0.8604267239570618
0.014705882352941176,0.10961538461538461,0.8517755270004272
0.015441176470588236,0.10961538461538461,0.8491646647453308
0.015441176470588236,0.12692307692307692,0.8432404398918152
0.016176470588235296,0.12692307692307692,0.8427425622940063
0.016176470588235296,0.12980769230769232,0.8384701609611511
0.016911764705882352,0.12980769230769232,0.8381790518760681
0.016911764705882352,0.13942307692307693,0.8332563042640686
0.01764705882352941,0.13942307692307693,0.8324804306030273
0.01764705882352941,0.15384615384615385,0.8244122266769409
0.01838235294117647,0.15384615384615385,0.8239598870277405
0.01838235294117647,0.1596153846153846,0.8183234333992004
0.01911764705882353,0.1596153846153846,0.818082332611084
0.01911764705882353,0.1701923076923077,0.8120476603507996
0.020588235294117647,0.1701923076923077,0.809867262840271
0.020588235294117647,0.17307692307692307,0.8091689348220825
0.021323529411764706,0.17307692307692307,0.8089478015899658
0.021323529411764706,0.1778846153846154,0.8071821928024292
0.022058823529411766,0.1778846153846154,0.8071506023406982
0.022058823529411766,0.1875,0.8028724789619446
0.022794117647058822,0.1875,0.801562488079071
0.022794117647058822,0.18942307692307692,0.8003507852554321
0.023529411764705882,0.18942307692307692,0.7996777892112732
0.023529411764705882,0.1951923076923077,0.7948401570320129
0.02426470588235294,0.1951923076923077,0.7948059439659119
0.02426470588235294,0.20961538461538462,0.7887312173843384
0.025,0.20961538461538462,0.7885233759880066
0.025,0.21634615384615385,0.7819914817810059
0.025735294117647058,0.21634615384615385,0.7814600467681885
0.025735294117647058,0.2173076923076923,0.781295120716095
0.026470588235294117,0.2173076923076923,0.7801488637924194
0.026470588235294117,0.22788461538461538,0.7755258083343506
0.027205882352941177,0.22788461538461538,0.775495707988739
0.027205882352941177,0.23076923076923078,0.7742342352867126
0.027941176470588237,0.23076923076923078,0.774040162563324
0.027941176470588237,0.23365384615384616,0.7723603844642639
0.028676470588235293,0.23365384615384616,0.7722598910331726
0.028676470588235293,0.24519230769230768,0.7617878317832947
0.029411764705882353,0.24519230769230768,0.7605301737785339
0.029411764705882353,0.24807692307692308,0.7592993378639221
0.030147058823529412,0.24807692307692308,0.7572380304336548
0.030147058823529412,0.25384615384615383,0.7535438537597656
0.030882352941176472,0.25384615384615383,0.7525298595428467
0.030882352941176472,0.27115384615384613,0.744441032409668
0.03161764705882353,0.27115384615384613,0.7436155676841736
0.03161764705882353,0.27307692307692305,0.7426278591156006
0.03235294117647059,0.27307692307692305,0.7420169115066528
0.03235294117647059,0.2778846153846154,0.7385081648826599
0.033823529411764704,0.2778846153846154,0.737170398235321
0.033823529411764704,0.28557692307692306,0.7348396182060242
0.03529411764705882,0.28557692307692306,0.734806478023529
0.03529411764705882,0.2875,0.7338736653327942
0.03602941176470588,0.2875,0.7312365174293518
0.03602941176470588,0.29615384615384616,0.7259140014648438
0.03676470588235294,0.29615384615384616,0.7258809208869934
0.03676470588235294,0.30288461538461536,0.7232216000556946
0.0375,0.30288461538461536,0.7232120037078857
0.0375,0.30673076923076925,0.7228648662567139
0.03823529411764706,0.30673076923076925,0.7207392454147339
0.03823529411764706,0.30865384615384617,0.7195903062820435
0.03897058823529412,0.30865384615384617,0.7195272445678711
0.03897058823529412,0.32596153846153847,0.712029755115509
0.039705882352941174,0.32596153846153847,0.7115142345428467
0.039705882352941174,0.3269230769230769,0.7113925814628601
0.041176470588235294,0.3269230769230769,0.7096472382545471
0.041176470588235294,0.3278846153846154,0.7094829082489014
0.04191176470588235,0.3278846153846154,0.7090457081794739
0.04191176470588235,0.32884615384615384,0.708367109298706
0.04338235294117647,0.32884615384615384,0.7077130079269409
0.04338235294117647,0.33076923076923076,0.7060257792472839
0.04411764705882353,0.33076923076923076,0.7057632803916931
0.04411764705882353,0.3403846153846154,0.7004631757736206
0.04632352941176471,0.3403846153846154,0.6999591588973999
0.04632352941176471,0.3423076923076923,0.6987200975418091
0.04779411764705882,0.3423076923076923,0.6978039145469666
0.04779411764705882,0.34423076923076923,0.6969922184944153
0.04852941176470588,0.34423076923076923,0.6967882513999939
0.04852941176470588,0.34615384615384615,0.6966180801391602
0.04926470588235294,0.34615384615384615,0.6964229941368103
0.04926470588235294,0.3471153846153846,0.6961613893508911
0.05073529411764706,0.3471153846153846,0.6949688792228699
0.05073529411764706,0.34807692307692306,0.694954514503479
0.051470588235294115,0.34807692307692306,0.6943937540054321
0.051470588235294115,0.3490384615384615,0.6939771175384521
0.05220588235294118,0.3490384615384615,0.6938549876213074
0.05220588235294118,0.35,0.693492591381073
0.052941176470588235,0.35,0.6930544972419739
0.052941176470588235,0.35192307692307695,0.6924186944961548
0.05367647058823529,0.35192307692307695,0.6919097304344177
0.05367647058823529,0.3557692307692308,0.6906706690788269
0.05588235294117647,0.3557692307692308,0.6902762055397034
0.05588235294117647,0.3625,0.6878939270973206
0.05661764705882353,0.3625,0.687889814376831
0.05661764705882353,0.36346153846153845,0.6877114772796631
0.057352941176470586,0.36346153846153845,0.687302827835083
0.057352941176470586,0.36923076923076925,0.6836352944374084
0.05808823529411765,0.36923076923076925,0.6828605532646179
0.05808823529411765,0.3730769230769231,0.6817615032196045
0.058823529411764705,0.3730769230769231,0.6815511584281921
0.058823529411764705,0.3769230769230769,0.6793236136436462
0.05955882352941176,0.3769230769230769,0.6790473461151123
0.05955882352941176,0.3778846153846154,0.67856764793396
0.060294117647058824,0.3778846153846154,0.6785213947296143
0.060294117647058824,0.37884615384615383,0.6771048307418823
0.0625,0.37884615384615383,0.6767852306365967
0.0625,0.3817307692307692,0.6755694150924683
0.06323529411764706,0.3817307692307692,0.6753625273704529
0.06323529411764706,0.3836538461538462,0.6745955348014832
0.06397058823529411,0.3836538461538462,0.6743447780609131
0.06397058823529411,0.3894230769230769,0.6720508337020874
0.06544117647058824,0.3894230769230769,0.6691519618034363
0.06544117647058824,0.39134615384615384,0.6689804792404175
0.06691176470588235,0.39134615384615384,0.6683146953582764
0.06691176470588235,0.3951923076923077,0.6668169498443604
0.06838235294117648,0.3951923076923077,0.6666701436042786
0.06838235294117648,0.3971153846153846,0.6663294434547424
0.06911764705882353,0.3971153846153846,0.6661909818649292
0.06911764705882353,0.39807692307692305,0.6661491394042969
0.06985294117647059,0.39807692307692305,0.6660357117652893
0.06985294117647059,0.39903846153846156,0.6660175323486328
0.07058823529411765,0.39903846153846156,0.6659358143806458
0.07058823529411765,0.4009615384615385,0.6641234159469604
0.07205882352941176,0.4009615384615385,0.6637114882469177
0.07205882352941176,0.40576923076923077,0.6629906296730042
0.07279411764705883,0.40576923076923077,0.6625308990478516
0.07279411764705883,0.41346153846153844,0.6604256629943848
0.07426470588235294,0.41346153846153844,0.6598551869392395
0.07426470588235294,0.41442307692307695,0.6590421199798584
0.07573529411764705,0.41442307692307695,0.6580308675765991
0.07573529411764705,0.41634615384615387,0.6576237082481384
0.07647058823529412,0.41634615384615387,0.657457172870636
0.07647058823529412,0.4173076923076923,0.657035231590271
0.07720588235294118,0.4173076923076923,0.6568742990493774
0.07720588235294118,0.4182692307692308,0.6567868590354919
0.07794117647058824,0.4182692307692308,0.6565807461738586
0.07794117647058824,0.41923076923076924,0.6562116742134094
0.07867647058823529,0.41923076923076924,0.6550569534301758
0.07867647058823529,0.4201923076923077,0.6547391414642334
0.07941176470588235,0.4201923076923077,0.654681921005249
0.07941176470588235,0.4221153846153846,0.6541661024093628
0.08014705882352942,0.4221153846153846,0.6540542244911194
0.08014705882352942,0.4230769230769231,0.6535440683364868
0.08088235294117647,0.4230769230769231,0.6533313989639282
0.08088235294117647,0.42403846153846153,0.6530768871307373
0.08235294117647059,0.42403846153846153,0.6527761220932007
0.08235294117647059,0.42788461538461536,0.6517492532730103
0.08308823529411764,0.42788461538461536,0.6516059637069702
0.08308823529411764,0.4288461538461538,0.6514142751693726
0.08455882352941177,0.4288461538461538,0.651246190071106
0.08455882352941177,0.42980769230769234,0.6509049534797668
0.08529411764705883,0.42980769230769234,0.6508127450942993
0.08529411764705883,0.4326923076923077,0.649035632610321
0.08602941176470588,0.4326923076923077,0.6488301157951355
0.08602941176470588,0.4346153846153846,0.6482430696487427
0.08676470588235294,0.4346153846153846,0.648239016532898
0.08676470588235294,0.4375,0.6477623581886292
0.0875,0.4375,0.6477073431015015
0.0875,0.43846153846153846,0.6476393938064575
0.08897058823529412,0.43846153846153846,0.6474047899246216
0.08897058823529412,0.4403846153846154,0.6472638249397278
0.09044117647058823,0.4403846153846154,0.646658718585968
0.09044117647058823,0.4423076923076923,0.6460317373275757
0.09117647058823529,0.4423076923076923,0.6457445621490479
0.09117647058823529,0.44519230769230766,0.6450729966163635
0.09191176470588236,0.44519230769230766,0.6441558599472046
0.09191176470588236,0.4461538461538462,0.644050657749176
0.09338235294117647,0.4461538461538462,0.6432820558547974
0.09338235294117647,0.44711538461538464,0.6431708931922913
0.09485294117647058,0.44711538461538464,0.6423055529594421
0.09485294117647058,0.4480769230769231,0.6413904428482056
0.09558823529411764,0.4480769230769231,0.6413589715957642
0.09558823529411764,0.44903846153846155,0.6407226324081421
0.09632352941176471,0.44903846153846155,0.6406680941581726
0.09632352941176471,0.45,0.6401360034942627
0.09705882352941177,0.45,0.6400129795074463
0.09705882352941177,0.45096153846153847,0.6388946771621704
0.09779411764705882,0.45096153846153847,0.6386529803276062
0.09779411764705882,0.4528846153846154,0.6377826929092407
0.1,0.4528846153846154,0.6364986896514893
0.1,0.4548076923076923,0.6362550854682922
0.10294117647058823,0.4548076923076923,0.6350473165512085
0.10294117647058823,0.45576923076923076,0.634962797164917
0.1036764705882353,0.45576923076923076,0.6349199414253235
0.1036764705882353,0.4567307692307692,0.6349102258682251
0.10514705882352941,0.4567307692307692,0.6341814398765564
0.10514705882352941,0.4576923076923077,0.6337078213691711
0.10588235294117647,0.4576923076923077,0.633277177810669
0.10588235294117647,0.4625,0.6321796774864197
0.10661764705882353,0.4625,0.6317188143730164
0.10661764705882353,0.46442307692307694,0.630661129951477
0.10808823529411765,0.46442307692307694,0.6299001574516296
0.10808823529411765,0.4653846153846154,0.6298509240150452
0.10882352941176471,0.4653846153846154,0.6297715902328491
0.10882352941176471,0.46634615384615385,0.6293953657150269
0.10955882352941176,0.46634615384615385,0.6292069554328918
0.10955882352941176,0.46826923076923077,0.6278376579284668
0.11102941176470588,0.46826923076923077,0.6264947652816772
0.11102941176470588,0.4721153846153846,0.6257997751235962
0.11323529411764706,0.4721153846153846,0.6255134344100952
0.11323529411764706,0.47596153846153844,0.6247864365577698
0.11397058823529412,0.47596153846153844,0.6244885325431824
0.11397058823529412,0.47692307692307695,0.624461829662323
0.1161764705882353,0.47692307692307695,0.6239656805992126
0.1161764705882353,0.4778846153846154,0.6238769292831421
0.11691176470588235,0.4778846153846154,0.6234309673309326
0.11691176470588235,0.4798076923076923,0.6227949857711792
0.11764705882352941,0.4798076923076923,0.6227625608444214
0.11764705882352941,0.48365384615384616,0.6206547617912292
0.11838235294117647,0.48365384615384616,0.6206169128417969
0.11838235294117647,0.4846153846153846,0.620428740978241
0.11911764705882352,0.4846153846153846,0.6204156279563904
0.11911764705882352,0.48653846153846153,0.6201401948928833
0.12058823529411765,0.48653846153846153,0.6196367144584656
0.12058823529411765,0.49038461538461536,0.6186822056770325
0.12205882352941176,0.49038461538461536,0.6183136701583862
0.12205882352941176,0.4951923076923077,0.6167433261871338
0.12279411764705882,0.4951923076923077,0.6166825294494629
0.12279411764705882,0.49615384615384617,0.6161193251609802
0.12352941176470589,0.49615384615384617,0.6160514950752258
0.12352941176470589,0.4980769230769231,0.6153543591499329
0.12426470588235294,0.4980769230769231,0.6151907444000244
0.12426470588235294,0.49903846153846154,0.6151208281517029
0.125,0.49903846153846154,0.6144108772277832
0.125,0.5,0.614407479763031
0.12720588235294117,0.5,0.6137498617172241
0.12720588235294117,0.5028846153846154,0.6126881241798401
0.13014705882352942,0.5028846153846154,0.6101182699203491
0.13014705882352942,0.5067307692307692,0.6086294651031494
0.13088235294117648,0.5067307692307692,0.6083577275276184
0.13088235294117648,0.5086538461538461,0.6071926355361938
0.13308823529411765,0.5086538461538461,0.6062799692153931
0.13308823529411765,0.510576923076923,0.6057027578353882
0.1338235294117647,0.510576923076923,0.6056461334228516
0.1338235294117647,0.5125,0.6048789620399475
0.13529411764705881,0.5125,0.6047212481498718
0.13529411764705881,0.5153846153846153,0.603826105594635
0.13602941176470587,0.5153846153846153,0.6037042737007141
0.13602941176470587,0.5173076923076924,0.6029056906700134
0.13676470588235295,0.5173076923076924,0.602507472038269
0.13676470588235295,0.5192307692307693,0.601666271686554
0.13823529411764707,0.5192307692307693,0.6014347672462463
0.13823529411764707,0.5221153846153846,0.6011273264884949
0.13970588235294118,0.5221153846153846,0.6005123853683472
0.13970588235294118,0.5230769230769231,0.6003320813179016
0.14044117647058824,0.5230769230769231,0.6000989675521851
0.14044117647058824,0.525,0.599385142326355
0.14191176470588235,0.525,0.59920734167099
0.14191176470588235,0.5269230769230769,0.5979954600334167
0.1426470588235294,0.5269230769230769,0.5979836583137512
0.1426470588235294,0.5278846153846154,0.597952127456665
0.14411764705882352,0.5278846153846154,0.5974438190460205
0.14411764705882352,0.5326923076923077,0.5968738198280334
0.1448529411764706,0.5326923076923077,0.5967195630073547
0.1448529411764706,0.5346153846153846,0.5958347320556641
0.14558823529411766,0.5346153846153846,0.5952824950218201
0.14558823529411766,0.5355769230769231,0.5948004126548767
0.1463235294117647,0.5355769230769231,0.5944204330444336
0.1463235294117647,0.5365384615384615,0.594192624092102
0.14779411764705883,0.5365384615384615,0.5940080285072327
0.14779411764705883,0.5384615384615384,0.5936383008956909
0.14926470588235294,0.5384615384615384,0.5933476090431213
0.14926470588235294,0.5423076923076923,0.5923675298690796
0.15,0.5423076923076923,0.5922990441322327
0.15,0.5432692307692307,0.5919439792633057
0.15073529411764705,0.5432692307692307,0.5918761491775513
0.15073529411764705,0.5480769230769231,0.5903047323226929
0.1536764705882353,0.5480769230769231,0.5891382098197937
0.1536764705882353,0.5509615384615385,0.5886996388435364
0.15588235294117647,0.5509615384615385,0.5873679518699646
0.15588235294117647,0.5538461538461539,0.5870134830474854
0.15661764705882353,0.5538461538461539,0.586854100227356
0.15661764705882353,0.5567307692307693,0.5852867960929871
0.15808823529411764,0.5567307692307693,0.5847741961479187
0.15808823529411764,0.5586538461538462,0.5847116708755493
0.16029411764705884,0.5586538461538462,0.5838456749916077
0.16029411764705884,0.5615384615384615,0.5828652381896973
0.1610294117647059,0.5615384615384615,0.5827813148498535
0.1610294117647059,0.5653846153846154,0.5819874405860901
0.16176470588235295,0.5653846153846154,0.5816433429718018
0.16176470588235295,0.5663461538461538,0.5815449953079224
0.1625,0.5663461538461538,0.5812865495681763
0.1625,0.5692307692307692,0.580383837223053
0.16397058823529412,0.5692307692307692,0.5794917345046997
0.16397058823529412,0.575,0.5768148899078369
0.16470588235294117,0.575,0.5759451985359192
0.16470588235294117,0.5778846153846153,0.5747912526130676
0.16544117647058823,0.5778846153846153,0.57440185546875
0.16544117647058823,0.5788461538461539,0.5739332437515259
0.1661764705882353,0.5788461538461539,0.5733737349510193
0.1661764705882353,0.5798076923076924,0.5733309388160706
0.1698529411764706,0.5798076923076924,0.5713525414466858
0.1698529411764706,0.5826923076923077,0.5706390142440796
0.1713235294117647,0.5826923076923077,0.5705463290214539
0.1713235294117647,0.5836538461538462,0.5698638558387756
0.17279411764705882,0.5836538461538462,0.5690535306930542
0.17279411764705882,0.5884615384615385,0.5686497092247009
0.175,0.5884615384615385,0.5683048367500305
0.175,0.5913461538461539,0.567930281162262
0.17573529411764705,0.5913461538461539,0.5672781467437744
0.17573529411764705,0.5932692307692308,0.566424548625946
0.1786764705882353,0.5932692307692308,0.5647305250167847
0.1786764705882353,0.5961538461538461,0.5632714033126831
0.18088235294117647,0.5961538461538461,0.5625047087669373
0.18088235294117647,0.5980769230769231,0.5622272491455078
0.18161764705882352,0.5980769230769231,0.5618623495101929
0.18161764705882352,0.5990384615384615,0.561826229095459
0.18235294117647058,0.5990384615384615,0.5614083409309387
0.18235294117647058,0.6,0.56048184633255
0.18308823529411763,0.6,0.5591202974319458
0.18308823529411763,0.6009615384615384,0.5590603351593018
0.1860294117647059,0.6009615384615384,0.5586512088775635
0.1860294117647059,0.6028846153846154,0.5584587454795837
0.1875,0.6028846153846154,0.5583765506744385
0.1875,0.6038461538461538,0.5578356981277466
0.18823529411764706,0.6038461538461538,0.5577887296676636
0.18823529411764706,0.6096153846153847,0.5559646487236023
0.18970588235294117,0.6096153846153847,0.5549914240837097
0.18970588235294117,0.6105769230769231,0.5549600124359131
0.19191176470588237,0.6105769230769231,0.5544580817222595
0.19191176470588237,0.6134615384615385,0.553779661655426
0.19264705882352942,0.6134615384615385,0.5534685850143433
0.19264705882352942,0.6153846153846154,0.5531604886054993
0.19558823529411765,0.6153846153846154,0.5512807965278625
0.19558823529411765,0.6182692307692308,0.5505352020263672
0.1963235294117647,0.6182692307692308,0.5503951907157898
0.1963235294117647,0.6211538461538462,0.5498436093330383
0.19705882352941176,0.6211538461538462,0.548864483833313
0.19705882352941176,0.6221153846153846,0.5488532781600952
0.19779411764705881,0.6221153846153846,0.5486170649528503
0.19779411764705881,0.6240384615384615,0.54852694272995
0.19852941176470587,0.6240384615384615,0.548409104347229
0.19852941176470587,0.6259615384615385,0.5478083491325378
0.19926470588235295,0.6259615384615385,0.5474737882614136
0.19926470588235295,0.6269230769230769,0.547302782535553
0.20147058823529412,0.6269230769230769,0.5463032722473145
0.20147058823529412,0.6278846153846154,0.5462995171546936
0.20294117647058824,0.6278846153846154,0.5460628867149353
0.20294117647058824,0.6288461538461538,0.5453112125396729
0.20441176470588235,0.6288461538461538,0.5452162027359009
0.20441176470588235,0.6317307692307692,0.5438636541366577
0.20588235294117646,0.6317307692307692,0.5429790019989014
0.20588235294117646,0.6346153846153846,0.540764331817627
0.20661764705882352,0.6346153846153846,0.5407171845436096
0.20661764705882352,0.6394230769230769,0.5402611494064331
0.2088235294117647,0.6394230769230769,0.5388352870941162
0.2088235294117647,0.6413461538461539,0.5376307368278503
0.20955882352941177,0.6413461538461539,0.5376108288764954
0.20955882352941177,0.6423076923076924,0.537531852722168
0.21029411764705883,0.6423076923076924,0.5373629927635193
0.21029411764705883,0.6461538461538462,0.5359079837799072
0.21102941176470588,0.6461538461538462,0.5358429551124573
0.21102941176470588,0.6480769230769231,0.535585880279541
0.21176470588235294,0.6480769230769231,0.5355710387229919
0.21176470588235294,0.6548076923076923,0.5315513014793396
0.2125,0.6548076923076923,0.5315344929695129
0.2125,0.6596153846153846,0.5299702882766724
0.21323529411764705,0.6596153846153846,0.5294957756996155
0.21323529411764705,0.6625,0.5282845497131348
0.2139705882352941,0.6625,0.5279484391212463
0.2139705882352941,0.6644230769230769,0.5272140502929688
0.21470588235294116,0.6644230769230769,0.5269907712936401
0.21470588235294116,0.6692307692307692,0.5251780152320862
0.21691176470588236,0.6692307692307692,0.5249460935592651
0.21691176470588236,0.6701923076923076,0.5245671272277832
0.21764705882352942,0.6701923076923076,0.5244026184082031
0.21764705882352942,0.6711538461538461,0.5241521000862122
0.21838235294117647,0.6711538461538461,0.5241291522979736
0.21838235294117647,0.6740384615384616,0.52390056848526
0.21911764705882353,0.6740384615384616,0.523685097694397
0.21911764705882353,0.676923076923077,0.5231119394302368
0.21985294117647058,0.676923076923077,0.5230398178100586
0.21985294117647058,0.6788461538461539,0.5223631262779236
0.22058823529411764,0.6788461538461539,0.5222254991531372
0.22058823529411764,0.6798076923076923,0.5218998789787292
0.22205882352941175,0.6798076923076923,0.5216202735900879
0.22205882352941175,0.6817307692307693,0.5208923816680908
0.2235294117647059,0.6817307692307693,0.5202232599258423
0.2235294117647059,0.6826923076923077,0.5197098851203918
0.22426470588235295,0.6826923076923077,0.5192524194717407
0.22426470588235295,0.6836538461538462,0.5190215110778809
0.225,0.6836538461538462,0.5188078284263611
0.225,0.6894230769230769,0.5146188139915466
0.22573529411764706,0.6894230769230769,0.5144515037536621
0.22573529411764706,0.6932692307692307,0.5129756927490234
0.22647058823529412,0.6932692307692307,0.5129449367523193
0.22647058823529412,0.6942307692307692,0.5128390789031982
0.2286764705882353,0.6942307692307692,0.5125499963760376
0.2286764705882353,0.6951923076923077,0.5123420357704163
0.2301470588235294,0.6951923076923077,0.5109023451805115
0.2301470588235294,0.6961538461538461,0.510736882686615
0.23088235294117648,0.6961538461538461,0.5104526281356812
0.23088235294117648,0.6971153846153846,0.5100728869438171
0.23161764705882354,0.6971153846153846,0.5094830393791199
0.23161764705882354,0.698076923076923,0.5094279646873474
0.23308823529411765,0.698076923076923,0.5089786648750305
0.23308823529411765,0.6990384615384615,0.5087822675704956
0.23455882352941176,0.6990384615384615,0.5085312128067017
0.23455882352941176,0.7,0.5084835290908813
0.23529411764705882,0.7,0.5082912445068359
0.23529411764705882,0.7048076923076924,0.5062202215194702
0.23676470588235293,0.7048076923076924,0.5060529112815857
0.23676470588235293,0.7076923076923077,0.5050382614135742
0.2375,0.7076923076923077,0.5048707723617554
0.2375,0.7086538461538462,0.5046838521957397
0.24191176470588235,0.7086538461538462,0.5042229890823364
0.24191176470588235,0.7105769230769231,0.5038061141967773
0.24338235294117647,0.7105769230769231,0.5036918520927429
0.24338235294117647,0.7153846153846154,0.5020111203193665
0.24411764705882352,0.7153846153846154,0.5019815564155579
0.24411764705882352,0.7163461538461539,0.5010575652122498
0.24632352941176472,0.7163461538461539,0.4993361830711365
0.24632352941176472,0.7173076923076923,0.49871087074279785
0.2485294117647059,0.7173076923076923,0.49755191802978516
0.2485294117647059,0.7192307692307692,0.4974525570869446
0.24926470588235294,0.7192307692307692,0.4973093569278717
0.24926470588235294,0.7201923076923077,0.49681684374809265
0.25,0.7201923076923077,0.4968096613883972
0.25,0.7211538461538461,0.49669015407562256
0.25073529411764706,0.7211538461538461,0.4965452253818512
0.25073529411764706,0.725,0.492827445268631
0.2529411764705882,0.725,0.49184978008270264
0.2529411764705882,0.7288461538461538,0.489763468503952
0.2536764705882353,0.7288461538461538,0.4896807372570038
0.2536764705882353,0.7298076923076923,0.4896515905857086
0.2566176470588235,0.7298076923076923,0.48899343609809875
0.2566176470588235,0.7346153846153847,0.4865608811378479
0.25735294117647056,0.7346153846153847,0.48442694544792175
0.25735294117647056,0.7375,0.48262715339660645
0.2580882352941177,0.7375,0.48222118616104126
0.2580882352941177,0.739423076923077,0.48173069953918457
0.25882352941176473,0.739423076923077,0.48088929057121277
0.25882352941176473,0.7423076923076923,0.47990626096725464
0.2595588235294118,0.7423076923076923,0.479417085647583
0.2595588235294118,0.7432692307692308,0.47939592599868774
0.26029411764705884,0.7432692307692308,0.4786786437034607
0.26029411764705884,0.7451923076923077,0.47807836532592773
0.26176470588235295,0.7451923076923077,0.4777539372444153
0.26176470588235295,0.7490384615384615,0.4763561487197876
0.26323529411764707,0.7490384615384615,0.47606703639030457
0.26323529411764707,0.75,0.4756351709365845
0.26544117647058824,0.75,0.47489768266677856
0.26544117647058824,0.7509615384615385,0.4743742346763611
0.2691176470588235,0.7509615384615385,0.47254353761672974
0.2691176470588235,0.7548076923076923,0.471341997385025
0.2698529411764706,0.7548076923076923,0.4711337983608246
0.2698529411764706,0.7586538461538461,0.4690554440021515
0.27058823529411763,0.7586538461538461,0.46886247396469116
0.27058823529411763,0.7596153846153846,0.4685268700122833
0.2713235294117647,0.7596153846153846,0.4685192406177521
0.2713235294117647,0.760576923076923,0.46850812435150146
0.2727941176470588,0.760576923076923,0.4681169092655182
0.2727941176470588,0.7692307692307693,0.46593165397644043
0.2735294117647059,0.7692307692307693,0.46564656496047974
0.2735294117647059,0.7701923076923077,0.46448272466659546
0.27426470588235297,0.7701923076923077,0.4644242823123932
0.27426470588235297,0.7711538461538462,0.4639122486114502
0.27794117647058825,0.7711538461538462,0.46348246932029724
0.27794117647058825,0.7730769230769231,0.4630153179168701
0.27941176470588236,0.7730769230769231,0.46273013949394226
0.27941176470588236,0.775,0.46167048811912537
0.28088235294117647,0.775,0.46099916100502014
0.28088235294117647,0.7798076923076923,0.45959794521331787
0.28161764705882353,0.7798076923076923,0.45735475420951843
0.28161764705882353,0.7817307692307692,0.45524024963378906
0.2823529411764706,0.7817307692307692,0.4541760981082916
0.2823529411764706,0.7836538461538461,0.4539240896701813
0.28308823529411764,0.7836538461538461,0.4536575973033905
0.28308823529411764,0.7855769230769231,0.45207783579826355
0.2911764705882353,0.7855769230769231,0.4478580057621002
0.2911764705882353,0.7865384615384615,0.4476034641265869
0.2926470588235294,0.7865384615384615,0.4471263587474823
0.2926470588235294,0.7875,0.4462946653366089
0.2933823529411765,0.7875,0.44622358679771423
0.2933823529411765,0.7923076923076923,0.44531863927841187
0.29705882352941176,0.7923076923076923,0.4408472776412964
0.29705882352941176,0.7942307692307692,0.43921077251434326
0.3029411764705882,0.7942307692307692,0.43639075756073
0.3029411764705882,0.7980769230769231,0.4350833594799042
0.3044117647058823,0.7980769230769231,0.434933066368103
0.3044117647058823,0.8,0.43418729305267334
0.30661764705882355,0.8,0.4323974549770355
0.30661764705882355,0.8009615384615385,0.4322815239429474
0.30808823529411766,0.8009615384615385,0.4316607415676117
0.30808823529411766,0.8028846153846154,0.4303838610649109
0.3095588235294118,0.8028846153846154,0.42966577410697937
0.3095588235294118,0.8038461538461539,0.4294537603855133
0.31029411764705883,0.8038461538461539,0.4287295341491699
0.31029411764705883,0.8048076923076923,0.4284067153930664
0.31176470588235294,0.8048076923076923,0.4279571771621704
0.31176470588235294,0.8096153846153846,0.4252021908760071
0.3125,0.8096153846153846,0.4250895380973816
0.3125,0.8105769230769231,0.4250626564025879
0.31323529411764706,0.8105769230769231,0.4247819781303406
0.31323529411764706,0.8125,0.42358458042144775
0.3139705882352941,0.8125,0.4229375720024109
0.3139705882352941,0.8153846153846154,0.4213748872280121
0.31470588235294117,0.8153846153846154,0.42113980650901794
0.31470588235294117,0.8163461538461538,0.42105114459991455
0.3161764705882353,0.8163461538461538,0.4208391308784485
0.3161764705882353,0.8173076923076923,0.4204876720905304
0.3176470588235294,0.8173076923076923,0.41994306445121765
0.3176470588235294,0.8182692307692307,0.4197215139865875
0.31838235294117645,0.8182692307692307,0.4197148084640503
0.31838235294117645,0.8240384615384615,0.418442040681839
0.31985294117647056,0.8240384615384615,0.41773805022239685
0.31985294117647056,0.825,0.41742679476737976
0.3235294117647059,0.825,0.4139351546764374
0.3235294117647059,0.8278846153846153,0.4119560420513153
0.32426470588235295,0.8278846153846153,0.41159316897392273
0.32426470588235295,0.8288461538461539,0.41147443652153015
0.325,0.8288461538461539,0.4113728404045105
0.325,0.8298076923076924,0.411106139421463
0.32794117647058824,0.8298076923076924,0.4092007279396057
0.32794117647058824,0.8307692307692308,0.40898507833480835
0.3286764705882353,0.8307692307692308,0.4089057445526123
0.3286764705882353,0.8336538461538462,0.4077579975128174
0.32941176470588235,0.8336538461538462,0.40773236751556396
0.32941176470588235,0.8346153846153846,0.4073919653892517
0.3323529411764706,0.8346153846153846,0.40695640444755554
0.3323529411764706,0.8355769230769231,0.4068528711795807
0.33308823529411763,0.8355769230769231,0.40643614530563354
0.33308823529411763,0.8365384615384616,0.40631401538848877
0.3338235294117647,0.8365384615384616,0.40599292516708374
0.3338235294117647,0.8375,0.4057503342628479
0.3352941176470588,0.8375,0.4048185646533966
0.3352941176470588,0.8384615384615385,0.40393269062042236
0.3360294117647059,0.8384615384615385,0.40354686975479126
0.3360294117647059,0.8394230769230769,0.40274569392204285
0.33897058823529413,0.8394230769230769,0.4010867178440094
0.33897058823529413,0.8403846153846154,0.40091338753700256
0.34044117647058825,0.8403846153846154,0.3997357487678528
0.34044117647058825,0.8413461538461539,0.39916905760765076
0.3411764705882353,0.8413461538461539,0.39877572655677795
0.3411764705882353,0.8423076923076923,0.39862701296806335
0.34338235294117647,0.8423076923076923,0.3981909453868866
0.34338235294117647,0.8432692307692308,0.39818671345710754
0.34411764705882353,0.8432692307692308,0.3981609344482422
0.34411764705882353,0.8442307692307692,0.3978695273399353
0.3514705882352941,0.8442307692307692,0.3950428366661072
0.3514705882352941,0.8451923076923077,0.3949282765388489
0.3551470588235294,0.8451923076923077,0.39401939511299133
0.3551470588235294,0.8461538461538461,0.3938148319721222
0.3573529411764706,0.8461538461538461,0.3931986391544342
0.3573529411764706,0.85,0.39150622487068176
0.3588235294117647,0.85,0.3911581337451935
0.3588235294117647,0.8519230769230769,0.38942599296569824
0.3602941176470588,0.8519230769230769,0.3880122900009155
0.3602941176470588,0.8528846153846154,0.3879692852497101
0.3654411764705882,0.8528846153846154,0.3857112526893616
0.3654411764705882,0.8538461538461538,0.3855985403060913
0.36617647058823527,0.8538461538461538,0.3847976326942444
0.36617647058823527,0.8557692307692307,0.38446393609046936
0.36764705882352944,0.8557692307692307,0.3841116726398468
0.36764705882352944,0.8567307692307692,0.38393428921699524
0.36911764705882355,0.8567307692307692,0.382113516330719
0.36911764705882355,0.8576923076923076,0.3818756341934204
0.3698529411764706,0.8576923076923076,0.38174501061439514
0.3698529411764706,0.8586538461538461,0.3812771737575531
0.37058823529411766,0.8586538461538461,0.3811190724372864
0.37058823529411766,0.8596153846153847,0.3804868161678314
0.3720588235294118,0.8596153846153847,0.38021737337112427
0.3720588235294118,0.8605769230769231,0.3800913393497467
0.3735294117647059,0.8605769230769231,0.37985697388648987
0.3735294117647059,0.8634615384615385,0.3790271580219269
0.37426470588235294,0.8634615384615385,0.37878942489624023
0.37426470588235294,0.864423076923077,0.37836572527885437
0.375,0.864423076923077,0.37812304496765137
0.375,0.8653846153846154,0.3774752616882324
0.37941176470588234,0.8653846153846154,0.3750377893447876
0.37941176470588234,0.8663461538461539,0.37484225630760193
0.38235294117647056,0.8663461538461539,0.37395668029785156
0.38235294117647056,0.8682692307692308,0.37386226654052734
0.3830882352941177,0.8682692307692308,0.37356606125831604
0.3830882352941177,0.8692307692307693,0.3733295202255249
0.38382352941176473,0.8692307692307693,0.37306639552116394
0.38382352941176473,0.8701923076923077,0.3729914724826813
0.3875,0.8701923076923077,0.37163788080215454
0.3875,0.8711538461538462,0.37111738324165344
0.38823529411764707,0.8711538461538462,0.3705761730670929
0.38823529411764707,0.8730769230769231,0.36976027488708496
0.39044117647058824,0.8730769230769231,0.3694734573364258
0.39044117647058824,0.875,0.36902135610580444
0.39191176470588235,0.875,0.36847954988479614
0.39191176470588235,0.8759615384615385,0.36824947595596313
0.3926470588235294,0.8759615384615385,0.3672454059123993
0.3926470588235294,0.8778846153846154,0.36666199564933777
0.39338235294117646,0.8778846153846154,0.3666464388370514
0.39338235294117646,0.8788461538461538,0.3665545582771301
0.3948529411764706,0.8788461538461538,0.36614546179771423
0.3948529411764706,0.8798076923076923,0.3659706711769104
0.3977941176470588,0.8798076923076923,0.36485713720321655
0.3977941176470588,0.8807692307692307,0.36465802788734436
0.4022058823529412,0.8807692307692307,0.36353516578674316
0.4022058823529412,0.8817307692307692,0.3633885383605957
0.40294117647058825,0.8817307692307692,0.36332967877388
0.40294117647058825,0.8826923076923077,0.36293184757232666
0.40441176470588236,0.8826923076923077,0.36183273792266846
0.40441176470588236,0.8836538461538461,0.36157405376434326
0.40661764705882353,0.8836538461538461,0.361238956451416
0.40661764705882353,0.885576923076923,0.36029863357543945
0.40955882352941175,0.885576923076923,0.3594343960285187
0.40955882352941175,0.8865384615384615,0.3590431213378906
0.4147058823529412,0.8865384615384615,0.35731378197669983
0.4147058823529412,0.8875,0.3570689857006073
0.4161764705882353,0.8875,0.35662195086479187
0.4161764705882353,0.8884615384615384,0.3564608693122864
0.4176470588235294,0.8884615384615384,0.3562442362308502
0.4176470588235294,0.8894230769230769,0.35599222779273987
0.4183823529411765,0.8894230769230769,0.3557920753955841
0.4183823529411765,0.8903846153846153,0.3553776741027832
0.42205882352941176,0.8903846153846153,0.35404014587402344
0.42205882352941176,0.8913461538461539,0.3539843261241913
0.425,0.8913461538461539,0.35311418771743774
0.425,0.8923076923076924,0.352977991104126
0.42573529411764705,0.8923076923076924,0.3529103398323059
0.42573529411764705,0.8932692307692308,0.35287797451019287
0.42720588235294116,0.8932692307692308,0.3523408770561218
0.42720588235294116,0.8942307692307693,0.3521270453929901
0.4279411764705882,0.8942307692307693,0.3520832061767578
0.4279411764705882,0.8951923076923077,0.35187995433807373
0.4294117647058823,0.8951923076923077,0.3515673577785492
0.4294117647058823,0.8961538461538462,0.3508627414703369
0.4323529411764706,0.8961538461538462,0.34908527135849
0.4323529411764706,0.8980769230769231,0.34822455048561096
0.43308823529411766,0.8980769230769231,0.3482213318347931
0.43308823529411766,0.8990384615384616,0.34804052114486694
0.43529411764705883,0.8990384615384616,0.3474048972129822
0.43529411764705883,0.9009615384615385,0.3472540080547333
0.43676470588235294,0.9009615384615385,0.34531912207603455
0.43676470588235294,0.9019230769230769,0.3452262878417969
0.44191176470588234,0.9019230769230769,0.34338614344596863
0.44191176470588234,0.9028846153846154,0.34325993061065674
0.4441176470588235,0.9028846153846154,0.342484712600708
0.4441176470588235,0.9048076923076923,0.34201204776763916
0.44485294117647056,0.9048076923076923,0.34162625670433044
0.44485294117647056,0.9076923076923077,0.34157299995422363
0.4514705882352941,0.9076923076923077,0.33856773376464844
0.4514705882352941,0.9086538461538461,0.3375025987625122
0.4536764705882353,0.9086538461538461,0.3371180295944214
0.4536764705882353,0.9115384615384615,0.33657175302505493
0.45808823529411763,0.9115384615384615,0.3334086537361145
0.45808823529411763,0.9125,0.3330821692943573
0.4610294117647059,0.9125,0.33232858777046204
0.4610294117647059,0.9134615384615384,0.3318246603012085
0.4625,0.9134615384615384,0.3312881290912628
0.4625,0.9144230769230769,0.33127614855766296
0.4632352941176471,0.9144230769230769,0.3312026262283325
0.4632352941176471,0.9163461538461538,0.330331951379776
0.46838235294117647,0.9163461538461538,0.32895347476005554
0.46838235294117647,0.9182692307692307,0.32887566089630127
0.47205882352941175,0.9182692307692307,0.32787469029426575
0.47205882352941175,0.9192307692307692,0.3278536796569824
0.4727941176470588,0.9192307692307692,0.32745441794395447
0.4727941176470588,0.9201923076923076,0.3273339569568634
0.4742647058823529,0.9201923076923076,0.3270103633403778
0.4742647058823529,0.9211538461538461,0.3268066346645355
0.4764705882352941,0.9211538461538461,0.3257595896720886
0.4764705882352941,0.9221153846153847,0.3257470428943634
0.4786764705882353,0.9221153846153847,0.3244515657424927
0.4786764705882353,0.925,0.32428187131881714
0.48161764705882354,0.925,0.32219332456588745
0.48161764705882354,0.9259615384615385,0.32191136479377747
0.48455882352941176,0.9259615384615385,0.3216921091079712
0.48455882352941176,0.9278846153846154,0.3216363191604614
0.4933823529411765,0.9278846153846154,0.3192557096481323
0.4933823529411765,0.9288461538461539,0.3188699185848236
0.49558823529411766,0.9288461538461539,0.3186768591403961
0.49558823529411766,0.9298076923076923,0.31821930408477783
0.4985294117647059,0.9298076923076923,0.3169887065887451
0.4985294117647059,0.9307692307692308,0.3168454170227051
0.5,0.9307692307692308,0.31621211767196655
0.5,0.9317307692307693,0.3150894045829773
0.5066176470588235,0.9317307692307693,0.313225120306015
0.5066176470588235,0.9326923076923077,0.31281527876853943
0.5088235294117647,0.9326923076923077,0.3124750554561615
0.5088235294117647,0.9346153846153846,0.31225958466529846
0.5117647058823529,0.9346153846153846,0.3112342953681946
0.5117647058823529,0.9355769230769231,0.3106328845024109
0.524264705882353,0.9355769230769231,0.30591145157814026
0.524264705882353,0.9375,0.3046450614929199
0.5272058823529412,0.9375,0.30389201641082764
0.5272058823529412,0.9384615384615385,0.3037784695625305
0.5397058823529411,0.9384615384615385,0.29604029655456543
0.5397058823529411,0.9403846153846154,0.2955942451953888
0.5441176470588235,0.9403846153846154,0.2918035089969635
0.5441176470588235,0.9413461538461538,0.2913185954093933
0.5463235294117647,0.9413461538461538,0.29075804352760315
0.5463235294117647,0.9423076923076923,0.2907451391220093
0.5602941176470588,0.9423076923076923,0.2794783413410187
0.5602941176470588,0.9442307692307692,0.27927109599113464
0.5691176470588235,0.9442307692307692,0.2745983302593231
0.5691176470588235,0.9451923076923077,0.27444174885749817
0.5845588235294118,0.9451923076923077,0.26969096064567566
0.5845588235294118,0.9461538461538461,0.26904940605163574
0.5860294117647059,0.9461538461538461,0.268435537815094
0.5860294117647059,0.9471153846153846,0.2684208154678345
0.5919117647058824,0.9471153846153846,0.26559221744537354
0.5919117647058824,0.948076923076923,0.2648603916168213
0.6058823529411764,0.948076923076923,0.2575896978378296
0.6058823529411764,0.95,0.25667110085487366
0.6161764705882353,0.95,0.25107431411743164
0.6161764705882353,0.9509615384615384,0.2508901059627533
0.6235294117647059,0.9509615384615384,0.24651239812374115
0.6235294117647059,0.9519230769230769,0.24603411555290222
0.6257352941176471,0.9519230769230769,0.24534469842910767
0.6257352941176471,0.9528846153846153,0.2451341450214386
0.6286764705882353,0.9528846153846153,0.24312974512577057
0.6286764705882353,0.9538461538461539,0.24281540513038635
0.6411764705882353,0.9538461538461539,0.2348877489566803
0.6411764705882353,0.9548076923076924,0.23485898971557617
0.6419117647058824,0.9548076923076924,0.23451751470565796
0.6419117647058824,0.9557692307692308,0.23449189960956573
0.6448529411764706,0.9557692307692308,0.23146775364875793
0.6448529411764706,0.9567307692307693,0.2313816398382187
0.6485294117647059,0.9567307692307693,0.2286364734172821
0.6485294117647059,0.9576923076923077,0.22837156057357788
0.6514705882352941,0.9576923076923077,0.22625961899757385
0.6514705882352941,0.9605769230769231,0.22460335493087769
0.6522058823529412,0.9605769230769231,0.22388078272342682
0.6522058823529412,0.9615384615384616,0.22369907796382904
0.6529411764705882,0.9615384615384616,0.22359217703342438
0.6529411764705882,0.9625,0.22349660098552704
0.6551470588235294,0.9625,0.22164933383464813
0.6551470588235294,0.9644230769230769,0.2208862155675888
0.6566176470588235,0.9644230769230769,0.22078567743301392
0.6566176470588235,0.9653846153846154,0.22058214247226715
0.6573529411764706,0.9653846153846154,0.21942685544490814
0.6573529411764706,0.9663461538461539,0.2194249927997589
0.6617647058823529,0.9663461538461539,0.21718156337738037
0.6617647058823529,0.9673076923076923,0.21717773377895355
0.6683823529411764,0.9673076923076923,0.2142341285943985
0.6683823529411764,0.9682692307692308,0.2136079967021942
0.6735294117647059,0.9682692307692308,0.2104720175266266
0.6735294117647059,0.9701923076923077,0.21015796065330505
0.6808823529411765,0.9701923076923077,0.20673136413097382
0.6808823529411765,0.9711538461538461,0.20640000700950623
0.6875,0.9711538461538461,0.20492826402187347
0.6875,0.9721153846153846,0.2047203928232193
0.6955882352941176,0.9721153846153846,0.20154039561748505
0.6955882352941176,0.9730769230769231,0.20122341811656952
0.7029411764705882,0.9730769230769231,0.19825409352779388
0.7029411764705882,0.9740384615384615,0.1981598436832428
0.7036764705882353,0.9740384615384615,0.19680362939834595
0.7036764705882353,0.975,0.19667820632457733
0.7125,0.975,0.19133779406547546
0.7125,0.9759615384615384,0.1905657798051834
0.7161764705882353,0.9759615384615384,0.19018466770648956
0.7161764705882353,0.9769230769230769,0.19012776017189026
0.7198529411764706,0.9769230769230769,0.18765123188495636
0.7198529411764706,0.9778846153846154,0.18713320791721344
0.7227941176470588,0.9778846153846154,0.18653126060962677
0.7227941176470588,0.9788461538461538,0.18652427196502686
0.7470588235294118,0.9788461538461538,0.1762378066778183
0.7470588235294118,0.9798076923076923,0.1760411411523819
0.7492647058823529,0.9798076923076923,0.1751549392938614
0.7492647058823529,0.9807692307692307,0.1748942732810974
0.8985294117647059,0.9807692307692307,0.10201957076787949
0.8985294117647059,0.9817307692307692,0.10187368839979172
0.9125,0.9817307692307692,0.09043305367231369
0.9125,0.9826923076923076,0.08963759243488312
0.9257352941176471,0.9826923076923076,0.0721939206123352
0.9257352941176471,0.9836538461538461,0.07203018665313721
0.9330882352941177,0.9836538461538461,0.06180465221405029
0.9330882352941177,0.9855769230769231,0.061334408819675446
0.9338235294117647,0.9855769230769231,0.06071152910590172
0.9338235294117647,0.9865384615384616,0.059767305850982666
0.9345588235294118,0.9865384615384616,0.05799899622797966
0.9345588235294118,0.9884615384615385,0.05698767304420471
0.9367647058823529,0.9884615384615385,0.05534135550260544
0.9367647058823529,0.9903846153846154,0.05477374419569969
0.9419117647058823,0.9903846153846154,0.051821816712617874
0.9419117647058823,0.9923076923076923,0.05094233900308609
0.9426470588235294,0.9923076923076923,0.050812117755413055
0.9426470588235294,0.9942307692307693,0.04933811351656914
0.9433823529411764,0.9942307692307693,0.049326684325933456
0.9433823529411764,0.9951923076923077,0.04904315993189812
0.9441176470588235,0.9951923076923077,0.04888037219643593
0.9441176470588235,0.9961538461538462,0.048167675733566284
0.9477941176470588,0.9961538461538462,0.04682144522666931
0.9477941176470588,0.9971153846153846,0.04673224315047264
0.9492647058823529,0.9971153846153846,0.04628036171197891
0.9492647058823529,0.9980769230769231,0.046252839267253876
0.9764705882352941,0.9980769230769231,0.037656933069229126
0.9764705882352941,0.9990384615384615,0.03755022957921028
0.9808823529411764,0.9990384615384615,0.037186820060014725
0.9808823529411764,1.0,0.037093304097652435
1.0,1.0,0.022636225447058678
