FPR,TPR,Threshold
0.0,0.0,1.9634996056556702
0.0,0.0009615384615384616,0.9634996056556702
0.0,0.02980769230769231,0.9281453490257263
0.0007352941176470588,0.02980769230769231,0.9263377785682678
0.0007352941176470588,0.03653846153846154,0.9181807041168213
0.0029411764705882353,0.03653846153846154,0.9173790216445923
0.0029411764705882353,0.038461538461538464,0.9149256348609924
0.004411764705882353,0.038461538461538464,0.9134746789932251
0.004411764705882353,0.03942307692307692,0.9133279919624329
0.006617647058823529,0.03942307692307692,0.9121071100234985
0.006617647058823529,0.041346153846153845,0.9111403226852417
0.007352941176470588,0.041346153846153845,0.9110100865364075
0.007352941176470588,0.04903846153846154,0.9070387482643127
0.008088235294117648,0.04903846153846154,0.9066038727760315
0.008088235294117648,0.05480769230769231,0.9025607705116272
0.008823529411764706,0.05480769230769231,0.9019995927810669
0.008823529411764706,0.05961538461538462,0.9004290103912354
0.009558823529411765,0.05961538461538462,0.8993650674819946
0.009558823529411765,0.06057692307692308,0.8983279466629028
0.010294117647058823,0.06057692307692308,0.8960586786270142
0.010294117647058823,0.07307692307692308,0.8835336565971375
0.011029411764705883,0.07307692307692308,0.8834971189498901
0.011029411764705883,0.07884615384615384,0.8797337412834167
0.011764705882352941,0.07884615384615384,0.8794025778770447
0.011764705882352941,0.08173076923076923,0.8790884017944336
0.0125,0.08173076923076923,0.8789424300193787
0.0125,0.08653846153846154,0.8773301243782043
0.013235294117647059,0.08653846153846154,0.8771655559539795
0.013235294117647059,0.10096153846153846,0.8679779767990112
0.014705882352941176,0.10096153846153846,0.8669930100440979
0.014705882352941176,0.1076923076923077,0.8649454116821289
0.015441176470588236,0.1076923076923077,0.8648508787155151
0.015441176470588236,0.10961538461538461,0.8645023703575134
0.016176470588235296,0.10961538461538461,0.864441990852356
0.016176470588235296,0.13653846153846153,0.8445049524307251
0.016911764705882352,0.13653846153846153,0.8439861536026001
0.016911764705882352,0.1375,0.8436700701713562
0.01838235294117647,0.1375,0.842292070388794
0.01838235294117647,0.1519230769230769,0.8328575491905212
0.01911764705882353,0.1519230769230769,0.832280158996582
0.01911764705882353,0.1596153846153846,0.8305213451385498
0.019852941176470587,0.1596153846153846,0.8301577568054199
0.019852941176470587,0.16923076923076924,0.8253363370895386
0.020588235294117647,0.16923076923076924,0.8235777020454407
0.020588235294117647,0.17307692307692307,0.8210833668708801
0.021323529411764706,0.17307692307692307,0.8204417824745178
0.021323529411764706,0.19615384615384615,0.811875581741333
0.022058823529411766,0.19615384615384615,0.8115170001983643
0.022058823529411766,0.20096153846153847,0.8088470101356506
0.022794117647058822,0.20096153846153847,0.8083258271217346
0.022794117647058822,0.2048076923076923,0.8074089288711548
0.023529411764705882,0.2048076923076923,0.806683361530304
0.023529411764705882,0.21153846153846154,0.8033471703529358
0.02426470588235294,0.21153846153846154,0.8020700216293335
0.02426470588235294,0.2125,0.8007382750511169
0.025,0.2125,0.8006455898284912
0.025,0.2144230769230769,0.7992697954177856
0.025735294117647058,0.2144230769230769,0.7966542840003967
0.025735294117647058,0.225,0.7905786037445068
0.026470588235294117,0.225,0.790087878704071
0.026470588235294117,0.23076923076923078,0.7861985564231873
0.027205882352941177,0.23076923076923078,0.7857790589332581
0.027205882352941177,0.23942307692307693,0.781627893447876
0.027941176470588237,0.23942307692307693,0.7812517881393433
0.027941176470588237,0.24711538461538463,0.776877224445343
0.028676470588235293,0.24711538461538463,0.7767734527587891
0.028676470588235293,0.2586538461538462,0.7707557082176208
0.029411764705882353,0.2586538461538462,0.7702444195747375
0.029411764705882353,0.25961538461538464,0.7699589133262634
0.030882352941176472,0.25961538461538464,0.7695389986038208
0.030882352941176472,0.2653846153846154,0.7633772492408752
0.03235294117647059,0.2653846153846154,0.7630702257156372
0.03235294117647059,0.2673076923076923,0.7628927826881409
0.03308823529411765,0.2673076923076923,0.762226939201355
0.03308823529411765,0.275,0.7570227384567261
0.033823529411764704,0.275,0.7568454146385193
0.033823529411764704,0.2778846153846154,0.7554798126220703
0.03455882352941177,0.2778846153846154,0.754410982131958
0.03455882352941177,0.28076923076923077,0.7540009617805481
0.03529411764705882,0.28076923076923077,0.7533336281776428
0.03529411764705882,0.2932692307692308,0.7481240630149841
0.03676470588235294,0.2932692307692308,0.7476467490196228
0.03676470588235294,0.2980769230769231,0.7451862692832947
0.0375,0.2980769230769231,0.745177686214447
0.0375,0.3038461538461538,0.7425410747528076
0.03823529411764706,0.3038461538461538,0.7417898774147034
0.03823529411764706,0.30673076923076925,0.7401737570762634
0.03897058823529412,0.30673076923076925,0.73996502161026
0.03897058823529412,0.3076923076923077,0.7389639616012573
0.039705882352941174,0.3076923076923077,0.7377306818962097
0.039705882352941174,0.3144230769230769,0.7343025803565979
0.04044117647058824,0.3144230769230769,0.7329163551330566
0.04044117647058824,0.31634615384615383,0.7326317429542542
0.041176470588235294,0.31634615384615383,0.7325353026390076
0.041176470588235294,0.3173076923076923,0.7323564291000366
0.04191176470588235,0.3173076923076923,0.7321250438690186
0.04191176470588235,0.31826923076923075,0.7316862344741821
0.04264705882352941,0.31826923076923075,0.7308905720710754
0.04264705882352941,0.3192307692307692,0.730613648891449
0.04338235294117647,0.3192307692307692,0.7298488020896912
0.04338235294117647,0.325,0.7275481820106506
0.04411764705882353,0.325,0.7264254093170166
0.04411764705882353,0.3269230769230769,0.7261438369750977
0.045588235294117645,0.3269230769230769,0.7237380146980286
0.045588235294117645,0.3298076923076923,0.7223866581916809
0.04632352941176471,0.3298076923076923,0.7223295569419861
0.04632352941176471,0.3384615384615385,0.7199633121490479
0.047058823529411764,0.3384615384615385,0.719634473323822
0.047058823529411764,0.3403846153846154,0.7189896702766418
0.04779411764705882,0.3403846153846154,0.7189455628395081
0.04779411764705882,0.3423076923076923,0.7184225916862488
0.04852941176470588,0.3423076923076923,0.7182925939559937
0.04852941176470588,0.34423076923076923,0.7179082632064819
0.05,0.34423076923076923,0.7173767685890198
0.05,0.34615384615384615,0.7166399359703064
0.05073529411764706,0.34615384615384615,0.7165979146957397
0.05073529411764706,0.3557692307692308,0.7125322818756104
0.051470588235294115,0.3557692307692308,0.7124955654144287
0.051470588235294115,0.3576923076923077,0.7108451128005981
0.05220588235294118,0.3576923076923077,0.7105392813682556
0.05220588235294118,0.3596153846153846,0.7096436023712158
0.05367647058823529,0.3596153846153846,0.7093532681465149
0.05367647058823529,0.36153846153846153,0.7074193358421326
0.05514705882352941,0.36153846153846153,0.706210196018219
0.05514705882352941,0.3644230769230769,0.7056474089622498
0.05661764705882353,0.3644230769230769,0.7052102088928223
0.05661764705882353,0.3682692307692308,0.7019726634025574
0.057352941176470586,0.3682692307692308,0.7014957666397095
0.057352941176470586,0.3701923076923077,0.7012478113174438
0.05808823529411765,0.3701923076923077,0.7012417316436768
0.05808823529411765,0.37115384615384617,0.7009864449501038
0.058823529411764705,0.37115384615384617,0.7007631063461304
0.058823529411764705,0.3730769230769231,0.7005224823951721
0.05955882352941176,0.3730769230769231,0.7003576755523682
0.05955882352941176,0.37596153846153846,0.6994557976722717
0.06102941176470588,0.37596153846153846,0.6990651488304138
0.06102941176470588,0.37884615384615383,0.6986770033836365
0.061764705882352944,0.37884615384615383,0.698573112487793
0.061764705882352944,0.3836538461538462,0.6963160037994385
0.0625,0.3836538461538462,0.6961866617202759
0.0625,0.3894230769230769,0.693427562713623
0.06397058823529411,0.3894230769230769,0.6926339864730835
0.06397058823529411,0.39134615384615384,0.6924184560775757
0.06544117647058824,0.39134615384615384,0.6921193599700928
0.06544117647058824,0.39326923076923076,0.6919050812721252
0.0661764705882353,0.39326923076923076,0.6918722987174988
0.0661764705882353,0.39807692307692305,0.6905694603919983
0.06691176470588235,0.39807692307692305,0.6905611157417297
0.06691176470588235,0.39903846153846156,0.6904272437095642
0.06764705882352941,0.39903846153846156,0.6898999810218811
0.06764705882352941,0.4009615384615385,0.6888719797134399
0.06985294117647059,0.4009615384615385,0.6876286864280701
0.06985294117647059,0.40192307692307694,0.6865864992141724
0.07058823529411765,0.40192307692307694,0.686508297920227
0.07058823529411765,0.4028846153846154,0.686260998249054
0.0713235294117647,0.4028846153846154,0.6859228014945984
0.0713235294117647,0.40384615384615385,0.685327410697937
0.07205882352941176,0.40384615384615385,0.6851181983947754
0.07205882352941176,0.4048076923076923,0.6846577525138855
0.07352941176470588,0.4048076923076923,0.6835642457008362
0.07352941176470588,0.4076923076923077,0.683030903339386
0.07426470588235294,0.4076923076923077,0.6829590797424316
0.07426470588235294,0.40865384615384615,0.6823329925537109
0.075,0.40865384615384615,0.6814587712287903
0.075,0.4115384615384615,0.6809130907058716
0.07573529411764705,0.4115384615384615,0.6807971000671387
0.07573529411764705,0.4125,0.6807889342308044
0.07867647058823529,0.4125,0.6800208687782288
0.07867647058823529,0.41442307692307695,0.6798460483551025
0.07941176470588235,0.41442307692307695,0.679722785949707
0.07941176470588235,0.4153846153846154,0.6796350479125977
0.08088235294117647,0.4153846153846154,0.6791518330574036
0.08088235294117647,0.41634615384615387,0.6787205934524536
0.08161764705882353,0.41634615384615387,0.6783270835876465
0.08161764705882353,0.4173076923076923,0.678080677986145
0.08235294117647059,0.4173076923076923,0.6776480078697205
0.08235294117647059,0.4182692307692308,0.6773183345794678
0.08308823529411764,0.4182692307692308,0.6770362854003906
0.08308823529411764,0.4221153846153846,0.676600992679596
0.08455882352941177,0.4221153846153846,0.6760918498039246
0.08455882352941177,0.4230769230769231,0.6760149598121643
0.08676470588235294,0.4230769230769231,0.6745684146881104
0.08676470588235294,0.42980769230769234,0.6717532277107239
0.0875,0.42980769230769234,0.6716107130050659
0.0875,0.4307692307692308,0.6712626218795776
0.09044117647058823,0.4307692307692308,0.6697156429290771
0.09044117647058823,0.4355769230769231,0.6676734685897827
0.09117647058823529,0.4355769230769231,0.6673219203948975
0.09117647058823529,0.43846153846153846,0.667106568813324
0.09191176470588236,0.43846153846153846,0.6670879125595093
0.09191176470588236,0.44326923076923075,0.664964497089386
0.09264705882352942,0.44326923076923075,0.6646928787231445
0.09264705882352942,0.44711538461538464,0.6635314226150513
0.09338235294117647,0.44711538461538464,0.6633893847465515
0.09338235294117647,0.45096153846153847,0.6615022420883179
0.09411764705882353,0.45096153846153847,0.6613010764122009
0.09411764705882353,0.4528846153846154,0.6607890129089355
0.09632352941176471,0.4528846153846154,0.6603740453720093
0.09632352941176471,0.45384615384615384,0.6598444581031799
0.09779411764705882,0.45384615384615384,0.6589062809944153
0.09779411764705882,0.4567307692307692,0.6587554812431335
0.09852941176470588,0.4567307692307692,0.6586629748344421
0.09852941176470588,0.4576923076923077,0.6585278511047363
0.09926470588235294,0.4576923076923077,0.6577980518341064
0.09926470588235294,0.46153846153846156,0.6563688516616821
0.1,0.46153846153846156,0.6561195850372314
0.1,0.4634615384615385,0.6554943919181824
0.10220588235294117,0.4634615384615385,0.654938280582428
0.10220588235294117,0.46442307692307694,0.654837965965271
0.10294117647058823,0.46442307692307694,0.654318630695343
0.10294117647058823,0.4673076923076923,0.6531051397323608
0.1036764705882353,0.4673076923076923,0.6530944108963013
0.1036764705882353,0.46826923076923077,0.6527203321456909
0.10441176470588236,0.46826923076923077,0.6520515084266663
0.10441176470588236,0.47115384615384615,0.6514967679977417
0.10514705882352941,0.47115384615384615,0.6513577103614807
0.10514705882352941,0.47596153846153844,0.6490828394889832
0.10661764705882353,0.47596153846153844,0.6483711004257202
0.10661764705882353,0.47692307692307695,0.64823979139328
0.10808823529411765,0.47692307692307695,0.6477823257446289
0.10808823529411765,0.48173076923076924,0.6462415456771851
0.11102941176470588,0.48173076923076924,0.6453400254249573
0.11102941176470588,0.48365384615384616,0.6449261903762817
0.1125,0.48365384615384616,0.6447479724884033
0.1125,0.4846153846153846,0.6437533497810364
0.11397058823529412,0.4846153846153846,0.643459677696228
0.11397058823529412,0.48653846153846153,0.6430823802947998
0.11764705882352941,0.48653846153846153,0.6424975395202637
0.11764705882352941,0.48846153846153845,0.6421366333961487
0.11838235294117647,0.48846153846153845,0.6419764161109924
0.11838235294117647,0.49615384615384617,0.6384158730506897
0.11911764705882352,0.49615384615384617,0.6378496289253235
0.11911764705882352,0.5009615384615385,0.6361994743347168
0.11985294117647059,0.5009615384615385,0.6360238194465637
0.11985294117647059,0.5067307692307692,0.6347864270210266
0.12058823529411765,0.5067307692307692,0.634377121925354
0.12058823529411765,0.510576923076923,0.6326720118522644
0.1213235294117647,0.510576923076923,0.6322211027145386
0.1213235294117647,0.5144230769230769,0.6314733624458313
0.12205882352941176,0.5144230769230769,0.6311668157577515
0.12205882352941176,0.5153846153846153,0.6307497620582581
0.12279411764705882,0.5153846153846153,0.6304528713226318
0.12279411764705882,0.5163461538461539,0.6302513480186462
0.12352941176470589,0.5163461538461539,0.6302422285079956
0.12352941176470589,0.5182692307692308,0.6298628449440002
0.12426470588235294,0.5182692307692308,0.6298314929008484
0.12426470588235294,0.5211538461538462,0.6292749047279358
0.12867647058823528,0.5211538461538462,0.6273425221443176
0.12867647058823528,0.5221153846153846,0.6269974708557129
0.1338235294117647,0.5221153846153846,0.624628484249115
0.1338235294117647,0.5240384615384616,0.6245013475418091
0.13455882352941176,0.5240384615384616,0.6243465542793274
0.13455882352941176,0.5259615384615385,0.6242563724517822
0.13529411764705881,0.5259615384615385,0.6237229108810425
0.13529411764705881,0.5269230769230769,0.6235048770904541
0.13602941176470587,0.5269230769230769,0.6234630346298218
0.13602941176470587,0.5298076923076923,0.6225955486297607
0.1375,0.5298076923076923,0.621464729309082
0.1375,0.5307692307692308,0.6213135123252869
0.14044117647058824,0.5307692307692308,0.6209520697593689
0.14044117647058824,0.5317307692307692,0.6196836829185486
0.1411764705882353,0.5317307692307692,0.6196253299713135
0.1411764705882353,0.5365384615384615,0.6189007759094238
0.14191176470588235,0.5365384615384615,0.6188563108444214
0.14191176470588235,0.5403846153846154,0.6178252696990967
0.1426470588235294,0.5403846153846154,0.6176512241363525
0.1426470588235294,0.5413461538461538,0.6173233985900879
0.14338235294117646,0.5413461538461538,0.6169750094413757
0.14338235294117646,0.5432692307692307,0.6165916323661804
0.14411764705882352,0.5432692307692307,0.616540789604187
0.14411764705882352,0.5451923076923076,0.6164337396621704
0.1448529411764706,0.5451923076923076,0.6162995100021362
0.1448529411764706,0.5471153846153847,0.6160354018211365
0.14558823529411766,0.5471153846153847,0.6159557104110718
0.14558823529411766,0.5480769230769231,0.615583062171936
0.1463235294117647,0.5480769230769231,0.615036129951477
0.1463235294117647,0.55,0.6144979000091553
0.15073529411764705,0.55,0.61250901222229
0.15073529411764705,0.5509615384615385,0.6113150715827942
0.15220588235294116,0.5509615384615385,0.6108591556549072
0.15220588235294116,0.5548076923076923,0.6093774437904358
0.15294117647058825,0.5548076923076923,0.6093561053276062
0.15294117647058825,0.5557692307692308,0.6091656684875488
0.15735294117647058,0.5557692307692308,0.6082642078399658
0.15735294117647058,0.5567307692307693,0.6082349419593811
0.1588235294117647,0.5567307692307693,0.6072324514389038
0.1588235294117647,0.5586538461538462,0.6066802144050598
0.15955882352941175,0.5586538461538462,0.6064571738243103
0.15955882352941175,0.5615384615384615,0.6057053208351135
0.16176470588235295,0.5615384615384615,0.6050462126731873
0.16176470588235295,0.5644230769230769,0.6048784852027893
0.16397058823529412,0.5644230769230769,0.6039882302284241
0.16397058823529412,0.5673076923076923,0.6026850342750549
0.16470588235294117,0.5673076923076923,0.602177083492279
0.16470588235294117,0.5701923076923077,0.6013824343681335
0.1661764705882353,0.5701923076923077,0.6007516384124756
0.1661764705882353,0.5711538461538461,0.6006482839584351
0.16691176470588234,0.5711538461538461,0.6005134582519531
0.16691176470588234,0.5721153846153846,0.6003080606460571
0.1676470588235294,0.5721153846153846,0.6001645922660828
0.1676470588235294,0.573076923076923,0.6001477241516113
0.16838235294117648,0.573076923076923,0.6000045537948608
0.16838235294117648,0.575,0.5988608002662659
0.17058823529411765,0.575,0.5982650518417358
0.17058823529411765,0.5769230769230769,0.5980599522590637
0.1713235294117647,0.5769230769230769,0.597952127456665
0.1713235294117647,0.5788461538461539,0.5960736274719238
0.17205882352941176,0.5788461538461539,0.5957755446434021
0.17205882352941176,0.5798076923076924,0.5952280163764954
0.17352941176470588,0.5798076923076924,0.5949236750602722
0.17352941176470588,0.5807692307692308,0.5945796370506287
0.17426470588235293,0.5807692307692308,0.5936630964279175
0.17426470588235293,0.5817307692307693,0.5925279855728149
0.175,0.5817307692307693,0.59180748462677
0.175,0.5836538461538462,0.590998113155365
0.1786764705882353,0.5836538461538462,0.5898310542106628
0.1786764705882353,0.5865384615384616,0.5889980792999268
0.17941176470588235,0.5865384615384616,0.5888162851333618
0.17941176470588235,0.5875,0.588055431842804
0.1801470588235294,0.5875,0.5878357887268066
0.1801470588235294,0.5894230769230769,0.587644100189209
0.18161764705882352,0.5894230769230769,0.5862202048301697
0.18161764705882352,0.5942307692307692,0.5845260620117188
0.18382352941176472,0.5942307692307692,0.583775520324707
0.18382352941176472,0.5980769230769231,0.5817633867263794
0.18455882352941178,0.5980769230769231,0.5815243124961853
0.18455882352941178,0.5990384615384615,0.5806204080581665
0.18529411764705883,0.5990384615384615,0.5805294513702393
0.18529411764705883,0.6009615384615384,0.5802598595619202
0.1860294117647059,0.6009615384615384,0.5798155665397644
0.1860294117647059,0.6019230769230769,0.5796819925308228
0.18676470588235294,0.6019230769230769,0.5794413685798645
0.18676470588235294,0.6028846153846154,0.5792301297187805
0.1875,0.6028846153846154,0.579073429107666
0.1875,0.6038461538461538,0.5789237022399902
0.18823529411764706,0.6038461538461538,0.5786574482917786
0.18823529411764706,0.614423076923077,0.5755277276039124
0.1889705882352941,0.614423076923077,0.5753671526908875
0.1889705882352941,0.6173076923076923,0.5738885402679443
0.18970588235294117,0.6173076923076923,0.5736761689186096
0.18970588235294117,0.6182692307692308,0.5733900666236877
0.19191176470588237,0.6182692307692308,0.5726242065429688
0.19191176470588237,0.6192307692307693,0.5725265145301819
0.19338235294117648,0.6192307692307693,0.5721424221992493
0.19338235294117648,0.6201923076923077,0.5720492005348206
0.1948529411764706,0.6201923076923077,0.5720049738883972
0.1948529411764706,0.6211538461538462,0.5715579986572266
0.19558823529411765,0.6211538461538462,0.571354866027832
0.19558823529411765,0.6240384615384615,0.5707812309265137
0.1963235294117647,0.6240384615384615,0.569925844669342
0.1963235294117647,0.625,0.5697416663169861
0.19705882352941176,0.625,0.5694137215614319
0.19705882352941176,0.6269230769230769,0.5688098073005676
0.19779411764705881,0.6269230769230769,0.5686230063438416
0.19779411764705881,0.6298076923076923,0.5680040717124939
0.19852941176470587,0.6298076923076923,0.5671778321266174
0.19852941176470587,0.6346153846153846,0.5665320158004761
0.19926470588235295,0.6346153846153846,0.5660073757171631
0.19926470588235295,0.6365384615384615,0.5658481121063232
0.20147058823529412,0.6365384615384615,0.5654893517494202
0.20147058823529412,0.6375,0.5653635859489441
0.20588235294117646,0.6375,0.5643993020057678
0.20588235294117646,0.6413461538461539,0.5623851418495178
0.20661764705882352,0.6413461538461539,0.5623286962509155
0.20661764705882352,0.6451923076923077,0.5605663061141968
0.2073529411764706,0.6451923076923077,0.5605308413505554
0.2073529411764706,0.6461538461538462,0.56038498878479
0.20808823529411766,0.6461538461538462,0.5603620409965515
0.20808823529411766,0.6471153846153846,0.5601961612701416
0.2088235294117647,0.6471153846153846,0.5601838827133179
0.2088235294117647,0.6509615384615385,0.5592358708381653
0.20955882352941177,0.6509615384615385,0.5589089393615723
0.20955882352941177,0.6548076923076923,0.5572141408920288
0.21029411764705883,0.6548076923076923,0.5571991205215454
0.21029411764705883,0.6557692307692308,0.5571779608726501
0.21176470588235294,0.6557692307692308,0.5560004115104675
0.21176470588235294,0.6576923076923077,0.5557577013969421
0.2125,0.6576923076923077,0.5557520389556885
0.2125,0.6586538461538461,0.5554990172386169
0.2139705882352941,0.6586538461538461,0.5551367998123169
0.2139705882352941,0.6605769230769231,0.5550094842910767
0.21470588235294116,0.6605769230769231,0.5546302199363708
0.21470588235294116,0.6653846153846154,0.5526759624481201
0.21544117647058825,0.6653846153846154,0.5525983572006226
0.21544117647058825,0.6673076923076923,0.5522871017456055
0.2161764705882353,0.6673076923076923,0.5522862076759338
0.2161764705882353,0.6682692307692307,0.5518693923950195
0.21691176470588236,0.6682692307692307,0.5510408878326416
0.21691176470588236,0.6692307692307692,0.5509719848632812
0.21911764705882353,0.6692307692307692,0.5490827560424805
0.21911764705882353,0.675,0.5473119020462036
0.22058823529411764,0.675,0.5462572574615479
0.22058823529411764,0.676923076923077,0.5460849404335022
0.2213235294117647,0.676923076923077,0.5457409024238586
0.2213235294117647,0.6788461538461539,0.5439603924751282
0.22205882352941175,0.6788461538461539,0.5432507991790771
0.22205882352941175,0.6807692307692308,0.5429180860519409
0.22279411764705884,0.6807692307692308,0.5427162647247314
0.22279411764705884,0.6826923076923077,0.5421814322471619
0.225,0.6826923076923077,0.5417417883872986
0.225,0.6846153846153846,0.5413798689842224
0.22573529411764706,0.6846153846153846,0.5410984754562378
0.22573529411764706,0.6865384615384615,0.540578305721283
0.22794117647058823,0.6865384615384615,0.537470817565918
0.22794117647058823,0.6913461538461538,0.5360009670257568
0.22941176470588234,0.6913461538461538,0.5358670353889465
0.22941176470588234,0.6932692307692307,0.5353872179985046
0.2301470588235294,0.6932692307692307,0.5353053212165833
0.2301470588235294,0.698076923076923,0.532365083694458
0.23161764705882354,0.698076923076923,0.5318987965583801
0.23161764705882354,0.7,0.5314062237739563
0.2323529411764706,0.7,0.5313188433647156
0.2323529411764706,0.7038461538461539,0.5303540825843811
0.23308823529411765,0.7038461538461539,0.5302366614341736
0.23308823529411765,0.7048076923076924,0.5301036834716797
0.2338235294117647,0.7048076923076924,0.5295944809913635
0.2338235294117647,0.7057692307692308,0.5295109748840332
0.23455882352941176,0.7057692307692308,0.5294660329818726
0.23455882352941176,0.7067307692307693,0.5293695330619812
0.23529411764705882,0.7067307692307693,0.528643012046814
0.23529411764705882,0.7076923076923077,0.5283125638961792
0.23897058823529413,0.7076923076923077,0.5261086821556091
0.23897058823529413,0.7125,0.5229915380477905
0.2411764705882353,0.7125,0.5222664475440979
0.2411764705882353,0.7144230769230769,0.5220621228218079
0.24485294117647058,0.7144230769230769,0.520077645778656
0.24485294117647058,0.7153846153846154,0.5197786688804626
0.24558823529411763,0.7153846153846154,0.5194177627563477
0.24558823529411763,0.7173076923076923,0.5189433693885803
0.24632352941176472,0.7173076923076923,0.5187723636627197
0.24632352941176472,0.7201923076923077,0.5176913142204285
0.24779411764705883,0.7201923076923077,0.5170828700065613
0.24779411764705883,0.7240384615384615,0.5153711438179016
0.2485294117647059,0.7240384615384615,0.5138404965400696
0.2485294117647059,0.7259615384615384,0.5131321549415588
0.25,0.7259615384615384,0.5128422379493713
0.25,0.7269230769230769,0.5126689076423645
0.25220588235294117,0.7269230769230769,0.5120746493339539
0.25220588235294117,0.7288461538461538,0.5115693807601929
0.2529411764705882,0.7288461538461538,0.5115011930465698
0.2529411764705882,0.7298076923076923,0.5109820365905762
0.2551470588235294,0.7298076923076923,0.5101956129074097
0.2551470588235294,0.7326923076923076,0.5089552402496338
0.25588235294117645,0.7326923076923076,0.5085897445678711
0.25588235294117645,0.7336538461538461,0.5083027482032776
0.2566176470588235,0.7336538461538461,0.5082402229309082
0.2566176470588235,0.7346153846153847,0.50715571641922
0.25882352941176473,0.7346153846153847,0.5065666437149048
0.25882352941176473,0.7375,0.5063118934631348
0.2610294117647059,0.7375,0.5057168006896973
0.2610294117647059,0.739423076923077,0.5049967169761658
0.26176470588235295,0.739423076923077,0.5045719146728516
0.26176470588235295,0.7403846153846154,0.5032579898834229
0.2647058823529412,0.7403846153846154,0.5018104910850525
0.2647058823529412,0.7413461538461539,0.5009303092956543
0.26544117647058824,0.7413461538461539,0.5008577704429626
0.26544117647058824,0.7423076923076923,0.4999920129776001
0.26691176470588235,0.7423076923076923,0.4998086392879486
0.26691176470588235,0.7442307692307693,0.49948710203170776
0.2676470588235294,0.7442307692307693,0.49905669689178467
0.2676470588235294,0.7490384615384615,0.49845176935195923
0.26838235294117646,0.7490384615384615,0.49781766533851624
0.26838235294117646,0.75,0.4976766109466553
0.2691176470588235,0.75,0.4967302083969116
0.2691176470588235,0.7509615384615385,0.49657973647117615
0.27205882352941174,0.7509615384615385,0.4952729344367981
0.27205882352941174,0.7567307692307692,0.4934839904308319
0.27426470588235297,0.7567307692307692,0.4923444986343384
0.27426470588235297,0.7615384615384615,0.49128782749176025
0.275,0.7615384615384615,0.49125710129737854
0.275,0.7634615384615384,0.4908028542995453
0.2757352941176471,0.7634615384615384,0.49018117785453796
0.2757352941176471,0.7644230769230769,0.48977142572402954
0.27647058823529413,0.7644230769230769,0.4894864857196808
0.27647058823529413,0.7663461538461539,0.48705238103866577
0.27794117647058825,0.7663461538461539,0.48647937178611755
0.27794117647058825,0.7682692307692308,0.4851939380168915
0.27941176470588236,0.7682692307692308,0.48281171917915344
0.27941176470588236,0.7692307692307693,0.4824722707271576
0.2801470588235294,0.7692307692307693,0.48211669921875
0.2801470588235294,0.7721153846153846,0.4807994067668915
0.28088235294117647,0.7721153846153846,0.48035815358161926
0.28088235294117647,0.7740384615384616,0.4803434908390045
0.2823529411764706,0.7740384615384616,0.4796847403049469
0.2823529411764706,0.7759615384615385,0.4791069030761719
0.28308823529411764,0.7759615384615385,0.4790099263191223
0.28308823529411764,0.7798076923076923,0.47780269384384155
0.2838235294117647,0.7798076923076923,0.4777333438396454
0.2838235294117647,0.7817307692307692,0.4773925244808197
0.2889705882352941,0.7817307692307692,0.47570905089378357
0.2889705882352941,0.7826923076923077,0.4754447340965271
0.29044117647058826,0.7826923076923077,0.4744076132774353
0.29044117647058826,0.7846153846153846,0.47404593229293823
0.29191176470588237,0.7846153846153846,0.47337865829467773
0.29191176470588237,0.7855769230769231,0.47337114810943604
0.2926470588235294,0.7855769230769231,0.47299548983573914
0.2926470588235294,0.7875,0.47266942262649536
0.2963235294117647,0.7875,0.4717128872871399
0.2963235294117647,0.7913461538461538,0.4695422053337097
0.29705882352941176,0.7913461538461538,0.46938666701316833
0.29705882352941176,0.7932692307692307,0.4688064157962799
0.2985294117647059,0.7932692307692307,0.4685446619987488
0.2985294117647059,0.7942307692307692,0.4684067964553833
0.3,0.7942307692307692,0.4679674208164215
0.3,0.7971153846153847,0.46630123257637024
0.3014705882352941,0.7971153846153847,0.4656440317630768
0.3014705882352941,0.7990384615384616,0.46491602063179016
0.3044117647058823,0.7990384615384616,0.46243205666542053
0.3044117647058823,0.8,0.46216097474098206
0.30514705882352944,0.8,0.4618365168571472
0.30514705882352944,0.8096153846153846,0.4570154547691345
0.3073529411764706,0.8096153846153846,0.4564635753631592
0.3073529411764706,0.8105769230769231,0.4563116133213043
0.31029411764705883,0.8105769230769231,0.45389777421951294
0.31029411764705883,0.8115384615384615,0.45372551679611206
0.3110294117647059,0.8115384615384615,0.45344483852386475
0.3110294117647059,0.8134615384615385,0.4531950056552887
0.31176470588235294,0.8134615384615385,0.452546089887619
0.31176470588235294,0.8144230769230769,0.4522797465324402
0.3154411764705882,0.8144230769230769,0.4506533443927765
0.3154411764705882,0.8182692307692307,0.4486868381500244
0.3176470588235294,0.8182692307692307,0.4464525878429413
0.3176470588235294,0.8201923076923077,0.445005863904953
0.31985294117647056,0.8201923076923077,0.44394364953041077
0.31985294117647056,0.823076923076923,0.44265875220298767
0.32132352941176473,0.823076923076923,0.4403795599937439
0.32132352941176473,0.8240384615384615,0.4399454891681671
0.3235294117647059,0.8240384615384615,0.43900877237319946
0.3235294117647059,0.825,0.4388989806175232
0.325,0.825,0.43854525685310364
0.325,0.8269230769230769,0.4370916187763214
0.32573529411764707,0.8269230769230769,0.43688473105430603
0.32573529411764707,0.8278846153846153,0.4365759491920471
0.3264705882352941,0.8278846153846153,0.436519980430603
0.3264705882352941,0.8288461538461539,0.43611231446266174
0.3272058823529412,0.8288461538461539,0.43548107147216797
0.3272058823529412,0.8298076923076924,0.43511608242988586
0.32794117647058824,0.8298076923076924,0.4345732033252716
0.32794117647058824,0.8307692307692308,0.434076189994812
0.3286764705882353,0.8307692307692308,0.433853417634964
0.3286764705882353,0.8336538461538462,0.43259236216545105
0.3301470588235294,0.8336538461538462,0.43193313479423523
0.3301470588235294,0.8355769230769231,0.4312461316585541
0.33455882352941174,0.8355769230769231,0.42999467253685
0.33455882352941174,0.8365384615384616,0.4297986924648285
0.3352941176470588,0.8365384615384616,0.42950281500816345
0.3352941176470588,0.8384615384615385,0.4294751286506653
0.3382352941176471,0.8384615384615385,0.4279100000858307
0.3382352941176471,0.8394230769230769,0.4271073043346405
0.34191176470588236,0.8394230769230769,0.42489737272262573
0.34191176470588236,0.8403846153846154,0.4248512387275696
0.34411764705882353,0.8403846153846154,0.42427441477775574
0.34411764705882353,0.8413461538461539,0.42363789677619934
0.34558823529411764,0.8413461538461539,0.42311975359916687
0.34558823529411764,0.8423076923076923,0.42299968004226685
0.3492647058823529,0.8423076923076923,0.4221137464046478
0.3492647058823529,0.8442307692307692,0.4217100441455841
0.3514705882352941,0.8442307692307692,0.421443909406662
0.3514705882352941,0.8451923076923077,0.42119184136390686
0.35294117647058826,0.8451923076923077,0.42089521884918213
0.35294117647058826,0.8461538461538461,0.420197069644928
0.3551470588235294,0.8461538461538461,0.41986945271492004
0.3551470588235294,0.8471153846153846,0.41969335079193115
0.3588235294117647,0.8471153846153846,0.41757720708847046
0.3588235294117647,0.8480769230769231,0.4174109399318695
0.35955882352941176,0.8480769230769231,0.4170471429824829
0.35955882352941176,0.8490384615384615,0.41698718070983887
0.3610294117647059,0.8490384615384615,0.4163646996021271
0.3610294117647059,0.8509615384615384,0.4158538579940796
0.36176470588235293,0.8509615384615384,0.4158235490322113
0.36176470588235293,0.8528846153846154,0.41520559787750244
0.3639705882352941,0.8528846153846154,0.4134245812892914
0.3639705882352941,0.8557692307692307,0.41216325759887695
0.36911764705882355,0.8557692307692307,0.40894514322280884
0.36911764705882355,0.8576923076923076,0.4080033600330353
0.37058823529411766,0.8576923076923076,0.40700438618659973
0.37058823529411766,0.8596153846153847,0.40656229853630066
0.3720588235294118,0.8596153846153847,0.4064595401287079
0.3720588235294118,0.8605769230769231,0.40600860118865967
0.37279411764705883,0.8605769230769231,0.40582334995269775
0.37279411764705883,0.8615384615384616,0.40574103593826294
0.37573529411764706,0.8615384615384616,0.4051508605480194
0.37573529411764706,0.8625,0.40511587262153625
0.37720588235294117,0.8625,0.4049537181854248
0.37720588235294117,0.864423076923077,0.4047023057937622
0.3845588235294118,0.864423076923077,0.4006335735321045
0.3845588235294118,0.8673076923076923,0.3991970121860504
0.38529411764705884,0.8673076923076923,0.3987443149089813
0.38529411764705884,0.8682692307692308,0.39872002601623535
0.38676470588235295,0.8682692307692308,0.39830759167671204
0.38676470588235295,0.8692307692307693,0.39820489287376404
0.3926470588235294,0.8692307692307693,0.39512643218040466
0.3926470588235294,0.8701923076923077,0.3948992192745209
0.3941176470588235,0.8701923076923077,0.39479860663414
0.3941176470588235,0.8711538461538462,0.394094318151474
0.39558823529411763,0.8711538461538462,0.39364489912986755
0.39558823529411763,0.8721153846153846,0.39286407828330994
0.3977941176470588,0.8721153846153846,0.391740620136261
0.3977941176470588,0.8730769230769231,0.391739159822464
0.4,0.8730769230769231,0.39086514711380005
0.4,0.8759615384615385,0.3903442919254303
0.40147058823529413,0.8759615384615385,0.38990992307662964
0.40147058823529413,0.8769230769230769,0.38973090052604675
0.4022058823529412,0.8769230769230769,0.38971126079559326
0.4022058823529412,0.8788461538461538,0.38868048787117004
0.40441176470588236,0.8788461538461538,0.3882712423801422
0.40441176470588236,0.8807692307692307,0.3877195715904236
0.40955882352941175,0.8807692307692307,0.3862200975418091
0.40955882352941175,0.8817307692307692,0.38618266582489014
0.4117647058823529,0.8817307692307692,0.38463202118873596
0.4117647058823529,0.8826923076923077,0.3844684660434723
0.41323529411764703,0.8826923076923077,0.3842070996761322
0.41323529411764703,0.8836538461538461,0.3831835389137268
0.4161764705882353,0.8836538461538461,0.3816458582878113
0.4161764705882353,0.8846153846153846,0.3816409409046173
0.41691176470588237,0.8846153846153846,0.3808414340019226
0.41691176470588237,0.885576923076923,0.3805948793888092
0.4213235294117647,0.885576923076923,0.3797993063926697
0.4213235294117647,0.8903846153846153,0.37762776017189026
0.42205882352941176,0.8903846153846153,0.3775135576725006
0.42205882352941176,0.8913461538461539,0.37734755873680115
0.42426470588235293,0.8913461538461539,0.3770529627799988
0.42426470588235293,0.8923076923076924,0.37694409489631653
0.42720588235294116,0.8923076923076924,0.3755255937576294
0.42720588235294116,0.8932692307692308,0.37520089745521545
0.4338235294117647,0.8932692307692308,0.37312376499176025
0.4338235294117647,0.8942307692307693,0.3730950355529785
0.4345588235294118,0.8942307692307693,0.3730403780937195
0.4345588235294118,0.8951923076923077,0.3727816939353943
0.4360294117647059,0.8951923076923077,0.37265780568122864
0.4360294117647059,0.8961538461538462,0.37253424525260925
0.4389705882352941,0.8961538461538462,0.37059536576271057
0.4389705882352941,0.8971153846153846,0.3703693151473999
0.4426470588235294,0.8971153846153846,0.36875155568122864
0.4426470588235294,0.8980769230769231,0.3680626153945923
0.44485294117647056,0.8980769230769231,0.36781010031700134
0.44485294117647056,0.9,0.36735278367996216
0.4455882352941177,0.9,0.36732837557792664
0.4455882352941177,0.9019230769230769,0.36716651916503906
0.44632352941176473,0.9019230769230769,0.36683937907218933
0.44632352941176473,0.9028846153846154,0.36655762791633606
0.4514705882352941,0.9028846153846154,0.364654541015625
0.4514705882352941,0.9038461538461539,0.3646462857723236
0.4536764705882353,0.9038461538461539,0.36391663551330566
0.4536764705882353,0.9057692307692308,0.363362193107605
0.4588235294117647,0.9057692307692308,0.36173468828201294
0.4588235294117647,0.9067307692307692,0.36114200949668884
0.45955882352941174,0.9067307692307692,0.3602362275123596
0.45955882352941174,0.9076923076923077,0.35982388257980347
0.46176470588235297,0.9076923076923077,0.35866284370422363
0.46176470588235297,0.9086538461538461,0.35836732387542725
0.46544117647058825,0.9086538461538461,0.3563712239265442
0.46544117647058825,0.9105769230769231,0.35564854741096497
0.4661764705882353,0.9105769230769231,0.35553669929504395
0.4661764705882353,0.9115384615384615,0.35553044080734253
0.4742647058823529,0.9115384615384615,0.35322678089141846
0.4742647058823529,0.9125,0.35317009687423706
0.475,0.9125,0.3528483510017395
0.475,0.9144230769230769,0.3525749444961548
0.48308823529411765,0.9144230769230769,0.3494637608528137
0.48308823529411765,0.9153846153846154,0.34923768043518066
0.4860294117647059,0.9153846153846154,0.34823793172836304
0.4860294117647059,0.9163461538461538,0.3476243019104004
0.4904411764705882,0.9163461538461538,0.3464483618736267
0.4904411764705882,0.9173076923076923,0.3458840548992157
0.4963235294117647,0.9173076923076923,0.34429702162742615
0.4963235294117647,0.9182692307692307,0.34421998262405396
0.49779411764705883,0.9182692307692307,0.3434356451034546
0.49779411764705883,0.9201923076923076,0.3429349958896637
0.4985294117647059,0.9201923076923076,0.3428548574447632
0.4985294117647059,0.9211538461538461,0.34197381138801575
0.49926470588235294,0.9211538461538461,0.3418031632900238
0.49926470588235294,0.9230769230769231,0.34132054448127747
0.5007352941176471,0.9230769230769231,0.3407212197780609
0.5007352941176471,0.925,0.3403782546520233
0.5029411764705882,0.925,0.3396367132663727
0.5029411764705882,0.9259615384615385,0.3391520380973816
0.5095588235294117,0.9259615384615385,0.33730489015579224
0.5095588235294117,0.9278846153846154,0.336601585149765
0.5139705882352941,0.9278846153846154,0.3348618447780609
0.5139705882352941,0.9288461538461539,0.33464816212654114
0.5169117647058824,0.9288461538461539,0.33386531472206116
0.5169117647058824,0.9298076923076923,0.3338274657726288
0.5183823529411765,0.9298076923076923,0.33336108922958374
0.5183823529411765,0.9307692307692308,0.3328416347503662
0.5205882352941177,0.9307692307692308,0.33260250091552734
0.5205882352941177,0.9326923076923077,0.33158978819847107
0.5264705882352941,0.9326923076923077,0.32915812730789185
0.5264705882352941,0.9346153846153846,0.32816794514656067
0.5272058823529412,0.9346153846153846,0.32781127095222473
0.5272058823529412,0.9355769230769231,0.327724814414978
0.5294117647058824,0.9355769230769231,0.32652726769447327
0.5294117647058824,0.9375,0.3249994218349457
0.5301470588235294,0.9375,0.3247849643230438
0.5301470588235294,0.9384615384615385,0.32454222440719604
0.5330882352941176,0.9384615384615385,0.32416266202926636
0.5330882352941176,0.9394230769230769,0.3240951597690582
0.5389705882352941,0.9394230769230769,0.31967678666114807
0.5389705882352941,0.9403846153846154,0.31900694966316223
0.5441176470588235,0.9403846153846154,0.31639423966407776
0.5441176470588235,0.9413461538461538,0.316280722618103
0.5507352941176471,0.9413461538461538,0.3138609230518341
0.5507352941176471,0.9423076923076923,0.3135720193386078
0.5536764705882353,0.9423076923076923,0.30952566862106323
0.5536764705882353,0.9432692307692307,0.3092109262943268
0.5617647058823529,0.9432692307692307,0.3023861348628998
0.5617647058823529,0.9442307692307692,0.3021512031555176
0.5632352941176471,0.9442307692307692,0.30140721797943115
0.5632352941176471,0.9451923076923077,0.3004167079925537
0.5661764705882353,0.9451923076923077,0.29992133378982544
0.5661764705882353,0.9461538461538461,0.2997159957885742
0.5669117647058823,0.9461538461538461,0.2996305823326111
0.5669117647058823,0.9471153846153846,0.29922667145729065
0.586764705882353,0.9471153846153846,0.2887648344039917
0.586764705882353,0.948076923076923,0.28871479630470276
0.5882352941176471,0.948076923076923,0.2880750596523285
0.5882352941176471,0.9490384615384615,0.28798171877861023
0.5897058823529412,0.9490384615384615,0.2864954173564911
0.5897058823529412,0.95,0.2862153947353363
0.5933823529411765,0.95,0.2846176326274872
0.5933823529411765,0.9509615384615384,0.28309541940689087
0.6102941176470589,0.9509615384615384,0.2751905620098114
0.6102941176470589,0.9519230769230769,0.2748790979385376
0.6147058823529412,0.9519230769230769,0.273175984621048
0.6147058823529412,0.9528846153846153,0.27308031916618347
0.6183823529411765,0.9528846153846153,0.2709815800189972
0.6183823529411765,0.9538461538461539,0.2707553207874298
0.6294117647058823,0.9538461538461539,0.2638460695743561
0.6294117647058823,0.9548076923076924,0.26348796486854553
0.6330882352941176,0.9548076923076924,0.261050820350647
0.6330882352941176,0.9557692307692308,0.26100021600723267
0.6345588235294117,0.9557692307692308,0.2605089843273163
0.6345588235294117,0.9567307692307693,0.26041555404663086
0.638235294117647,0.9567307692307693,0.25738927721977234
0.638235294117647,0.9576923076923077,0.2571409344673157
0.6441176470588236,0.9576923076923077,0.25471317768096924
0.6441176470588236,0.9586538461538462,0.25232717394828796
0.6580882352941176,0.9586538461538462,0.24494649469852448
0.6580882352941176,0.9605769230769231,0.24460388720035553
0.6588235294117647,0.9605769230769231,0.24458123743534088
0.6588235294117647,0.9615384615384616,0.2422989308834076
0.6595588235294118,0.9615384615384616,0.24168868362903595
0.6595588235294118,0.9634615384615385,0.24106420576572418
0.6602941176470588,0.9634615384615385,0.2408219277858734
0.6602941176470588,0.9644230769230769,0.23952937126159668
0.6735294117647059,0.9644230769230769,0.23360921442508698
0.6735294117647059,0.9663461538461539,0.2326519936323166
0.6757352941176471,0.9663461538461539,0.2309742569923401
0.6757352941176471,0.9682692307692308,0.23018497228622437
0.6845588235294118,0.9682692307692308,0.2267104685306549
0.6845588235294118,0.9692307692307692,0.22653548419475555
0.6963235294117647,0.9692307692307692,0.221334308385849
0.6963235294117647,0.9701923076923077,0.2208840250968933
0.6977941176470588,0.9701923076923077,0.22033587098121643
0.6977941176470588,0.9721153846153846,0.22024211287498474
0.7014705882352941,0.9721153846153846,0.21814654767513275
0.7014705882352941,0.9730769230769231,0.2177218347787857
0.7022058823529411,0.9730769230769231,0.2174483686685562
0.7022058823529411,0.9740384615384615,0.21738149225711823
0.7102941176470589,0.9740384615384615,0.21512578427791595
0.7102941176470589,0.975,0.21499769389629364
0.7279411764705882,0.975,0.20881317555904388
0.7279411764705882,0.9759615384615384,0.2085690051317215
0.7286764705882353,0.9759615384615384,0.2083090990781784
0.7286764705882353,0.9778846153846154,0.20676353573799133
0.7360294117647059,0.9778846153846154,0.2019679993391037
0.7360294117647059,0.9788461538461538,0.20162111520767212
0.7433823529411765,0.9788461538461538,0.19849947094917297
0.7433823529411765,0.9798076923076923,0.19845154881477356
0.7794117647058824,0.9798076923076923,0.18147313594818115
0.7794117647058824,0.9807692307692307,0.1814587265253067
0.899264705882353,0.9807692307692307,0.1122247725725174
0.899264705882353,0.9817307692307692,0.11184471845626831
0.9198529411764705,0.9817307692307692,0.09259020537137985
0.9198529411764705,0.9826923076923076,0.09117965400218964
0.9272058823529412,0.9826923076923076,0.07952501624822617
0.9272058823529412,0.9836538461538461,0.07891765236854553
0.9294117647058824,0.9836538461538461,0.07568606734275818
0.9294117647058824,0.9846153846153847,0.07378118485212326
0.9308823529411765,0.9846153846153847,0.07311137765645981
0.9308823529411765,0.9855769230769231,0.07128024846315384
0.9316176470588236,0.9855769230769231,0.07084935158491135
0.9316176470588236,0.9865384615384616,0.07081670314073563
0.9330882352941177,0.9865384615384616,0.0688517838716507
0.9330882352941177,0.9884615384615385,0.06822182238101959
0.9367647058823529,0.9884615384615385,0.06337698549032211
0.9367647058823529,0.9903846153846154,0.06226711720228195
0.9389705882352941,0.9903846153846154,0.06134546175599098
0.9389705882352941,0.9913461538461539,0.06085401400923729
0.9426470588235294,0.9913461538461539,0.058985479176044464
0.9426470588235294,0.9923076923076923,0.0588260255753994
0.9433823529411764,0.9923076923076923,0.05815792456269264
0.9433823529411764,0.9932692307692308,0.05803871899843216
0.9455882352941176,0.9932692307692308,0.05576661601662636
0.9455882352941176,0.9942307692307693,0.055610399693250656
0.9470588235294117,0.9942307692307693,0.05483659729361534
0.9470588235294117,0.9951923076923077,0.054712310433387756
0.950735294117647,0.9951923076923077,0.053084515035152435
0.950735294117647,0.9971153846153846,0.052869636565446854
0.9602941176470589,0.9971153846153846,0.04978355020284653
0.9602941176470589,0.9990384615384615,0.049340080469846725
0.9772058823529411,0.9990384615384615,0.04375078156590462
0.9772058823529411,1.0,0.04349992796778679
1.0,1.0,0.026999667286872864
