FPR,TPR,Threshold
0.0,0.0,1.9851669669151306
0.0,0.000925925925925926,0.9851669669151306
0.0,0.15925925925925927,0.9573082327842712
0.0015151515151515152,0.15925925925925927,0.9572546482086182
0.0015151515151515152,0.17777777777777778,0.9552697539329529
0.0022727272727272726,0.17777777777777778,0.9552062749862671
0.0022727272727272726,0.20555555555555555,0.9528281688690186
0.0030303030303030303,0.20555555555555555,0.9528225660324097
0.0030303030303030303,0.21851851851851853,0.9523042440414429
0.003787878787878788,0.21851851851851853,0.9522851705551147
0.003787878787878788,0.2222222222222222,0.9517268538475037
0.006060606060606061,0.2222222222222222,0.9513586759567261
0.006060606060606061,0.22777777777777777,0.9504736065864563
0.008333333333333333,0.22777777777777777,0.9503101110458374
0.008333333333333333,0.2361111111111111,0.9497088193893433
0.00909090909090909,0.2361111111111111,0.9496130347251892
0.00909090909090909,0.2824074074074074,0.9421896934509277
0.009848484848484848,0.2824074074074074,0.9417312741279602
0.009848484848484848,0.2953703703703704,0.9390031695365906
0.010606060606060607,0.2953703703703704,0.9389865398406982
0.010606060606060607,0.31296296296296294,0.9359956383705139
0.011363636363636364,0.31296296296296294,0.9358729124069214
0.011363636363636364,0.37222222222222223,0.9188792109489441
0.012121212121212121,0.37222222222222223,0.9188502430915833
0.012121212121212121,0.3814814814814815,0.9164230823516846
0.012878787878787878,0.3814814814814815,0.91634202003479
0.012878787878787878,0.38425925925925924,0.9159401059150696
0.013636363636363636,0.38425925925925924,0.9158841967582703
0.013636363636363636,0.40185185185185185,0.9102871417999268
0.014393939393939395,0.40185185185185185,0.9102298617362976
0.014393939393939395,0.41759259259259257,0.9071762561798096
0.015151515151515152,0.41759259259259257,0.9071273803710938
0.015151515151515152,0.49166666666666664,0.8794782757759094
0.015909090909090907,0.49166666666666664,0.8793718814849854
0.015909090909090907,0.5166666666666667,0.8735741972923279
0.016666666666666666,0.5166666666666667,0.8733420968055725
0.016666666666666666,0.5212962962962963,0.8721557855606079
0.017424242424242425,0.5212962962962963,0.8719661235809326
0.017424242424242425,0.5314814814814814,0.8679185509681702
0.01818181818181818,0.5314814814814814,0.8676055669784546
0.01818181818181818,0.5425925925925926,0.8643589615821838
0.01893939393939394,0.5425925925925926,0.8642927408218384
0.01893939393939394,0.5453703703703704,0.8624290823936462
0.02196969696969697,0.5453703703703704,0.861382007598877
0.02196969696969697,0.55,0.8607912063598633
0.022727272727272728,0.55,0.860763430595398
0.022727272727272728,0.5527777777777778,0.8596364259719849
0.024242424242424242,0.5527777777777778,0.8594911694526672
0.024242424242424242,0.5555555555555556,0.8587204217910767
0.026515151515151516,0.5555555555555556,0.8577987551689148
0.026515151515151516,0.5601851851851852,0.8569985032081604
0.02727272727272727,0.5601851851851852,0.8569914102554321
0.02727272727272727,0.562037037037037,0.8558307886123657
0.02803030303030303,0.562037037037037,0.8558239340782166
0.02803030303030303,0.562962962962963,0.855663001537323
0.02878787878787879,0.562962962962963,0.8553736209869385
0.02878787878787879,0.5666666666666667,0.8530888557434082
0.029545454545454545,0.5666666666666667,0.8526749014854431
0.029545454545454545,0.5842592592592593,0.8463165163993835
0.03106060606060606,0.5842592592592593,0.8455415368080139
0.03106060606060606,0.5944444444444444,0.8396432995796204
0.031818181818181815,0.5944444444444444,0.8396037817001343
0.031818181818181815,0.5953703703703703,0.8390265107154846
0.03257575757575758,0.5953703703703703,0.838564395904541
0.03257575757575758,0.5962962962962963,0.8361448645591736
0.03484848484848485,0.5962962962962963,0.8347197771072388
0.03484848484848485,0.5981481481481481,0.8330164551734924
0.03636363636363636,0.5981481481481481,0.8328611254692078
0.03636363636363636,0.5990740740740741,0.8323918581008911
0.038636363636363635,0.5990740740740741,0.8299956321716309
0.038636363636363635,0.6,0.8288524746894836
0.03939393939393939,0.6,0.8288388252258301
0.03939393939393939,0.600925925925926,0.8288341760635376
0.04090909090909091,0.600925925925926,0.828381359577179
0.04090909090909091,0.6046296296296296,0.827476441860199
0.041666666666666664,0.6046296296296296,0.8265024423599243
0.041666666666666664,0.6138888888888889,0.8212198615074158
0.0446969696969697,0.6138888888888889,0.8195371031761169
0.0446969696969697,0.6259259259259259,0.8096572756767273
0.045454545454545456,0.6259259259259259,0.8096392154693604
0.045454545454545456,0.7027777777777777,0.7755650877952576
0.04621212121212121,0.7027777777777777,0.7751418948173523
0.04621212121212121,0.7129629629629629,0.7664574384689331
0.04696969696969697,0.7129629629629629,0.7664312720298767
0.04696969696969697,0.7296296296296296,0.7559446096420288
0.04772727272727273,0.7296296296296296,0.7550410032272339
0.04772727272727273,0.7314814814814815,0.7531306743621826
0.048484848484848485,0.7314814814814815,0.7528087496757507
0.048484848484848485,0.7379629629629629,0.7479714155197144
0.04924242424242424,0.7379629629629629,0.7471868991851807
0.04924242424242424,0.7398148148148148,0.7466878294944763
0.05,0.7398148148148148,0.7444228529930115
0.05,0.7435185185185185,0.7409113049507141
0.051515151515151514,0.7435185185185185,0.7393556833267212
0.051515151515151514,0.7453703703703703,0.7390424013137817
0.05227272727272727,0.7453703703703703,0.7385702133178711
0.05227272727272727,0.7509259259259259,0.7345994710922241
0.05378787878787879,0.7509259259259259,0.7338878512382507
0.05378787878787879,0.7527777777777778,0.7329914569854736
0.05454545454545454,0.7527777777777778,0.732807457447052
0.05454545454545454,0.7537037037037037,0.7322964072227478
0.05606060606060606,0.7537037037037037,0.7322345972061157
0.05606060606060606,0.7555555555555555,0.7296625971794128
0.05757575757575758,0.7555555555555555,0.7278403639793396
0.05757575757575758,0.7583333333333333,0.7267030477523804
0.05909090909090909,0.7583333333333333,0.7263583540916443
0.05909090909090909,0.7592592592592593,0.7261514663696289
0.059848484848484845,0.7592592592592593,0.725102424621582
0.059848484848484845,0.7611111111111111,0.7250078916549683
0.06136363636363636,0.7611111111111111,0.7244951128959656
0.06136363636363636,0.7620370370370371,0.7229846119880676
0.06212121212121212,0.7620370370370371,0.7225743532180786
0.06212121212121212,0.7675925925925926,0.7192744016647339
0.06287878787878788,0.7675925925925926,0.7162933945655823
0.06287878787878788,0.7685185185185185,0.7148820757865906
0.06363636363636363,0.7685185185185185,0.7137376666069031
0.06363636363636363,0.7694444444444445,0.7136309742927551
0.06666666666666667,0.7694444444444445,0.7117449641227722
0.06666666666666667,0.7703703703703704,0.7101962566375732
0.06742424242424243,0.7703703703703704,0.709406316280365
0.06742424242424243,0.7712962962962963,0.708209216594696
0.07121212121212121,0.7712962962962963,0.7027952075004578
0.07121212121212121,0.7722222222222223,0.7027829885482788
0.07348484848484849,0.7722222222222223,0.6948196887969971
0.07348484848484849,0.7731481481481481,0.6895177364349365
0.07651515151515151,0.7731481481481481,0.6705958247184753
0.07651515151515151,0.774074074074074,0.6663426756858826
0.07727272727272727,0.774074074074074,0.6661443710327148
0.07727272727272727,0.775,0.6660763621330261
0.07803030303030303,0.775,0.6657971143722534
0.07803030303030303,0.7787037037037037,0.6566850543022156
0.0803030303030303,0.7787037037037037,0.6531519293785095
0.0803030303030303,0.7833333333333333,0.6473363637924194
0.08106060606060606,0.7833333333333333,0.6468589901924133
0.08106060606060606,0.7842592592592592,0.6465302109718323
0.08333333333333333,0.7842592592592592,0.6431857347488403
0.08333333333333333,0.7898148148148149,0.6399924159049988
0.08409090909090909,0.7898148148148149,0.6386862993240356
0.08409090909090909,0.7907407407407407,0.6386746764183044
0.08484848484848485,0.7907407407407407,0.638333261013031
0.08484848484848485,0.7916666666666666,0.6382836103439331
0.0856060606060606,0.7916666666666666,0.6371119022369385
0.0856060606060606,0.7925925925925926,0.6370499134063721
0.08787878787878788,0.7925925925925926,0.6361680030822754
0.08787878787878788,0.7935185185185185,0.6358559131622314
0.09015151515151515,0.7935185185185185,0.634795606136322
0.09015151515151515,0.7981481481481482,0.6327567100524902
0.09090909090909091,0.7981481481481482,0.6323276162147522
0.09090909090909091,0.8009259259259259,0.6315940022468567
0.09166666666666666,0.8009259259259259,0.631420373916626
0.09166666666666666,0.8027777777777778,0.6309210658073425
0.09242424242424242,0.8027777777777778,0.6305730938911438
0.09242424242424242,0.8037037037037037,0.6296899914741516
0.0946969696969697,0.8037037037037037,0.6262035369873047
0.0946969696969697,0.8046296296296296,0.6260203123092651
0.09545454545454546,0.8046296296296296,0.6252706050872803
0.09545454545454546,0.8064814814814815,0.6252116560935974
0.09848484848484848,0.8064814814814815,0.6239377856254578
0.09848484848484848,0.8092592592592592,0.6237438321113586
0.1,0.8092592592592592,0.6235548853874207
0.1,0.8101851851851852,0.6232985854148865
0.10227272727272728,0.8101851851851852,0.6226269006729126
0.10227272727272728,0.8111111111111111,0.6217836737632751
0.10303030303030303,0.8111111111111111,0.6213047504425049
0.10303030303030303,0.812037037037037,0.6208940148353577
0.10378787878787879,0.812037037037037,0.6205260753631592
0.10378787878787879,0.812962962962963,0.6204773783683777
0.10454545454545454,0.812962962962963,0.6202817559242249
0.10454545454545454,0.8138888888888889,0.6202242374420166
0.10606060606060606,0.8138888888888889,0.619144856929779
0.10606060606060606,0.8194444444444444,0.6171759963035583
0.10681818181818181,0.8194444444444444,0.6167286038398743
0.10681818181818181,0.8203703703703704,0.6165534853935242
0.10757575757575757,0.8203703703703704,0.6163503527641296
0.10757575757575757,0.8212962962962963,0.6162288784980774
0.10833333333333334,0.8212962962962963,0.6160726547241211
0.10833333333333334,0.8240740740740741,0.6156879663467407
0.10909090909090909,0.8240740740740741,0.6155375242233276
0.10909090909090909,0.8268518518518518,0.6150057315826416
0.10984848484848485,0.8268518518518518,0.6126155257225037
0.10984848484848485,0.8314814814814815,0.6098402142524719
0.11060606060606061,0.8314814814814815,0.6089150309562683
0.11060606060606061,0.8324074074074074,0.608365535736084
0.11136363636363636,0.8324074074074074,0.6046619415283203
0.11136363636363636,0.8361111111111111,0.6010144352912903
0.11287878787878788,0.8361111111111111,0.5943467020988464
0.11287878787878788,0.8379629629629629,0.5865527987480164
0.11363636363636363,0.8379629629629629,0.5856966972351074
0.11363636363636363,0.8388888888888889,0.5845851302146912
0.1143939393939394,0.8388888888888889,0.582816481590271
0.1143939393939394,0.8435185185185186,0.5739880800247192
0.1159090909090909,0.8435185185185186,0.5706310272216797
0.1159090909090909,0.8444444444444444,0.5702624917030334
0.11742424242424243,0.8444444444444444,0.5694980025291443
0.11742424242424243,0.8453703703703703,0.5650467276573181
0.11893939393939394,0.8453703703703703,0.5613451600074768
0.11893939393939394,0.8481481481481481,0.553511917591095
0.11969696969696969,0.8481481481481481,0.550742506980896
0.11969696969696969,0.8490740740740741,0.5487914681434631
0.12121212121212122,0.8490740740740741,0.5475093722343445
0.12121212121212122,0.85,0.5464925765991211
0.12272727272727273,0.85,0.5457096099853516
0.12272727272727273,0.8555555555555555,0.5384775996208191
0.12348484848484849,0.8555555555555555,0.5379980802536011
0.12348484848484849,0.8574074074074074,0.5350199937820435
0.12424242424242424,0.8574074074074074,0.5320153832435608
0.12424242424242424,0.862037037037037,0.5288296937942505
0.125,0.862037037037037,0.527326762676239
0.125,0.8666666666666667,0.524696409702301
0.12575757575757576,0.8666666666666667,0.5244250297546387
0.12575757575757576,0.8675925925925926,0.5233303904533386
0.12954545454545455,0.8675925925925926,0.5200980305671692
0.12954545454545455,0.8685185185185185,0.5190706253051758
0.1303030303030303,0.8685185185185185,0.5178791880607605
0.1303030303030303,0.8703703703703703,0.5174155235290527
0.1318181818181818,0.8703703703703703,0.515764594078064
0.1318181818181818,0.8759259259259259,0.5018172860145569
0.13257575757575757,0.8759259259259259,0.49917149543762207
0.13257575757575757,0.8814814814814815,0.4946053624153137
0.13333333333333333,0.8814814814814815,0.49271160364151
0.13333333333333333,0.8907407407407407,0.4811393618583679
0.1340909090909091,0.8907407407407407,0.48105278611183167
0.1340909090909091,0.9111111111111111,0.468250572681427
0.13484848484848486,0.9111111111111111,0.46806666254997253
0.13484848484848486,0.9268518518518518,0.4612315893173218
0.13636363636363635,0.9268518518518518,0.4591754376888275
0.13636363636363635,0.9324074074074075,0.4538463056087494
0.13712121212121212,0.9324074074074075,0.45350587368011475
0.13712121212121212,0.9333333333333333,0.4527437388896942
0.13787878787878788,0.9333333333333333,0.45223936438560486
0.13787878787878788,0.9351851851851852,0.4512132704257965
0.13863636363636364,0.9351851851851852,0.45087409019470215
0.13863636363636364,0.9398148148148148,0.4479297697544098
0.14015151515151514,0.9398148148148148,0.4435851275920868
0.14015151515151514,0.9416666666666667,0.44163137674331665
0.1409090909090909,0.9416666666666667,0.4410029351711273
0.1409090909090909,0.9444444444444444,0.43945807218551636
0.14166666666666666,0.9444444444444444,0.4392632246017456
0.14166666666666666,0.9453703703703704,0.4391138553619385
0.14242424242424243,0.9453703703703704,0.437715083360672
0.14242424242424243,0.9546296296296296,0.4347497224807739
0.1431818181818182,0.9546296296296296,0.4330594837665558
0.1431818181818182,0.9583333333333334,0.43180614709854126
0.14469696969696969,0.9583333333333334,0.43071338534355164
0.14469696969696969,0.9592592592592593,0.43049612641334534
0.14545454545454545,0.9592592592592593,0.4287104308605194
0.14545454545454545,0.962037037037037,0.4265557527542114
0.14696969696969697,0.962037037037037,0.4253500699996948
0.14696969696969697,0.9638888888888889,0.42344629764556885
0.14924242424242423,0.9638888888888889,0.4207759201526642
0.14924242424242423,0.9731481481481481,0.4143253266811371
0.15075757575757576,0.9731481481481481,0.41250908374786377
0.15075757575757576,0.9740740740740741,0.41115057468414307
0.15151515151515152,0.9740740740740741,0.4108714163303375
0.15151515151515152,0.9777777777777777,0.4054992198944092
0.15227272727272728,0.9777777777777777,0.4048089385032654
0.15227272727272728,0.9796296296296296,0.40145403146743774
0.15757575757575756,0.9796296296296296,0.39347219467163086
0.15757575757575756,0.9805555555555555,0.3927873969078064
0.16287878787878787,0.9805555555555555,0.3854212164878845
0.16287878787878787,0.9814814814814815,0.38367778062820435
0.2765151515151515,0.9814814814814815,0.28176793456077576
0.2765151515151515,0.9824074074074074,0.2813251316547394
0.28863636363636364,0.9824074074074074,0.2729564607143402
0.28863636363636364,0.9833333333333333,0.2722165882587433
0.3037878787878788,0.9833333333333333,0.2615906596183777
0.3037878787878788,0.9861111111111112,0.2596229314804077
0.31742424242424244,0.9861111111111112,0.24724745750427246
0.31742424242424244,0.987037037037037,0.24704550206661224
0.3181818181818182,0.987037037037037,0.24620257318019867
0.3181818181818182,0.9879629629629629,0.24587984383106232
0.31893939393939397,0.9879629629629629,0.245870441198349
0.31893939393939397,0.9888888888888889,0.24514921009540558
0.3242424242424242,0.9888888888888889,0.24149878323078156
0.3242424242424242,0.9898148148148148,0.24143965542316437
0.3303030303030303,0.9898148148148148,0.23826992511749268
0.3303030303030303,0.9916666666666667,0.23796388506889343
0.33181818181818185,0.9916666666666667,0.23784935474395752
0.33181818181818185,0.9925925925925926,0.2363264113664627
0.33636363636363636,0.9925925925925926,0.23377035558223724
0.33636363636363636,0.9935185185185185,0.23332132399082184
0.3378787878787879,0.9935185185185185,0.23204532265663147
0.3378787878787879,0.9944444444444445,0.23181608319282532
0.3386363636363636,0.9944444444444445,0.23142823576927185
0.3386363636363636,0.9953703703703703,0.23135988414287567
0.3409090909090909,0.9953703703703703,0.23011253774166107
0.3409090909090909,0.9972222222222222,0.22951474785804749
0.3462121212121212,0.9972222222222222,0.22671453654766083
0.3462121212121212,0.9981481481481481,0.2255324274301529
0.35909090909090907,0.9981481481481481,0.20980222523212433
0.35909090909090907,0.9990740740740741,0.2097192257642746
0.35984848484848486,0.9990740740740741,0.20859180390834808
0.35984848484848486,1.0,0.2077973186969757
1.0,1.0,0.010199927724897861
