FPR,TPR,Threshold
0.0,0.0,1.9598246216773987
0.0,0.0009615384615384616,0.9598246216773987
0.0,0.035576923076923075,0.9354320168495178
0.0007352941176470588,0.035576923076923075,0.9350655674934387
0.0007352941176470588,0.04038461538461539,0.932479739189148
0.0014705882352941176,0.04038461538461539,0.9317230582237244
0.0014705882352941176,0.046153846153846156,0.9284161925315857
0.0022058823529411764,0.046153846153846156,0.9283028841018677
0.0022058823529411764,0.05,0.9274027347564697
0.003676470588235294,0.05,0.9270098209381104
0.003676470588235294,0.052884615384615384,0.9261457920074463
0.004411764705882353,0.052884615384615384,0.9260730743408203
0.004411764705882353,0.057692307692307696,0.9243249893188477
0.005147058823529412,0.057692307692307696,0.9242309927940369
0.005147058823529412,0.058653846153846154,0.9236363768577576
0.0058823529411764705,0.058653846153846154,0.9227884411811829
0.0058823529411764705,0.06634615384615385,0.9211632609367371
0.006617647058823529,0.06634615384615385,0.920994758605957
0.006617647058823529,0.07692307692307693,0.9160704612731934
0.007352941176470588,0.07692307692307693,0.9159536957740784
0.007352941176470588,0.09711538461538462,0.9102007150650024
0.008823529411764706,0.09711538461538462,0.9098756909370422
0.008823529411764706,0.10192307692307692,0.9076712727546692
0.009558823529411765,0.10192307692307692,0.9069393277168274
0.009558823529411765,0.10865384615384616,0.9051170945167542
0.010294117647058823,0.10865384615384616,0.904949963092804
0.010294117647058823,0.11730769230769231,0.9025644063949585
0.011029411764705883,0.11730769230769231,0.9023434519767761
0.011029411764705883,0.12788461538461537,0.899653434753418
0.0125,0.12788461538461537,0.8990091681480408
0.0125,0.14326923076923076,0.8947936296463013
0.013235294117647059,0.14326923076923076,0.8942751884460449
0.013235294117647059,0.16826923076923078,0.8856712579727173
0.013970588235294118,0.16826923076923078,0.8854774832725525
0.013970588235294118,0.1701923076923077,0.8843578100204468
0.014705882352941176,0.1701923076923077,0.8841039538383484
0.014705882352941176,0.2076923076923077,0.8676182627677917
0.015441176470588236,0.2076923076923077,0.8674638867378235
0.015441176470588236,0.2144230769230769,0.8651304841041565
0.016911764705882352,0.2144230769230769,0.8640331029891968
0.016911764705882352,0.2298076923076923,0.8598871231079102
0.01838235294117647,0.2298076923076923,0.8594779372215271
0.01838235294117647,0.23942307692307693,0.8571651577949524
0.01911764705882353,0.23942307692307693,0.8569834232330322
0.01911764705882353,0.2403846153846154,0.856977641582489
0.019852941176470587,0.2403846153846154,0.8568945527076721
0.019852941176470587,0.2423076923076923,0.8555473685264587
0.021323529411764706,0.2423076923076923,0.854855477809906
0.021323529411764706,0.24423076923076922,0.8534670472145081
0.022794117647058822,0.24423076923076922,0.8527061939239502
0.022794117647058822,0.25096153846153846,0.8511596322059631
0.023529411764705882,0.25096153846153846,0.8510351181030273
0.023529411764705882,0.25384615384615383,0.8499530553817749
0.02426470588235294,0.25384615384615383,0.8497295379638672
0.02426470588235294,0.2644230769230769,0.8472135663032532
0.025,0.2644230769230769,0.8471315503120422
0.025,0.2653846153846154,0.8466248512268066
0.025735294117647058,0.2653846153846154,0.846036970615387
0.025735294117647058,0.2673076923076923,0.8457112312316895
0.026470588235294117,0.2673076923076923,0.8456764817237854
0.026470588235294117,0.2692307692307692,0.8451066017150879
0.027205882352941177,0.2692307692307692,0.8443692922592163
0.027205882352941177,0.27307692307692305,0.8437396287918091
0.027941176470588237,0.27307692307692305,0.8434381484985352
0.027941176470588237,0.3105769230769231,0.829657256603241
0.028676470588235293,0.3105769230769231,0.829656183719635
0.028676470588235293,0.31346153846153846,0.8286944031715393
0.029411764705882353,0.31346153846153846,0.8279581069946289
0.029411764705882353,0.31634615384615383,0.8276010751724243
0.030147058823529412,0.31634615384615383,0.8270213603973389
0.030147058823529412,0.3173076923076923,0.8268039226531982
0.030882352941176472,0.3173076923076923,0.8263302445411682
0.030882352941176472,0.3269230769230769,0.8242533802986145
0.03161764705882353,0.3269230769230769,0.8241912126541138
0.03161764705882353,0.3278846153846154,0.8236833214759827
0.03235294117647059,0.3278846153846154,0.8234163522720337
0.03235294117647059,0.3298076923076923,0.8232940435409546
0.03308823529411765,0.3298076923076923,0.8226566314697266
0.03308823529411765,0.3326923076923077,0.822212815284729
0.033823529411764704,0.3326923076923077,0.8221150636672974
0.033823529411764704,0.3346153846153846,0.8220030665397644
0.03602941176470588,0.3346153846153846,0.8202720284461975
0.03602941176470588,0.33653846153846156,0.819575309753418
0.03676470588235294,0.33653846153846156,0.8195230960845947
0.03676470588235294,0.3403846153846154,0.8178747892379761
0.0375,0.3403846153846154,0.8178733587265015
0.0375,0.34326923076923077,0.8174973130226135
0.03897058823529412,0.34326923076923077,0.817179262638092
0.03897058823529412,0.34615384615384615,0.816443145275116
0.039705882352941174,0.34615384615384615,0.8158808946609497
0.039705882352941174,0.35192307692307695,0.8147276043891907
0.04044117647058824,0.35192307692307695,0.8142734169960022
0.04044117647058824,0.3548076923076923,0.8135200142860413
0.041176470588235294,0.3548076923076923,0.8134958744049072
0.041176470588235294,0.3557692307692308,0.8134264349937439
0.04191176470588235,0.3557692307692308,0.8133641481399536
0.04191176470588235,0.3576923076923077,0.8127310872077942
0.04264705882352941,0.3576923076923077,0.8126758337020874
0.04264705882352941,0.36153846153846153,0.8119720220565796
0.04338235294117647,0.36153846153846153,0.8114396929740906
0.04338235294117647,0.3625,0.8104575872421265
0.04411764705882353,0.3625,0.8102245330810547
0.04411764705882353,0.36538461538461536,0.8096935153007507
0.045588235294117645,0.36538461538461536,0.8090836405754089
0.045588235294117645,0.3663461538461538,0.8089279532432556
0.04632352941176471,0.3663461538461538,0.8081974983215332
0.04632352941176471,0.3682692307692308,0.8075928092002869
0.047058823529411764,0.3682692307692308,0.8075616359710693
0.047058823529411764,0.36923076923076925,0.8075509071350098
0.05,0.36923076923076925,0.8051902651786804
0.05,0.3730769230769231,0.8040448427200317
0.052941176470588235,0.3730769230769231,0.8027946949005127
0.052941176470588235,0.3769230769230769,0.8018567562103271
0.05367647058823529,0.3769230769230769,0.8017772436141968
0.05367647058823529,0.3778846153846154,0.8016642928123474
0.054411764705882354,0.3778846153846154,0.8014480471611023
0.054411764705882354,0.38076923076923075,0.8007186651229858
0.05514705882352941,0.38076923076923075,0.8002949357032776
0.05514705882352941,0.38269230769230766,0.800018310546875
0.05661764705882353,0.38269230769230766,0.7992898225784302
0.05661764705882353,0.38461538461538464,0.7981864809989929
0.057352941176470586,0.38461538461538464,0.7971474528312683
0.057352941176470586,0.3855769230769231,0.7970367074012756
0.05808823529411765,0.3855769230769231,0.7963701486587524
0.05808823529411765,0.39134615384615384,0.7947911620140076
0.058823529411764705,0.39134615384615384,0.7946194410324097
0.058823529411764705,0.3942307692307692,0.792657196521759
0.05955882352941176,0.3942307692307692,0.7924489974975586
0.05955882352941176,0.3951923076923077,0.7916705012321472
0.06102941176470588,0.3951923076923077,0.7913920283317566
0.06102941176470588,0.4,0.7903384566307068
0.061764705882352944,0.4,0.7897588014602661
0.061764705882352944,0.4028846153846154,0.7887639403343201
0.0625,0.4028846153846154,0.7879984378814697
0.0625,0.40384615384615385,0.7878771424293518
0.06397058823529411,0.40384615384615385,0.7864151000976562
0.06397058823529411,0.4048076923076923,0.7863914370536804
0.06470588235294118,0.4048076923076923,0.7850965261459351
0.06470588235294118,0.40865384615384615,0.7837918996810913
0.06544117647058824,0.40865384615384615,0.783730685710907
0.06544117647058824,0.4115384615384615,0.7821178436279297
0.0661764705882353,0.4115384615384615,0.7819650173187256
0.0661764705882353,0.4182692307692308,0.7801418900489807
0.06764705882352941,0.4182692307692308,0.779629647731781
0.06764705882352941,0.42788461538461536,0.7776598930358887
0.06838235294117648,0.42788461538461536,0.7772282958030701
0.06838235294117648,0.4307692307692308,0.7766240239143372
0.06911764705882353,0.4307692307692308,0.7764276266098022
0.06911764705882353,0.4326923076923077,0.7754979133605957
0.06985294117647059,0.4326923076923077,0.7750480771064758
0.06985294117647059,0.4355769230769231,0.7741495966911316
0.07058823529411765,0.4355769230769231,0.7741209268569946
0.07058823529411765,0.4375,0.7733946442604065
0.07279411764705883,0.4375,0.7721336483955383
0.07279411764705883,0.4394230769230769,0.7711777687072754
0.07352941176470588,0.4394230769230769,0.770460844039917
0.07352941176470588,0.4403846153846154,0.7702745199203491
0.07426470588235294,0.4403846153846154,0.7700270414352417
0.07426470588235294,0.4461538461538462,0.7682906985282898
0.07647058823529412,0.4461538461538462,0.7680251598358154
0.07647058823529412,0.4480769230769231,0.7675817608833313
0.07867647058823529,0.4480769230769231,0.7668726444244385
0.07867647058823529,0.4519230769230769,0.7658728957176208
0.07941176470588235,0.4519230769230769,0.7654438614845276
0.07941176470588235,0.45384615384615384,0.7652416825294495
0.08161764705882353,0.45384615384615384,0.7644802927970886
0.08161764705882353,0.45865384615384613,0.7635658383369446
0.08235294117647059,0.45865384615384613,0.7635422348976135
0.08235294117647059,0.46153846153846156,0.7631911635398865
0.0838235294117647,0.46153846153846156,0.7629042863845825
0.0838235294117647,0.4625,0.7626163959503174
0.08529411764705883,0.4625,0.7621420621871948
0.08529411764705883,0.4701923076923077,0.7602301239967346
0.0875,0.4701923076923077,0.759483277797699
0.0875,0.4721153846153846,0.7585311532020569
0.08970588235294118,0.4721153846153846,0.7582510113716125
0.08970588235294118,0.4778846153846154,0.757179856300354
0.09044117647058823,0.4778846153846154,0.7569559216499329
0.09044117647058823,0.47884615384615387,0.7561020851135254
0.09117647058823529,0.47884615384615387,0.7560492157936096
0.09117647058823529,0.4875,0.7528623342514038
0.09191176470588236,0.4875,0.7523094415664673
0.09191176470588236,0.4894230769230769,0.7517748475074768
0.09411764705882353,0.4894230769230769,0.751680314540863
0.09411764705882353,0.49038461538461536,0.7515787482261658
0.09852941176470588,0.49038461538461536,0.7505584955215454
0.09852941176470588,0.49423076923076925,0.7502378821372986
0.1,0.49423076923076925,0.7499518990516663
0.1,0.4971153846153846,0.7476334571838379
0.1036764705882353,0.4971153846153846,0.7463977336883545
0.1036764705882353,0.4980769230769231,0.7459275126457214
0.10514705882352941,0.4980769230769231,0.7451882362365723
0.10514705882352941,0.5019230769230769,0.7437056303024292
0.10588235294117647,0.5019230769230769,0.743516743183136
0.10588235294117647,0.5028846153846154,0.7430784702301025
0.10661764705882353,0.5028846153846154,0.7424179911613464
0.10661764705882353,0.5038461538461538,0.7420362830162048
0.10882352941176471,0.5038461538461538,0.7405901551246643
0.10882352941176471,0.5057692307692307,0.7404493689537048
0.11029411764705882,0.5057692307692307,0.7392523884773254
0.11029411764705882,0.510576923076923,0.7372444868087769
0.11102941176470588,0.510576923076923,0.7371179461479187
0.11102941176470588,0.5125,0.736537754535675
0.11470588235294117,0.5125,0.7343239188194275
0.11470588235294117,0.5134615384615384,0.7337209582328796
0.11544117647058824,0.5134615384615384,0.733563244342804
0.11544117647058824,0.5144230769230769,0.7325941920280457
0.1161764705882353,0.5144230769230769,0.7325711846351624
0.1161764705882353,0.5173076923076924,0.7313952445983887
0.11691176470588235,0.5173076923076924,0.7309471368789673
0.11691176470588235,0.5201923076923077,0.7295315861701965
0.11838235294117647,0.5201923076923077,0.7293483018875122
0.11838235294117647,0.5230769230769231,0.729005753993988
0.11911764705882352,0.5230769230769231,0.7288819551467896
0.11911764705882352,0.5259615384615385,0.7279200553894043
0.11985294117647059,0.5259615384615385,0.7279126644134521
0.11985294117647059,0.5269230769230769,0.7278301119804382
0.12058823529411765,0.5269230769230769,0.7275869846343994
0.12058823529411765,0.5288461538461539,0.7272496819496155
0.12205882352941176,0.5288461538461539,0.7265783548355103
0.12205882352941176,0.5298076923076923,0.7265347838401794
0.12279411764705882,0.5298076923076923,0.7262380123138428
0.12279411764705882,0.5317307692307692,0.7259878516197205
0.12426470588235294,0.5317307692307692,0.7259129285812378
0.12426470588235294,0.5336538461538461,0.7256810069084167
0.125,0.5336538461538461,0.725646436214447
0.125,0.5365384615384615,0.7250058650970459
0.12573529411764706,0.5365384615384615,0.7249857783317566
0.12573529411764706,0.5384615384615384,0.7240514755249023
0.12794117647058822,0.5384615384615384,0.7234305143356323
0.12794117647058822,0.5394230769230769,0.7233414649963379
0.13014705882352942,0.5394230769230769,0.7227306365966797
0.13014705882352942,0.5403846153846154,0.7224236726760864
0.13161764705882353,0.5403846153846154,0.7221699953079224
0.13161764705882353,0.5451923076923076,0.7208625674247742
0.13308823529411765,0.5451923076923076,0.7205831408500671
0.13308823529411765,0.5471153846153847,0.7201868295669556
0.13455882352941176,0.5471153846153847,0.7198750376701355
0.13455882352941176,0.5490384615384616,0.7189911007881165
0.13823529411764707,0.5490384615384616,0.7167037129402161
0.13823529411764707,0.5528846153846154,0.7157415151596069
0.14191176470588235,0.5528846153846154,0.7145283222198486
0.14191176470588235,0.5548076923076923,0.7138193249702454
0.1426470588235294,0.5548076923076923,0.7136161923408508
0.1426470588235294,0.5576923076923077,0.7121176719665527
0.14338235294117646,0.5576923076923077,0.712006688117981
0.14338235294117646,0.5605769230769231,0.7115482091903687
0.1463235294117647,0.5605769230769231,0.7107925415039062
0.1463235294117647,0.5644230769230769,0.7093247771263123
0.1514705882352941,0.5644230769230769,0.7071776390075684
0.1514705882352941,0.5653846153846154,0.7069228887557983
0.15220588235294116,0.5653846153846154,0.7067457437515259
0.15220588235294116,0.5701923076923077,0.7051726579666138
0.1536764705882353,0.5701923076923077,0.7045872211456299
0.1536764705882353,0.573076923076923,0.7034392356872559
0.15588235294117647,0.573076923076923,0.7022319436073303
0.15588235294117647,0.5740384615384615,0.7017694115638733
0.15735294117647058,0.5740384615384615,0.7002748847007751
0.15735294117647058,0.575,0.7000309228897095
0.15955882352941175,0.575,0.6984755396842957
0.15955882352941175,0.5759615384615384,0.6981353163719177
0.16176470588235295,0.5759615384615384,0.6968955397605896
0.16176470588235295,0.5769230769230769,0.696295976638794
0.1625,0.5769230769230769,0.696128785610199
0.1625,0.5778846153846153,0.696084201335907
0.16397058823529412,0.5778846153846153,0.6952105760574341
0.16397058823529412,0.5788461538461539,0.6951494812965393
0.16544117647058823,0.5788461538461539,0.6944125890731812
0.16544117647058823,0.5807692307692308,0.6936419606208801
0.1661764705882353,0.5807692307692308,0.6935951113700867
0.1661764705882353,0.5826923076923077,0.692527174949646
0.16838235294117648,0.5826923076923077,0.6902835965156555
0.16838235294117648,0.5884615384615385,0.6886631846427917
0.16911764705882354,0.5884615384615385,0.6876314878463745
0.16911764705882354,0.5894230769230769,0.6868082880973816
0.1698529411764706,0.5894230769230769,0.6864829063415527
0.1698529411764706,0.5903846153846154,0.686166524887085
0.17058823529411765,0.5903846153846154,0.6854905486106873
0.17058823529411765,0.5932692307692308,0.6849165558815002
0.17205882352941176,0.5932692307692308,0.6831392645835876
0.17205882352941176,0.5951923076923077,0.6823824644088745
0.17279411764705882,0.5951923076923077,0.6821311116218567
0.17279411764705882,0.5961538461538461,0.6820747256278992
0.17352941176470588,0.5961538461538461,0.681965172290802
0.17352941176470588,0.5990384615384615,0.6812446117401123
0.175,0.5990384615384615,0.6804723739624023
0.175,0.6,0.6804189085960388
0.17573529411764705,0.6,0.6796577572822571
0.17573529411764705,0.6038461538461538,0.6784864068031311
0.17647058823529413,0.6038461538461538,0.6779711246490479
0.17647058823529413,0.6057692307692307,0.6770188808441162
0.17720588235294119,0.6057692307692307,0.6769285798072815
0.17720588235294119,0.6067307692307692,0.6766782402992249
0.17794117647058824,0.6067307692307692,0.6766695976257324
0.17794117647058824,0.6086538461538461,0.6759170889854431
0.17941176470588235,0.6086538461538461,0.6754762530326843
0.17941176470588235,0.6096153846153847,0.6752122044563293
0.1801470588235294,0.6096153846153847,0.6751965880393982
0.1801470588235294,0.6115384615384616,0.6741911768913269
0.18088235294117647,0.6115384615384616,0.6741064786911011
0.18088235294117647,0.6192307692307693,0.6715371608734131
0.18308823529411763,0.6192307692307693,0.6711252331733704
0.18308823529411763,0.6221153846153846,0.6699711680412292
0.18382352941176472,0.6221153846153846,0.669800341129303
0.18382352941176472,0.6230769230769231,0.6692816019058228
0.18676470588235294,0.6230769230769231,0.6680222749710083
0.18676470588235294,0.6240384615384615,0.6679426431655884
0.1875,0.6240384615384615,0.6677383184432983
0.1875,0.6288461538461538,0.6666405200958252
0.18823529411764706,0.6288461538461538,0.6665886044502258
0.18823529411764706,0.6307692307692307,0.6663573384284973
0.19044117647058822,0.6307692307692307,0.6659587025642395
0.19044117647058822,0.6317307692307692,0.6652434468269348
0.19117647058823528,0.6317307692307692,0.6644317507743835
0.19117647058823528,0.6336538461538461,0.6636696457862854
0.19411764705882353,0.6336538461538461,0.6630702614784241
0.19411764705882353,0.6346153846153846,0.6630092859268188
0.19558823529411765,0.6346153846153846,0.6626967191696167
0.19558823529411765,0.6375,0.6615166664123535
0.1963235294117647,0.6375,0.6614633798599243
0.1963235294117647,0.6413461538461539,0.6611586213111877
0.19705882352941176,0.6413461538461539,0.6611191034317017
0.19705882352941176,0.6423076923076924,0.6599790453910828
0.19852941176470587,0.6423076923076924,0.6597304940223694
0.19852941176470587,0.6442307692307693,0.6587334275245667
0.2,0.6442307692307693,0.6575111746788025
0.2,0.6461538461538462,0.6565781831741333
0.20073529411764707,0.6461538461538462,0.6557340025901794
0.20073529411764707,0.6471153846153846,0.655603289604187
0.20147058823529412,0.6471153846153846,0.6552355289459229
0.20147058823529412,0.65,0.6539881825447083
0.20220588235294118,0.65,0.6536256670951843
0.20220588235294118,0.6509615384615385,0.6532968878746033
0.20294117647058824,0.6509615384615385,0.6527077555656433
0.20294117647058824,0.6528846153846154,0.6511646509170532
0.20441176470588235,0.6528846153846154,0.6506437659263611
0.20441176470588235,0.6567307692307692,0.6499700546264648
0.2051470588235294,0.6567307692307692,0.6498368978500366
0.2051470588235294,0.6576923076923077,0.6493593454360962
0.20588235294117646,0.6576923076923077,0.6492250561714172
0.20588235294117646,0.6586538461538461,0.6491295695304871
0.20661764705882352,0.6586538461538461,0.6490179896354675
0.20661764705882352,0.6634615384615384,0.6473276615142822
0.2073529411764706,0.6634615384615384,0.6472779512405396
0.2073529411764706,0.6644230769230769,0.647225022315979
0.20808823529411766,0.6644230769230769,0.6466194987297058
0.20808823529411766,0.6653846153846154,0.6465583443641663
0.21029411764705883,0.6653846153846154,0.6459264159202576
0.21029411764705883,0.6673076923076923,0.6455098986625671
0.21102941176470588,0.6673076923076923,0.6448299288749695
0.21102941176470588,0.6721153846153847,0.6422064900398254
0.2139705882352941,0.6721153846153847,0.6417849659919739
0.2139705882352941,0.6730769230769231,0.6417795419692993
0.21470588235294116,0.6730769230769231,0.64128178358078
0.21470588235294116,0.6740384615384616,0.6411900520324707
0.21544117647058825,0.6740384615384616,0.6409796476364136
0.21544117647058825,0.675,0.6409319639205933
0.2161764705882353,0.675,0.6407766342163086
0.2161764705882353,0.676923076923077,0.6398050785064697
0.21764705882352942,0.676923076923077,0.6396828889846802
0.21764705882352942,0.6788461538461539,0.6395432949066162
0.21911764705882353,0.6788461538461539,0.6392319798469543
0.21911764705882353,0.6807692307692308,0.6371437311172485
0.22058823529411764,0.6807692307692308,0.6367639303207397
0.22058823529411764,0.6817307692307693,0.6357926726341248
0.22279411764705884,0.6817307692307693,0.6349313259124756
0.22279411764705884,0.6836538461538462,0.6337859630584717
0.2235294117647059,0.6836538461538462,0.633582592010498
0.2235294117647059,0.6855769230769231,0.6329744458198547
0.225,0.6855769230769231,0.6320781111717224
0.225,0.6875,0.6313196420669556
0.22573529411764706,0.6875,0.631230890750885
0.22573529411764706,0.6913461538461538,0.6305879354476929
0.22647058823529412,0.6913461538461538,0.6305687427520752
0.22647058823529412,0.6923076923076923,0.6304703950881958
0.22794117647058823,0.6923076923076923,0.6302194595336914
0.22794117647058823,0.6971153846153846,0.6295676231384277
0.22941176470588234,0.6971153846153846,0.6290294528007507
0.22941176470588234,0.7,0.6282771229743958
0.23088235294117648,0.7,0.6280121803283691
0.23088235294117648,0.7019230769230769,0.6276219487190247
0.23161764705882354,0.7019230769230769,0.6271825432777405
0.23161764705882354,0.7028846153846153,0.6270316243171692
0.23308823529411765,0.7028846153846153,0.6262339353561401
0.23308823529411765,0.7048076923076924,0.6251528859138489
0.2338235294117647,0.7048076923076924,0.6249619126319885
0.2338235294117647,0.7057692307692308,0.6243809461593628
0.23455882352941176,0.7057692307692308,0.6242771744728088
0.23455882352941176,0.7067307692307693,0.6242079734802246
0.23529411764705882,0.7067307692307693,0.6238014101982117
0.23529411764705882,0.7076923076923077,0.6232120990753174
0.2375,0.7076923076923077,0.622319221496582
0.2375,0.7096153846153846,0.6221733689308167
0.23823529411764705,0.7096153846153846,0.6221727132797241
0.23823529411764705,0.7134615384615385,0.6214780211448669
0.23897058823529413,0.7134615384615385,0.6212589144706726
0.23897058823529413,0.7144230769230769,0.6205511689186096
0.23970588235294119,0.7144230769230769,0.6204367876052856
0.23970588235294119,0.7153846153846154,0.62015300989151
0.24044117647058824,0.7153846153846154,0.6198756098747253
0.24044117647058824,0.7173076923076923,0.6182575821876526
0.2411764705882353,0.7173076923076923,0.618086576461792
0.2411764705882353,0.7192307692307692,0.6178707480430603
0.24338235294117647,0.7192307692307692,0.6170350313186646
0.24338235294117647,0.7201923076923077,0.6161752343177795
0.24485294117647058,0.7201923076923077,0.6156075596809387
0.24485294117647058,0.7211538461538461,0.6147434115409851
0.24558823529411763,0.7211538461538461,0.6139756441116333
0.24558823529411763,0.7240384615384615,0.6123937368392944
0.24632352941176472,0.7240384615384615,0.6123271584510803
0.24632352941176472,0.725,0.6115362048149109
0.24705882352941178,0.725,0.6113156080245972
0.24705882352941178,0.7259615384615384,0.6111754775047302
0.2485294117647059,0.7259615384615384,0.6105754971504211
0.2485294117647059,0.7269230769230769,0.6102924942970276
0.24926470588235294,0.7269230769230769,0.6100812554359436
0.24926470588235294,0.7278846153846154,0.6090573668479919
0.25220588235294117,0.7278846153846154,0.6084221601486206
0.25220588235294117,0.7288461538461538,0.6082741022109985
0.2536764705882353,0.7288461538461538,0.6082053780555725
0.2536764705882353,0.7307692307692307,0.606968879699707
0.25441176470588234,0.7307692307692307,0.6069409847259521
0.25441176470588234,0.7317307692307692,0.6067362427711487
0.2551470588235294,0.7317307692307692,0.6065847873687744
0.2551470588235294,0.7326923076923076,0.6064297556877136
0.25735294117647056,0.7326923076923076,0.6055160760879517
0.25735294117647056,0.7346153846153847,0.6050968766212463
0.2580882352941177,0.7346153846153847,0.6048977375030518
0.2580882352941177,0.7365384615384616,0.6043103933334351
0.25882352941176473,0.7365384615384616,0.6039519309997559
0.25882352941176473,0.7384615384615385,0.6030212044715881
0.2595588235294118,0.7384615384615385,0.6029328107833862
0.2595588235294118,0.739423076923077,0.6022376418113708
0.2625,0.739423076923077,0.6000255346298218
0.2625,0.7480769230769231,0.5956169366836548
0.2639705882352941,0.7480769230769231,0.5936153531074524
0.2639705882352941,0.7490384615384615,0.5935684442520142
0.2647058823529412,0.7490384615384615,0.5933353304862976
0.2647058823529412,0.7509615384615385,0.5924193263053894
0.2691176470588235,0.7509615384615385,0.5881027579307556
0.2691176470588235,0.7519230769230769,0.5875629782676697
0.2698529411764706,0.7519230769230769,0.5867613554000854
0.2698529411764706,0.7528846153846154,0.5864045023918152
0.2713235294117647,0.7528846153846154,0.585763692855835
0.2713235294117647,0.7538461538461538,0.5852620601654053
0.27205882352941174,0.7538461538461538,0.5851960182189941
0.27205882352941174,0.7567307692307692,0.5837250351905823
0.2727941176470588,0.7567307692307692,0.5835754871368408
0.2727941176470588,0.7596153846153846,0.5828924775123596
0.275,0.7596153846153846,0.5823588967323303
0.275,0.7644230769230769,0.5798326730728149
0.2757352941176471,0.7644230769230769,0.5797367691993713
0.2757352941176471,0.7663461538461539,0.5791209936141968
0.2772058823529412,0.7663461538461539,0.5782982707023621
0.2772058823529412,0.7673076923076924,0.5782879590988159
0.27794117647058825,0.7673076923076924,0.5775490403175354
0.27794117647058825,0.7682692307692308,0.5770759582519531
0.27941176470588236,0.7682692307692308,0.5760548114776611
0.27941176470588236,0.7692307692307693,0.5758159160614014
0.2801470588235294,0.7692307692307693,0.5754271149635315
0.2801470588235294,0.7740384615384616,0.5733412504196167
0.28088235294117647,0.7740384615384616,0.5731412172317505
0.28088235294117647,0.775,0.5727737545967102
0.28161764705882353,0.775,0.5726567506790161
0.28161764705882353,0.7759615384615385,0.5725871920585632
0.2823529411764706,0.7759615384615385,0.5719152688980103
0.2823529411764706,0.7769230769230769,0.5718727111816406
0.28308823529411764,0.7769230769230769,0.5709951519966125
0.28308823529411764,0.7778846153846154,0.5709286332130432
0.2838235294117647,0.7778846153846154,0.5709031224250793
0.2838235294117647,0.7788461538461539,0.5706791877746582
0.28455882352941175,0.7788461538461539,0.5705377459526062
0.28455882352941175,0.7807692307692308,0.5692946910858154
0.2852941176470588,0.7807692307692308,0.5690080523490906
0.2852941176470588,0.7817307692307692,0.5689826011657715
0.2867647058823529,0.7817307692307692,0.5683896541595459
0.2867647058823529,0.7826923076923077,0.5682505965232849
0.2875,0.7826923076923077,0.5681559443473816
0.2875,0.7855769230769231,0.5654687881469727
0.28823529411764703,0.7855769230769231,0.5644561052322388
0.28823529411764703,0.7865384615384615,0.564202070236206
0.2897058823529412,0.7865384615384615,0.5638943314552307
0.2897058823529412,0.7923076923076923,0.5603929162025452
0.2911764705882353,0.7923076923076923,0.5600302815437317
0.2911764705882353,0.7951923076923076,0.5592433214187622
0.29411764705882354,0.7951923076923076,0.5575793981552124
0.29411764705882354,0.7971153846153847,0.5572550296783447
0.2948529411764706,0.7971153846153847,0.5566999912261963
0.2948529411764706,0.7990384615384616,0.5561697483062744
0.29705882352941176,0.7990384615384616,0.5552339553833008
0.29705882352941176,0.8,0.5550722479820251
0.2977941176470588,0.8,0.5541815161705017
0.2977941176470588,0.8038461538461539,0.5528064966201782
0.2985294117647059,0.8038461538461539,0.5520524382591248
0.2985294117647059,0.8048076923076923,0.5518798232078552
0.3,0.8048076923076923,0.5515943169593811
0.3,0.8057692307692308,0.5511248111724854
0.30073529411764705,0.8057692307692308,0.550621747970581
0.30073529411764705,0.8076923076923077,0.549589216709137
0.3014705882352941,0.8076923076923077,0.5493184328079224
0.3014705882352941,0.8086538461538462,0.5490860342979431
0.30514705882352944,0.8086538461538462,0.5477426052093506
0.30514705882352944,0.8105769230769231,0.5474957823753357
0.3095588235294118,0.8105769230769231,0.5460717082023621
0.3095588235294118,0.8115384615384615,0.5458933711051941
0.31029411764705883,0.8115384615384615,0.5457615256309509
0.31029411764705883,0.8125,0.5454697012901306
0.31176470588235294,0.8125,0.5443471074104309
0.31176470588235294,0.8144230769230769,0.5438003540039062
0.31470588235294117,0.8144230769230769,0.5423905253410339
0.31470588235294117,0.8153846153846154,0.5423816442489624
0.3176470588235294,0.8153846153846154,0.539874792098999
0.3176470588235294,0.8182692307692307,0.5389699935913086
0.31985294117647056,0.8182692307692307,0.5378569960594177
0.31985294117647056,0.8192307692307692,0.5377368330955505
0.3235294117647059,0.8192307692307692,0.5352931618690491
0.3235294117647059,0.8201923076923077,0.535216748714447
0.32426470588235295,0.8201923076923077,0.5351356863975525
0.32426470588235295,0.8221153846153846,0.5337109565734863
0.325,0.8221153846153846,0.53370600938797
0.325,0.823076923076923,0.5335608124732971
0.3272058823529412,0.823076923076923,0.5326797962188721
0.3272058823529412,0.8240384615384615,0.5326690077781677
0.32794117647058824,0.8240384615384615,0.5322715044021606
0.32794117647058824,0.825,0.5305287837982178
0.3286764705882353,0.825,0.5303307771682739
0.3286764705882353,0.8259615384615384,0.5287296175956726
0.33088235294117646,0.8259615384615384,0.5283675789833069
0.33088235294117646,0.8269230769230769,0.5281161665916443
0.3323529411764706,0.8269230769230769,0.5275664329528809
0.3323529411764706,0.8278846153846153,0.5274969339370728
0.3382352941176471,0.8278846153846153,0.5252451300621033
0.3382352941176471,0.8298076923076924,0.5249579548835754
0.3426470588235294,0.8298076923076924,0.5238661766052246
0.3426470588235294,0.8307692307692308,0.5238609313964844
0.34558823529411764,0.8307692307692308,0.5229169726371765
0.34558823529411764,0.8317307692307693,0.5228919386863708
0.34705882352941175,0.8317307692307693,0.5228425860404968
0.34705882352941175,0.8326923076923077,0.5226147770881653
0.34852941176470587,0.8326923076923077,0.5221512317657471
0.34852941176470587,0.8336538461538462,0.5221322774887085
0.35,0.8336538461538462,0.5215693116188049
0.35,0.8365384615384616,0.520873486995697
0.3514705882352941,0.8365384615384616,0.5199265480041504
0.3514705882352941,0.8375,0.5198029279708862
0.3536764705882353,0.8375,0.519066572189331
0.3536764705882353,0.8384615384615385,0.5188379883766174
0.3558823529411765,0.8384615384615385,0.5180909633636475
0.3558823529411765,0.8403846153846154,0.517516016960144
0.35808823529411765,0.8403846153846154,0.5168957114219666
0.35808823529411765,0.8413461538461539,0.5165677666664124
0.3602941176470588,0.8413461538461539,0.515504002571106
0.3602941176470588,0.8432692307692308,0.5153595805168152
0.3625,0.8432692307692308,0.5142306685447693
0.3625,0.8451923076923077,0.5141890645027161
0.36323529411764705,0.8451923076923077,0.5141251683235168
0.36323529411764705,0.8471153846153846,0.5138929486274719
0.3639705882352941,0.8471153846153846,0.5137510299682617
0.3639705882352941,0.8480769230769231,0.5136165022850037
0.36470588235294116,0.8480769230769231,0.5135670304298401
0.36470588235294116,0.8490384615384615,0.5135614275932312
0.3683823529411765,0.8490384615384615,0.5125836133956909
0.3683823529411765,0.85,0.5122291445732117
0.37058823529411766,0.85,0.5113752484321594
0.37058823529411766,0.8509615384615384,0.5113237500190735
0.37279411764705883,0.8509615384615384,0.5101248025894165
0.37279411764705883,0.8519230769230769,0.5099232792854309
0.3735294117647059,0.8519230769230769,0.5098021030426025
0.3735294117647059,0.8528846153846154,0.5094536542892456
0.375,0.8528846153846154,0.5089313983917236
0.375,0.8548076923076923,0.5084449648857117
0.3830882352941177,0.8548076923076923,0.5052347779273987
0.3830882352941177,0.8557692307692307,0.5049978494644165
0.38529411764705884,0.8557692307692307,0.5039402842521667
0.38529411764705884,0.8596153846153847,0.5025911331176758
0.3926470588235294,0.8596153846153847,0.4981052875518799
0.3926470588235294,0.8615384615384616,0.49727386236190796
0.3941176470588235,0.8615384615384616,0.496774286031723
0.3941176470588235,0.8625,0.49635130167007446
0.4,0.8625,0.4911235272884369
0.4,0.864423076923077,0.49061551690101624
0.4007352941176471,0.864423076923077,0.49043670296669006
0.4007352941176471,0.8653846153846154,0.49013835191726685
0.4022058823529412,0.8653846153846154,0.4897812008857727
0.4022058823529412,0.8663461538461539,0.4896312952041626
0.40294117647058825,0.8663461538461539,0.4894510805606842
0.40294117647058825,0.8682692307692308,0.48870399594306946
0.4036764705882353,0.8682692307692308,0.48844051361083984
0.4036764705882353,0.8692307692307693,0.4881889820098877
0.4051470588235294,0.8692307692307693,0.487783282995224
0.4051470588235294,0.8701923076923077,0.4872916638851166
0.4088235294117647,0.8701923076923077,0.4843614995479584
0.4088235294117647,0.8711538461538462,0.48416826128959656
0.4102941176470588,0.8711538461538462,0.4838266670703888
0.4102941176470588,0.8730769230769231,0.4837372899055481
0.4147058823529412,0.8730769230769231,0.4805358052253723
0.4147058823529412,0.8740384615384615,0.4805259108543396
0.4161764705882353,0.8740384615384615,0.48010754585266113
0.4161764705882353,0.875,0.480085164308548
0.41691176470588237,0.875,0.4799276888370514
0.41691176470588237,0.8769230769230769,0.4792458415031433
0.4213235294117647,0.8769230769230769,0.47559860348701477
0.4213235294117647,0.8788461538461538,0.4743061065673828
0.425,0.8788461538461538,0.47290274500846863
0.425,0.8798076923076923,0.4725155532360077
0.4279411764705882,0.8798076923076923,0.47190141677856445
0.4279411764705882,0.8807692307692307,0.4713660776615143
0.43529411764705883,0.8807692307692307,0.4678514897823334
0.43529411764705883,0.8817307692307692,0.46772122383117676
0.4375,0.8817307692307692,0.46748578548431396
0.4375,0.8826923076923077,0.4669397473335266
0.44485294117647056,0.8826923076923077,0.46359783411026
0.44485294117647056,0.8836538461538461,0.46353885531425476
0.4470588235294118,0.8836538461538461,0.46324965357780457
0.4470588235294118,0.8846153846153846,0.4631546139717102
0.44779411764705884,0.8846153846153846,0.4627488851547241
0.44779411764705884,0.885576923076923,0.46257904171943665
0.4551470588235294,0.885576923076923,0.45876792073249817
0.4551470588235294,0.8865384615384615,0.45835259556770325
0.45588235294117646,0.8865384615384615,0.4578389823436737
0.45588235294117646,0.8875,0.4577946960926056
0.4610294117647059,0.8875,0.4562368094921112
0.4610294117647059,0.8884615384615384,0.4560464322566986
0.4625,0.8884615384615384,0.4552426040172577
0.4625,0.8894230769230769,0.45514824986457825
0.46544117647058825,0.8894230769230769,0.45391377806663513
0.46544117647058825,0.8903846153846153,0.4539021849632263
0.47352941176470587,0.8903846153846153,0.45000356435775757
0.47352941176470587,0.8923076923076924,0.44977420568466187
0.475,0.8923076923076924,0.44911280274391174
0.475,0.8932692307692308,0.44890689849853516
0.4764705882352941,0.8932692307692308,0.447715163230896
0.4764705882352941,0.8942307692307693,0.4463807940483093
0.48823529411764705,0.8942307692307693,0.4427245259284973
0.48823529411764705,0.8951923076923077,0.44180095195770264
0.49264705882352944,0.8951923076923077,0.43894243240356445
0.49264705882352944,0.8961538461538462,0.43869930505752563
0.4963235294117647,0.8961538461538462,0.4356372356414795
0.4963235294117647,0.8971153846153846,0.43542206287384033
0.5,0.8971153846153846,0.43385258316993713
0.5,0.8980769230769231,0.43344104290008545
0.5066176470588235,0.8980769230769231,0.4297870993614197
0.5066176470588235,0.8990384615384616,0.4297683835029602
0.5117647058823529,0.8990384615384616,0.42388656735420227
0.5117647058823529,0.9009615384615385,0.4232001006603241
0.5139705882352941,0.9009615384615385,0.42185088992118835
0.5139705882352941,0.9028846153846154,0.4212436079978943
0.5176470588235295,0.9028846153846154,0.4197894036769867
0.5176470588235295,0.9038461538461539,0.41969606280326843
0.5227941176470589,0.9038461538461539,0.4153500497341156
0.5227941176470589,0.9048076923076923,0.41526347398757935
0.5235294117647059,0.9048076923076923,0.414672315120697
0.5235294117647059,0.9057692307692308,0.41434964537620544
0.5272058823529412,0.9057692307692308,0.4081838130950928
0.5272058823529412,0.9067307692307692,0.407585084438324
0.5301470588235294,0.9067307692307692,0.40580540895462036
0.5301470588235294,0.9076923076923077,0.4049875736236572
0.5316176470588235,0.9076923076923077,0.4046724736690521
0.5316176470588235,0.9096153846153846,0.4037459194660187
0.5360294117647059,0.9096153846153846,0.401876300573349
0.5360294117647059,0.9115384615384615,0.40072160959243774
0.5375,0.9115384615384615,0.39960336685180664
0.5375,0.9125,0.39936959743499756
0.538235294117647,0.9125,0.39927104115486145
0.538235294117647,0.9134615384615384,0.3992331922054291
0.5404411764705882,0.9134615384615384,0.3966659903526306
0.5404411764705882,0.9144230769230769,0.39625439047813416
0.5411764705882353,0.9144230769230769,0.39587169885635376
0.5411764705882353,0.9153846153846154,0.39581355452537537
0.5433823529411764,0.9153846153846154,0.39323320984840393
0.5433823529411764,0.9163461538461538,0.3906058669090271
0.5441176470588235,0.9163461538461538,0.39058661460876465
0.5441176470588235,0.9173076923076923,0.38989102840423584
0.5470588235294118,0.9173076923076923,0.38636741042137146
0.5470588235294118,0.9182692307692307,0.3850221335887909
0.5477941176470589,0.9182692307692307,0.3843824863433838
0.5477941176470589,0.9192307692307692,0.3833259642124176
0.549264705882353,0.9192307692307692,0.3817184567451477
0.549264705882353,0.9201923076923076,0.38029998540878296
0.5507352941176471,0.9201923076923076,0.3801581561565399
0.5507352941176471,0.9211538461538461,0.37993136048316956
0.5522058823529412,0.9211538461538461,0.3774019777774811
0.5522058823529412,0.9230769230769231,0.3752938210964203
0.5536764705882353,0.9230769230769231,0.37301450967788696
0.5536764705882353,0.9240384615384616,0.37271848320961
0.5558823529411765,0.9240384615384616,0.3698659837245941
0.5558823529411765,0.925,0.36879128217697144
0.5580882352941177,0.925,0.36230215430259705
0.5580882352941177,0.9259615384615385,0.3621475100517273
0.5632352941176471,0.9259615384615385,0.35222360491752625
0.5632352941176471,0.926923076923077,0.35116374492645264
0.5639705882352941,0.926923076923077,0.34644871950149536
0.5639705882352941,0.9307692307692308,0.33603519201278687
0.5647058823529412,0.9307692307692308,0.3351098597049713
0.5647058823529412,0.9326923076923077,0.33263400197029114
0.5654411764705882,0.9326923076923077,0.33163487911224365
0.5654411764705882,0.9346153846153846,0.32979485392570496
0.5661764705882353,0.9346153846153846,0.32887786626815796
0.5661764705882353,0.9365384615384615,0.328496515750885
0.5676470588235294,0.9365384615384615,0.3244689404964447
0.5676470588235294,0.9375,0.3229816257953644
0.5713235294117647,0.9375,0.3200112581253052
0.5713235294117647,0.9394230769230769,0.3196374773979187
0.5720588235294117,0.9394230769230769,0.31900909543037415
0.5720588235294117,0.9423076923076923,0.3171062767505646
0.5727941176470588,0.9423076923076923,0.31661751866340637
0.5727941176470588,0.9442307692307692,0.3125840425491333
0.5742647058823529,0.9442307692307692,0.31215906143188477
0.5742647058823529,0.9451923076923077,0.3117460608482361
0.575,0.9451923076923077,0.3115854859352112
0.575,0.9471153846153846,0.31031572818756104
0.5794117647058824,0.9471153846153846,0.30842116475105286
0.5794117647058824,0.95,0.3079439401626587
0.5801470588235295,0.95,0.30715641379356384
0.5801470588235295,0.9509615384615384,0.30674225091934204
0.5816176470588236,0.9509615384615384,0.30619218945503235
0.5816176470588236,0.9528846153846153,0.3048541247844696
0.5830882352941177,0.9528846153846153,0.3029477000236511
0.5830882352941177,0.9538461538461539,0.3029402196407318
0.5838235294117647,0.9538461538461539,0.30117639899253845
0.5838235294117647,0.9557692307692308,0.3001725673675537
0.5845588235294118,0.9557692307692308,0.2999175190925598
0.5845588235294118,0.9567307692307693,0.29936420917510986
0.5875,0.9567307692307693,0.29675063490867615
0.5875,0.9586538461538462,0.29619622230529785
0.5882352941176471,0.9586538461538462,0.2960662543773651
0.5882352941176471,0.9596153846153846,0.2959083318710327
0.5897058823529412,0.9596153846153846,0.2946484684944153
0.5897058823529412,0.9615384615384616,0.2938879430294037
0.5904411764705882,0.9615384615384616,0.2937447130680084
0.5904411764705882,0.9625,0.2931223511695862
0.5919117647058824,0.9625,0.2926945388317108
0.5919117647058824,0.9634615384615385,0.29250794649124146
0.5941176470588235,0.9634615384615385,0.29155316948890686
0.5941176470588235,0.9644230769230769,0.29149988293647766
0.5948529411764706,0.9644230769230769,0.2905459403991699
0.5948529411764706,0.9653846153846154,0.29027843475341797
0.5955882352941176,0.9653846153846154,0.2898927330970764
0.5955882352941176,0.9673076923076923,0.2883530259132385
0.6014705882352941,0.9673076923076923,0.2839227318763733
0.6014705882352941,0.9701923076923077,0.28162726759910583
0.6029411764705882,0.9701923076923077,0.2793494462966919
0.6029411764705882,0.9711538461538461,0.27853643894195557
0.6051470588235294,0.9711538461538461,0.2773500978946686
0.6051470588235294,0.9721153846153846,0.27585461735725403
0.6058823529411764,0.9721153846153846,0.2757568955421448
0.6058823529411764,0.9730769230769231,0.2747988998889923
0.6125,0.9730769230769231,0.2720075845718384
0.6125,0.9740384615384615,0.2719445824623108
0.6154411764705883,0.9740384615384615,0.2708776593208313
0.6154411764705883,0.975,0.27051979303359985
0.6169117647058824,0.975,0.27015256881713867
0.6169117647058824,0.9769230769230769,0.26885461807250977
0.6183823529411765,0.9769230769230769,0.2671588659286499
0.6183823529411765,0.9778846153846154,0.2671346068382263
0.6205882352941177,0.9778846153846154,0.2662864029407501
0.6205882352941177,0.9788461538461538,0.2662394642829895
0.6242647058823529,0.9788461538461538,0.26320186257362366
0.6242647058823529,0.9798076923076923,0.2623388171195984
0.6264705882352941,0.9798076923076923,0.26202553510665894
0.6264705882352941,0.9817307692307692,0.2613345980644226
0.638235294117647,0.9817307692307692,0.25552526116371155
0.638235294117647,0.9826923076923076,0.25529101490974426
0.6426470588235295,0.9826923076923076,0.2543097138404846
0.6426470588235295,0.9836538461538461,0.2539648115634918
0.6441176470588236,0.9836538461538461,0.2536547780036926
0.6441176470588236,0.9846153846153847,0.25219425559043884
0.649264705882353,0.9846153846153847,0.24939997494220734
0.649264705882353,0.9855769230769231,0.24888092279434204
0.6544117647058824,0.9855769230769231,0.247539684176445
0.6544117647058824,0.9875,0.2473795861005783
0.6595588235294118,0.9875,0.2446640431880951
0.6595588235294118,0.989423076923077,0.2444322556257248
0.6602941176470588,0.989423076923077,0.24368411302566528
0.6602941176470588,0.9903846153846154,0.24340622127056122
0.663235294117647,0.9903846153846154,0.24153059720993042
0.663235294117647,0.9913461538461539,0.2415301352739334
0.6720588235294118,0.9913461538461539,0.23312614858150482
0.6720588235294118,0.9923076923076923,0.2330939918756485
0.6764705882352942,0.9923076923076923,0.2312411665916443
0.6764705882352942,0.9932692307692308,0.23074579238891602
0.6779411764705883,0.9932692307692308,0.2299295961856842
0.6779411764705883,0.9942307692307693,0.22980576753616333
0.6830882352941177,0.9942307692307693,0.22518771886825562
0.6830882352941177,0.9951923076923077,0.22514168918132782
0.6926470588235294,0.9951923076923077,0.22197383642196655
0.6926470588235294,0.9961538461538462,0.22120992839336395
0.6933823529411764,0.9961538461538462,0.22115719318389893
0.6933823529411764,0.9971153846153846,0.22044667601585388
0.7,0.9971153846153846,0.21672719717025757
0.7,0.9980769230769231,0.21671442687511444
0.7205882352941176,0.9980769230769231,0.20506960153579712
0.7205882352941176,0.9990384615384615,0.20459967851638794
0.7242647058823529,0.9990384615384615,0.20401839911937714
0.7242647058823529,1.0,0.20351247489452362
1.0,1.0,0.02482149749994278
