FPR,TPR,Threshold
0.0,0.0,1.9992665648460388
0.0,0.0002631578947368421,0.9992665648460388
0.0,0.06315789473684211,0.9972763657569885
0.0,0.06368421052631579,0.9972562193870544
0.0,0.06526315789473684,0.9971941113471985
0.0,0.06578947368421052,0.9971888661384583
0.0,0.2955263157894737,0.9751845002174377
0.0,0.29605263157894735,0.9751255512237549
0.0,0.49447368421052634,0.9222785234451294
0.001,0.49447368421052634,0.9219964146614075
0.001,0.5323684210526316,0.9089086055755615
0.002,0.5323684210526316,0.9089059233665466
0.002,0.5605263157894737,0.8980962038040161
0.003,0.5605263157894737,0.897964358329773
0.003,0.5763157894736842,0.8924754858016968
0.004,0.5763157894736842,0.8924548625946045
0.004,0.5960526315789474,0.881233811378479
0.005,0.5960526315789474,0.8812227845191956
0.005,0.5965789473684211,0.8809972405433655
0.006,0.5965789473684211,0.8808159828186035
0.006,0.5989473684210527,0.8797705769538879
0.007,0.5989473684210527,0.8797329068183899
0.007,0.5997368421052631,0.8791701197624207
0.008,0.5997368421052631,0.8791645765304565
0.008,0.6107894736842105,0.8733394742012024
0.009,0.6107894736842105,0.8733031153678894
0.009,0.611578947368421,0.8731708526611328
0.01,0.611578947368421,0.8730614185333252
0.01,0.6136842105263158,0.8717180490493774
0.011,0.6136842105263158,0.8716802597045898
0.011,0.6173684210526316,0.8690455555915833
0.012,0.6173684210526316,0.8690205812454224
0.012,0.6178947368421053,0.868683934211731
0.013,0.6178947368421053,0.8685944676399231
0.013,0.6223684210526316,0.8664183616638184
0.014,0.6223684210526316,0.8664119243621826
0.014,0.633421052631579,0.8632182478904724
0.015,0.633421052631579,0.8631885647773743
0.015,0.6394736842105263,0.8611987829208374
0.017,0.6394736842105263,0.861101508140564
0.017,0.6397368421052632,0.861031174659729
0.018,0.6397368421052632,0.8609952926635742
0.018,0.6405263157894737,0.8609231114387512
0.019,0.6405263157894737,0.8608891367912292
0.019,0.6413157894736842,0.8607334494590759
0.02,0.6413157894736842,0.8606618046760559
0.02,0.641578947368421,0.8605877161026001
0.023,0.641578947368421,0.8603987693786621
0.023,0.6421052631578947,0.8602380752563477
0.024,0.6421052631578947,0.8600571751594543
0.024,0.6434210526315789,0.859689474105835
0.025,0.6434210526315789,0.8596819639205933
0.025,0.6452631578947369,0.8584880828857422
0.026,0.6452631578947369,0.8583306670188904
0.026,0.6473684210526316,0.8574597835540771
0.027,0.6473684210526316,0.8571456074714661
0.027,0.6492105263157895,0.8565762639045715
0.028,0.6492105263157895,0.8565303683280945
0.028,0.6534210526315789,0.8526248335838318
0.029,0.6534210526315789,0.8525521159172058
0.029,0.6571052631578947,0.8498113751411438
0.03,0.6571052631578947,0.849773108959198
0.03,0.6584210526315789,0.8494929075241089
0.031,0.6584210526315789,0.8494133353233337
0.031,0.6707894736842105,0.8450971245765686
0.032,0.6707894736842105,0.8450735211372375
0.032,0.6723684210526316,0.8436835408210754
0.033,0.6723684210526316,0.8433173298835754
0.033,0.6792105263157895,0.8407314419746399
0.034,0.6792105263157895,0.840691089630127
0.034,0.6934210526315789,0.8378191590309143
0.035,0.6934210526315789,0.8376477360725403
0.035,0.695,0.8371910452842712
0.036,0.695,0.8371754288673401
0.036,0.6981578947368421,0.8353673815727234
0.037,0.6981578947368421,0.8352700471878052
0.037,0.7039473684210527,0.8329663276672363
0.038,0.7039473684210527,0.8329281210899353
0.038,0.705,0.8328179717063904
0.039,0.705,0.8326916694641113
0.039,0.7078947368421052,0.8320928812026978
0.04,0.7078947368421052,0.8320892453193665
0.04,0.716842105263158,0.8266684412956238
0.041,0.716842105263158,0.8259461522102356
0.041,0.7181578947368421,0.8251386880874634
0.042,0.7181578947368421,0.8251322507858276
0.042,0.72,0.8243773579597473
0.043,0.72,0.8241071701049805
0.043,0.7205263157894737,0.8239461779594421
0.044,0.7205263157894737,0.8239325284957886
0.044,0.7228947368421053,0.8203093409538269
0.045,0.7228947368421053,0.8202793598175049
0.045,0.7265789473684211,0.8183224201202393
0.046,0.7265789473684211,0.818054735660553
0.046,0.7281578947368421,0.8167122602462769
0.047,0.7281578947368421,0.8166121244430542
0.047,0.728421052631579,0.8164154291152954
0.048,0.728421052631579,0.8163674473762512
0.048,0.73,0.8157364726066589
0.049,0.73,0.8156035542488098
0.049,0.7321052631578947,0.8143863081932068
0.05,0.7321052631578947,0.8143696188926697
0.05,0.7389473684210527,0.8110504746437073
0.051,0.7389473684210527,0.810933530330658
0.051,0.7392105263157894,0.810924768447876
0.052,0.7392105263157894,0.8106508851051331
0.052,0.7428947368421053,0.8075830936431885
0.053,0.7428947368421053,0.8074390888214111
0.053,0.743421052631579,0.8067346811294556
0.054,0.743421052631579,0.8066873550415039
0.054,0.7452631578947368,0.8053594827651978
0.057,0.7452631578947368,0.8049318194389343
0.057,0.7460526315789474,0.8046573996543884
0.058,0.7460526315789474,0.8046067953109741
0.058,0.7463157894736843,0.8045943379402161
0.06,0.7463157894736843,0.8044714331626892
0.06,0.746578947368421,0.804463803768158
0.062,0.746578947368421,0.8043838739395142
0.062,0.7471052631578947,0.8038868308067322
0.063,0.7471052631578947,0.8036056756973267
0.063,0.7473684210526316,0.8032145500183105
0.064,0.7473684210526316,0.801914393901825
0.064,0.7486842105263158,0.8013526797294617
0.066,0.7486842105263158,0.8012069463729858
0.066,0.7494736842105263,0.8010441064834595
0.067,0.7494736842105263,0.8008512854576111
0.067,0.7513157894736842,0.8003360629081726
0.068,0.7513157894736842,0.8003162741661072
0.068,0.7518421052631579,0.8000780940055847
0.069,0.7518421052631579,0.7999379634857178
0.069,0.7589473684210526,0.7957161068916321
0.07,0.7589473684210526,0.7956764101982117
0.07,0.7602631578947369,0.7941495776176453
0.071,0.7602631578947369,0.7938855290412903
0.071,0.7626315789473684,0.7910823822021484
0.072,0.7626315789473684,0.7906121015548706
0.072,0.7726315789473684,0.7815662026405334
0.073,0.7726315789473684,0.7815437316894531
0.073,0.7728947368421053,0.7815244197845459
0.074,0.7728947368421053,0.7813827395439148
0.074,0.7747368421052632,0.7793372273445129
0.075,0.7747368421052632,0.77928626537323
0.075,0.7876315789473685,0.7687063813209534
0.076,0.7876315789473685,0.7686728239059448
0.076,0.7934210526315789,0.7595832347869873
0.077,0.7934210526315789,0.7594148516654968
0.077,0.7978947368421052,0.7550976872444153
0.078,0.7978947368421052,0.754886269569397
0.078,0.7989473684210526,0.7531138062477112
0.079,0.7989473684210526,0.752358078956604
0.079,0.7997368421052632,0.7517460584640503
0.08,0.7997368421052632,0.7517216205596924
0.08,0.8223684210526315,0.7321658134460449
0.081,0.8223684210526315,0.7310901284217834
0.081,0.8226315789473684,0.7307613492012024
0.082,0.8226315789473684,0.7306385636329651
0.082,0.8360526315789474,0.7153029441833496
0.083,0.8360526315789474,0.7152441740036011
0.083,0.8455263157894737,0.7091489434242249
0.084,0.8455263157894737,0.7090713977813721
0.084,0.8578947368421053,0.7003127336502075
0.085,0.8578947368421053,0.6997178792953491
0.085,0.8689473684210526,0.6826819777488708
0.086,0.8689473684210526,0.6823605895042419
0.086,0.871578947368421,0.6792800426483154
0.087,0.871578947368421,0.6790489554405212
0.087,0.8742105263157894,0.6770439147949219
0.088,0.8742105263157894,0.6768733859062195
0.088,0.8771052631578947,0.6717308759689331
0.09,0.8771052631578947,0.6701018214225769
0.09,0.88,0.6650881767272949
0.091,0.88,0.6647250056266785
0.091,0.881578947368421,0.6639604568481445
0.092,0.881578947368421,0.6637343168258667
0.092,0.8821052631578947,0.6613829135894775
0.094,0.8821052631578947,0.6610244512557983
0.094,0.8836842105263157,0.6564664244651794
0.095,0.8836842105263157,0.6561717987060547
0.095,0.886578947368421,0.6515630483627319
0.097,0.886578947368421,0.6491279006004333
0.097,0.8868421052631579,0.648823618888855
0.098,0.8868421052631579,0.6486526727676392
0.098,0.8894736842105263,0.6429194211959839
0.099,0.8894736842105263,0.642909824848175
0.099,0.8921052631578947,0.6415214538574219
0.1,0.8921052631578947,0.6410772204399109
0.1,0.8942105263157895,0.6389615535736084
0.101,0.8942105263157895,0.6388304829597473
0.101,0.8944736842105263,0.6387276649475098
0.102,0.8944736842105263,0.6385452151298523
0.102,0.895,0.6383152604103088
0.103,0.895,0.6382293701171875
0.103,0.8952631578947369,0.6381622552871704
0.104,0.8952631578947369,0.6381463408470154
0.104,0.8963157894736842,0.638038158416748
0.108,0.8963157894736842,0.6375548243522644
0.108,0.896578947368421,0.6375054717063904
0.109,0.896578947368421,0.6373783946037292
0.109,0.8968421052631579,0.6369991302490234
0.111,0.8968421052631579,0.6367276310920715
0.111,0.8976315789473684,0.6355609893798828
0.112,0.8976315789473684,0.6350514888763428
0.112,0.8981578947368422,0.6347711682319641
0.113,0.8981578947368422,0.6336962580680847
0.113,0.8984210526315789,0.6332704424858093
0.114,0.8984210526315789,0.6330350637435913
0.114,0.8994736842105263,0.6295974850654602
0.118,0.8994736842105263,0.6251048445701599
0.118,0.9018421052631579,0.618879497051239
0.119,0.9018421052631579,0.6160790920257568
0.119,0.9028947368421053,0.6131334900856018
0.12,0.9028947368421053,0.6126564145088196
0.12,0.9042105263157895,0.6100593209266663
0.121,0.9042105263157895,0.6095806956291199
0.121,0.9055263157894737,0.6069796681404114
0.122,0.9055263157894737,0.6067668795585632
0.122,0.9063157894736842,0.6042912602424622
0.123,0.9063157894736842,0.6030786037445068
0.123,0.906578947368421,0.6022095680236816
0.124,0.906578947368421,0.6015926003456116
0.124,0.9131578947368421,0.587876558303833
0.125,0.9131578947368421,0.5874682068824768
0.125,0.9163157894736842,0.5825539827346802
0.126,0.9163157894736842,0.5821990370750427
0.126,0.9168421052631579,0.5816008448600769
0.127,0.9168421052631579,0.5796166062355042
0.127,0.9171052631578948,0.5788083076477051
0.129,0.9171052631578948,0.5774699449539185
0.129,0.9194736842105263,0.5687145590782166
0.13,0.9194736842105263,0.5681647658348083
0.13,0.92,0.5663776397705078
0.131,0.92,0.564624011516571
0.131,0.9202631578947369,0.5628928542137146
0.133,0.9202631578947369,0.5587306618690491
0.133,0.9205263157894736,0.5582046508789062
0.134,0.9205263157894736,0.5537434220314026
0.134,0.921578947368421,0.5508225560188293
0.136,0.921578947368421,0.5479408502578735
0.136,0.9223684210526316,0.5422195196151733
0.139,0.9223684210526316,0.5366223454475403
0.139,0.9226315789473685,0.5365925431251526
0.145,0.9226315789473685,0.5354655981063843
0.145,0.9228947368421052,0.5353536009788513
0.148,0.9228947368421052,0.533833920955658
0.148,0.9236842105263158,0.5320754647254944
0.153,0.9236842105263158,0.5281674861907959
0.153,0.9247368421052632,0.5242524147033691
0.156,0.9247368421052632,0.5193647742271423
0.156,0.925,0.5156248807907104
0.157,0.925,0.5116239190101624
0.157,0.9260526315789473,0.507987916469574
0.158,0.9260526315789473,0.5073896050453186
0.158,0.9263157894736842,0.5049847960472107
0.162,0.9263157894736842,0.4867653250694275
0.162,0.9271052631578948,0.485440731048584
0.164,0.9271052631578948,0.47810879349708557
0.164,0.9273684210526316,0.4755617678165436
0.17,0.9273684210526316,0.4675697386264801
0.17,0.9276315789473685,0.46300551295280457
0.179,0.9276315789473685,0.44362613558769226
0.179,0.9278947368421052,0.44330617785453796
0.18,0.9278947368421052,0.4432929456233978
0.18,0.9284210526315789,0.4403892159461975
0.182,0.9284210526315789,0.4360502064228058
0.182,0.9289473684210526,0.43428489565849304
0.185,0.9289473684210526,0.4272637665271759
0.185,0.9292105263157895,0.42644187808036804
0.186,0.9292105263157895,0.4255705177783966
0.186,0.9294736842105263,0.4254656434059143
0.19,0.9294736842105263,0.42480379343032837
0.19,0.9297368421052632,0.4246688485145569
0.195,0.9297368421052632,0.4234100878238678
0.195,0.93,0.4231261909008026
0.196,0.93,0.42275747656822205
0.196,0.9302631578947368,0.42215201258659363
0.199,0.9302631578947368,0.4184076488018036
0.199,0.9305263157894736,0.41836023330688477
0.204,0.9305263157894736,0.41687896847724915
0.204,0.9307894736842105,0.4153384864330292
0.205,0.9307894736842105,0.4140258729457855
0.205,0.9313157894736842,0.41067376732826233
0.207,0.9313157894736842,0.4089335799217224
0.207,0.9315789473684211,0.40877243876457214
0.209,0.9315789473684211,0.40763065218925476
0.209,0.9318421052631579,0.40456390380859375
0.21,0.9318421052631579,0.4040449261665344
0.21,0.9321052631578948,0.4022897779941559
0.212,0.9321052631578948,0.401404470205307
0.212,0.9323684210526316,0.3996792137622833
0.213,0.9323684210526316,0.3996399939060211
0.213,0.935,0.3979228734970093
0.214,0.935,0.39753958582878113
0.214,0.9352631578947368,0.39628860354423523
0.215,0.9352631578947368,0.39496517181396484
0.215,0.9355263157894737,0.39481526613235474
0.216,0.9355263157894737,0.39472734928131104
0.216,0.9357894736842105,0.3941051661968231
0.219,0.9357894736842105,0.38948240876197815
0.219,0.9360526315789474,0.38864439725875854
0.223,0.9360526315789474,0.3854235112667084
0.223,0.9363157894736842,0.38530054688453674
0.233,0.9363157894736842,0.3829070031642914
0.233,0.9365789473684211,0.38226255774497986
0.234,0.9365789473684211,0.38169246912002563
0.234,0.9368421052631579,0.38138100504875183
0.238,0.9368421052631579,0.3784116506576538
0.238,0.9371052631578948,0.3777172863483429
0.242,0.9371052631578948,0.3734486401081085
0.242,0.9373684210526316,0.3730800151824951
0.243,0.9373684210526316,0.37252721190452576
0.243,0.9376315789473684,0.3718123733997345
0.249,0.9376315789473684,0.3680223822593689
0.249,0.9378947368421052,0.36770495772361755
0.251,0.9378947368421052,0.3662492036819458
0.251,0.9386842105263158,0.36338359117507935
0.262,0.9386842105263158,0.3584315776824951
0.262,0.9389473684210526,0.35838180780410767
0.275,0.9389473684210526,0.34815821051597595
0.275,0.9392105263157895,0.34575390815734863
0.277,0.9392105263157895,0.34457486867904663
0.277,0.9394736842105263,0.34450915455818176
0.278,0.9394736842105263,0.3432203233242035
0.278,0.9397368421052632,0.3413805365562439
0.282,0.9397368421052632,0.3362060487270355
0.282,0.94,0.3359423875808716
0.286,0.94,0.3323545455932617
0.286,0.9407894736842105,0.3294179439544678
0.287,0.9407894736842105,0.3286754786968231
0.287,0.9410526315789474,0.3282166123390198
0.289,0.9410526315789474,0.325875461101532
0.289,0.9413157894736842,0.3227502703666687
0.29,0.9413157894736842,0.3224262297153473
0.29,0.9421052631578948,0.31705528497695923
0.295,0.9421052631578948,0.31392553448677063
0.295,0.9423684210526316,0.3136357069015503
0.296,0.9423684210526316,0.31255483627319336
0.296,0.9428947368421052,0.31062307953834534
0.298,0.9428947368421052,0.3101959228515625
0.298,0.9434210526315789,0.30847349762916565
0.299,0.9434210526315789,0.3077107071876526
0.299,0.9455263157894737,0.30520179867744446
0.3,0.9455263157894737,0.30495089292526245
0.3,0.9471052631578948,0.3018338680267334
0.301,0.9471052631578948,0.30104532837867737
0.301,0.9473684210526315,0.30100876092910767
0.302,0.9473684210526315,0.3006826937198639
0.302,0.9484210526315789,0.29878756403923035
0.304,0.9484210526315789,0.29744911193847656
0.304,0.9492105263157895,0.29408156871795654
0.308,0.9492105263157895,0.2895965576171875
0.308,0.9497368421052632,0.28913843631744385
0.311,0.9497368421052632,0.2839760482311249
0.311,0.9502631578947368,0.28325194120407104
0.314,0.9502631578947368,0.2828763425350189
0.314,0.9510526315789474,0.2786456048488617
0.316,0.9510526315789474,0.2769709825515747
0.316,0.9513157894736842,0.27679380774497986
0.318,0.9513157894736842,0.2765924036502838
0.318,0.9518421052631579,0.2760840356349945
0.32,0.9518421052631579,0.2751215398311615
0.32,0.9521052631578948,0.2745901346206665
0.331,0.9521052631578948,0.27248039841651917
0.331,0.9523684210526315,0.27219220995903015
0.332,0.9523684210526315,0.27170872688293457
0.332,0.9528947368421052,0.2705579102039337
0.333,0.9528947368421052,0.27020463347435
0.333,0.9531578947368421,0.27019646763801575
0.334,0.9531578947368421,0.2701071798801422
0.334,0.9552631578947368,0.2693634331226349
0.336,0.9552631578947368,0.2686198651790619
0.336,0.9557894736842105,0.2679677903652191
0.337,0.9557894736842105,0.2679552137851715
0.337,0.9563157894736842,0.26614120602607727
0.338,0.9563157894736842,0.2660278081893921
0.338,0.9581578947368421,0.2634836733341217
0.34,0.9581578947368421,0.2630557417869568
0.34,0.958421052631579,0.2618756890296936
0.341,0.958421052631579,0.2598285973072052
0.341,0.9586842105263158,0.25960710644721985
0.342,0.9586842105263158,0.2588755786418915
0.342,0.9592105263157895,0.25864219665527344
0.343,0.9592105263157895,0.25851622223854065
0.343,0.9594736842105264,0.2580528259277344
0.351,0.9594736842105264,0.2540101706981659
0.351,0.9597368421052631,0.2539089322090149
0.352,0.9597368421052631,0.25380608439445496
0.352,0.96,0.25371506810188293
0.36,0.96,0.25235214829444885
0.36,0.9602631578947368,0.2519620954990387
0.361,0.9602631578947368,0.25176048278808594
0.361,0.9607894736842105,0.2511824071407318
0.362,0.9607894736842105,0.25076135993003845
0.362,0.9610526315789474,0.2506881356239319
0.364,0.9610526315789474,0.25017833709716797
0.364,0.9613157894736842,0.24935407936573029
0.368,0.9613157894736842,0.24857580661773682
0.368,0.9618421052631579,0.2462788075208664
0.369,0.9618421052631579,0.24517375230789185
0.369,0.9623684210526315,0.24455340206623077
0.37,0.9623684210526315,0.2444177269935608
0.37,0.9639473684210527,0.24366256594657898
0.371,0.9639473684210527,0.24348291754722595
0.371,0.9642105263157895,0.24281428754329681
0.372,0.9642105263157895,0.2424047440290451
0.372,0.9647368421052631,0.2422063648700714
0.373,0.9647368421052631,0.24219422042369843
0.373,0.965,0.2421160191297531
0.374,0.965,0.24156807363033295
0.374,0.9655263157894737,0.2412462830543518
0.376,0.9655263157894737,0.24083943665027618
0.376,0.9657894736842105,0.2407776415348053
0.377,0.9657894736842105,0.2406836301088333
0.377,0.9663157894736842,0.23913483321666718
0.378,0.9663157894736842,0.23902565240859985
0.378,0.966842105263158,0.23740139603614807
0.38,0.966842105263158,0.2366103231906891
0.38,0.9671052631578947,0.23638474941253662
0.381,0.9671052631578947,0.23628737032413483
0.381,0.9686842105263158,0.2342197597026825
0.383,0.9686842105263158,0.23390652239322662
0.383,0.9689473684210527,0.2331756353378296
0.385,0.9689473684210527,0.2328883856534958
0.385,0.9692105263157895,0.23259201645851135
0.386,0.9692105263157895,0.23179033398628235
0.386,0.9694736842105263,0.23143331706523895
0.388,0.9694736842105263,0.2289530336856842
0.388,0.9697368421052631,0.22700664401054382
0.39,0.9697368421052631,0.22682757675647736
0.39,0.97,0.22646647691726685
0.393,0.97,0.2246749997138977
0.393,0.9702631578947368,0.22421139478683472
0.396,0.9702631578947368,0.22356215119361877
0.396,0.9707894736842105,0.22305499017238617
0.399,0.9707894736842105,0.2227400690317154
0.399,0.9710526315789474,0.2222485989332199
0.401,0.9710526315789474,0.22191745042800903
0.401,0.9713157894736842,0.2218564748764038
0.408,0.9713157894736842,0.21943911910057068
0.408,0.9718421052631578,0.21904076635837555
0.409,0.9718421052631578,0.21801498532295227
0.409,0.9721052631578947,0.21750478446483612
0.41,0.9721052631578947,0.21722283959388733
0.41,0.9723684210526315,0.2170766443014145
0.411,0.9723684210526315,0.21606621146202087
0.411,0.9736842105263158,0.21501533687114716
0.414,0.9736842105263158,0.2138875424861908
0.414,0.975,0.21287274360656738
0.415,0.975,0.2128579169511795
0.415,0.9760526315789474,0.21262122690677643
0.416,0.9760526315789474,0.21198676526546478
0.416,0.9765789473684211,0.2115785777568817
0.417,0.9765789473684211,0.21156969666481018
0.417,0.9768421052631578,0.21142828464508057
0.418,0.9768421052631578,0.211385577917099
0.418,0.9771052631578947,0.21079184114933014
0.42,0.9771052631578947,0.2103264182806015
0.42,0.9773684210526316,0.21012233197689056
0.421,0.9773684210526316,0.20974622666835785
0.421,0.9776315789473684,0.20970216393470764
0.423,0.9776315789473684,0.209443137049675
0.423,0.9781578947368421,0.2085932195186615
0.442,0.9781578947368421,0.20625916123390198
0.442,0.978421052631579,0.20562702417373657
0.448,0.978421052631579,0.20490217208862305
0.448,0.9786842105263158,0.2048777937889099
0.449,0.9786842105263158,0.20452572405338287
0.449,0.9789473684210527,0.20450016856193542
0.457,0.9789473684210527,0.20222167670726776
0.457,0.9792105263157894,0.20193888247013092
0.461,0.9792105263157894,0.20074933767318726
0.461,0.9802631578947368,0.19950295984745026
0.465,0.9802631578947368,0.19792523980140686
0.465,0.9805263157894737,0.197567880153656
0.472,0.9805263157894737,0.1965155005455017
0.472,0.9807894736842105,0.19636964797973633
0.482,0.9807894736842105,0.19505196809768677
0.482,0.9810526315789474,0.19501712918281555
0.483,0.9810526315789474,0.19488881528377533
0.483,0.9815789473684211,0.19417113065719604
0.484,0.9815789473684211,0.19400334358215332
0.484,0.9818421052631578,0.19361676275730133
0.486,0.9818421052631578,0.19319981336593628
0.486,0.9821052631578947,0.19245700538158417
0.489,0.9821052631578947,0.1919826716184616
0.489,0.9823684210526316,0.1919071525335312
0.493,0.9823684210526316,0.19165228307247162
0.493,0.983421052631579,0.19049476087093353
0.494,0.983421052631579,0.19033154845237732
0.494,0.9836842105263158,0.190318301320076
0.496,0.9836842105263158,0.19000938534736633
0.496,0.9842105263157894,0.1900022327899933
0.497,0.9842105263157894,0.1899750977754593
0.497,0.9844736842105263,0.18984651565551758
0.499,0.9844736842105263,0.18978796899318695
0.499,0.985,0.18976685404777527
0.504,0.985,0.18925513327121735
0.504,0.9852631578947368,0.18923960626125336
0.505,0.9852631578947368,0.18807639181613922
0.505,0.9855263157894737,0.18790850043296814
0.509,0.9855263157894737,0.1875353455543518
0.509,0.9857894736842105,0.1874620020389557
0.51,0.9857894736842105,0.1872524917125702
0.51,0.9860526315789474,0.18711316585540771
0.516,0.9860526315789474,0.18554866313934326
0.516,0.9863157894736843,0.18470045924186707
0.52,0.9863157894736843,0.18422991037368774
0.52,0.986578947368421,0.18410390615463257
0.523,0.986578947368421,0.18346145749092102
0.523,0.9868421052631579,0.18298758566379547
0.531,0.9868421052631579,0.1810086965560913
0.531,0.9873684210526316,0.1802629977464676
0.535,0.9873684210526316,0.1786690652370453
0.535,0.9876315789473684,0.17863431572914124
0.537,0.9876315789473684,0.1783493608236313
0.537,0.9878947368421053,0.17828767001628876
0.55,0.9878947368421053,0.17575784027576447
0.55,0.9881578947368421,0.17568999528884888
0.552,0.9881578947368421,0.17473231256008148
0.552,0.988421052631579,0.17391562461853027
0.553,0.988421052631579,0.17380109429359436
0.553,0.9886842105263158,0.17326712608337402
0.554,0.9886842105263158,0.17305177450180054
0.554,0.9889473684210527,0.17303335666656494
0.556,0.9889473684210527,0.1728440672159195
0.556,0.9892105263157894,0.172618567943573
0.562,0.9892105263157894,0.17031234502792358
0.562,0.9894736842105263,0.17020073533058167
0.563,0.9894736842105263,0.17016497254371643
0.563,0.99,0.16975727677345276
0.568,0.99,0.16804419457912445
0.568,0.9902631578947368,0.16772319376468658
0.572,0.9902631578947368,0.16623179614543915
0.572,0.9905263157894737,0.16572830080986023
0.574,0.9905263157894737,0.16455024480819702
0.574,0.9907894736842106,0.16402651369571686
0.575,0.9907894736842106,0.16319505870342255
0.575,0.9910526315789474,0.1630007028579712
0.577,0.9910526315789474,0.16227854788303375
0.577,0.9913157894736843,0.16194948554039001
0.583,0.9913157894736843,0.1604762077331543
0.583,0.991578947368421,0.16040197014808655
0.592,0.991578947368421,0.15945759415626526
0.592,0.9918421052631579,0.15927806496620178
0.594,0.9918421052631579,0.15903331339359283
0.594,0.9923684210526316,0.15889972448349
0.595,0.9923684210526316,0.1583254337310791
0.595,0.9926315789473684,0.15799614787101746
0.597,0.9926315789473684,0.157662034034729
0.597,0.993421052631579,0.15649515390396118
0.598,0.993421052631579,0.15647608041763306
0.598,0.9939473684210526,0.15627579391002655
0.599,0.9939473684210526,0.15613065659999847
0.599,0.995,0.15592792630195618
0.6,0.995,0.1558181792497635
0.6,0.9952631578947368,0.1554902344942093
0.605,0.9952631578947368,0.1543411910533905
0.605,0.996578947368421,0.15336240828037262
0.607,0.996578947368421,0.15192657709121704
0.607,0.9968421052631579,0.15173445641994476
0.609,0.9968421052631579,0.15099352598190308
0.609,0.9971052631578947,0.15074539184570312
0.617,0.9971052631578947,0.14693289995193481
0.617,0.9973684210526316,0.14674486219882965
0.619,0.9973684210526316,0.1463439017534256
0.619,0.9976315789473684,0.14610353112220764
0.625,0.9976315789473684,0.14335115253925323
0.625,0.9978947368421053,0.14249691367149353
0.63,0.9978947368421053,0.14186643064022064
0.63,0.9981578947368421,0.14144091308116913
0.655,0.9981578947368421,0.13653318583965302
0.655,0.998421052631579,0.1361238807439804
0.666,0.998421052631579,0.1306411474943161
0.666,0.9986842105263158,0.13056690990924835
0.675,0.9986842105263158,0.12841124832630157
0.675,0.9989473684210526,0.1284046322107315
0.683,0.9989473684210526,0.1261567920446396
0.683,0.9992105263157894,0.12610280513763428
0.697,0.9992105263157894,0.1245935708284378
0.697,0.9994736842105263,0.12446292489767075
0.736,0.9994736842105263,0.11528923362493515
0.736,1.0,0.11452188342809677
1.0,1.0,0.013767830096185207
