FPR,TPR,Threshold
0.0,0.0,1.9943113327026367
0.0,0.0005263157894736842,0.9943113327026367
0.0,0.035789473684210524,0.9896104335784912
0.0,0.03684210526315789,0.989484965801239
0.0,0.7742105263157895,0.7222771048545837
0.002,0.7742105263157895,0.7220369577407837
0.002,0.7778947368421053,0.7195903062820435
0.004,0.7778947368421053,0.7192370295524597
0.004,0.7789473684210526,0.7179009318351746
0.006,0.7789473684210526,0.7175081372261047
0.006,0.783157894736842,0.7132101655006409
0.008,0.783157894736842,0.7131320238113403
0.008,0.7836842105263158,0.7130213975906372
0.01,0.7836842105263158,0.7130203247070312
0.01,0.7868421052631579,0.7107179164886475
0.012,0.7868421052631579,0.7105662226676941
0.012,0.7873684210526316,0.7105234861373901
0.014,0.7873684210526316,0.710064172744751
0.014,0.7905263157894736,0.7076772451400757
0.018,0.7905263157894736,0.707321047782898
0.018,0.791578947368421,0.7064407467842102
0.02,0.791578947368421,0.7064288258552551
0.02,0.7947368421052632,0.7037720084190369
0.022,0.7947368421052632,0.7035379409790039
0.022,0.81,0.6855977177619934
0.024,0.81,0.685593843460083
0.024,0.8115789473684211,0.6832047700881958
0.026,0.8115789473684211,0.6828347444534302
0.026,0.8126315789473684,0.6825283169746399
0.028,0.8126315789473684,0.6819744110107422
0.028,0.8147368421052632,0.680340051651001
0.032,0.8147368421052632,0.6793737411499023
0.032,0.8152631578947368,0.6774936318397522
0.034,0.8152631578947368,0.6771140098571777
0.034,0.8157894736842105,0.6762912273406982
0.036,0.8157894736842105,0.6759267449378967
0.036,0.8178947368421052,0.6743202209472656
0.038,0.8178947368421052,0.6739293336868286
0.038,0.8236842105263158,0.6689327359199524
0.04,0.8236842105263158,0.6688101887702942
0.04,0.8257894736842105,0.6684325337409973
0.042,0.8257894736842105,0.666957437992096
0.042,0.8268421052631579,0.6664420366287231
0.048,0.8268421052631579,0.6650102734565735
0.048,0.8294736842105264,0.6629498600959778
0.052,0.8294736842105264,0.6626908183097839
0.052,0.8321052631578948,0.6604689359664917
0.054,0.8321052631578948,0.6596748232841492
0.054,0.8336842105263158,0.6586695909500122
0.056,0.8336842105263158,0.6580561399459839
0.056,0.8347368421052631,0.6577324271202087
0.058,0.8347368421052631,0.6576303839683533
0.058,0.8363157894736842,0.6562958359718323
0.06,0.8363157894736842,0.6557337641716003
0.06,0.8373684210526315,0.65489262342453
0.062,0.8373684210526315,0.6547260284423828
0.062,0.8415789473684211,0.6518585085868835
0.064,0.8415789473684211,0.6512289047241211
0.064,0.8452631578947368,0.6464642286300659
0.068,0.8452631578947368,0.6450274586677551
0.068,0.8463157894736842,0.6437019109725952
0.07,0.8463157894736842,0.6430729627609253
0.07,0.848421052631579,0.6415057182312012
0.072,0.848421052631579,0.64088374376297
0.072,0.8494736842105263,0.6385524868965149
0.078,0.8494736842105263,0.6360592246055603
0.078,0.8557894736842105,0.6240249276161194
0.08,0.8557894736842105,0.6226402521133423
0.08,0.86,0.61822110414505
0.084,0.86,0.6166329383850098
0.084,0.8605263157894737,0.6164241433143616
0.086,0.8605263157894737,0.6163209080696106
0.086,0.8631578947368421,0.6150078773498535
0.088,0.8631578947368421,0.614823043346405
0.088,0.8673684210526316,0.6101845502853394
0.09,0.8673684210526316,0.6101461052894592
0.09,0.8694736842105263,0.6053332090377808
0.092,0.8694736842105263,0.6030910611152649
0.092,0.8752631578947369,0.5926451683044434
0.094,0.8752631578947369,0.5921852588653564
0.094,0.8757894736842106,0.5908086895942688
0.096,0.8757894736842106,0.588729977607727
0.096,0.8763157894736842,0.588062584400177
0.102,0.8763157894736842,0.5870130658149719
0.102,0.8778947368421053,0.5860854387283325
0.104,0.8778947368421053,0.5859749913215637
0.104,0.8789473684210526,0.5832764506340027
0.108,0.8789473684210526,0.5796045660972595
0.108,0.8794736842105263,0.5789552330970764
0.114,0.8794736842105263,0.5725210309028625
0.114,0.88,0.5700387358665466
0.116,0.88,0.5686830282211304
0.116,0.8826315789473684,0.5606904625892639
0.118,0.8826315789473684,0.5602613091468811
0.118,0.8847368421052632,0.5580005049705505
0.12,0.8847368421052632,0.5578143000602722
0.12,0.9073684210526316,0.4946633577346802
0.122,0.9073684210526316,0.49322614073753357
0.122,0.9084210526315789,0.4903542697429657
0.124,0.9084210526315789,0.48957207798957825
0.124,0.9094736842105263,0.48798668384552
0.126,0.9094736842105263,0.48621004819869995
0.126,0.9110526315789473,0.4816271662712097
0.128,0.9110526315789473,0.4784020483493805
0.128,0.9121052631578948,0.47552600502967834
0.132,0.9121052631578948,0.47205618023872375
0.132,0.9136842105263158,0.4716273844242096
0.134,0.9136842105263158,0.4689037799835205
0.134,0.9142105263157895,0.4688846170902252
0.136,0.9142105263157895,0.46441617608070374
0.136,0.9147368421052632,0.46437832713127136
0.138,0.9147368421052632,0.46235376596450806
0.138,0.9157894736842105,0.4568600356578827
0.178,0.9157894736842105,0.4338354766368866
0.178,0.9163157894736842,0.43349844217300415
0.182,0.9163157894736842,0.4317777752876282
0.182,0.9173684210526316,0.4288696050643921
0.186,0.9173684210526316,0.4247755706310272
0.186,0.9178947368421052,0.42296674847602844
0.188,0.9178947368421052,0.4221043884754181
0.188,0.9189473684210526,0.42002537846565247
0.194,0.9189473684210526,0.41620734333992004
0.194,0.9194736842105263,0.4155787229537964
0.198,0.9194736842105263,0.41216421127319336
0.198,0.9205263157894736,0.41188549995422363
0.2,0.9205263157894736,0.4118242561817169
0.2,0.9210526315789473,0.4111962914466858
0.208,0.9210526315789473,0.40907955169677734
0.208,0.921578947368421,0.4081343114376068
0.22,0.921578947368421,0.4044542610645294
0.22,0.9221052631578948,0.40402963757514954
0.228,0.9221052631578948,0.4009348750114441
0.228,0.9231578947368421,0.39916667342185974
0.23,0.9231578947368421,0.39792174100875854
0.23,0.9242105263157895,0.39487385749816895
0.238,0.9242105263157895,0.39046892523765564
0.238,0.9247368421052632,0.390061616897583
0.24,0.9247368421052632,0.390026330947876
0.24,0.9257894736842105,0.3895352780818939
0.244,0.9257894736842105,0.3882351815700531
0.244,0.9263157894736842,0.38820549845695496
0.248,0.9263157894736842,0.3847833573818207
0.248,0.9268421052631579,0.3830568194389343
0.262,0.9268421052631579,0.3808944821357727
0.262,0.9278947368421052,0.37976789474487305
0.268,0.9278947368421052,0.3782499432563782
0.268,0.9284210526315789,0.37760016322135925
0.28,0.9284210526315789,0.3725481927394867
0.28,0.9289473684210526,0.372260719537735
0.286,0.9289473684210526,0.37082070112228394
0.286,0.9294736842105263,0.37000277638435364
0.292,0.9294736842105263,0.36962834000587463
0.292,0.93,0.36752286553382874
0.296,0.93,0.3668964207172394
0.296,0.9305263157894736,0.36678940057754517
0.3,0.9305263157894736,0.3632534146308899
0.3,0.9310526315789474,0.3632128834724426
0.304,0.9310526315789474,0.36249861121177673
0.304,0.9326315789473684,0.35908469557762146
0.306,0.9326315789473684,0.35821765661239624
0.306,0.9342105263157895,0.35695675015449524
0.308,0.9342105263157895,0.356719970703125
0.308,0.9352631578947368,0.35499295592308044
0.31,0.9352631578947368,0.35420605540275574
0.31,0.9394736842105263,0.3495095372200012
0.312,0.9394736842105263,0.3488062620162964
0.312,0.9415789473684211,0.34575650095939636
0.316,0.9415789473684211,0.3438822329044342
0.316,0.9447368421052632,0.34086906909942627
0.318,0.9447368421052632,0.3399764597415924
0.318,0.9484210526315789,0.3352348506450653
0.326,0.9484210526315789,0.3262752294540405
0.326,0.9494736842105264,0.32445716857910156
0.328,0.9494736842105264,0.32400161027908325
0.328,0.9531578947368421,0.31725919246673584
0.33,0.9531578947368421,0.31210461258888245
0.33,0.9542105263157895,0.3111898899078369
0.332,0.9542105263157895,0.3111618757247925
0.332,0.9552631578947368,0.30918100476264954
0.334,0.9552631578947368,0.308957576751709
0.334,0.9568421052631579,0.305483341217041
0.336,0.9568421052631579,0.3051410913467407
0.336,0.9573684210526315,0.3048946261405945
0.338,0.9573684210526315,0.30330610275268555
0.338,0.9605263157894737,0.29850277304649353
0.34,0.9605263157894737,0.2981336712837219
0.34,0.9621052631578947,0.28886404633522034
0.342,0.9621052631578947,0.2879587411880493
0.342,0.9626315789473684,0.28478333353996277
0.344,0.9626315789473684,0.2842673659324646
0.344,0.9631578947368421,0.28138792514801025
0.346,0.9631578947368421,0.28075793385505676
0.346,0.9636842105263158,0.2748396396636963
0.348,0.9636842105263158,0.27311745285987854
0.348,0.9642105263157895,0.2717280089855194
0.35,0.9642105263157895,0.26932626962661743
0.35,0.9647368421052631,0.267959326505661
0.354,0.9647368421052631,0.2657839357852936
0.354,0.9657894736842105,0.2624157965183258
0.364,0.9657894736842105,0.2584482431411743
0.364,0.9663157894736842,0.2578009068965912
0.368,0.9663157894736842,0.25712352991104126
0.368,0.966842105263158,0.25565168261528015
0.378,0.966842105263158,0.25175225734710693
0.378,0.9673684210526315,0.2514200210571289
0.398,0.9673684210526315,0.24629032611846924
0.398,0.9678947368421053,0.2462141066789627
0.402,0.9678947368421053,0.24606691300868988
0.402,0.9689473684210527,0.24570491909980774
0.416,0.9689473684210527,0.24299569427967072
0.416,0.9694736842105263,0.2415195107460022
0.45,0.9694736842105263,0.22825103998184204
0.45,0.97,0.22804926335811615
0.452,0.97,0.22791898250579834
0.452,0.9726315789473684,0.22189763188362122
0.454,0.9726315789473684,0.22024835646152496
0.454,0.9731578947368421,0.21986894309520721
0.462,0.9731578947368421,0.21800607442855835
0.462,0.9736842105263158,0.2178279012441635
0.472,0.9736842105263158,0.21445846557617188
0.472,0.9747368421052631,0.21315644681453705
0.494,0.9747368421052631,0.19947966933250427
0.494,0.9752631578947368,0.19847038388252258
0.498,0.9752631578947368,0.19751878082752228
0.498,0.9757894736842105,0.19675806164741516
0.5,0.9757894736842105,0.1967533528804779
0.5,0.9768421052631578,0.19633792340755463
0.508,0.9768421052631578,0.1953640729188919
0.508,0.9773684210526316,0.19532117247581482
0.54,0.9773684210526316,0.18754325807094574
0.54,0.9778947368421053,0.18726485967636108
0.56,0.9778947368421053,0.18182270228862762
0.56,0.978421052631579,0.18082094192504883
0.578,0.978421052631579,0.17771194875240326
0.578,0.9789473684210527,0.17545431852340698
0.63,0.9789473684210527,0.15630760788917542
0.63,0.9794736842105263,0.15547846257686615
0.632,0.9794736842105263,0.15467602014541626
0.632,0.98,0.1543763130903244
0.644,0.98,0.14964954555034637
0.644,0.9805263157894737,0.14959193766117096
0.646,0.9805263157894737,0.14956316351890564
0.646,0.9815789473684211,0.14730936288833618
0.65,0.9815789473684211,0.14594461023807526
0.65,0.9836842105263158,0.14405551552772522
0.656,0.9836842105263158,0.14227373898029327
0.656,0.9842105263157894,0.14125975966453552
0.66,0.9842105263157894,0.13981547951698303
0.66,0.9847368421052631,0.139057919383049
0.67,0.9847368421052631,0.13344141840934753
0.67,0.9852631578947368,0.13328135013580322
0.688,0.9852631578947368,0.12631984055042267
0.688,0.9857894736842105,0.1261872500181198
0.69,0.9857894736842105,0.12612153589725494
0.69,0.9863157894736843,0.1261177510023117
0.692,0.9863157894736843,0.12595584988594055
0.692,0.9868421052631579,0.12516504526138306
0.698,0.9868421052631579,0.12392660975456238
0.698,0.9878947368421053,0.12211686372756958
0.708,0.9878947368421053,0.1174439787864685
0.708,0.988421052631579,0.11704190075397491
0.712,0.988421052631579,0.114407978951931
0.712,0.9889473684210527,0.11370831727981567
0.72,0.9889473684210527,0.10961354523897171
0.72,0.9894736842105263,0.109452024102211
0.794,0.9894736842105263,0.06282895803451538
0.794,0.99,0.06217537447810173
0.798,0.99,0.06159033626317978
0.798,0.9905263157894737,0.06116386875510216
0.826,0.9905263157894737,0.052154432982206345
0.826,0.9910526315789474,0.05208882316946983
0.832,0.9910526315789474,0.051697149872779846
0.832,0.9921052631578947,0.05132755637168884
0.834,0.9921052631578947,0.051087066531181335
0.834,0.9942105263157894,0.050123635679483414
0.84,0.9942105263157894,0.04948573559522629
0.84,0.9952631578947368,0.04928731918334961
0.852,0.9952631578947368,0.04809839650988579
0.852,0.9957894736842106,0.048008933663368225
0.896,0.9957894736842106,0.04557769373059273
0.896,0.9963157894736843,0.04543009027838707
0.904,0.9963157894736843,0.04468889161944389
0.904,0.9968421052631579,0.04464838281273842
0.91,0.9968421052631579,0.043749455362558365
0.91,0.9973684210526316,0.04294019564986229
0.912,0.9973684210526316,0.04272768646478653
0.912,0.998421052631579,0.0420120544731617
0.918,0.998421052631579,0.04178423434495926
0.918,0.9989473684210526,0.04167848080396652
0.944,0.9989473684210526,0.039336372166872025
0.944,0.9994736842105263,0.03876519203186035
0.948,0.9994736842105263,0.038209352642297745
0.948,1.0,0.03779534250497818
1.0,1.0,0.017555901780724525
