FPR,TPR,Threshold
0.0,0.0,1.987285077571869
0.0,0.000925925925925926,0.9872850775718689
0.0,0.1685185185185185,0.9263737797737122
0.0,0.17037037037037037,0.9262909889221191
0.0,0.26481481481481484,0.8984652757644653
0.0007575757575757576,0.26481481481481484,0.8958792090415955
0.0007575757575757576,0.2898148148148148,0.8845006227493286
0.0015151515151515152,0.2898148148148148,0.8843134641647339
0.0015151515151515152,0.3111111111111111,0.879638671875
0.0022727272727272726,0.3111111111111111,0.8793580532073975
0.0022727272727272726,0.3277777777777778,0.8745658993721008
0.0030303030303030303,0.3277777777777778,0.8744429349899292
0.0030303030303030303,0.33055555555555555,0.8734070062637329
0.003787878787878788,0.33055555555555555,0.8728444576263428
0.003787878787878788,0.3314814814814815,0.872656524181366
0.004545454545454545,0.3314814814814815,0.8723557591438293
0.004545454545454545,0.3333333333333333,0.8717556595802307
0.005303030303030303,0.3333333333333333,0.871361255645752
0.005303030303030303,0.33796296296296297,0.8707600831985474
0.006060606060606061,0.33796296296296297,0.8700615763664246
0.006060606060606061,0.3388888888888889,0.8697708249092102
0.006818181818181818,0.3388888888888889,0.8697651028633118
0.006818181818181818,0.3416666666666667,0.8676227927207947
0.008333333333333333,0.3416666666666667,0.8659600019454956
0.008333333333333333,0.3425925925925926,0.8642107844352722
0.009848484848484848,0.3425925925925926,0.86244797706604
0.009848484848484848,0.3435185185185185,0.861962616443634
0.010606060606060607,0.3435185185185185,0.8612407445907593
0.010606060606060607,0.34629629629629627,0.8607358336448669
0.012878787878787878,0.34629629629629627,0.8589450120925903
0.012878787878787878,0.3472222222222222,0.8589324355125427
0.013636363636363636,0.3472222222222222,0.8582113981246948
0.013636363636363636,0.34814814814814815,0.8581927418708801
0.014393939393939395,0.34814814814814815,0.858116865158081
0.014393939393939395,0.3509259259259259,0.8567630648612976
0.015151515151515152,0.3509259259259259,0.8556810021400452
0.015151515151515152,0.3527777777777778,0.8555194735527039
0.015909090909090907,0.3527777777777778,0.8552780151367188
0.015909090909090907,0.3638888888888889,0.8514812588691711
0.016666666666666666,0.3638888888888889,0.8512749671936035
0.016666666666666666,0.3675925925925926,0.850378155708313
0.017424242424242425,0.3675925925925926,0.849788248538971
0.017424242424242425,0.3814814814814815,0.8465240597724915
0.01818181818181818,0.3814814814814815,0.8463542461395264
0.01818181818181818,0.38425925925925924,0.8447051048278809
0.019696969696969695,0.38425925925925924,0.8440001010894775
0.019696969696969695,0.38796296296296295,0.8432044982910156
0.020454545454545454,0.38796296296296295,0.8431540131568909
0.020454545454545454,0.3907407407407407,0.8424929976463318
0.021212121212121213,0.3907407407407407,0.8422611951828003
0.021212121212121213,0.39444444444444443,0.8411059975624084
0.02196969696969697,0.39444444444444443,0.8410776257514954
0.02196969696969697,0.4,0.8383529186248779
0.023484848484848483,0.4,0.8375190496444702
0.023484848484848483,0.40555555555555556,0.8337368369102478
0.025757575757575757,0.40555555555555556,0.8335126638412476
0.025757575757575757,0.4083333333333333,0.8323187232017517
0.026515151515151516,0.4083333333333333,0.8322203755378723
0.026515151515151516,0.412962962962963,0.8309991359710693
0.02727272727272727,0.412962962962963,0.8308514952659607
0.02727272727272727,0.41388888888888886,0.8307920694351196
0.02803030303030303,0.41388888888888886,0.8307291865348816
0.02803030303030303,0.41759259259259257,0.8298791646957397
0.029545454545454545,0.41759259259259257,0.8297684788703918
0.029545454545454545,0.43703703703703706,0.8232108354568481
0.03106060606060606,0.43703703703703706,0.8229151964187622
0.03106060606060606,0.44722222222222224,0.8197964429855347
0.031818181818181815,0.44722222222222224,0.8196626901626587
0.031818181818181815,0.45555555555555555,0.8181682825088501
0.03257575757575758,0.45555555555555555,0.8178931474685669
0.03257575757575758,0.47314814814814815,0.8132856488227844
0.03333333333333333,0.47314814814814815,0.8129172325134277
0.03333333333333333,0.49722222222222223,0.8032560348510742
0.03409090909090909,0.49722222222222223,0.8032370805740356
0.03409090909090909,0.5092592592592593,0.8006821870803833
0.03484848484848485,0.5092592592592593,0.799832820892334
0.03484848484848485,0.5166666666666667,0.7959334850311279
0.035606060606060606,0.5166666666666667,0.7955052852630615
0.035606060606060606,0.5203703703703704,0.7937793135643005
0.03636363636363636,0.5203703703703704,0.7937763333320618
0.03636363636363636,0.5314814814814814,0.7898262739181519
0.03787878787878788,0.5314814814814814,0.789192795753479
0.03787878787878788,0.5333333333333333,0.7889948487281799
0.038636363636363635,0.5333333333333333,0.7888551950454712
0.038636363636363635,0.5361111111111111,0.7881622910499573
0.03939393939393939,0.5361111111111111,0.787868857383728
0.03939393939393939,0.5435185185185185,0.7839218974113464
0.04090909090909091,0.5435185185185185,0.7835519313812256
0.04090909090909091,0.5444444444444444,0.782799482345581
0.041666666666666664,0.5444444444444444,0.7826647758483887
0.041666666666666664,0.5453703703703704,0.7822977304458618
0.04318181818181818,0.5453703703703704,0.7816409468650818
0.04318181818181818,0.5462962962962963,0.7809863090515137
0.04393939393939394,0.5462962962962963,0.780918300151825
0.04393939393939394,0.5509259259259259,0.7798851132392883
0.045454545454545456,0.5509259259259259,0.7796075940132141
0.045454545454545456,0.5518518518518518,0.7794910073280334
0.04621212121212121,0.5518518518518518,0.7793129682540894
0.04621212121212121,0.5537037037037037,0.7785576581954956
0.05,0.5537037037037037,0.7772334218025208
0.05,0.5564814814814815,0.7769447565078735
0.05075757575757576,0.5564814814814815,0.7763552069664001
0.05075757575757576,0.5601851851851852,0.7755125164985657
0.051515151515151514,0.5601851851851852,0.7753615975379944
0.051515151515151514,0.5611111111111111,0.7749766707420349
0.05227272727272727,0.5611111111111111,0.7742213010787964
0.05227272727272727,0.562037037037037,0.7742151021957397
0.05303030303030303,0.562037037037037,0.7733928561210632
0.05303030303030303,0.562962962962963,0.7732964754104614
0.05378787878787879,0.562962962962963,0.7732313871383667
0.05378787878787879,0.5638888888888889,0.7731084823608398
0.05454545454545454,0.5638888888888889,0.77250736951828
0.05454545454545454,0.5657407407407408,0.7723432779312134
0.05606060606060606,0.5657407407407408,0.7713819146156311
0.05606060606060606,0.5666666666666667,0.771154522895813
0.056818181818181816,0.5666666666666667,0.7708458304405212
0.056818181818181816,0.5675925925925925,0.7703105211257935
0.059848484848484845,0.5675925925925925,0.7689916491508484
0.059848484848484845,0.5768518518518518,0.7640382647514343
0.06060606060606061,0.5768518518518518,0.7640262246131897
0.06060606060606061,0.6175925925925926,0.7440763115882874
0.06136363636363636,0.6175925925925926,0.7439778447151184
0.06136363636363636,0.6370370370370371,0.7188905477523804
0.06212121212121212,0.6370370370370371,0.7187359929084778
0.06212121212121212,0.6648148148148149,0.704806387424469
0.06287878787878788,0.6648148148148149,0.7033278942108154
0.06287878787878788,0.6842592592592592,0.6936458945274353
0.06363636363636363,0.6842592592592592,0.6935365200042725
0.06363636363636363,0.7046296296296296,0.6834598183631897
0.06439393939393939,0.7046296296296296,0.6834220886230469
0.06439393939393939,0.7157407407407408,0.6776738166809082
0.06515151515151515,0.7157407407407408,0.6774057745933533
0.06515151515151515,0.725925925925926,0.6630209684371948
0.06666666666666667,0.725925925925926,0.6607596278190613
0.06666666666666667,0.7305555555555555,0.6563512086868286
0.06818181818181818,0.7305555555555555,0.654766857624054
0.06818181818181818,0.7314814814814815,0.6543372273445129
0.06893939393939394,0.7314814814814815,0.6539343595504761
0.06893939393939394,0.7333333333333333,0.6534969210624695
0.0696969696969697,0.7333333333333333,0.6529443264007568
0.0696969696969697,0.737037037037037,0.6506716012954712
0.07045454545454545,0.737037037037037,0.6505333781242371
0.07045454545454545,0.7388888888888889,0.6494396924972534
0.07121212121212121,0.7388888888888889,0.6479430794715881
0.07121212121212121,0.7398148148148148,0.6466245055198669
0.07272727272727272,0.7398148148148148,0.6452813148498535
0.07272727272727272,0.7435185185185185,0.6436419486999512
0.07424242424242425,0.7435185185185185,0.6426247358322144
0.07424242424242425,0.7453703703703703,0.6417240500450134
0.07575757575757576,0.7453703703703703,0.6409198641777039
0.07575757575757576,0.7462962962962963,0.6393685340881348
0.07803030303030303,0.7462962962962963,0.6365474462509155
0.07803030303030303,0.7481481481481481,0.6346103549003601
0.07878787878787878,0.7481481481481481,0.6342363953590393
0.07878787878787878,0.7518518518518519,0.6330814361572266
0.0803030303030303,0.7518518518518519,0.6323139667510986
0.0803030303030303,0.7546296296296297,0.6312103867530823
0.08181818181818182,0.7546296296296297,0.6290969848632812
0.08181818181818182,0.7592592592592593,0.62690269947052
0.08409090909090909,0.7592592592592593,0.6252011656761169
0.08409090909090909,0.7638888888888888,0.6220836639404297
0.08484848484848485,0.7638888888888888,0.6214499473571777
0.08484848484848485,0.7648148148148148,0.6210691332817078
0.0856060606060606,0.7648148148148148,0.6195841431617737
0.0856060606060606,0.7666666666666667,0.6194547414779663
0.08636363636363636,0.7666666666666667,0.6191993355751038
0.08636363636363636,0.7675925925925926,0.6190609931945801
0.09015151515151515,0.7675925925925926,0.6162065267562866
0.09015151515151515,0.7703703703703704,0.6148743033409119
0.09090909090909091,0.7703703703703704,0.6140357255935669
0.09090909090909091,0.7712962962962963,0.6135279536247253
0.0946969696969697,0.7712962962962963,0.6090578436851501
0.0946969696969697,0.7731481481481481,0.6086238622665405
0.09772727272727273,0.7731481481481481,0.6064578294754028
0.09772727272727273,0.774074074074074,0.6063239574432373
0.09924242424242424,0.774074074074074,0.6060306429862976
0.09924242424242424,0.775,0.6057319045066833
0.1,0.775,0.6046296954154968
0.1,0.7777777777777778,0.6000618934631348
0.10075757575757575,0.7777777777777778,0.5991611480712891
0.10075757575757575,0.7787037037037037,0.5985239744186401
0.10151515151515152,0.7787037037037037,0.59812992811203
0.10151515151515152,0.7805555555555556,0.5978796482086182
0.10303030303030303,0.7805555555555556,0.5972694754600525
0.10303030303030303,0.7861111111111111,0.5946282148361206
0.10378787878787879,0.7861111111111111,0.5933505892753601
0.10378787878787879,0.7870370370370371,0.5930202603340149
0.10606060606060606,0.7870370370370371,0.5913978815078735
0.10606060606060606,0.7898148148148149,0.5896710157394409
0.10757575757575757,0.7898148148148149,0.5871059894561768
0.10757575757575757,0.7907407407407407,0.5855109095573425
0.10833333333333334,0.7907407407407407,0.5842380523681641
0.10833333333333334,0.7925925925925926,0.5831879377365112
0.10984848484848485,0.7925925925925926,0.5814282298088074
0.10984848484848485,0.7935185185185185,0.5814172029495239
0.11060606060606061,0.7935185185185185,0.5806953310966492
0.11060606060606061,0.7972222222222223,0.5788451433181763
0.11363636363636363,0.7972222222222223,0.5752314925193787
0.11363636363636363,0.799074074074074,0.5742971897125244
0.1143939393939394,0.799074074074074,0.5742387175559998
0.1143939393939394,0.8,0.5740659236907959
0.11515151515151516,0.8,0.5736256837844849
0.11515151515151516,0.8055555555555556,0.5720333456993103
0.11893939393939394,0.8055555555555556,0.5681692361831665
0.11893939393939394,0.8064814814814815,0.5670946836471558
0.11969696969696969,0.8064814814814815,0.5668678283691406
0.11969696969696969,0.8092592592592592,0.5656092762947083
0.12045454545454545,0.8092592592592592,0.5654661059379578
0.12045454545454545,0.812037037037037,0.56429123878479
0.12121212121212122,0.812037037037037,0.5641491413116455
0.12121212121212122,0.8138888888888889,0.5632678270339966
0.12196969696969696,0.8138888888888889,0.5630887746810913
0.12196969696969696,0.8185185185185185,0.560772716999054
0.125,0.8185185185185185,0.5591421127319336
0.125,0.8212962962962963,0.5572459697723389
0.12575757575757576,0.8212962962962963,0.5559563040733337
0.12575757575757576,0.8231481481481482,0.5549799799919128
0.12651515151515152,0.8231481481481482,0.5547795295715332
0.12651515151515152,0.825,0.5544360876083374
0.12727272727272726,0.825,0.5543010830879211
0.12727272727272726,0.8287037037037037,0.5513587594032288
0.12803030303030302,0.8287037037037037,0.55133455991745
0.12803030303030302,0.8333333333333334,0.5485545992851257
0.12878787878787878,0.8333333333333334,0.5476596355438232
0.12878787878787878,0.8481481481481481,0.5374148488044739
0.1303030303030303,0.8481481481481481,0.5359299182891846
0.1303030303030303,0.850925925925926,0.5322917699813843
0.13106060606060607,0.850925925925926,0.5316360592842102
0.13106060606060607,0.8518518518518519,0.5312229990959167
0.13257575757575757,0.8518518518518519,0.5294087529182434
0.13257575757575757,0.8537037037037037,0.5286663770675659
0.1340909090909091,0.8537037037037037,0.5278908014297485
0.1340909090909091,0.8546296296296296,0.527730405330658
0.13484848484848486,0.8546296296296296,0.5266823768615723
0.13484848484848486,0.8564814814814815,0.5255436301231384
0.13636363636363635,0.8564814814814815,0.5245704650878906
0.13636363636363635,0.8574074074074074,0.5244162082672119
0.14393939393939395,0.8574074074074074,0.5180127620697021
0.14393939393939395,0.8583333333333333,0.5166056156158447
0.14469696969696969,0.8583333333333333,0.5142909288406372
0.14469696969696969,0.8601851851851852,0.5134000778198242
0.14696969696969697,0.8601851851851852,0.5124983787536621
0.14696969696969697,0.8611111111111112,0.512328565120697
0.1484848484848485,0.8611111111111112,0.5103024244308472
0.1484848484848485,0.862037037037037,0.5102772116661072
0.15454545454545454,0.862037037037037,0.5083374381065369
0.15454545454545454,0.8629629629629629,0.5077383518218994
0.1553030303030303,0.8629629629629629,0.50639408826828
0.1553030303030303,0.8648148148148148,0.505413830280304
0.15984848484848485,0.8648148148148148,0.5002661943435669
0.15984848484848485,0.8657407407407407,0.49949905276298523
0.1606060606060606,0.8657407407407407,0.49884384870529175
0.1606060606060606,0.8675925925925926,0.4961482286453247
0.16590909090909092,0.8675925925925926,0.4916762709617615
0.16590909090909092,0.8685185185185185,0.49159324169158936
0.16742424242424242,0.8685185185185185,0.4914107620716095
0.16742424242424242,0.8703703703703703,0.49049413204193115
0.16818181818181818,0.8703703703703703,0.4904901087284088
0.16818181818181818,0.8712962962962963,0.49039748311042786
0.17045454545454544,0.8712962962962963,0.48747000098228455
0.17045454545454544,0.8722222222222222,0.48724666237831116
0.17196969696969697,0.8722222222222222,0.4864393174648285
0.17196969696969697,0.8731481481481481,0.48624807596206665
0.17272727272727273,0.8731481481481481,0.48615002632141113
0.17272727272727273,0.8740740740740741,0.4857104420661926
0.175,0.8740740740740741,0.4847061038017273
0.175,0.8787037037037037,0.4769786298274994
0.1765151515151515,0.8787037037037037,0.4764295816421509
0.1765151515151515,0.8796296296296297,0.46961674094200134
0.17803030303030304,0.8796296296296297,0.46449363231658936
0.17803030303030304,0.8814814814814815,0.4642089307308197
0.17954545454545454,0.8814814814814815,0.46262484788894653
0.17954545454545454,0.8824074074074074,0.46233245730400085
0.18257575757575759,0.8824074074074074,0.45879799127578735
0.18257575757575759,0.8833333333333333,0.45835912227630615
0.18333333333333332,0.8833333333333333,0.45820578932762146
0.18333333333333332,0.8842592592592593,0.4577537178993225
0.18712121212121213,0.8842592592592593,0.4526410400867462
0.18712121212121213,0.8851851851851852,0.45115432143211365
0.18863636363636363,0.8851851851851852,0.450215607881546
0.18863636363636363,0.8861111111111111,0.44997140765190125
0.19015151515151515,0.8861111111111111,0.4492313265800476
0.19015151515151515,0.8870370370370371,0.44767311215400696
0.19090909090909092,0.8870370370370371,0.4472057819366455
0.19090909090909092,0.887962962962963,0.4470383822917938
0.19393939393939394,0.887962962962963,0.44549715518951416
0.19393939393939394,0.8888888888888888,0.4451529085636139
0.1946969696969697,0.8888888888888888,0.4447696805000305
0.1946969696969697,0.8898148148148148,0.44470301270484924
0.19545454545454546,0.8898148148148148,0.44432541728019714
0.19545454545454546,0.8907407407407407,0.4438428282737732
0.1962121212121212,0.8907407407407407,0.4437878727912903
0.1962121212121212,0.8916666666666667,0.44367966055870056
0.20075757575757575,0.8916666666666667,0.4392772912979126
0.20075757575757575,0.8935185185185185,0.4389176368713379
0.2053030303030303,0.8935185185185185,0.43754735589027405
0.2053030303030303,0.8944444444444445,0.4365366995334625
0.20681818181818182,0.8944444444444445,0.43460944294929504
0.20681818181818182,0.8953703703703704,0.43404945731163025
0.2106060606060606,0.8953703703703704,0.43206262588500977
0.2106060606060606,0.8972222222222223,0.43171951174736023
0.21212121212121213,0.8972222222222223,0.42983755469322205
0.21212121212121213,0.8981481481481481,0.4297749102115631
0.2128787878787879,0.8981481481481481,0.42975038290023804
0.2128787878787879,0.899074074074074,0.4296424090862274
0.21363636363636362,0.899074074074074,0.4294324815273285
0.21363636363636362,0.9,0.42915478348731995
0.2159090909090909,0.9,0.42818284034729004
0.2159090909090909,0.9018518518518519,0.4274219870567322
0.2196969696969697,0.9018518518518519,0.42682939767837524
0.2196969696969697,0.9027777777777778,0.42657583951950073
0.22045454545454546,0.9027777777777778,0.42610907554626465
0.22045454545454546,0.9046296296296297,0.42558997869491577
0.22196969696969698,0.9046296296296297,0.42429399490356445
0.22196969696969698,0.9064814814814814,0.4231172800064087
0.22272727272727272,0.9064814814814814,0.4225921928882599
0.22272727272727272,0.9101851851851852,0.42092984914779663
0.22348484848484848,0.9101851851851852,0.41900914907455444
0.22348484848484848,0.9111111111111111,0.41894760727882385
0.22424242424242424,0.9111111111111111,0.4177357852458954
0.22424242424242424,0.9157407407407407,0.414374440908432
0.2318181818181818,0.9157407407407407,0.4118487536907196
0.2318181818181818,0.9175925925925926,0.4098209738731384
0.23257575757575757,0.9175925925925926,0.4076964259147644
0.23257575757575757,0.9194444444444444,0.4075632393360138
0.23333333333333334,0.9194444444444444,0.4065745174884796
0.23333333333333334,0.9203703703703704,0.4065421223640442
0.23712121212121212,0.9203703703703704,0.40477174520492554
0.23712121212121212,0.9231481481481482,0.40291452407836914
0.23787878787878788,0.9231481481481482,0.4009552597999573
0.23787878787878788,0.924074074074074,0.40088382363319397
0.23863636363636365,0.924074074074074,0.4008236825466156
0.23863636363636365,0.925,0.40082255005836487
0.23939393939393938,0.925,0.3994922637939453
0.23939393939393938,0.9268518518518518,0.39789867401123047
0.24015151515151514,0.9268518518518518,0.3978336751461029
0.24015151515151514,0.9277777777777778,0.39739111065864563
0.2409090909090909,0.9277777777777778,0.39715585112571716
0.2409090909090909,0.9287037037037037,0.3963931202888489
0.24166666666666667,0.9287037037037037,0.3947455585002899
0.24166666666666667,0.9305555555555556,0.39410144090652466
0.2446969696969697,0.9305555555555556,0.3917159140110016
0.2446969696969697,0.9314814814814815,0.39104989171028137
0.24772727272727274,0.9314814814814815,0.38938575983047485
0.24772727272727274,0.9333333333333333,0.3884296715259552
0.24848484848484848,0.9333333333333333,0.38801702857017517
0.24848484848484848,0.9351851851851852,0.3867030441761017
0.25833333333333336,0.9351851851851852,0.3812413811683655
0.25833333333333336,0.9361111111111111,0.38105884194374084
0.2606060606060606,0.9361111111111111,0.3796997666358948
0.2606060606060606,0.937037037037037,0.3796955645084381
0.2628787878787879,0.937037037037037,0.37946534156799316
0.2628787878787879,0.937962962962963,0.379303514957428
0.2636363636363636,0.937962962962963,0.3791566789150238
0.2636363636363636,0.9388888888888889,0.3788050711154938
0.26590909090909093,0.9388888888888889,0.37784793972969055
0.26590909090909093,0.9398148148148148,0.37758854031562805
0.2681818181818182,0.9398148148148148,0.37560662627220154
0.2681818181818182,0.9407407407407408,0.37549757957458496
0.27424242424242423,0.9407407407407408,0.37134528160095215
0.27424242424242423,0.9416666666666667,0.3708893656730652
0.2871212121212121,0.9416666666666667,0.3631475567817688
0.2871212121212121,0.9425925925925925,0.3621498942375183
0.2924242424242424,0.9425925925925925,0.35779091715812683
0.2924242424242424,0.9435185185185185,0.35737088322639465
0.29393939393939394,0.9435185185185185,0.35722509026527405
0.29393939393939394,0.9444444444444444,0.35705363750457764
0.30303030303030304,0.9444444444444444,0.3535260856151581
0.30303030303030304,0.9453703703703704,0.3531363904476166
0.30454545454545456,0.9453703703703704,0.3527500629425049
0.30454545454545456,0.9462962962962963,0.3526487350463867
0.3053030303030303,0.9462962962962963,0.35240688920021057
0.3053030303030303,0.9472222222222222,0.35145434737205505
0.35833333333333334,0.9472222222222222,0.32759448885917664
0.35833333333333334,0.9481481481481482,0.3275437653064728
0.36287878787878786,0.9481481481481482,0.3243752419948578
0.36287878787878786,0.95,0.32353946566581726
0.36666666666666664,0.95,0.3202100396156311
0.36666666666666664,0.950925925925926,0.3197168707847595
0.37272727272727274,0.950925925925926,0.3147732615470886
0.37272727272727274,0.9518518518518518,0.31439414620399475
0.3734848484848485,0.9518518518518518,0.31389278173446655
0.3734848484848485,0.9527777777777777,0.3138394355773926
0.37424242424242427,0.9527777777777777,0.3124133050441742
0.37424242424242427,0.9537037037037037,0.312052458524704
0.37575757575757573,0.9537037037037037,0.3101045787334442
0.37575757575757573,0.9546296296296296,0.3098839819431305
0.3787878787878788,0.9546296296296296,0.3058229386806488
0.3787878787878788,0.9555555555555556,0.3057717978954315
0.3795454545454545,0.9555555555555556,0.30550965666770935
0.3795454545454545,0.9564814814814815,0.3039182126522064
0.38636363636363635,0.9564814814814815,0.3015843629837036
0.38636363636363635,0.9574074074074074,0.30127769708633423
0.3886363636363636,0.9574074074074074,0.300012469291687
0.3886363636363636,0.9583333333333334,0.29926127195358276
0.39090909090909093,0.9583333333333334,0.29613709449768066
0.39090909090909093,0.9592592592592593,0.29487892985343933
0.396969696969697,0.9592592592592593,0.29194894433021545
0.396969696969697,0.9601851851851851,0.2917320728302002
0.4,0.9601851851851851,0.2900561988353729
0.4,0.962037037037037,0.2884252667427063
0.40075757575757576,0.962037037037037,0.28746384382247925
0.40075757575757576,0.9638888888888889,0.2873913049697876
0.43106060606060603,0.9638888888888889,0.266323983669281
0.43106060606060603,0.9648148148148148,0.2661832571029663
0.45606060606060606,0.9648148148148148,0.2496531754732132
0.45606060606060606,0.9657407407407408,0.2478371113538742
0.4946969696969697,0.9657407407407408,0.22727511823177338
0.4946969696969697,0.9666666666666667,0.22702588140964508
0.5,0.9666666666666667,0.2251417338848114
0.5,0.9675925925925926,0.22487260401248932
0.5060606060606061,0.9675925925925926,0.22371797263622284
0.5060606060606061,0.9685185185185186,0.22267568111419678
0.509090909090909,0.9685185185185186,0.22137312591075897
0.509090909090909,0.9694444444444444,0.2204882800579071
0.5113636363636364,0.9694444444444444,0.21988052129745483
0.5113636363636364,0.9703703703703703,0.2185550481081009
0.5174242424242425,0.9703703703703703,0.2177703082561493
0.5174242424242425,0.9722222222222222,0.2172834277153015
0.5189393939393939,0.9722222222222222,0.2159387320280075
0.5189393939393939,0.9731481481481481,0.2156429886817932
0.5227272727272727,0.9731481481481481,0.21425682306289673
0.5227272727272727,0.9740740740740741,0.21362090110778809
0.525,0.9740740740740741,0.21229055523872375
0.525,0.975,0.21219556033611298
0.5272727272727272,0.975,0.2117857038974762
0.5272727272727272,0.975925925925926,0.21175892651081085
0.5325757575757576,0.975925925925926,0.21017202734947205
0.5325757575757576,0.9768518518518519,0.2100888043642044
0.543939393939394,0.9768518518518519,0.20588666200637817
0.543939393939394,0.9777777777777777,0.2055661380290985
0.5492424242424242,0.9777777777777777,0.20410557091236115
0.5492424242424242,0.9787037037037037,0.20362241566181183
0.553030303030303,0.9787037037037037,0.20286941528320312
0.553030303030303,0.9805555555555555,0.20252910256385803
0.5583333333333333,0.9805555555555555,0.20028546452522278
0.5583333333333333,0.9814814814814815,0.20025773346424103
0.6492424242424243,0.9814814814814815,0.1789410263299942
0.6492424242424243,0.9824074074074074,0.17870749533176422
0.6886363636363636,0.9824074074074074,0.1650494635105133
0.6886363636363636,0.9833333333333333,0.16491813957691193
0.728030303030303,0.9833333333333333,0.15117084980010986
0.728030303030303,0.9842592592592593,0.151128888130188
0.7840909090909091,0.9842592592592593,0.13775725662708282
0.7840909090909091,0.9851851851851852,0.13730110228061676
0.806060606060606,0.9851851851851852,0.12820741534233093
0.806060606060606,0.9861111111111112,0.12819674611091614
0.8143939393939394,0.9861111111111112,0.12441268563270569
0.8143939393939394,0.987037037037037,0.12395995110273361
0.8159090909090909,0.987037037037037,0.12391332536935806
0.8159090909090909,0.9898148148148148,0.12328805029392242
0.821969696969697,0.9898148148148148,0.12169921398162842
0.821969696969697,0.9907407407407407,0.12128029763698578
0.828030303030303,0.9907407407407407,0.11902710795402527
0.828030303030303,0.9916666666666667,0.11881668120622635
0.8295454545454546,0.9916666666666667,0.11769390106201172
0.8295454545454546,0.9925925925925926,0.11764246970415115
0.8333333333333334,0.9925925925925926,0.11443713307380676
0.8333333333333334,0.9935185185185185,0.11406254023313522
0.8356060606060606,0.9935185185185185,0.11358381807804108
0.8356060606060606,0.9944444444444445,0.11320861428976059
0.8492424242424242,0.9944444444444445,0.10758354514837265
0.8492424242424242,0.9953703703703703,0.107362762093544
0.85,0.9953703703703703,0.10725759714841843
0.85,0.9962962962962963,0.1070319414138794
0.8568181818181818,0.9962962962962963,0.10455942153930664
0.8568181818181818,0.9972222222222222,0.10450951009988785
0.8583333333333333,0.9972222222222222,0.10339293628931046
0.8583333333333333,0.9981481481481481,0.10337626934051514
0.8590909090909091,0.9981481481481481,0.1032538190484047
0.8590909090909091,0.9990740740740741,0.10209061205387115
0.8651515151515151,0.9990740740740741,0.10097502917051315
0.8651515151515151,1.0,0.0999365821480751
1.0,1.0,0.016887780278921127
