FPR,TPR,Threshold
0.0,0.0,1.9910743832588196
0.0,0.0005263157894736842,0.9910743832588196
0.0,0.18105263157894738,0.9658565521240234
0.0,0.18210526315789474,0.9658558964729309
0.0,0.39,0.9077214598655701
0.0,0.3910526315789474,0.9076319932937622
0.0,0.79,0.7093946933746338
0.002,0.79,0.7061647176742554
0.002,0.7931578947368421,0.7025318741798401
0.004,0.7931578947368421,0.7022174596786499
0.004,0.7942105263157895,0.7013380527496338
0.008,0.7942105263157895,0.7005818486213684
0.008,0.7947368421052632,0.7005075216293335
0.01,0.7947368421052632,0.7004998326301575
0.01,0.7952631578947369,0.7003613114356995
0.012,0.7952631578947369,0.700299084186554
0.012,0.7968421052631579,0.6996519565582275
0.014,0.7968421052631579,0.6991016864776611
0.014,0.7973684210526316,0.6980457305908203
0.018,0.7973684210526316,0.6972131729125977
0.018,0.7978947368421052,0.6967901587486267
0.026,0.7978947368421052,0.6964192390441895
0.026,0.7984210526315789,0.6952846050262451
0.03,0.7984210526315789,0.6937575936317444
0.03,0.7994736842105263,0.6931195855140686
0.034,0.7994736842105263,0.6919792890548706
0.034,0.8005263157894736,0.6899023056030273
0.036,0.8005263157894736,0.6892975568771362
0.036,0.8031578947368421,0.6879231333732605
0.038,0.8031578947368421,0.6871275305747986
0.038,0.8036842105263158,0.687025249004364
0.04,0.8036842105263158,0.6869199872016907
0.04,0.8326315789473684,0.655663788318634
0.044,0.8326315789473684,0.655480682849884
0.044,0.8357894736842105,0.654241681098938
0.046,0.8357894736842105,0.6536692380905151
0.046,0.8426315789473684,0.6520171165466309
0.048,0.8426315789473684,0.6520059108734131
0.048,0.8463157894736842,0.6504713296890259
0.052,0.8463157894736842,0.6503324508666992
0.052,0.8468421052631578,0.6502372026443481
0.058,0.8468421052631578,0.6501213312149048
0.058,0.8542105263157894,0.6472234129905701
0.06,0.8542105263157894,0.6468809247016907
0.06,0.8578947368421053,0.6449531316757202
0.062,0.8578947368421053,0.6447087526321411
0.062,0.858421052631579,0.6446228623390198
0.064,0.858421052631579,0.6438589692115784
0.064,0.861578947368421,0.6422821283340454
0.068,0.861578947368421,0.6412264108657837
0.068,0.8621052631578947,0.6412146091461182
0.07,0.8621052631578947,0.6411890387535095
0.07,0.8631578947368421,0.6411088705062866
0.072,0.8631578947368421,0.6402527689933777
0.072,0.8647368421052631,0.6398653984069824
0.074,0.8647368421052631,0.6396562457084656
0.074,0.8652631578947368,0.6388930678367615
0.078,0.8652631578947368,0.6378823518753052
0.078,0.8668421052631579,0.6370317339897156
0.088,0.8668421052631579,0.6367815136909485
0.088,0.8689473684210526,0.6364143490791321
0.094,0.8689473684210526,0.6357281804084778
0.094,0.8694736842105263,0.6351782083511353
0.096,0.8694736842105263,0.6342185139656067
0.096,0.871578947368421,0.6326718330383301
0.1,0.871578947368421,0.6294022798538208
0.1,0.8721052631578947,0.6293533444404602
0.104,0.8721052631578947,0.6278265714645386
0.104,0.8731578947368421,0.6271378993988037
0.108,0.8731578947368421,0.6258824467658997
0.108,0.8736842105263158,0.6252945065498352
0.12,0.8736842105263158,0.5972993969917297
0.12,0.9157894736842105,0.5038475394248962
0.264,0.9157894736842105,0.4228900671005249
0.264,0.9163157894736842,0.42209959030151367
0.266,0.9163157894736842,0.4220607876777649
0.266,0.9168421052631579,0.4220234155654907
0.27,0.9168421052631579,0.4202665686607361
0.27,0.9173684210526316,0.4201820194721222
0.274,0.9173684210526316,0.41871875524520874
0.274,0.9210526315789473,0.41384056210517883
0.276,0.9210526315789473,0.41356196999549866
0.276,0.9226315789473685,0.41111457347869873
0.278,0.9226315789473685,0.4110856056213379
0.278,0.9236842105263158,0.4097665250301361
0.28,0.9236842105263158,0.40830937027931213
0.28,0.9336842105263158,0.3868260383605957
0.284,0.9336842105263158,0.3866936266422272
0.284,0.9342105263157895,0.38498327136039734
0.286,0.9342105263157895,0.38456547260284424
0.286,0.9347368421052632,0.3837801516056061
0.288,0.9347368421052632,0.38259536027908325
0.288,0.9352631578947368,0.38230347633361816
0.3,0.9352631578947368,0.380035400390625
0.3,0.9363157894736842,0.37783437967300415
0.304,0.9363157894736842,0.3772558569908142
0.304,0.9368421052631579,0.37718406319618225
0.306,0.9368421052631579,0.37659451365470886
0.306,0.9373684210526316,0.3755315840244293
0.316,0.9373684210526316,0.3689206838607788
0.316,0.9384210526315789,0.3650827407836914
0.318,0.9384210526315789,0.364934504032135
0.318,0.9421052631578948,0.35460206866264343
0.32,0.9421052631578948,0.35397815704345703
0.32,0.9657894736842105,0.3116350471973419
0.324,0.9657894736842105,0.3106067180633545
0.324,0.9663157894736842,0.30890169739723206
0.326,0.9663157894736842,0.30860015749931335
0.326,0.9673684210526315,0.30771365761756897
0.328,0.9673684210526315,0.30660882592201233
0.328,0.9678947368421053,0.30571597814559937
0.352,0.9678947368421053,0.29639115929603577
0.352,0.968421052631579,0.29569974541664124
0.418,0.968421052631579,0.24694199860095978
0.418,0.9689473684210527,0.24690519273281097
0.44,0.9689473684210527,0.24259334802627563
0.44,0.9694736842105263,0.2425735592842102
0.446,0.9694736842105263,0.23968037962913513
0.446,0.97,0.23918502032756805
0.45,0.97,0.23858457803726196
0.45,0.9705263157894737,0.2384684830904007
0.458,0.9705263157894737,0.2383253425359726
0.458,0.9715789473684211,0.23607979714870453
0.462,0.9715789473684211,0.23569557070732117
0.462,0.9721052631578947,0.23491239547729492
0.468,0.9721052631578947,0.23391826450824738
0.468,0.9731578947368421,0.23384340107440948
0.47,0.9731578947368421,0.23340989649295807
0.47,0.9757894736842105,0.23195071518421173
0.476,0.9757894736842105,0.2314458042383194
0.476,0.9773684210526316,0.23038077354431152
0.478,0.9773684210526316,0.23036998510360718
0.478,0.9778947368421053,0.23035138845443726
0.49,0.9778947368421053,0.2275935858488083
0.49,0.978421052631579,0.2275622934103012
0.5,0.978421052631579,0.2272786647081375
0.5,0.9789473684210527,0.22564062476158142
0.68,0.9789473684210527,0.15710048377513885
0.68,0.98,0.15128730237483978
0.682,0.98,0.1501157432794571
0.682,0.9831578947368421,0.14660854637622833
0.684,0.9831578947368421,0.14660371840000153
0.684,0.9868421052631579,0.14431123435497284
0.686,0.9868421052631579,0.14398875832557678
0.686,0.9878947368421053,0.14365823566913605
0.688,0.9878947368421053,0.14271962642669678
0.688,0.9889473684210527,0.1415620744228363
0.69,0.9889473684210527,0.14028671383857727
0.69,0.9894736842105263,0.14021384716033936
0.808,0.9894736842105263,0.06374551355838776
0.808,0.9905263157894737,0.06168631091713905
0.83,0.9905263157894737,0.06043173372745514
0.83,0.9910526315789474,0.06018674001097679
0.834,0.9910526315789474,0.06007738411426544
0.834,0.991578947368421,0.059945881366729736
0.842,0.991578947368421,0.058651868253946304
0.842,0.9978947368421053,0.05715424567461014
0.844,0.9978947368421053,0.0570276640355587
0.844,0.9989473684210526,0.056877501308918
0.846,0.9989473684210526,0.056854620575904846
0.846,1.0,0.05566845461726189
1.0,1.0,0.026424704119563103
