FPR,TPR,Threshold
0.0,0.0,1.977698266506195
0.0,0.000925925925925926,0.9776982665061951
0.0,0.5481481481481482,0.7725857496261597
0.0007575757575757576,0.5481481481481482,0.7720838189125061
0.0007575757575757576,0.5527777777777778,0.7697657346725464
0.0015151515151515152,0.5527777777777778,0.7695276141166687
0.0015151515151515152,0.5638888888888889,0.7644549608230591
0.0022727272727272726,0.5638888888888889,0.7641481161117554
0.0022727272727272726,0.575,0.7578704357147217
0.0030303030303030303,0.575,0.757546603679657
0.0030303030303030303,0.5861111111111111,0.7500800490379333
0.005303030303030303,0.5861111111111111,0.7496572136878967
0.005303030303030303,0.5907407407407408,0.7475435137748718
0.006060606060606061,0.5907407407407408,0.7472662329673767
0.006060606060606061,0.5916666666666667,0.7459142208099365
0.007575757575757576,0.5916666666666667,0.7454246282577515
0.007575757575757576,0.5962962962962963,0.7426163554191589
0.008333333333333333,0.5962962962962963,0.7421836853027344
0.008333333333333333,0.5972222222222222,0.7420381307601929
0.00909090909090909,0.5972222222222222,0.7418854236602783
0.00909090909090909,0.5981481481481481,0.7418171763420105
0.010606060606060607,0.5981481481481481,0.7413394451141357
0.010606060606060607,0.5990740740740741,0.74126797914505
0.012121212121212121,0.5990740740740741,0.7412336468696594
0.012121212121212121,0.6,0.7412193417549133
0.013636363636363636,0.6,0.7406211495399475
0.013636363636363636,0.6046296296296296,0.7372628450393677
0.014393939393939395,0.6046296296296296,0.7371212244033813
0.014393939393939395,0.6064814814814815,0.7349770665168762
0.015151515151515152,0.6064814814814815,0.7345073223114014
0.015151515151515152,0.6092592592592593,0.7324524521827698
0.015909090909090907,0.6092592592592593,0.7320184707641602
0.015909090909090907,0.6129629629629629,0.7294241189956665
0.016666666666666666,0.6129629629629629,0.7292286157608032
0.016666666666666666,0.6157407407407407,0.7268120050430298
0.017424242424242425,0.6157407407407407,0.7267627716064453
0.017424242424242425,0.6166666666666667,0.7265720367431641
0.01893939393939394,0.6166666666666667,0.725052535533905
0.01893939393939394,0.6194444444444445,0.724317729473114
0.019696969696969695,0.6194444444444445,0.7239997982978821
0.019696969696969695,0.6212962962962963,0.7233805060386658
0.020454545454545454,0.6212962962962963,0.7229380011558533
0.020454545454545454,0.6222222222222222,0.7225478887557983
0.021212121212121213,0.6222222222222222,0.7224375605583191
0.021212121212121213,0.625,0.7212368845939636
0.022727272727272728,0.625,0.7202888131141663
0.022727272727272728,0.6296296296296297,0.7163302898406982
0.024242424242424242,0.6296296296296297,0.7157638669013977
0.024242424242424242,0.6305555555555555,0.7155035734176636
0.025,0.6305555555555555,0.7153717279434204
0.025,0.6314814814814815,0.7148261666297913
0.026515151515151516,0.6314814814814815,0.7142471075057983
0.026515151515151516,0.6398148148148148,0.7082066535949707
0.02727272727272727,0.6398148148148148,0.7081584930419922
0.02727272727272727,0.6416666666666667,0.7074578404426575
0.02803030303030303,0.6416666666666667,0.705176830291748
0.02803030303030303,0.6472222222222223,0.6997218132019043
0.029545454545454545,0.6472222222222223,0.6978710293769836
0.029545454545454545,0.6509259259259259,0.6929395198822021
0.030303030303030304,0.6509259259259259,0.6893624663352966
0.030303030303030304,0.662962962962963,0.6786353588104248
0.03106060606060606,0.662962962962963,0.678215742111206
0.03106060606060606,0.674074074074074,0.6752148270606995
0.031818181818181815,0.674074074074074,0.6748074293136597
0.031818181818181815,0.6851851851851852,0.6672928333282471
0.03257575757575758,0.6851851851851852,0.6668286323547363
0.03257575757575758,0.6861111111111111,0.6666895151138306
0.03333333333333333,0.6861111111111111,0.6652536988258362
0.03333333333333333,0.687037037037037,0.6649134755134583
0.035606060606060606,0.687037037037037,0.6642239689826965
0.035606060606060606,0.6888888888888889,0.6623533368110657
0.037121212121212124,0.6888888888888889,0.6619905829429626
0.037121212121212124,0.6898148148148148,0.6618166565895081
0.03787878787878788,0.6898148148148148,0.6602848172187805
0.03787878787878788,0.6907407407407408,0.6599686741828918
0.03939393939393939,0.6907407407407408,0.659507155418396
0.03939393939393939,0.6981481481481482,0.6572631001472473
0.04015151515151515,0.6981481481481482,0.6571739912033081
0.04015151515151515,0.7055555555555556,0.6544169187545776
0.04090909090909091,0.7055555555555556,0.6543464064598083
0.04090909090909091,0.7064814814814815,0.654228925704956
0.041666666666666664,0.7064814814814815,0.6539211869239807
0.041666666666666664,0.7148148148148148,0.6501314640045166
0.04318181818181818,0.7148148148148148,0.6495881676673889
0.04318181818181818,0.7166666666666667,0.6492986679077148
0.0446969696969697,0.7166666666666667,0.6481087803840637
0.0446969696969697,0.7231481481481481,0.6434839367866516
0.04621212121212121,0.7231481481481481,0.6427116990089417
0.04621212121212121,0.725,0.6421374678611755
0.04696969696969697,0.725,0.6408657431602478
0.04696969696969697,0.725925925925926,0.6406806111335754
0.048484848484848485,0.725925925925926,0.6404831409454346
0.048484848484848485,0.7268518518518519,0.6400735974311829
0.04924242424242424,0.7268518518518519,0.6400649547576904
0.04924242424242424,0.7277777777777777,0.6398012638092041
0.05,0.7277777777777777,0.6395525932312012
0.05,0.7305555555555555,0.6390365958213806
0.05075757575757576,0.7305555555555555,0.6389337182044983
0.05075757575757576,0.7324074074074074,0.6385635733604431
0.051515151515151514,0.7324074074074074,0.6384595036506653
0.051515151515151514,0.7342592592592593,0.6368739604949951
0.05227272727272727,0.7342592592592593,0.6355284452438354
0.05227272727272727,0.7361111111111112,0.6351443529129028
0.05303030303030303,0.7361111111111112,0.6334270238876343
0.05303030303030303,0.7398148148148148,0.6315917372703552
0.05378787878787879,0.7398148148148148,0.6307995319366455
0.05378787878787879,0.7509259259259259,0.6257030367851257
0.05454545454545454,0.7509259259259259,0.6253129243850708
0.05454545454545454,0.7583333333333333,0.6225175261497498
0.05606060606060606,0.7583333333333333,0.6218489408493042
0.05606060606060606,0.7611111111111111,0.6184445023536682
0.056818181818181816,0.7611111111111111,0.6169263124465942
0.056818181818181816,0.7648148148148148,0.6145091652870178
0.05757575757575758,0.7648148148148148,0.6143783926963806
0.05757575757575758,0.7657407407407407,0.6142020225524902
0.058333333333333334,0.7657407407407407,0.6139118671417236
0.058333333333333334,0.7694444444444445,0.6088351607322693
0.05909090909090909,0.7694444444444445,0.608290433883667
0.05909090909090909,0.7703703703703704,0.6070356965065002
0.06060606060606061,0.7703703703703704,0.6055704951286316
0.06060606060606061,0.7759259259259259,0.6003687381744385
0.06136363636363636,0.7759259259259259,0.5997884273529053
0.06136363636363636,0.7814814814814814,0.5929304361343384
0.06212121212121212,0.7814814814814814,0.592411994934082
0.06212121212121212,0.7842592592592592,0.590484082698822
0.06287878787878788,0.7842592592592592,0.5898004770278931
0.06287878787878788,0.7888888888888889,0.5856751203536987
0.06439393939393939,0.7888888888888889,0.5822378396987915
0.06439393939393939,0.7916666666666666,0.5772748589515686
0.07727272727272727,0.7916666666666666,0.5540541410446167
0.07727272727272727,0.7925925925925926,0.5522340536117554
0.08409090909090909,0.7925925925925926,0.5409477353096008
0.08409090909090909,0.7953703703703704,0.5392165780067444
0.0856060606060606,0.7953703703703704,0.5385302305221558
0.0856060606060606,0.7972222222222223,0.5359418988227844
0.08636363636363636,0.7972222222222223,0.5346798300743103
0.08636363636363636,0.7981481481481482,0.5345957279205322
0.08863636363636364,0.7981481481481482,0.5311817526817322
0.08863636363636364,0.799074074074074,0.5308612585067749
0.09015151515151515,0.799074074074074,0.5281886458396912
0.09015151515151515,0.8,0.5266318321228027
0.0946969696969697,0.8,0.5163205862045288
0.0946969696969697,0.8009259259259259,0.5150620341300964
0.09545454545454546,0.8009259259259259,0.5124145150184631
0.09545454545454546,0.8046296296296296,0.5081626772880554
0.09621212121212121,0.8046296296296296,0.5065281987190247
0.09621212121212121,0.8055555555555556,0.506085216999054
0.09772727272727273,0.8055555555555556,0.5024012327194214
0.09772727272727273,0.8064814814814815,0.4985348880290985
0.10151515151515152,0.8064814814814815,0.49173906445503235
0.10151515151515152,0.8074074074074075,0.49103981256484985
0.10378787878787879,0.8074074074074075,0.48839274048805237
0.10378787878787879,0.8101851851851852,0.48686665296554565
0.10454545454545454,0.8101851851851852,0.4847579300403595
0.10454545454545454,0.8111111111111111,0.484657883644104
0.1053030303030303,0.8111111111111111,0.48312854766845703
0.1053030303030303,0.812962962962963,0.48150086402893066
0.10757575757575757,0.812962962962963,0.47914886474609375
0.10757575757575757,0.8148148148148148,0.47732582688331604
0.10833333333333334,0.8148148148148148,0.4752877354621887
0.10833333333333334,0.8157407407407408,0.47490596771240234
0.10909090909090909,0.8157407407407408,0.4739226996898651
0.10909090909090909,0.8166666666666667,0.4725511074066162
0.11212121212121212,0.8166666666666667,0.4665641486644745
0.11212121212121212,0.8175925925925925,0.46554362773895264
0.11515151515151516,0.8175925925925925,0.46283578872680664
0.11515151515151516,0.8203703703703704,0.45876580476760864
0.1159090909090909,0.8203703703703704,0.4585533142089844
0.1159090909090909,0.8222222222222222,0.4543015956878662
0.11666666666666667,0.8222222222222222,0.4535858631134033
0.11666666666666667,0.8231481481481482,0.4515704810619354
0.12803030303030302,0.8231481481481482,0.4434596300125122
0.12803030303030302,0.8240740740740741,0.44297608733177185
0.13106060606060607,0.8240740740740741,0.441376656293869
0.13106060606060607,0.8277777777777777,0.4380389153957367
0.13484848484848486,0.8277777777777777,0.4315037131309509
0.13484848484848486,0.8287037037037037,0.43094906210899353
0.13560606060606062,0.8287037037037037,0.4305099546909332
0.13560606060606062,0.8296296296296296,0.4288669228553772
0.13787878787878788,0.8296296296296296,0.4263920187950134
0.13787878787878788,0.8305555555555556,0.4237389862537384
0.13863636363636364,0.8305555555555556,0.4235340654850006
0.13863636363636364,0.8314814814814815,0.4219111502170563
0.14166666666666666,0.8314814814814815,0.4197341799736023
0.14166666666666666,0.8324074074074074,0.4183150827884674
0.1431818181818182,0.8324074074074074,0.4180980920791626
0.1431818181818182,0.8351851851851851,0.416189581155777
0.14545454545454545,0.8351851851851851,0.4159078598022461
0.14545454545454545,0.8361111111111111,0.4143131375312805
0.14696969696969697,0.8361111111111111,0.41326311230659485
0.14696969696969697,0.8379629629629629,0.4124563932418823
0.15151515151515152,0.8379629629629629,0.4086860120296478
0.15151515151515152,0.8388888888888889,0.4080203175544739
0.15454545454545454,0.8388888888888889,0.4060661196708679
0.15454545454545454,0.8407407407407408,0.4035044014453888
0.1553030303030303,0.8407407407407408,0.40335211157798767
0.1553030303030303,0.8416666666666667,0.40313297510147095
0.15757575757575756,0.8416666666666667,0.39953234791755676
0.15757575757575756,0.8425925925925926,0.39911186695098877
0.16287878787878787,0.8425925925925926,0.396724134683609
0.16287878787878787,0.8444444444444444,0.3959882855415344
0.16363636363636364,0.8444444444444444,0.3956347107887268
0.16363636363636364,0.8481481481481481,0.39257752895355225
0.16515151515151516,0.8481481481481481,0.3917210102081299
0.16515151515151516,0.85,0.39017271995544434
0.16590909090909092,0.85,0.3897450864315033
0.16590909090909092,0.850925925925926,0.38918107748031616
0.17045454545454544,0.850925925925926,0.3867363929748535
0.17045454545454544,0.8518518518518519,0.3866572678089142
0.1712121212121212,0.8518518518518519,0.3850190341472626
0.1712121212121212,0.8527777777777777,0.38481542468070984
0.17803030303030304,0.8527777777777777,0.37885546684265137
0.17803030303030304,0.8555555555555555,0.37492451071739197
0.1787878787878788,0.8555555555555555,0.37489765882492065
0.1787878787878788,0.8564814814814815,0.3736583888530731
0.1803030303030303,0.8564814814814815,0.37276169657707214
0.1803030303030303,0.8583333333333333,0.3691500723361969
0.18257575757575759,0.8583333333333333,0.36810797452926636
0.18257575757575759,0.8592592592592593,0.3679813742637634
0.18409090909090908,0.8592592592592593,0.3664577007293701
0.18409090909090908,0.8601851851851852,0.3661232888698578
0.1856060606060606,0.8601851851851852,0.36455732583999634
0.1856060606060606,0.862037037037037,0.3642583191394806
0.18712121212121213,0.862037037037037,0.3636585772037506
0.18712121212121213,0.8629629629629629,0.363113671541214
0.18863636363636363,0.8629629629629629,0.3613223433494568
0.18863636363636363,0.8638888888888889,0.3612446188926697
0.1893939393939394,0.8638888888888889,0.3605431318283081
0.1893939393939394,0.8685185185185185,0.3585703670978546
0.19015151515151515,0.8685185185185185,0.35737964510917664
0.19015151515151515,0.8712962962962963,0.35697492957115173
0.19166666666666668,0.8712962962962963,0.3566407263278961
0.19166666666666668,0.8722222222222222,0.35659366846084595
0.19545454545454546,0.8722222222222222,0.35565507411956787
0.19545454545454546,0.875,0.35402756929397583
0.1962121212121212,0.875,0.3535946011543274
0.1962121212121212,0.8768518518518519,0.35269054770469666
0.2,0.8768518518518519,0.35009002685546875
0.2,0.8777777777777778,0.34970036149024963
0.20227272727272727,0.8777777777777778,0.34807515144348145
0.20227272727272727,0.8787037037037037,0.34687340259552
0.20681818181818182,0.8787037037037037,0.3427272140979767
0.20681818181818182,0.8796296296296297,0.3425919711589813
0.20984848484848484,0.8796296296296297,0.34082409739494324
0.20984848484848484,0.8805555555555555,0.3399777412414551
0.2106060606060606,0.8805555555555555,0.3398466110229492
0.2106060606060606,0.8842592592592593,0.33725225925445557
0.2128787878787879,0.8842592592592593,0.3358829617500305
0.2128787878787879,0.8870370370370371,0.33424344658851624
0.21363636363636362,0.8870370370370371,0.33345332741737366
0.21363636363636362,0.8888888888888888,0.3328670263290405
0.2143939393939394,0.8888888888888888,0.332252562046051
0.2143939393939394,0.8898148148148148,0.33220338821411133
0.2159090909090909,0.8898148148148148,0.3312399685382843
0.2159090909090909,0.8916666666666667,0.3293677568435669
0.21666666666666667,0.8916666666666667,0.3250860273838043
0.21666666666666667,0.8944444444444445,0.3238126039505005
0.21742424242424244,0.8944444444444445,0.32307568192481995
0.21742424242424244,0.8953703703703704,0.3229694962501526
0.21818181818181817,0.8953703703703704,0.3228462040424347
0.21818181818181817,0.8962962962962963,0.32258716225624084
0.22045454545454546,0.8962962962962963,0.3203844726085663
0.22045454545454546,0.8972222222222223,0.3203510642051697
0.22121212121212122,0.8972222222222223,0.3201914131641388
0.22121212121212122,0.9027777777777778,0.3164267838001251
0.22196969696969698,0.9027777777777778,0.31571030616760254
0.22196969696969698,0.9037037037037037,0.31381839513778687
0.22424242424242424,0.9037037037037037,0.3117484152317047
0.22424242424242424,0.9046296296296297,0.3105570077896118
0.2265151515151515,0.9046296296296297,0.3088166117668152
0.2265151515151515,0.9055555555555556,0.30830466747283936
0.22727272727272727,0.9055555555555556,0.3074893057346344
0.22727272727272727,0.9083333333333333,0.30568253993988037
0.22803030303030303,0.9083333333333333,0.30392253398895264
0.22803030303030303,0.9092592592592592,0.30326810479164124
0.22954545454545455,0.9092592592592592,0.30172306299209595
0.22954545454545455,0.9101851851851852,0.3013800084590912
0.23030303030303031,0.9101851851851852,0.3006625771522522
0.23030303030303031,0.9111111111111111,0.3003638684749603
0.23257575757575757,0.9111111111111111,0.29944247007369995
0.23257575757575757,0.912962962962963,0.2978668510913849
0.2340909090909091,0.912962962962963,0.2972038984298706
0.2340909090909091,0.9157407407407407,0.29697445034980774
0.2356060606060606,0.9157407407407407,0.29654377698898315
0.2356060606060606,0.9194444444444444,0.29466086626052856
0.23787878787878788,0.9194444444444444,0.2930296063423157
0.23787878787878788,0.9203703703703704,0.2927067279815674
0.23863636363636365,0.9203703703703704,0.29229867458343506
0.23863636363636365,0.9212962962962963,0.29174476861953735
0.24015151515151514,0.9212962962962963,0.29073765873908997
0.24015151515151514,0.9231481481481482,0.29035574197769165
0.2431818181818182,0.9231481481481482,0.2885338068008423
0.2431818181818182,0.9259259259259259,0.28799915313720703
0.24393939393939393,0.9259259259259259,0.28562861680984497
0.24393939393939393,0.9268518518518518,0.285324364900589
0.2446969696969697,0.9268518518518518,0.28481829166412354
0.2446969696969697,0.9277777777777778,0.28463229537010193
0.24545454545454545,0.9277777777777778,0.2845836281776428
0.24545454545454545,0.9287037037037037,0.2841443121433258
0.24696969696969698,0.9287037037037037,0.28340035676956177
0.24696969696969698,0.9305555555555556,0.2829696536064148
0.24772727272727274,0.9305555555555556,0.2817200720310211
0.24772727272727274,0.9314814814814815,0.2817108929157257
0.24924242424242424,0.9314814814814815,0.2795277237892151
0.24924242424242424,0.9324074074074075,0.2785852253437042
0.25075757575757573,0.9324074074074075,0.2782783806324005
0.25075757575757573,0.9333333333333333,0.2780613303184509
0.25681818181818183,0.9333333333333333,0.27451565861701965
0.25681818181818183,0.9351851851851852,0.2737061083316803
0.25833333333333336,0.9351851851851852,0.2733788788318634
0.25833333333333336,0.937962962962963,0.2728913724422455
0.2590909090909091,0.937962962962963,0.2724721133708954
0.2590909090909091,0.9398148148148148,0.27198532223701477
0.25984848484848483,0.9398148148148148,0.27198514342308044
0.25984848484848483,0.9407407407407408,0.27194923162460327
0.2606060606060606,0.9407407407407408,0.27169761061668396
0.2606060606060606,0.9444444444444444,0.2692941427230835
0.26136363636363635,0.9444444444444444,0.2692008912563324
0.26136363636363635,0.9453703703703704,0.2688896954059601
0.2643939393939394,0.9453703703703704,0.2679106593132019
0.2643939393939394,0.9462962962962963,0.2678772211074829
0.26590909090909093,0.9462962962962963,0.26682519912719727
0.26590909090909093,0.9481481481481482,0.26555633544921875
0.26666666666666666,0.9481481481481482,0.2640949487686157
0.26666666666666666,0.9490740740740741,0.26310503482818604
0.2696969696969697,0.9490740740740741,0.2599705755710602
0.2696969696969697,0.95,0.25993478298187256
0.27045454545454545,0.95,0.2597526013851166
0.27045454545454545,0.950925925925926,0.25929325819015503
0.27121212121212124,0.950925925925926,0.25925058126449585
0.27121212121212124,0.9527777777777777,0.258750855922699
0.27575757575757576,0.9527777777777777,0.25718459486961365
0.27575757575757576,0.9537037037037037,0.25710445642471313
0.2772727272727273,0.9537037037037037,0.256347119808197
0.2772727272727273,0.9546296296296296,0.25633686780929565
0.28939393939393937,0.9546296296296296,0.25016269087791443
0.28939393939393937,0.9564814814814815,0.24983464181423187
0.29015151515151516,0.9564814814814815,0.24980174005031586
0.29015151515151516,0.9574074074074074,0.24973861873149872
0.2909090909090909,0.9574074074074074,0.24966928362846375
0.2909090909090909,0.9583333333333334,0.24864061176776886
0.2916666666666667,0.9583333333333334,0.24802710115909576
0.2916666666666667,0.9601851851851851,0.24529080092906952
0.2962121212121212,0.9601851851851851,0.24409307539463043
0.2962121212121212,0.9611111111111111,0.24346709251403809
0.296969696969697,0.9611111111111111,0.2426145374774933
0.296969696969697,0.962037037037037,0.24229401350021362
0.30757575757575756,0.962037037037037,0.23857595026493073
0.30757575757575756,0.9629629629629629,0.2385660707950592
0.3143939393939394,0.9629629629629629,0.23338039219379425
0.3143939393939394,0.9638888888888889,0.23233506083488464
0.32651515151515154,0.9638888888888889,0.22698405385017395
0.32651515151515154,0.9648148148148148,0.226499542593956
0.33484848484848484,0.9648148148148148,0.21466432511806488
0.33484848484848484,0.9657407407407408,0.21328629553318024
0.36363636363636365,0.9657407407407408,0.19467712938785553
0.36363636363636365,0.9666666666666667,0.19465376436710358
0.3886363636363636,0.9666666666666667,0.18778665363788605
0.3886363636363636,0.9675925925925926,0.1871069371700287
0.39090909090909093,0.9675925925925926,0.18600928783416748
0.39090909090909093,0.9685185185185186,0.18579339981079102
0.396969696969697,0.9685185185185186,0.18183952569961548
0.396969696969697,0.9703703703703703,0.1815108209848404
0.4022727272727273,0.9703703703703703,0.1803354024887085
0.4022727272727273,0.9712962962962963,0.18029186129570007
0.4090909090909091,0.9712962962962963,0.17755846679210663
0.4090909090909091,0.9722222222222222,0.177422434091568
0.40984848484848485,0.9722222222222222,0.17726802825927734
0.40984848484848485,0.9731481481481481,0.17684055864810944
0.4106060606060606,0.9731481481481481,0.17674124240875244
0.4106060606060606,0.9740740740740741,0.17625196278095245
0.42272727272727273,0.9740740740740741,0.1708490252494812
0.42272727272727273,0.975,0.17075982689857483
0.4462121212121212,0.975,0.16298210620880127
0.4462121212121212,0.975925925925926,0.16287584602832794
0.4484848484848485,0.975925925925926,0.1617698222398758
0.4484848484848485,0.9768518518518519,0.16116192936897278
0.45,0.9768518518518519,0.16062422096729279
0.45,0.9777777777777777,0.1606069654226303
0.45075757575757575,0.9777777777777777,0.16035817563533783
0.45075757575757575,0.9787037037037037,0.1596815288066864
0.46060606060606063,0.9787037037037037,0.15601779520511627
0.46060606060606063,0.9796296296296296,0.15601614117622375
0.46136363636363636,0.9796296296296296,0.15595844388008118
0.46136363636363636,0.9805555555555555,0.155713751912117
0.4636363636363636,0.9805555555555555,0.1553986370563507
0.4636363636363636,0.9814814814814815,0.15535719692707062
0.4659090909090909,0.9814814814814815,0.15503011643886566
0.4659090909090909,0.9833333333333333,0.15459974110126495
0.4727272727272727,0.9833333333333333,0.1526954174041748
0.4727272727272727,0.9842592592592593,0.15247637033462524
0.4856060606060606,0.9842592592592593,0.1493416726589203
0.4856060606060606,0.9851851851851852,0.14896973967552185
0.5143939393939394,0.9851851851851852,0.14202123880386353
0.5143939393939394,0.9861111111111112,0.14159390330314636
0.5325757575757576,0.9861111111111112,0.1356026828289032
0.5325757575757576,0.987037037037037,0.13523660600185394
0.543939393939394,0.987037037037037,0.13327541947364807
0.543939393939394,0.9879629629629629,0.1330241858959198
0.5446969696969697,0.9879629629629629,0.13291878998279572
0.5446969696969697,0.9898148148148148,0.13208411633968353
0.546969696969697,0.9898148148148148,0.13153956830501556
0.546969696969697,0.9907407407407407,0.13128317892551422
0.553030303030303,0.9907407407407407,0.1303689032793045
0.553030303030303,0.9916666666666667,0.13032126426696777
0.5681818181818182,0.9916666666666667,0.12400473654270172
0.5681818181818182,0.9925925925925926,0.1237417683005333
0.568939393939394,0.9925925925925926,0.12187738716602325
0.568939393939394,0.9953703703703703,0.1190691590309143
0.5704545454545454,0.9953703703703703,0.11852537840604782
0.5704545454545454,0.9972222222222222,0.11841608583927155
0.5727272727272728,0.9972222222222222,0.11784851551055908
0.5727272727272728,0.9990740740740741,0.11770403385162354
0.5795454545454546,0.9990740740740741,0.11499572545289993
0.5795454545454546,1.0,0.11454597115516663
0.7272727272727273,1.0,0.08403296023607254
0.7287878787878788,1.0,0.08397418260574341
1.0,1.0,0.014006002806127071
