FPR,TPR,Threshold
0.0,0.0,1.9858611822128296
0.0,0.000925925925925926,0.9858611822128296
0.0,0.25833333333333336,0.886282205581665
0.0007575757575757576,0.25833333333333336,0.8855924606323242
0.0007575757575757576,0.28703703703703703,0.8653449416160583
0.0015151515151515152,0.28703703703703703,0.8652393817901611
0.0015151515151515152,0.29907407407407405,0.8616445064544678
0.0022727272727272726,0.29907407407407405,0.8607518076896667
0.0022727272727272726,0.3148148148148148,0.8570678234100342
0.0030303030303030303,0.3148148148148148,0.8570666909217834
0.0030303030303030303,0.32037037037037036,0.8558973670005798
0.003787878787878788,0.32037037037037036,0.8555896282196045
0.003787878787878788,0.3296296296296296,0.8506231904029846
0.004545454545454545,0.3296296296296296,0.8504277467727661
0.004545454545454545,0.33611111111111114,0.8484299182891846
0.005303030303030303,0.33611111111111114,0.848382294178009
0.005303030303030303,0.337037037037037,0.8479008078575134
0.006818181818181818,0.337037037037037,0.8474439978599548
0.006818181818181818,0.33796296296296297,0.8471933603286743
0.009848484848484848,0.33796296296296297,0.8460942506790161
0.009848484848484848,0.3388888888888889,0.8454951643943787
0.011363636363636364,0.3388888888888889,0.8440255522727966
0.011363636363636364,0.3398148148148148,0.8437437415122986
0.012121212121212121,0.3398148148148148,0.8433828353881836
0.012121212121212121,0.34074074074074073,0.8429482579231262
0.012878787878787878,0.34074074074074073,0.8427556157112122
0.012878787878787878,0.3416666666666667,0.8427505493164062
0.013636363636363636,0.3416666666666667,0.8409202098846436
0.013636363636363636,0.3425925925925926,0.8402098417282104
0.014393939393939395,0.3425925925925926,0.8397236466407776
0.014393939393939395,0.3453703703703704,0.8367744088172913
0.015151515151515152,0.3453703703703704,0.8364948630332947
0.015151515151515152,0.3537037037037037,0.8336329460144043
0.015909090909090907,0.3537037037037037,0.8312012553215027
0.015909090909090907,0.35648148148148145,0.8300846219062805
0.016666666666666666,0.35648148148148145,0.8296023607254028
0.016666666666666666,0.3768518518518518,0.8212658762931824
0.017424242424242425,0.3768518518518518,0.8210842609405518
0.017424242424242425,0.3814814814814815,0.8199648261070251
0.020454545454545454,0.3814814814814815,0.819769024848938
0.020454545454545454,0.38425925925925924,0.8191797137260437
0.021212121212121213,0.38425925925925924,0.8191150426864624
0.021212121212121213,0.3851851851851852,0.8189297318458557
0.022727272727272728,0.3851851851851852,0.8182292580604553
0.022727272727272728,0.38796296296296295,0.817786693572998
0.023484848484848483,0.38796296296296295,0.8169841766357422
0.023484848484848483,0.3888888888888889,0.8165882229804993
0.024242424242424242,0.3888888888888889,0.8160890936851501
0.024242424242424242,0.3907407407407407,0.8159900903701782
0.025,0.3907407407407407,0.8156449198722839
0.025,0.39166666666666666,0.8153504133224487
0.025757575757575757,0.39166666666666666,0.8151026368141174
0.025757575757575757,0.3925925925925926,0.8146852850914001
0.026515151515151516,0.3925925925925926,0.8143714666366577
0.026515151515151516,0.39351851851851855,0.8140113949775696
0.02727272727272727,0.39351851851851855,0.8131951689720154
0.02727272727272727,0.39444444444444443,0.8128073215484619
0.029545454545454545,0.39444444444444443,0.8114950060844421
0.029545454545454545,0.40370370370370373,0.8067681193351746
0.030303030303030304,0.40370370370370373,0.8054220080375671
0.030303030303030304,0.44074074074074077,0.792242705821991
0.03106060606060606,0.44074074074074077,0.7921227216720581
0.03106060606060606,0.45185185185185184,0.786966860294342
0.031818181818181815,0.45185185185185184,0.786228358745575
0.031818181818181815,0.46944444444444444,0.780949592590332
0.03257575757575758,0.46944444444444444,0.780785083770752
0.03257575757575758,0.47129629629629627,0.779687225818634
0.03333333333333333,0.47129629629629627,0.7795726656913757
0.03333333333333333,0.5037037037037037,0.7637916207313538
0.03409090909090909,0.5037037037037037,0.7629969716072083
0.03409090909090909,0.5064814814814815,0.7618587017059326
0.03484848484848485,0.5064814814814815,0.7618260383605957
0.03484848484848485,0.5092592592592593,0.7599782347679138
0.035606060606060606,0.5092592592592593,0.7594872117042542
0.035606060606060606,0.5138888888888888,0.7549802660942078
0.03636363636363636,0.5138888888888888,0.7549011707305908
0.03636363636363636,0.5166666666666667,0.753910481929779
0.037121212121212124,0.5166666666666667,0.753878653049469
0.037121212121212124,0.5231481481481481,0.7522388100624084
0.038636363636363635,0.5231481481481481,0.7519809007644653
0.038636363636363635,0.524074074074074,0.7519219517707825
0.04015151515151515,0.524074074074074,0.7513970732688904
0.04015151515151515,0.5268518518518519,0.7508624196052551
0.04090909090909091,0.5268518518518519,0.7508547902107239
0.04090909090909091,0.5277777777777778,0.750564694404602
0.04318181818181818,0.5277777777777778,0.7502397894859314
0.04318181818181818,0.5287037037037037,0.7499021887779236
0.04393939393939394,0.5287037037037037,0.7499017715454102
0.04393939393939394,0.5296296296296297,0.7497366070747375
0.0446969696969697,0.5296296296296297,0.749473512172699
0.0446969696969697,0.5305555555555556,0.7491437196731567
0.045454545454545456,0.5305555555555556,0.7489456534385681
0.045454545454545456,0.5314814814814814,0.748831570148468
0.04621212121212121,0.5314814814814814,0.7485564351081848
0.04621212121212121,0.5324074074074074,0.7484627962112427
0.048484848484848485,0.5324074074074074,0.7452718019485474
0.048484848484848485,0.5342592592592592,0.7436810731887817
0.04924242424242424,0.5342592592592592,0.7428694367408752
0.04924242424242424,0.537962962962963,0.741828441619873
0.05,0.537962962962963,0.7418099641799927
0.05,0.5416666666666666,0.7407469749450684
0.05075757575757576,0.5416666666666666,0.7403903603553772
0.05075757575757576,0.5481481481481482,0.7393721342086792
0.051515151515151514,0.5481481481481482,0.7392889261245728
0.051515151515151514,0.549074074074074,0.7388544082641602
0.05227272727272727,0.549074074074074,0.7386382222175598
0.05227272727272727,0.55,0.7381262183189392
0.056818181818181816,0.55,0.7360160946846008
0.056818181818181816,0.5509259259259259,0.735377848148346
0.05757575757575758,0.5509259259259259,0.7351396679878235
0.05757575757575758,0.562962962962963,0.7293751239776611
0.058333333333333334,0.562962962962963,0.7286608815193176
0.058333333333333334,0.5694444444444444,0.7260355353355408
0.05909090909090909,0.5694444444444444,0.7258050441741943
0.05909090909090909,0.5722222222222222,0.724748969078064
0.059848484848484845,0.5722222222222222,0.7229132652282715
0.059848484848484845,0.5777777777777777,0.7213132381439209
0.06060606060606061,0.5777777777777777,0.7209874391555786
0.06060606060606061,0.5851851851851851,0.7195419073104858
0.06136363636363636,0.5851851851851851,0.7188941240310669
0.06136363636363636,0.6342592592592593,0.6791714429855347
0.06212121212121212,0.6342592592592593,0.6781788468360901
0.06212121212121212,0.637962962962963,0.6756525039672852
0.06287878787878788,0.637962962962963,0.6754679679870605
0.06287878787878788,0.6611111111111111,0.6603492498397827
0.06363636363636363,0.6611111111111111,0.6597293615341187
0.06363636363636363,0.7092592592592593,0.6374763250350952
0.06439393939393939,0.7092592592592593,0.6370115876197815
0.06439393939393939,0.712037037037037,0.6324241161346436
0.06515151515151515,0.712037037037037,0.6310351490974426
0.06515151515151515,0.7194444444444444,0.6236821413040161
0.06666666666666667,0.7194444444444444,0.6190393567085266
0.06666666666666667,0.7305555555555555,0.6080660820007324
0.06742424242424243,0.7305555555555555,0.607175350189209
0.06742424242424243,0.7333333333333333,0.6041349172592163
0.06818181818181818,0.7333333333333333,0.6026289463043213
0.06818181818181818,0.7361111111111112,0.6001562476158142
0.06893939393939394,0.7361111111111112,0.5983956456184387
0.06893939393939394,0.737037037037037,0.5954975485801697
0.0696969696969697,0.737037037037037,0.5952861905097961
0.0696969696969697,0.7379629629629629,0.5939809083938599
0.07121212121212121,0.7379629629629629,0.5915907025337219
0.07121212121212121,0.7388888888888889,0.5914627909660339
0.07196969696969698,0.7388888888888889,0.5910505652427673
0.07196969696969698,0.7407407407407407,0.5870437026023865
0.07272727272727272,0.7407407407407407,0.5868220925331116
0.07272727272727272,0.7416666666666667,0.5867530107498169
0.075,0.7416666666666667,0.5847181677818298
0.075,0.7425925925925926,0.5842210650444031
0.07651515151515151,0.7425925925925926,0.5831921100616455
0.07651515151515151,0.7444444444444445,0.582959771156311
0.07727272727272727,0.7444444444444445,0.5829126834869385
0.07727272727272727,0.7462962962962963,0.5823656916618347
0.07803030303030303,0.7462962962962963,0.5822129845619202
0.07803030303030303,0.7472222222222222,0.5806471705436707
0.07878787878787878,0.7472222222222222,0.5797945857048035
0.07878787878787878,0.7555555555555555,0.5773450136184692
0.07954545454545454,0.7555555555555555,0.5762300491333008
0.07954545454545454,0.7564814814814815,0.5761449337005615
0.08181818181818182,0.7564814814814815,0.574497640132904
0.08181818181818182,0.7574074074074074,0.5740426778793335
0.0856060606060606,0.7574074074074074,0.5727494955062866
0.0856060606060606,0.7583333333333333,0.5726248025894165
0.08712121212121213,0.7583333333333333,0.5718587040901184
0.08712121212121213,0.7592592592592593,0.5715681910514832
0.0893939393939394,0.7592592592592593,0.5689598917961121
0.0893939393939394,0.7611111111111111,0.567963719367981
0.09015151515151515,0.7611111111111111,0.5676266551017761
0.09015151515151515,0.7675925925925926,0.5604010224342346
0.09090909090909091,0.7675925925925926,0.5575794577598572
0.09090909090909091,0.7685185185185185,0.5573294758796692
0.0946969696969697,0.7685185185185185,0.5549057126045227
0.0946969696969697,0.7694444444444445,0.5546431541442871
0.09545454545454546,0.7694444444444445,0.554486870765686
0.09545454545454546,0.7759259259259259,0.5498175024986267
0.09696969696969697,0.7759259259259259,0.549289345741272
0.09696969696969697,0.7768518518518519,0.5465510487556458
0.09772727272727273,0.7768518518518519,0.5464140176773071
0.09772727272727273,0.7777777777777778,0.5450106263160706
0.09924242424242424,0.7777777777777778,0.5434529185295105
0.09924242424242424,0.7787037037037037,0.5429226160049438
0.1,0.7787037037037037,0.5422824621200562
0.1,0.7805555555555556,0.5415540337562561
0.10075757575757575,0.7805555555555556,0.5415297746658325
0.10075757575757575,0.7824074074074074,0.5403661131858826
0.10151515151515152,0.7824074074074074,0.5395928025245667
0.10151515151515152,0.7833333333333333,0.5392078161239624
0.10227272727272728,0.7833333333333333,0.5387370586395264
0.10227272727272728,0.7851851851851852,0.538099467754364
0.10303030303030303,0.7851851851851852,0.5380196571350098
0.10303030303030303,0.7870370370370371,0.5365699529647827
0.10378787878787879,0.7870370370370371,0.5361266732215881
0.10378787878787879,0.7888888888888889,0.5350854992866516
0.10454545454545454,0.7888888888888889,0.5339824557304382
0.10454545454545454,0.7907407407407407,0.5316499471664429
0.10909090909090909,0.7907407407407407,0.5279611945152283
0.10909090909090909,0.7916666666666666,0.5274204015731812
0.10984848484848485,0.7916666666666666,0.5266371369361877
0.10984848484848485,0.7925925925925926,0.5266343355178833
0.11287878787878788,0.7925925925925926,0.5254605412483215
0.11287878787878788,0.7935185185185185,0.5245723128318787
0.11363636363636363,0.7935185185185185,0.5243121385574341
0.11363636363636363,0.8,0.5199456214904785
0.1143939393939394,0.8,0.5190205574035645
0.1143939393939394,0.8009259259259259,0.5186741948127747
0.11666666666666667,0.8009259259259259,0.5182395577430725
0.11666666666666667,0.8037037037037037,0.517649233341217
0.11742424242424243,0.8037037037037037,0.5175734162330627
0.11742424242424243,0.8046296296296296,0.517231285572052
0.12196969696969696,0.8046296296296296,0.5160539150238037
0.12196969696969696,0.8055555555555556,0.51595139503479
0.12348484848484849,0.8055555555555556,0.5150150656700134
0.12348484848484849,0.8074074074074075,0.5127325654029846
0.12424242424242424,0.8074074074074075,0.5123507976531982
0.12424242424242424,0.8083333333333333,0.5117694139480591
0.125,0.8083333333333333,0.5116561651229858
0.125,0.8203703703703704,0.5060321688652039
0.12575757575757576,0.8203703703703704,0.505543053150177
0.12575757575757576,0.8222222222222222,0.5048671364784241
0.12651515151515152,0.8222222222222222,0.504694938659668
0.12651515151515152,0.8314814814814815,0.4959995448589325
0.12727272727272726,0.8314814814814815,0.4958474338054657
0.12727272727272726,0.8333333333333334,0.49476197361946106
0.12878787878787878,0.8333333333333334,0.491975873708725
0.12878787878787878,0.8342592592592593,0.49112847447395325
0.12954545454545455,0.8342592592592593,0.4906425476074219
0.12954545454545455,0.8453703703703703,0.48464635014533997
0.1303030303030303,0.8453703703703703,0.4841166138648987
0.1303030303030303,0.8472222222222222,0.48403358459472656
0.13106060606060607,0.8472222222222222,0.4834415018558502
0.13106060606060607,0.8564814814814815,0.4743936359882355
0.13257575757575757,0.8564814814814815,0.47277891635894775
0.13257575757575757,0.8574074074074074,0.4720945954322815
0.13484848484848486,0.8574074074074074,0.46643298864364624
0.13484848484848486,0.8583333333333333,0.46255117654800415
0.13712121212121212,0.8583333333333333,0.46067744493484497
0.13712121212121212,0.8592592592592593,0.4598861336708069
0.13787878787878788,0.8592592592592593,0.45943960547447205
0.13787878787878788,0.8601851851851852,0.4593594968318939
0.1393939393939394,0.8601851851851852,0.4592207968235016
0.1393939393939394,0.8611111111111112,0.4587031900882721
0.1409090909090909,0.8611111111111112,0.4579928517341614
0.1409090909090909,0.8629629629629629,0.45733126997947693
0.14166666666666666,0.8629629629629629,0.45712053775787354
0.14166666666666666,0.8638888888888889,0.4569360911846161
0.14393939393939395,0.8638888888888889,0.45658591389656067
0.14393939393939395,0.8666666666666667,0.4555754065513611
0.14545454545454545,0.8666666666666667,0.4552038908004761
0.14545454545454545,0.8675925925925926,0.45467379689216614
0.1462121212121212,0.8675925925925926,0.45373421907424927
0.1462121212121212,0.8703703703703703,0.4512057900428772
0.14696969696969697,0.8703703703703703,0.45086371898651123
0.14696969696969697,0.8722222222222222,0.45055657625198364
0.14772727272727273,0.8722222222222222,0.4504701793193817
0.14772727272727273,0.8731481481481481,0.4503348171710968
0.15227272727272728,0.8731481481481481,0.44653022289276123
0.15227272727272728,0.8740740740740741,0.44641250371932983
0.15303030303030302,0.8740740740740741,0.4461314082145691
0.15303030303030302,0.875,0.4458777904510498
0.16136363636363638,0.875,0.4394192397594452
0.16136363636363638,0.8759259259259259,0.4393675923347473
0.17045454545454544,0.8759259259259259,0.42868131399154663
0.17045454545454544,0.8768518518518519,0.4279986023902893
0.1803030303030303,0.8768518518518519,0.4144963324069977
0.1803030303030303,0.8777777777777778,0.41433629393577576
0.1856060606060606,0.8777777777777778,0.410613477230072
0.1856060606060606,0.8787037037037037,0.41044551134109497
0.19166666666666668,0.8787037037037037,0.40713778138160706
0.19166666666666668,0.8796296296296297,0.4068797826766968
0.19318181818181818,0.8796296296296297,0.40560394525527954
0.19318181818181818,0.8805555555555555,0.4055812656879425
0.19545454545454546,0.8805555555555555,0.4018503427505493
0.19545454545454546,0.8814814814814815,0.40114715695381165
0.2015151515151515,0.8814814814814815,0.396722674369812
0.2015151515151515,0.8833333333333333,0.3957250416278839
0.20227272727272727,0.8833333333333333,0.39488792419433594
0.20227272727272727,0.8842592592592593,0.3945700526237488
0.20303030303030303,0.8842592592592593,0.3933788239955902
0.20303030303030303,0.8888888888888888,0.38902562856674194
0.2037878787878788,0.8888888888888888,0.3890075981616974
0.2037878787878788,0.8898148148148148,0.3889559507369995
0.21136363636363636,0.8898148148148148,0.3856111466884613
0.21136363636363636,0.8907407407407407,0.38231247663497925
0.2128787878787879,0.8907407407407407,0.38195690512657166
0.2128787878787879,0.8935185185185185,0.38103559613227844
0.21363636363636362,0.8935185185185185,0.38074228167533875
0.21363636363636362,0.8944444444444445,0.3806465268135071
0.2143939393939394,0.8944444444444445,0.38032492995262146
0.2143939393939394,0.8953703703703704,0.38028404116630554
0.21666666666666667,0.8953703703703704,0.37948569655418396
0.21666666666666667,0.8972222222222223,0.3785189986228943
0.21893939393939393,0.8972222222222223,0.37574365735054016
0.21893939393939393,0.8981481481481481,0.37563905119895935
0.22121212121212122,0.8981481481481481,0.3717215657234192
0.22121212121212122,0.899074074074074,0.37162941694259644
0.22727272727272727,0.899074074074074,0.3681778609752655
0.22727272727272727,0.9037037037037037,0.36078447103500366
0.2287878787878788,0.9037037037037037,0.3589880168437958
0.2287878787878788,0.9046296296296297,0.3585937023162842
0.2318181818181818,0.9046296296296297,0.3570672571659088
0.2318181818181818,0.9055555555555556,0.35681459307670593
0.23257575757575757,0.9055555555555556,0.3566981852054596
0.23257575757575757,0.9074074074074074,0.3559194803237915
0.23484848484848486,0.9074074074074074,0.35522744059562683
0.23484848484848486,0.9092592592592592,0.35495099425315857
0.2356060606060606,0.9092592592592592,0.3536752462387085
0.2356060606060606,0.9101851851851852,0.3533855974674225
0.23787878787878788,0.9101851851851852,0.3494164049625397
0.23787878787878788,0.9111111111111111,0.34883156418800354
0.23863636363636365,0.9111111111111111,0.34841978549957275
0.23863636363636365,0.912962962962963,0.3466327488422394
0.23939393939393938,0.912962962962963,0.3464191257953644
0.23939393939393938,0.9148148148148149,0.34621867537498474
0.24015151515151514,0.9148148148148149,0.34594640135765076
0.24015151515151514,0.9175925925925926,0.34488168358802795
0.2409090909090909,0.9175925925925926,0.3446657061576843
0.2409090909090909,0.9203703703703704,0.3438924252986908
0.24166666666666667,0.9203703703703704,0.343742311000824
0.24166666666666667,0.9212962962962963,0.3433654308319092
0.24772727272727274,0.9212962962962963,0.33867552876472473
0.24772727272727274,0.924074074074074,0.3379670977592468
0.25227272727272726,0.924074074074074,0.33269110321998596
0.25227272727272726,0.925,0.3319638669490814
0.25833333333333336,0.925,0.32966944575309753
0.25833333333333336,0.9259259259259259,0.3296656310558319
0.2606060606060606,0.9259259259259259,0.32898926734924316
0.2606060606060606,0.9268518518518518,0.3287714123725891
0.2628787878787879,0.9268518518518518,0.3284735381603241
0.2628787878787879,0.9314814814814815,0.3265024423599243
0.2636363636363636,0.9314814814814815,0.3263517916202545
0.2636363636363636,0.9342592592592592,0.3248763084411621
0.2765151515151515,0.9342592592592592,0.3202018439769745
0.2765151515151515,0.9351851851851852,0.3200662434101105
0.28939393939393937,0.9351851851851852,0.31233158707618713
0.28939393939393937,0.937037037037037,0.31168729066848755
0.2916666666666667,0.937037037037037,0.3106548488140106
0.2916666666666667,0.937962962962963,0.3105219602584839
0.29924242424242425,0.937962962962963,0.30907362699508667
0.29924242424242425,0.9388888888888889,0.308337926864624
0.30454545454545456,0.9388888888888889,0.3055780827999115
0.30454545454545456,0.9398148148148148,0.30547836422920227
0.30833333333333335,0.9398148148148148,0.30403244495391846
0.30833333333333335,0.9407407407407408,0.3038313686847687
0.31893939393939397,0.9407407407407408,0.29921019077301025
0.31893939393939397,0.9416666666666667,0.2987575829029083
0.32272727272727275,0.9416666666666667,0.29778629541397095
0.32272727272727275,0.9425925925925925,0.29763132333755493
0.3234848484848485,0.9425925925925925,0.29752206802368164
0.3234848484848485,0.9435185185185185,0.2973962426185608
0.325,0.9435185185185185,0.2970632314682007
0.325,0.9444444444444444,0.2968110740184784
0.32727272727272727,0.9444444444444444,0.2962479889392853
0.32727272727272727,0.9453703703703704,0.29592379927635193
0.328030303030303,0.9453703703703704,0.29591596126556396
0.328030303030303,0.9462962962962963,0.2958484888076782
0.3568181818181818,0.9462962962962963,0.2854776680469513
0.3568181818181818,0.9472222222222222,0.2847602963447571
0.3704545454545455,0.9472222222222222,0.27423402667045593
0.3704545454545455,0.9481481481481482,0.2738032042980194
0.37424242424242427,0.9481481481481482,0.2697552442550659
0.37424242424242427,0.95,0.2690567672252655
0.3803030303030303,0.95,0.26110053062438965
0.3803030303030303,0.950925925925926,0.26098909974098206
0.38181818181818183,0.950925925925926,0.26005932688713074
0.38181818181818183,0.9518518518518518,0.25976675748825073
0.38257575757575757,0.9518518518518518,0.2594476044178009
0.38257575757575757,0.9527777777777777,0.25942397117614746
0.38333333333333336,0.9527777777777777,0.25926581025123596
0.38333333333333336,0.9537037037037037,0.25916746258735657
0.38636363636363635,0.9537037037037037,0.2579495906829834
0.38636363636363635,0.9555555555555556,0.25612640380859375
0.4,0.9555555555555556,0.24795708060264587
0.4,0.9564814814814815,0.24778862297534943
0.40075757575757576,0.9564814814814815,0.24754704535007477
0.40075757575757576,0.9601851851851851,0.24676434695720673
0.4015151515151515,0.9601851851851851,0.24609792232513428
0.4015151515151515,0.9611111111111111,0.24596388638019562
0.4022727272727273,0.9611111111111111,0.24591577053070068
0.4022727272727273,0.9629629629629629,0.24529539048671722
0.41818181818181815,0.9629629629629629,0.2373514026403427
0.41818181818181815,0.9638888888888889,0.23702310025691986
0.42045454545454547,0.9638888888888889,0.2338973879814148
0.42045454545454547,0.9648148148148148,0.23369614779949188
0.4590909090909091,0.9648148148148148,0.20815695822238922
0.4590909090909091,0.9657407407407408,0.2075100690126419
0.4909090909090909,0.9657407407407408,0.19224734604358673
0.4909090909090909,0.9666666666666667,0.19198551774024963
0.49242424242424243,0.9666666666666667,0.1915479153394699
0.49242424242424243,0.9675925925925926,0.1908903419971466
0.4962121212121212,0.9675925925925926,0.18998238444328308
0.4962121212121212,0.9685185185185186,0.18993934988975525
0.5007575757575757,0.9685185185185186,0.1883752942085266
0.5007575757575757,0.9694444444444444,0.18707728385925293
0.5068181818181818,0.9694444444444444,0.18488341569900513
0.5068181818181818,0.9703703703703703,0.18430383503437042
0.5151515151515151,0.9703703703703703,0.1830521523952484
0.5151515151515151,0.9731481481481481,0.18243493139743805
0.5196969696969697,0.9731481481481481,0.1820927858352661
0.5196969696969697,0.975,0.18169154226779938
0.531060606060606,0.975,0.17754152417182922
0.531060606060606,0.975925925925926,0.17739570140838623
0.5325757575757576,0.975925925925926,0.17707578837871552
0.5325757575757576,0.9768518518518519,0.17693081498146057
0.5348484848484848,0.9768518518518519,0.17669551074504852
0.5348484848484848,0.9777777777777777,0.1766466498374939
0.5356060606060606,0.9777777777777777,0.17662587761878967
0.5356060606060606,0.9805555555555555,0.17629317939281464
0.5386363636363637,0.9805555555555555,0.17607253789901733
0.5386363636363637,0.9814814814814815,0.17584119737148285
0.5901515151515152,0.9814814814814815,0.16383129358291626
0.5901515151515152,0.9824074074074074,0.1637641042470932
0.6742424242424242,0.9824074074074074,0.14160872995853424
0.6742424242424242,0.9833333333333333,0.14065706729888916
0.7734848484848484,0.9833333333333333,0.11642689257860184
0.7734848484848484,0.9842592592592593,0.11621320247650146
0.818939393939394,0.9842592592592593,0.09942177683115005
0.818939393939394,0.9851851851851852,0.09871641546487808
0.8242424242424242,0.9851851851851852,0.09605985134840012
0.8242424242424242,0.9861111111111112,0.09604024142026901
0.8265151515151515,0.9861111111111112,0.09557222574949265
0.8265151515151515,0.987037037037037,0.09546782821416855
0.8318181818181818,0.987037037037037,0.09445611387491226
0.8318181818181818,0.9879629629629629,0.09387622028589249
0.8340909090909091,0.9879629629629629,0.09260887652635574
0.8340909090909091,0.9888888888888889,0.09258468449115753
0.8401515151515152,0.9888888888888889,0.09074024856090546
0.8401515151515152,0.9907407407407407,0.08950617909431458
0.8416666666666667,0.9907407407407407,0.08902415633201599
0.8416666666666667,0.9925925925925926,0.08892469853162766
0.8431818181818181,0.9925925925925926,0.08866509795188904
0.8431818181818181,0.9935185185185185,0.08846639841794968
0.8462121212121212,0.9935185185185185,0.08801230788230896
0.8462121212121212,0.9944444444444445,0.08792547136545181
0.8560606060606061,0.9944444444444445,0.08450598269701004
0.8560606060606061,0.9953703703703703,0.08448366075754166
0.8598484848484849,0.9953703703703703,0.08400120586156845
0.8598484848484849,0.9962962962962963,0.0839817225933075
0.8606060606060606,0.9962962962962963,0.08395442366600037
0.8606060606060606,0.9972222222222222,0.08391309529542923
0.8621212121212121,0.9972222222222222,0.08382256329059601
0.8621212121212121,1.0,0.08334489911794662
1.0,1.0,0.01535309012979269
