FPR,TPR,Threshold
0.0,0.0,1.9881322979927063
0.0,0.000925925925925926,0.9881322979927063
0.0,0.14351851851851852,0.9643401503562927
0.0007575757575757576,0.14351851851851852,0.9643092155456543
0.0007575757575757576,0.16111111111111112,0.9621803760528564
0.0015151515151515152,0.16111111111111112,0.9621565341949463
0.0015151515151515152,0.22314814814814815,0.9560443162918091
0.0022727272727272726,0.22314814814814815,0.9559036493301392
0.0022727272727272726,0.22685185185185186,0.9554747939109802
0.0030303030303030303,0.22777777777777777,0.9553779363632202
0.0030303030303030303,0.22870370370370371,0.9553576707839966
0.003787878787878788,0.22870370370370371,0.9551008939743042
0.003787878787878788,0.23148148148148148,0.9547999501228333
0.004545454545454545,0.23148148148148148,0.9547455906867981
0.004545454545454545,0.23333333333333334,0.9546524882316589
0.006060606060606061,0.23333333333333334,0.9544110298156738
0.006060606060606061,0.23703703703703705,0.9541031122207642
0.006818181818181818,0.23703703703703705,0.9539667963981628
0.006818181818181818,0.24074074074074073,0.9538401365280151
0.007575757575757576,0.24074074074074073,0.9538106322288513
0.007575757575757576,0.25277777777777777,0.9524040222167969
0.008333333333333333,0.25277777777777777,0.9522363543510437
0.008333333333333333,0.2537037037037037,0.9521167874336243
0.00909090909090909,0.2537037037037037,0.9520801901817322
0.00909090909090909,0.28425925925925927,0.9454361200332642
0.009848484848484848,0.28425925925925927,0.9452975392341614
0.009848484848484848,0.3277777777777778,0.93821120262146
0.010606060606060607,0.3277777777777778,0.9378933310508728
0.010606060606060607,0.3388888888888889,0.9364141821861267
0.011363636363636364,0.3388888888888889,0.9360665678977966
0.011363636363636364,0.3611111111111111,0.9289830327033997
0.012121212121212121,0.3611111111111111,0.9288104176521301
0.012121212121212121,0.4203703703703704,0.9153797030448914
0.012878787878787878,0.4203703703703704,0.9152123928070068
0.012878787878787878,0.425,0.9141683578491211
0.013636363636363636,0.425,0.9140769839286804
0.013636363636363636,0.44074074074074077,0.9108394384384155
0.015151515151515152,0.44074074074074077,0.9102513790130615
0.015151515151515152,0.45740740740740743,0.898715615272522
0.015909090909090907,0.45740740740740743,0.8985817432403564
0.015909090909090907,0.46296296296296297,0.896202564239502
0.016666666666666666,0.46296296296296297,0.896112859249115
0.016666666666666666,0.5111111111111111,0.8856690526008606
0.017424242424242425,0.5111111111111111,0.8854457139968872
0.017424242424242425,0.5324074074074074,0.8814431428909302
0.01818181818181818,0.5324074074074074,0.8814252018928528
0.01818181818181818,0.5388888888888889,0.8790525794029236
0.019696969696969695,0.5388888888888889,0.8775179386138916
0.019696969696969695,0.5416666666666666,0.8768297433853149
0.021212121212121213,0.5416666666666666,0.8758492469787598
0.021212121212121213,0.5444444444444444,0.8750454187393188
0.02196969696969697,0.5444444444444444,0.874665379524231
0.02196969696969697,0.55,0.8733177185058594
0.022727272727272728,0.55,0.873288094997406
0.022727272727272728,0.5509259259259259,0.872723400592804
0.023484848484848483,0.5509259259259259,0.8723173141479492
0.023484848484848483,0.5518518518518518,0.8716549277305603
0.024242424242424242,0.5518518518518518,0.8712887167930603
0.024242424242424242,0.5527777777777778,0.8708032369613647
0.025,0.5527777777777778,0.8707360029220581
0.025,0.5546296296296296,0.8701159954071045
0.025757575757575757,0.5546296296296296,0.8696311116218567
0.025757575757575757,0.5583333333333333,0.8684037327766418
0.026515151515151516,0.5583333333333333,0.8683897256851196
0.026515151515151516,0.5694444444444444,0.864129364490509
0.02727272727272727,0.5694444444444444,0.8629704117774963
0.02727272727272727,0.5703703703703704,0.8627130389213562
0.02803030303030303,0.5703703703703704,0.8623613715171814
0.02803030303030303,0.5712962962962963,0.8622831702232361
0.02878787878787879,0.5712962962962963,0.8601370453834534
0.02878787878787879,0.5722222222222222,0.8599068522453308
0.030303030303030304,0.5722222222222222,0.8590860962867737
0.030303030303030304,0.5731481481481482,0.8589177131652832
0.03106060606060606,0.5731481481481482,0.8584315180778503
0.03106060606060606,0.575925925925926,0.8572999835014343
0.031818181818181815,0.575925925925926,0.8568382859230042
0.031818181818181815,0.5824074074074074,0.8554547429084778
0.03333333333333333,0.5824074074074074,0.8538329601287842
0.03333333333333333,0.5842592592592593,0.8534708619117737
0.03484848484848485,0.5842592592592593,0.8524138331413269
0.03484848484848485,0.587037037037037,0.8516947627067566
0.03636363636363636,0.587037037037037,0.850855827331543
0.03636363636363636,0.5907407407407408,0.8495875000953674
0.03787878787878788,0.5907407407407408,0.8489670157432556
0.03787878787878788,0.6027777777777777,0.8401566743850708
0.038636363636363635,0.6027777777777777,0.8393111824989319
0.038636363636363635,0.6074074074074074,0.8385054469108582
0.03939393939393939,0.6074074074074074,0.8379488587379456
0.03939393939393939,0.6083333333333333,0.8373643755912781
0.04015151515151515,0.6083333333333333,0.8371772766113281
0.04015151515151515,0.6138888888888889,0.8343573808670044
0.04090909090909091,0.6138888888888889,0.8343343138694763
0.04090909090909091,0.6148148148148148,0.8310613632202148
0.041666666666666664,0.6148148148148148,0.8307684659957886
0.041666666666666664,0.6212962962962963,0.8294006586074829
0.04242424242424243,0.6212962962962963,0.8291939496994019
0.04242424242424243,0.6287037037037037,0.8271139860153198
0.04318181818181818,0.6287037037037037,0.8263885974884033
0.04318181818181818,0.6333333333333333,0.8243165612220764
0.04393939393939394,0.6333333333333333,0.8232349157333374
0.04393939393939394,0.6342592592592593,0.8230172395706177
0.0446969696969697,0.6342592592592593,0.8211818337440491
0.0446969696969697,0.6416666666666667,0.8188326358795166
0.045454545454545456,0.6416666666666667,0.8186442852020264
0.045454545454545456,0.675,0.8064340353012085
0.04621212121212121,0.675,0.8060384392738342
0.04621212121212121,0.6833333333333333,0.8007500171661377
0.04696969696969697,0.6833333333333333,0.8006552457809448
0.04696969696969697,0.7129629629629629,0.7773609161376953
0.04772727272727273,0.7129629629629629,0.7772932052612305
0.04772727272727273,0.7194444444444444,0.7731289267539978
0.048484848484848485,0.7194444444444444,0.7730372548103333
0.048484848484848485,0.7324074074074074,0.7633990049362183
0.04924242424242424,0.7324074074074074,0.762279212474823
0.04924242424242424,0.7361111111111112,0.7587845921516418
0.05,0.7361111111111112,0.7587561011314392
0.05,0.7398148148148148,0.7570199966430664
0.05075757575757576,0.7398148148148148,0.7568446397781372
0.05075757575757576,0.7462962962962963,0.7540534138679504
0.051515151515151514,0.7462962962962963,0.7539842128753662
0.051515151515151514,0.7481481481481481,0.7531541585922241
0.05303030303030303,0.7481481481481481,0.7498742341995239
0.05303030303030303,0.7611111111111111,0.7440911531448364
0.05454545454545454,0.7611111111111111,0.7422728538513184
0.05454545454545454,0.7620370370370371,0.7420646548271179
0.06060606060606061,0.7620370370370371,0.7380277514457703
0.06060606060606061,0.7657407407407407,0.7365190982818604
0.06136363636363636,0.7657407407407407,0.7358583211898804
0.06136363636363636,0.7666666666666667,0.7346158623695374
0.06212121212121212,0.7666666666666667,0.7328975200653076
0.06212121212121212,0.7675925925925926,0.7310711145401001
0.06439393939393939,0.7675925925925926,0.7287536859512329
0.06439393939393939,0.7685185185185185,0.7282292246818542
0.06666666666666667,0.7685185185185185,0.7263185977935791
0.06666666666666667,0.7694444444444445,0.7262116074562073
0.06818181818181818,0.7694444444444445,0.7252192497253418
0.06818181818181818,0.7703703703703704,0.7248380184173584
0.06893939393939394,0.7703703703703704,0.7230350971221924
0.06893939393939394,0.7712962962962963,0.7230017185211182
0.0696969696969697,0.7712962962962963,0.7208648324012756
0.0696969696969697,0.7722222222222223,0.7171664237976074
0.07348484848484849,0.7722222222222223,0.7084895372390747
0.07348484848484849,0.7731481481481481,0.7078089714050293
0.07424242424242425,0.7731481481481481,0.7046775817871094
0.07424242424242425,0.7759259259259259,0.697414219379425
0.075,0.7759259259259259,0.6970587372779846
0.075,0.7768518518518519,0.695706844329834
0.07651515151515151,0.7768518518518519,0.6920241713523865
0.07651515151515151,0.7787037037037037,0.6914117336273193
0.07727272727272727,0.7787037037037037,0.6899555325508118
0.07727272727272727,0.7805555555555556,0.6870486736297607
0.0803030303030303,0.7805555555555556,0.6742634177207947
0.0803030303030303,0.7851851851851852,0.6636540293693542
0.08106060606060606,0.7851851851851852,0.663113534450531
0.08106060606060606,0.787962962962963,0.6613010764122009
0.08181818181818182,0.787962962962963,0.6612130403518677
0.08181818181818182,0.7916666666666666,0.6602201461791992
0.08257575757575758,0.7916666666666666,0.6602087020874023
0.08257575757575758,0.7935185185185185,0.6587543487548828
0.08333333333333333,0.7935185185185185,0.6581597924232483
0.08333333333333333,0.7962962962962963,0.657082736492157
0.08409090909090909,0.7962962962962963,0.6544453501701355
0.08409090909090909,0.7972222222222223,0.6541300415992737
0.08484848484848485,0.7972222222222223,0.6537864208221436
0.08484848484848485,0.8,0.6521221399307251
0.08712121212121213,0.8,0.6506005525588989
0.08712121212121213,0.8009259259259259,0.6502922773361206
0.08787878787878788,0.8009259259259259,0.6501163244247437
0.08787878787878788,0.8018518518518518,0.6495563983917236
0.09090909090909091,0.8018518518518518,0.6484997868537903
0.09090909090909091,0.8027777777777778,0.6477245688438416
0.09318181818181819,0.8027777777777778,0.6470462083816528
0.09318181818181819,0.8037037037037037,0.6460558176040649
0.09393939393939393,0.8037037037037037,0.6458283066749573
0.09393939393939393,0.8046296296296296,0.6456547975540161
0.09621212121212121,0.8046296296296296,0.6446624398231506
0.09621212121212121,0.8055555555555556,0.6446312665939331
0.1,0.8055555555555556,0.6419932842254639
0.1,0.8074074074074075,0.6414099335670471
0.10075757575757575,0.8074074074074075,0.6407032012939453
0.10075757575757575,0.8083333333333333,0.6405607461929321
0.10378787878787879,0.8083333333333333,0.638953685760498
0.10378787878787879,0.8101851851851852,0.6385791897773743
0.10454545454545454,0.8101851851851852,0.638389527797699
0.10454545454545454,0.8138888888888889,0.6356320977210999
0.1053030303030303,0.8138888888888889,0.6354533433914185
0.1053030303030303,0.8166666666666667,0.6335639357566833
0.10681818181818181,0.8166666666666667,0.6332679390907288
0.10681818181818181,0.8287037037037037,0.6240644454956055
0.10833333333333334,0.8287037037037037,0.6216942071914673
0.10833333333333334,0.8305555555555556,0.6206750273704529
0.10909090909090909,0.8305555555555556,0.6191210150718689
0.10909090909090909,0.8314814814814815,0.6170649528503418
0.10984848484848485,0.8314814814814815,0.6170070767402649
0.10984848484848485,0.8324074074074074,0.6159267425537109
0.11060606060606061,0.8324074074074074,0.6155351996421814
0.11060606060606061,0.8333333333333334,0.6138859987258911
0.11212121212121212,0.8333333333333334,0.6097362041473389
0.11212121212121212,0.8351851851851851,0.607927143573761
0.11363636363636363,0.8351851851851851,0.6034446954727173
0.11363636363636363,0.837037037037037,0.6013372540473938
0.1143939393939394,0.837037037037037,0.5993261933326721
0.1143939393939394,0.8398148148148148,0.5961025953292847
0.11515151515151516,0.8398148148148148,0.5939763784408569
0.11515151515151516,0.8407407407407408,0.5898410081863403
0.1159090909090909,0.8407407407407408,0.5895112156867981
0.1159090909090909,0.8472222222222222,0.5725004076957703
0.11666666666666667,0.8472222222222222,0.5701083540916443
0.11666666666666667,0.8481481481481481,0.5692493319511414
0.11742424242424243,0.8481481481481481,0.568199634552002
0.11742424242424243,0.85,0.5670795440673828
0.125,0.85,0.5612808465957642
0.125,0.850925925925926,0.5609104633331299
0.12575757575757576,0.850925925925926,0.5598768591880798
0.12575757575757576,0.8518518518518519,0.5590808987617493
0.12651515151515152,0.8518518518518519,0.5590096712112427
0.12651515151515152,0.8537037037037037,0.5570345520973206
0.12727272727272726,0.8537037037037037,0.5569692254066467
0.12727272727272726,0.8574074074074074,0.5530745983123779
0.12878787878787878,0.8574074074074074,0.5503865480422974
0.12878787878787878,0.8583333333333333,0.5502961874008179
0.12954545454545455,0.8583333333333333,0.5491169691085815
0.12954545454545455,0.862037037037037,0.5468336939811707
0.1303030303030303,0.862037037037037,0.5455852746963501
0.1303030303030303,0.8657407407407407,0.5420681238174438
0.13106060606060607,0.8657407407407407,0.5417962670326233
0.13106060606060607,0.8759259259259259,0.5222187042236328
0.1318181818181818,0.8759259259259259,0.5212345123291016
0.1318181818181818,0.8796296296296297,0.517786979675293
0.13257575757575757,0.8796296296296297,0.5176282525062561
0.13257575757575757,0.8861111111111111,0.5096457600593567
0.13333333333333333,0.8861111111111111,0.5095828771591187
0.13333333333333333,0.8898148148148148,0.5044998526573181
0.1340909090909091,0.8898148148148148,0.5044354796409607
0.1340909090909091,0.9203703703703704,0.48162218928337097
0.13484848484848486,0.9203703703703704,0.4805457293987274
0.13484848484848486,0.9259259259259259,0.47782349586486816
0.13636363636363635,0.9259259259259259,0.47708675265312195
0.13636363636363635,0.9296296296296296,0.4738481640815735
0.13712121212121212,0.9296296296296296,0.47275179624557495
0.13712121212121212,0.9314814814814815,0.47072142362594604
0.13787878787878788,0.9314814814814815,0.47015485167503357
0.13787878787878788,0.9342592592592592,0.4690815508365631
0.13863636363636364,0.9342592592592592,0.468243271112442
0.13863636363636364,0.937962962962963,0.4673183858394623
0.1393939393939394,0.937962962962963,0.46718430519104004
0.1393939393939394,0.9444444444444444,0.4638584852218628
0.14015151515151514,0.9444444444444444,0.46347948908805847
0.14015151515151514,0.9462962962962963,0.4633045196533203
0.1409090909090909,0.9462962962962963,0.462647408246994
0.1409090909090909,0.9490740740740741,0.46146613359451294
0.14393939393939395,0.9490740740740741,0.459644615650177
0.14393939393939395,0.9518518518518518,0.45849600434303284
0.14469696969696969,0.9518518518518518,0.4578421711921692
0.14469696969696969,0.9527777777777777,0.4578179717063904
0.1462121212121212,0.9527777777777777,0.4558289051055908
0.1462121212121212,0.9537037037037037,0.4555889666080475
0.15,0.9537037037037037,0.45156553387641907
0.15,0.9583333333333334,0.4497534930706024
0.15075757575757576,0.9583333333333334,0.4494316875934601
0.15075757575757576,0.9648148148148148,0.44411370158195496
0.15227272727272728,0.9648148148148148,0.4420883059501648
0.15227272727272728,0.9712962962962963,0.43022704124450684
0.15303030303030302,0.9712962962962963,0.429360568523407
0.15303030303030302,0.9722222222222222,0.42909249663352966
0.15378787878787878,0.9722222222222222,0.428663045167923
0.15378787878787878,0.9768518518518519,0.4250424802303314
0.15681818181818183,0.9768518518518519,0.42165514826774597
0.15681818181818183,0.9796296296296296,0.41685599088668823
0.1621212121212121,0.9796296296296296,0.40138593316078186
0.1621212121212121,0.9805555555555555,0.4010239243507385
0.16515151515151516,0.9805555555555555,0.3988940119743347
0.16515151515151516,0.9814814814814815,0.3985336124897003
0.24696969696969698,0.9814814814814815,0.3203829824924469
0.24696969696969698,0.9824074074074074,0.32034677267074585
0.2515151515151515,0.9824074074074074,0.31681326031684875
0.2515151515151515,0.9833333333333333,0.31601202487945557
0.3007575757575758,0.9833333333333333,0.26788151264190674
0.3007575757575758,0.9842592592592593,0.26754918694496155
0.3068181818181818,0.9842592592592593,0.26573023200035095
0.3068181818181818,0.9861111111111112,0.2641957402229309
0.3090909090909091,0.9861111111111112,0.261809766292572
0.3090909090909091,0.987037037037037,0.26173466444015503
0.31363636363636366,0.987037037037037,0.2587895095348358
0.31363636363636366,0.9888888888888889,0.2577899694442749
0.3234848484848485,0.9888888888888889,0.2544715702533722
0.3234848484848485,0.9898148148148148,0.2540619373321533
0.325,0.9898148148148148,0.25261184573173523
0.325,0.9907407407407407,0.2524428069591522
0.32651515151515154,0.9907407407407407,0.25197136402130127
0.32651515151515154,0.9916666666666667,0.2512415051460266
0.33181818181818185,0.9916666666666667,0.2491225004196167
0.33181818181818185,0.9925925925925926,0.24906207621097565
0.3325757575757576,0.9925925925925926,0.24891941249370575
0.3325757575757576,0.9935185185185185,0.24863919615745544
0.33484848484848484,0.9935185185185185,0.24768385291099548
0.33484848484848484,0.9944444444444445,0.24706579744815826
0.33636363636363636,0.9944444444444445,0.24636410176753998
0.33636363636363636,0.9953703703703703,0.24616874754428864
0.3393939393939394,0.9953703703703703,0.24566589295864105
0.3393939393939394,0.9962962962962963,0.24562935531139374
0.3446969696969697,0.9962962962962963,0.24204610288143158
0.3446969696969697,0.9972222222222222,0.24185892939567566
0.35378787878787876,0.9972222222222222,0.22596506774425507
0.35378787878787876,0.9981481481481481,0.22592125833034515
0.35454545454545455,0.9981481481481481,0.22427542507648468
0.35454545454545455,0.9990740740740741,0.22208493947982788
0.35833333333333334,0.9990740740740741,0.2200891226530075
0.35833333333333334,1.0,0.2200687825679779
1.0,1.0,0.011248252354562283
