FPR,TPR,Threshold
0.0,0.0,1.9935158491134644
0.0,0.0005263157894736842,0.9935158491134644
0.0,0.06473684210526316,0.986606240272522
0.0,0.06578947368421052,0.986599862575531
0.0,0.7431578947368421,0.7435532212257385
0.002,0.7431578947368421,0.7434033155441284
0.002,0.7442105263157894,0.7430790662765503
0.004,0.7442105263157894,0.7429549694061279
0.004,0.7447368421052631,0.7427564263343811
0.006,0.7447368421052631,0.7425276637077332
0.006,0.7457894736842106,0.742023766040802
0.016,0.7457894736842106,0.7412433624267578
0.016,0.7463157894736843,0.741162896156311
0.02,0.7463157894736843,0.7409403324127197
0.02,0.7473684210526316,0.7405803799629211
0.024,0.7473684210526316,0.7405007481575012
0.024,0.7478947368421053,0.7399970889091492
0.026,0.7478947368421053,0.739559531211853
0.026,0.75,0.7387866973876953
0.028,0.75,0.7386776208877563
0.028,0.7636842105263157,0.7270267009735107
0.03,0.7636842105263157,0.7261868119239807
0.03,0.7657894736842106,0.7224120497703552
0.032,0.7657894736842106,0.7223409414291382
0.032,0.7773684210526316,0.7139164209365845
0.034,0.7773684210526316,0.7136854529380798
0.034,0.7842105263157895,0.710229754447937
0.036,0.7842105263157895,0.710193395614624
0.036,0.7926315789473685,0.7032907009124756
0.038,0.7926315789473685,0.7032562494277954
0.038,0.7984210526315789,0.6944296360015869
0.04,0.7984210526315789,0.6930886507034302
0.04,0.7989473684210526,0.6923635005950928
0.05,0.7989473684210526,0.6898741722106934
0.05,0.8078947368421052,0.6816967725753784
0.052,0.8078947368421052,0.6812768578529358
0.052,0.8105263157894737,0.678928792476654
0.058,0.8105263157894737,0.6747693419456482
0.058,0.8110526315789474,0.6747335195541382
0.062,0.8110526315789474,0.6737473607063293
0.062,0.8115789473684211,0.6736547946929932
0.064,0.8115789473684211,0.6725634932518005
0.064,0.8121052631578948,0.6725127696990967
0.07,0.8121052631578948,0.6699285507202148
0.07,0.8157894736842105,0.6673123836517334
0.072,0.8157894736842105,0.6661496758460999
0.072,0.8184210526315789,0.6647554039955139
0.074,0.8184210526315789,0.6646934747695923
0.074,0.8257894736842105,0.6604846715927124
0.076,0.8257894736842105,0.6598955392837524
0.076,0.8263157894736842,0.6598548293113708
0.08,0.8263157894736842,0.6597475409507751
0.08,0.8289473684210527,0.6574182510375977
0.082,0.8289473684210527,0.6569358110427856
0.082,0.83,0.6559233665466309
0.086,0.83,0.6546206474304199
0.086,0.8310526315789474,0.6522645950317383
0.088,0.8310526315789474,0.6521061062812805
0.088,0.8326315789473684,0.6505517363548279
0.09,0.8326315789473684,0.6504356861114502
0.09,0.8347368421052631,0.6486437320709229
0.094,0.8347368421052631,0.6467363834381104
0.094,0.8357894736842105,0.6457890272140503
0.098,0.8357894736842105,0.6447428464889526
0.098,0.8405263157894737,0.63894122838974
0.1,0.8405263157894737,0.6376808881759644
0.1,0.8426315789473684,0.6334624290466309
0.102,0.8426315789473684,0.6321586966514587
0.102,0.8431578947368421,0.6300945281982422
0.104,0.8431578947368421,0.6296378970146179
0.104,0.8436842105263158,0.6295261383056641
0.106,0.8436842105263158,0.6284789443016052
0.106,0.8494736842105263,0.621029257774353
0.108,0.8494736842105263,0.6208706498146057
0.108,0.8547368421052631,0.6136006712913513
0.11,0.8547368421052631,0.6135025024414062
0.11,0.8573684210526316,0.6102490425109863
0.112,0.8573684210526316,0.6098567247390747
0.112,0.8626315789473684,0.605730414390564
0.114,0.8626315789473684,0.6052054762840271
0.114,0.8657894736842106,0.6011493802070618
0.116,0.8657894736842106,0.6003590822219849
0.116,0.8705263157894737,0.594119131565094
0.118,0.8705263157894737,0.593524158000946
0.118,0.8747368421052631,0.5838974714279175
0.12,0.8747368421052631,0.5838316082954407
0.12,0.891578947368421,0.5474224090576172
0.134,0.891578947368421,0.5306307673454285
0.134,0.8931578947368422,0.5238372087478638
0.136,0.8931578947368422,0.5220159292221069
0.136,0.8936842105263157,0.5213544368743896
0.15,0.8936842105263157,0.5144249200820923
0.15,0.8952631578947369,0.505409300327301
0.154,0.8952631578947369,0.5025956034660339
0.154,0.8957894736842106,0.5017470717430115
0.168,0.8957894736842106,0.4963430166244507
0.168,0.9005263157894737,0.49027445912361145
0.172,0.9005263157894737,0.48989051580429077
0.172,0.9057894736842105,0.48442336916923523
0.174,0.9057894736842105,0.4829616844654083
0.174,0.9063157894736842,0.4802530109882355
0.176,0.9063157894736842,0.4799749255180359
0.176,0.9068421052631579,0.47886359691619873
0.182,0.9068421052631579,0.4768865406513214
0.182,0.9078947368421053,0.472942054271698
0.184,0.9078947368421053,0.4703192114830017
0.184,0.9084210526315789,0.4701694846153259
0.188,0.9084210526315789,0.4683026671409607
0.188,0.9089473684210526,0.46757805347442627
0.19,0.9089473684210526,0.46649426221847534
0.19,0.9094736842105263,0.46385714411735535
0.192,0.9094736842105263,0.4593665301799774
0.192,0.9105263157894737,0.4580579698085785
0.194,0.9105263157894737,0.4577459394931793
0.194,0.9110526315789473,0.45675790309906006
0.196,0.9110526315789473,0.45417746901512146
0.196,0.9142105263157895,0.4472061097621918
0.198,0.9142105263157895,0.4471806585788727
0.198,0.9147368421052632,0.44596999883651733
0.2,0.9147368421052632,0.4458235204219818
0.2,0.9152631578947369,0.44567248225212097
0.21,0.9152631578947369,0.4436917304992676
0.21,0.9157894736842105,0.44364339113235474
0.212,0.9157894736842105,0.44247815012931824
0.212,0.9163157894736842,0.4423861801624298
0.214,0.9163157894736842,0.44049325585365295
0.214,0.9168421052631579,0.44028738141059875
0.218,0.9168421052631579,0.44001612067222595
0.218,0.9178947368421052,0.43953391909599304
0.22,0.9178947368421052,0.43902671337127686
0.22,0.9184210526315789,0.4387452006340027
0.222,0.9184210526315789,0.43645408749580383
0.222,0.9194736842105263,0.43413376808166504
0.226,0.9194736842105263,0.43327802419662476
0.226,0.9210526315789473,0.42796608805656433
0.236,0.9210526315789473,0.42357534170150757
0.236,0.9221052631578948,0.4213826656341553
0.242,0.9221052631578948,0.416097491979599
0.242,0.9231578947368421,0.4104665219783783
0.25,0.9231578947368421,0.4058970510959625
0.25,0.9236842105263158,0.4044192433357239
0.254,0.9236842105263158,0.40216559171676636
0.254,0.9247368421052632,0.3997083306312561
0.256,0.9247368421052632,0.3993982672691345
0.256,0.9278947368421052,0.3969590961933136
0.258,0.9278947368421052,0.39628881216049194
0.258,0.9289473684210526,0.3954542875289917
0.26,0.9289473684210526,0.3953598737716675
0.26,0.9305263157894736,0.39468979835510254
0.262,0.9305263157894736,0.394689679145813
0.262,0.9315789473684211,0.3932644724845886
0.268,0.9315789473684211,0.3922066390514374
0.268,0.9321052631578948,0.39178305864334106
0.278,0.9321052631578948,0.3846089839935303
0.278,0.9331578947368421,0.3838849365711212
0.28,0.9331578947368421,0.3837180435657501
0.28,0.9342105263157895,0.38326138257980347
0.292,0.9342105263157895,0.3786476254463196
0.292,0.9347368421052632,0.3776826560497284
0.304,0.9347368421052632,0.3714388608932495
0.304,0.9352631578947368,0.3703816533088684
0.306,0.9352631578947368,0.36496201157569885
0.306,0.9373684210526316,0.3590092360973358
0.308,0.9373684210526316,0.35832679271698
0.308,0.9378947368421052,0.3532070517539978
0.31,0.9378947368421052,0.3528176546096802
0.31,0.94,0.3513638973236084
0.312,0.94,0.3511379659175873
0.312,0.9442105263157895,0.3467749357223511
0.314,0.9442105263157895,0.34583115577697754
0.314,0.9452631578947368,0.3418355882167816
0.318,0.9452631578947368,0.3414328098297119
0.318,0.9463157894736842,0.34084048867225647
0.322,0.9463157894736842,0.34052297472953796
0.322,0.9468421052631579,0.3401486873626709
0.324,0.9468421052631579,0.3401142656803131
0.324,0.9478947368421052,0.3393854796886444
0.328,0.9478947368421052,0.33871129155158997
0.328,0.9484210526315789,0.33813926577568054
0.332,0.9484210526315789,0.33529913425445557
0.332,0.9521052631578948,0.32556426525115967
0.334,0.9521052631578948,0.32335177063941956
0.334,0.9531578947368421,0.3185170590877533
0.336,0.9531578947368421,0.31622710824012756
0.336,0.9557894736842105,0.3083268702030182
0.338,0.9557894736842105,0.3079434633255005
0.338,0.9563157894736842,0.30662012100219727
0.34,0.9563157894736842,0.30591440200805664
0.34,0.958421052631579,0.3045663833618164
0.344,0.958421052631579,0.30443891882896423
0.344,0.9589473684210527,0.30409303307533264
0.348,0.9589473684210527,0.30372002720832825
0.348,0.96,0.30251938104629517
0.352,0.96,0.30185309052467346
0.352,0.9610526315789474,0.3010137975215912
0.354,0.9610526315789474,0.3007734417915344
0.354,0.9652631578947368,0.28979864716529846
0.356,0.9652631578947368,0.28912004828453064
0.356,0.9657894736842105,0.2888351082801819
0.372,0.9657894736842105,0.2871507704257965
0.372,0.9663157894736842,0.28698667883872986
0.38,0.9663157894736842,0.28392934799194336
0.38,0.9673684210526315,0.27622148394584656
0.384,0.9673684210526315,0.27487704157829285
0.384,0.968421052631579,0.27175232768058777
0.44,0.968421052631579,0.23650699853897095
0.44,0.9689473684210527,0.2343500554561615
0.49,0.9689473684210527,0.2090054750442505
0.49,0.9726315789473684,0.2043982297182083
0.494,0.9726315789473684,0.20271524786949158
0.494,0.9731578947368421,0.20250876247882843
0.508,0.9731578947368421,0.20027580857276917
0.508,0.9736842105263158,0.20006459951400757
0.514,0.9736842105263158,0.1982586532831192
0.514,0.9742105263157895,0.19814443588256836
0.52,0.9742105263157895,0.19742316007614136
0.52,0.9752631578947368,0.19604361057281494
0.522,0.9752631578947368,0.19584177434444427
0.522,0.9763157894736842,0.1957075148820877
0.528,0.9763157894736842,0.19301371276378632
0.528,0.9768421052631578,0.19218091666698456
0.54,0.9768421052631578,0.18945518136024475
0.54,0.9773684210526316,0.1883780062198639
0.554,0.9773684210526316,0.18574582040309906
0.554,0.9778947368421053,0.18475818634033203
0.562,0.9778947368421053,0.18247050046920776
0.562,0.978421052631579,0.18180660903453827
0.574,0.978421052631579,0.1751723438501358
0.574,0.9789473684210527,0.17481286823749542
0.626,0.9789473684210527,0.14684231579303741
0.626,0.9794736842105263,0.14483757317066193
0.672,0.9794736842105263,0.1264975517988205
0.672,0.9805263157894737,0.12319054454565048
0.674,0.9805263157894737,0.12272167950868607
0.674,0.9821052631578947,0.12153660506010056
0.676,0.9821052631578947,0.12122859060764313
0.676,0.9826315789473684,0.12116381525993347
0.678,0.9826315789473684,0.12078743427991867
0.678,0.9852631578947368,0.11877170205116272
0.68,0.9852631578947368,0.11850101500749588
0.68,0.9857894736842105,0.1181885376572609
0.682,0.9857894736842105,0.1181211918592453
0.682,0.9868421052631579,0.11563058942556381
0.69,0.9868421052631579,0.11296379566192627
0.69,0.9873684210526316,0.1128922775387764
0.696,0.9873684210526316,0.1111614778637886
0.696,0.9878947368421053,0.11107298731803894
0.706,0.9878947368421053,0.10934875160455704
0.706,0.988421052631579,0.10852844268083572
0.71,0.988421052631579,0.10714630782604218
0.71,0.9889473684210527,0.10579685866832733
0.714,0.9889473684210527,0.10342880338430405
0.714,0.9894736842105263,0.10281168669462204
0.812,0.9894736842105263,0.0602395161986351
0.812,0.99,0.05922418832778931
0.828,0.99,0.05289515107870102
0.828,0.9936842105263158,0.05150948092341423
0.84,0.9936842105263158,0.04986629635095596
0.84,0.9947368421052631,0.048852309584617615
0.854,0.9947368421052631,0.04788641259074211
0.854,0.9952631578947368,0.047532591968774796
0.858,0.9952631578947368,0.047457680106163025
0.858,0.9957894736842106,0.04745004326105118
0.862,0.9957894736842106,0.04695269837975502
0.862,0.9968421052631579,0.046835701912641525
0.864,0.9968421052631579,0.04678168147802353
0.864,0.9973684210526316,0.04661165177822113
0.866,0.9973684210526316,0.04638538137078285
0.866,0.9978947368421053,0.046383991837501526
0.872,0.9978947368421053,0.044911712408065796
0.872,0.998421052631579,0.04441985860466957
0.878,0.998421052631579,0.04392834007740021
0.878,0.9994736842105263,0.04335802048444748
0.904,0.9994736842105263,0.040680043399333954
0.904,1.0,0.0406285859644413
1.0,1.0,0.0169746782630682
