FPR,TPR,Threshold
0.0,0.0,1.9819805026054382
0.0,0.000925925925925926,0.9819805026054382
0.0,0.28055555555555556,0.8680257797241211
0.0007575757575757576,0.28055555555555556,0.8677500486373901
0.0007575757575757576,0.30833333333333335,0.8576178550720215
0.0015151515151515152,0.30833333333333335,0.8574867844581604
0.0015151515151515152,0.31296296296296294,0.8557151556015015
0.0022727272727272726,0.31296296296296294,0.8552534580230713
0.0022727272727272726,0.31851851851851853,0.8538545966148376
0.0030303030303030303,0.31851851851851853,0.8531925678253174
0.0030303030303030303,0.33425925925925926,0.8491030335426331
0.003787878787878788,0.33425925925925926,0.8486974835395813
0.003787878787878788,0.34444444444444444,0.8456745743751526
0.004545454545454545,0.34444444444444444,0.8455490469932556
0.004545454545454545,0.34814814814814815,0.8437894582748413
0.005303030303030303,0.34814814814814815,0.8436712026596069
0.005303030303030303,0.35,0.8422889113426208
0.00909090909090909,0.35,0.8393681049346924
0.00909090909090909,0.3537037037037037,0.8372100591659546
0.010606060606060607,0.3537037037037037,0.8367807269096375
0.010606060606060607,0.362962962962963,0.8351643681526184
0.011363636363636364,0.362962962962963,0.8350363373756409
0.011363636363636364,0.37037037037037035,0.8331623077392578
0.012878787878787878,0.37037037037037035,0.8324130177497864
0.012878787878787878,0.37407407407407406,0.8317494988441467
0.013636363636363636,0.37407407407407406,0.8312285542488098
0.013636363636363636,0.3768518518518518,0.830185055732727
0.014393939393939395,0.3768518518518518,0.8301706314086914
0.014393939393939395,0.38055555555555554,0.8291112780570984
0.015151515151515152,0.38055555555555554,0.8290742635726929
0.015151515151515152,0.38333333333333336,0.8275919556617737
0.015909090909090907,0.38333333333333336,0.8267428278923035
0.015909090909090907,0.38425925925925924,0.8264177441596985
0.016666666666666666,0.38425925925925924,0.8263992071151733
0.016666666666666666,0.38981481481481484,0.8252108097076416
0.01818181818181818,0.38981481481481484,0.8247599601745605
0.01818181818181818,0.3907407407407407,0.8244430422782898
0.01893939393939394,0.3907407407407407,0.8240974545478821
0.01893939393939394,0.39444444444444443,0.8226967453956604
0.019696969696969695,0.39444444444444443,0.8222496509552002
0.019696969696969695,0.39537037037037037,0.8213645219802856
0.020454545454545454,0.39537037037037037,0.8213046789169312
0.020454545454545454,0.3990740740740741,0.8198134899139404
0.021212121212121213,0.3990740740740741,0.8196501731872559
0.021212121212121213,0.4,0.8185098767280579
0.02196969696969697,0.4,0.8175613880157471
0.02196969696969697,0.4064814814814815,0.8158838748931885
0.022727272727272728,0.4064814814814815,0.8154407143592834
0.022727272727272728,0.4074074074074074,0.8153529763221741
0.023484848484848483,0.4074074074074074,0.8151795268058777
0.023484848484848483,0.41759259259259257,0.8122649788856506
0.024242424242424242,0.41759259259259257,0.8120770454406738
0.024242424242424242,0.4212962962962963,0.8100876212120056
0.025,0.4212962962962963,0.8100399374961853
0.025,0.42777777777777776,0.8074569702148438
0.026515151515151516,0.42777777777777776,0.8072097301483154
0.026515151515151516,0.4398148148148148,0.8037646412849426
0.02727272727272727,0.4398148148148148,0.8036695718765259
0.02727272727272727,0.4546296296296296,0.8000158667564392
0.02803030303030303,0.4546296296296296,0.7989813089370728
0.02803030303030303,0.4898148148148148,0.7904189825057983
0.02878787878787879,0.4898148148148148,0.7903791069984436
0.02878787878787879,0.5037037037037037,0.7856665253639221
0.029545454545454545,0.5037037037037037,0.7856515645980835
0.029545454545454545,0.5101851851851852,0.7824195027351379
0.030303030303030304,0.5101851851851852,0.782277524471283
0.030303030303030304,0.512962962962963,0.7806237936019897
0.03106060606060606,0.512962962962963,0.7799267172813416
0.03106060606060606,0.5157407407407407,0.7781134247779846
0.031818181818181815,0.5157407407407407,0.7772724628448486
0.031818181818181815,0.5305555555555556,0.7705810070037842
0.03257575757575758,0.5305555555555556,0.7702720165252686
0.03257575757575758,0.5333333333333333,0.7692722678184509
0.03333333333333333,0.5333333333333333,0.7691256999969482
0.03333333333333333,0.5416666666666666,0.7626253366470337
0.03409090909090909,0.5416666666666666,0.7606039643287659
0.03409090909090909,0.5472222222222223,0.7569586634635925
0.035606060606060606,0.5472222222222223,0.7562311887741089
0.035606060606060606,0.5537037037037037,0.7537428736686707
0.03636363636363636,0.5537037037037037,0.7529589533805847
0.03636363636363636,0.5546296296296296,0.7523460388183594
0.037121212121212124,0.5546296296296296,0.751545786857605
0.037121212121212124,0.5574074074074075,0.7499890327453613
0.03787878787878788,0.5574074074074075,0.7495031952857971
0.03787878787878788,0.5583333333333333,0.7483192682266235
0.038636363636363635,0.5583333333333333,0.7479537725448608
0.038636363636363635,0.562037037037037,0.7448005080223083
0.04090909090909091,0.562037037037037,0.7428616881370544
0.04090909090909091,0.562962962962963,0.7421883940696716
0.04318181818181818,0.562962962962963,0.7412199378013611
0.04318181818181818,0.5675925925925925,0.7396873235702515
0.04393939393939394,0.5675925925925925,0.739642322063446
0.04393939393939394,0.5703703703703704,0.7381607890129089
0.045454545454545456,0.5703703703703704,0.7366207838058472
0.045454545454545456,0.5722222222222222,0.735123872756958
0.04772727272727273,0.5722222222222222,0.7345908284187317
0.04772727272727273,0.5787037037037037,0.7316182851791382
0.048484848484848485,0.5787037037037037,0.7312674522399902
0.048484848484848485,0.5814814814814815,0.7307800650596619
0.04924242424242424,0.5814814814814815,0.7307084202766418
0.04924242424242424,0.5879629629629629,0.7263774275779724
0.05,0.5879629629629629,0.7241631746292114
0.05,0.5916666666666667,0.7231049537658691
0.05075757575757576,0.5916666666666667,0.7223998308181763
0.05075757575757576,0.6046296296296296,0.7156019806861877
0.05227272727272727,0.6046296296296296,0.7155275940895081
0.05227272727272727,0.6240740740740741,0.7050686478614807
0.05303030303030303,0.6240740740740741,0.7050663232803345
0.05303030303030303,0.6268518518518519,0.7021228075027466
0.05378787878787879,0.6268518518518519,0.7020739316940308
0.05378787878787879,0.6305555555555555,0.7003523707389832
0.05454545454545454,0.6305555555555555,0.7000464200973511
0.05454545454545454,0.6342592592592593,0.6984246969223022
0.055303030303030305,0.6342592592592593,0.6978342533111572
0.055303030303030305,0.6351851851851852,0.6976549029350281
0.05606060606060606,0.6351851851851852,0.6969179511070251
0.05606060606060606,0.637962962962963,0.6962237358093262
0.058333333333333334,0.637962962962963,0.6947945952415466
0.058333333333333334,0.6435185185185185,0.6933585405349731
0.05909090909090909,0.6435185185185185,0.6932903528213501
0.05909090909090909,0.6555555555555556,0.6890503168106079
0.059848484848484845,0.6555555555555556,0.6886694431304932
0.059848484848484845,0.6601851851851852,0.6869361400604248
0.06060606060606061,0.6601851851851852,0.6866850256919861
0.06060606060606061,0.6675925925925926,0.6852508783340454
0.06212121212121212,0.6675925925925926,0.6849550008773804
0.06212121212121212,0.6759259259259259,0.6813014149665833
0.06287878787878788,0.6759259259259259,0.6806400418281555
0.06287878787878788,0.6888888888888889,0.6759129166603088
0.06363636363636363,0.6888888888888889,0.6756676435470581
0.06363636363636363,0.6935185185185185,0.6719294190406799
0.06439393939393939,0.6935185185185185,0.671771764755249
0.06439393939393939,0.6990740740740741,0.6663561463356018
0.06515151515151515,0.6990740740740741,0.6663220524787903
0.06515151515151515,0.700925925925926,0.6659419536590576
0.0659090909090909,0.700925925925926,0.6659120917320251
0.0659090909090909,0.7018518518518518,0.6654806137084961
0.06666666666666667,0.7018518518518518,0.6653016805648804
0.06666666666666667,0.7037037037037037,0.6636194586753845
0.06742424242424243,0.7037037037037037,0.6630265116691589
0.06742424242424243,0.7101851851851851,0.6596860289573669
0.06818181818181818,0.7101851851851851,0.6595705151557922
0.06818181818181818,0.7111111111111111,0.6592310070991516
0.07121212121212121,0.7111111111111111,0.6566911339759827
0.07121212121212121,0.7166666666666667,0.6505427956581116
0.07348484848484849,0.7166666666666667,0.6462137699127197
0.07348484848484849,0.7175925925925926,0.6461933255195618
0.07424242424242425,0.7175925925925926,0.6458484530448914
0.07424242424242425,0.7185185185185186,0.6458040475845337
0.075,0.7185185185185186,0.6452227234840393
0.075,0.7222222222222222,0.642740786075592
0.07575757575757576,0.7222222222222222,0.6415715217590332
0.07575757575757576,0.725925925925926,0.6402037143707275
0.07651515151515151,0.725925925925926,0.6401583552360535
0.07651515151515151,0.7296296296296296,0.6398776769638062
0.07727272727272727,0.7296296296296296,0.6394762992858887
0.07727272727272727,0.7361111111111112,0.636834442615509
0.07803030303030303,0.7361111111111112,0.6367571353912354
0.07803030303030303,0.737037037037037,0.636064887046814
0.07878787878787878,0.737037037037037,0.6355768442153931
0.07878787878787878,0.7388888888888889,0.6354045271873474
0.08106060606060606,0.7388888888888889,0.6341156363487244
0.08106060606060606,0.7444444444444445,0.6291397213935852
0.08181818181818182,0.7444444444444445,0.6289364099502563
0.08181818181818182,0.7481481481481481,0.6253242492675781
0.08257575757575758,0.7481481481481481,0.6246548891067505
0.08257575757575758,0.75,0.6220583915710449
0.08409090909090909,0.75,0.6214295625686646
0.08409090909090909,0.7555555555555555,0.6168880462646484
0.08484848484848485,0.7555555555555555,0.616080641746521
0.08484848484848485,0.7564814814814815,0.6160033941268921
0.08636363636363636,0.7564814814814815,0.6158592700958252
0.08636363636363636,0.7583333333333333,0.6152555346488953
0.08712121212121213,0.7583333333333333,0.6145426034927368
0.08712121212121213,0.7611111111111111,0.6129515171051025
0.08787878787878788,0.7611111111111111,0.612518310546875
0.08787878787878788,0.7657407407407407,0.6052566170692444
0.08863636363636364,0.7657407407407407,0.6046293377876282
0.08863636363636364,0.7666666666666667,0.6044691205024719
0.09090909090909091,0.7666666666666667,0.6025285124778748
0.09090909090909091,0.7675925925925926,0.601970911026001
0.09166666666666666,0.7675925925925926,0.6014351844787598
0.09166666666666666,0.7685185185185185,0.6009032726287842
0.09318181818181819,0.7685185185185185,0.6003745794296265
0.09318181818181819,0.7694444444444445,0.6003192067146301
0.09772727272727273,0.7694444444444445,0.596132755279541
0.09772727272727273,0.7722222222222223,0.5943500995635986
0.09848484848484848,0.7722222222222223,0.5941243767738342
0.09848484848484848,0.7731481481481481,0.5931453108787537
0.1,0.7731481481481481,0.5903440117835999
0.1,0.775,0.5874765515327454
0.10075757575757575,0.775,0.5872833728790283
0.10075757575757575,0.7777777777777778,0.5850704908370972
0.10151515151515152,0.7777777777777778,0.584911048412323
0.10151515151515152,0.7805555555555556,0.584063708782196
0.10303030303030303,0.7805555555555556,0.582346498966217
0.10303030303030303,0.7814814814814814,0.5823101997375488
0.1053030303030303,0.7814814814814814,0.5812320709228516
0.1053030303030303,0.7824074074074074,0.5808862447738647
0.10606060606060606,0.7824074074074074,0.5805350542068481
0.10606060606060606,0.7833333333333333,0.5801374912261963
0.10681818181818181,0.7833333333333333,0.5798879265785217
0.10681818181818181,0.7861111111111111,0.5773488283157349
0.10757575757575757,0.7861111111111111,0.5772321820259094
0.10757575757575757,0.7870370370370371,0.5768580436706543
0.10833333333333334,0.7870370370370371,0.576374888420105
0.10833333333333334,0.7888888888888889,0.5756597518920898
0.10909090909090909,0.7888888888888889,0.5744596123695374
0.10909090909090909,0.7916666666666666,0.5737903118133545
0.11060606060606061,0.7916666666666666,0.5729092359542847
0.11060606060606061,0.7935185185185185,0.5718410015106201
0.11136363636363636,0.7935185185185185,0.5715437531471252
0.11136363636363636,0.7953703703703704,0.5708224773406982
0.11212121212121212,0.7953703703703704,0.5707118511199951
0.11212121212121212,0.7981481481481482,0.5694341063499451
0.11287878787878788,0.7981481481481482,0.5691467523574829
0.11287878787878788,0.8009259259259259,0.5669556856155396
0.11363636363636363,0.8009259259259259,0.5665783882141113
0.11363636363636363,0.8027777777777778,0.566061794757843
0.1159090909090909,0.8027777777777778,0.5608910322189331
0.1159090909090909,0.8037037037037037,0.5602108836174011
0.11818181818181818,0.8037037037037037,0.5593491792678833
0.11818181818181818,0.8046296296296296,0.5586242079734802
0.11893939393939394,0.8046296296296296,0.5576644539833069
0.11893939393939394,0.8055555555555556,0.5576298832893372
0.12045454545454545,0.8055555555555556,0.5570297837257385
0.12045454545454545,0.8064814814814815,0.5568315982818604
0.12272727272727273,0.8064814814814815,0.5535215735435486
0.12272727272727273,0.8074074074074075,0.5532575249671936
0.12424242424242424,0.8074074074074075,0.5518276691436768
0.12424242424242424,0.8083333333333333,0.5514503717422485
0.125,0.8083333333333333,0.5513185858726501
0.125,0.8092592592592592,0.5510466694831848
0.12651515151515152,0.8092592592592592,0.5498583912849426
0.12651515151515152,0.812037037037037,0.5482316613197327
0.12727272727272726,0.812037037037037,0.5481875538825989
0.12727272727272726,0.8203703703703704,0.5419237017631531
0.12878787878787878,0.8203703703703704,0.5406180620193481
0.12878787878787878,0.8277777777777777,0.5359911322593689
0.12954545454545455,0.8277777777777777,0.5354853868484497
0.12954545454545455,0.8287037037037037,0.5352648496627808
0.1303030303030303,0.8287037037037037,0.5340498685836792
0.1303030303030303,0.8296296296296296,0.5329810976982117
0.13257575757575757,0.8296296296296296,0.5311089158058167
0.13257575757575757,0.8305555555555556,0.5309756994247437
0.13333333333333333,0.8305555555555556,0.5296767354011536
0.13333333333333333,0.8314814814814815,0.5288927555084229
0.1340909090909091,0.8314814814814815,0.5276159644126892
0.1340909090909091,0.8333333333333334,0.5271567106246948
0.13560606060606062,0.8333333333333334,0.5259228348731995
0.13560606060606062,0.8351851851851851,0.5248990058898926
0.13636363636363635,0.8351851851851851,0.5248919725418091
0.13636363636363635,0.8361111111111111,0.5244410634040833
0.13787878787878788,0.8361111111111111,0.5217617750167847
0.13787878787878788,0.8379629629629629,0.5200116634368896
0.14015151515151514,0.8379629629629629,0.5179546475410461
0.14015151515151514,0.8388888888888889,0.5177214741706848
0.14166666666666666,0.8388888888888889,0.515681266784668
0.14166666666666666,0.8435185185185186,0.5095390677452087
0.14393939393939395,0.8435185185185186,0.5061146020889282
0.14393939393939395,0.8462962962962963,0.5052178502082825
0.14545454545454545,0.8462962962962963,0.5039314031600952
0.14545454545454545,0.8481481481481481,0.5034478902816772
0.1484848484848485,0.8481481481481481,0.49935775995254517
0.1484848484848485,0.85,0.4976082444190979
0.15075757575757576,0.85,0.49506330490112305
0.15075757575757576,0.850925925925926,0.49424412846565247
0.15227272727272728,0.850925925925926,0.4929179549217224
0.15227272727272728,0.8518518518518519,0.49173808097839355
0.1553030303030303,0.8518518518518519,0.48828208446502686
0.1553030303030303,0.8537037037037037,0.4858260154724121
0.15681818181818183,0.8537037037037037,0.48227953910827637
0.15681818181818183,0.8546296296296296,0.4819152355194092
0.15757575757575756,0.8546296296296296,0.48183396458625793
0.15757575757575756,0.8555555555555555,0.4811652600765228
0.1590909090909091,0.8555555555555555,0.4807380735874176
0.1590909090909091,0.8583333333333333,0.47757527232170105
0.15984848484848485,0.8583333333333333,0.4764597713947296
0.15984848484848485,0.8592592592592593,0.4762389361858368
0.1621212121212121,0.8592592592592593,0.47460150718688965
0.1621212121212121,0.862037037037037,0.47352126240730286
0.16287878787878787,0.862037037037037,0.47326186299324036
0.16287878787878787,0.8629629629629629,0.47251102328300476
0.16363636363636364,0.8629629629629629,0.4723447263240814
0.16363636363636364,0.8638888888888889,0.47221726179122925
0.16515151515151516,0.8638888888888889,0.4704446792602539
0.16515151515151516,0.8648148148148148,0.4697645604610443
0.16590909090909092,0.8648148148148148,0.4694425165653229
0.16590909090909092,0.8657407407407407,0.46840453147888184
0.16666666666666666,0.8657407407407407,0.46682363748550415
0.16666666666666666,0.8666666666666667,0.4646930396556854
0.16742424242424242,0.8666666666666667,0.46373069286346436
0.16742424242424242,0.8685185185185185,0.4611779749393463
0.16893939393939394,0.8685185185185185,0.46026310324668884
0.16893939393939394,0.8703703703703703,0.4566009044647217
0.1696969696969697,0.8703703703703703,0.45627716183662415
0.1696969696969697,0.8712962962962963,0.4556599259376526
0.17045454545454544,0.8712962962962963,0.45550572872161865
0.17045454545454544,0.8722222222222222,0.4551231563091278
0.17196969696969697,0.8722222222222222,0.4539608955383301
0.17196969696969697,0.8759259259259259,0.451885461807251
0.17272727272727273,0.8759259259259259,0.45174723863601685
0.17272727272727273,0.8777777777777778,0.45058000087738037
0.1734848484848485,0.8777777777777778,0.45020729303359985
0.1734848484848485,0.8814814814814815,0.4476660490036011
0.175,0.8814814814814815,0.44694390892982483
0.175,0.8824074074074074,0.44617176055908203
0.1765151515151515,0.8824074074074074,0.445974737405777
0.1765151515151515,0.8833333333333333,0.44585636258125305
0.17727272727272728,0.8833333333333333,0.445706307888031
0.17727272727272728,0.8842592592592593,0.4451160132884979
0.17803030303030304,0.8842592592592593,0.44460341334342957
0.17803030303030304,0.8851851851851852,0.4433390200138092
0.1803030303030303,0.8851851851851852,0.44191065430641174
0.1803030303030303,0.8861111111111111,0.44189009070396423
0.18333333333333332,0.8861111111111111,0.4390479326248169
0.18333333333333332,0.8888888888888888,0.4385659098625183
0.18484848484848485,0.8888888888888888,0.438492089509964
0.18484848484848485,0.8916666666666667,0.43764519691467285
0.18636363636363637,0.8916666666666667,0.436661958694458
0.18636363636363637,0.8925925925925926,0.4365266263484955
0.18863636363636363,0.8925925925925926,0.43366143107414246
0.18863636363636363,0.8935185185185185,0.4336387515068054
0.19090909090909092,0.8935185185185185,0.4328330457210541
0.19090909090909092,0.8944444444444445,0.4327171742916107
0.19318181818181818,0.8944444444444445,0.4317581355571747
0.19318181818181818,0.8953703703703704,0.4311487674713135
0.19393939393939394,0.8953703703703704,0.43043550848960876
0.19393939393939394,0.8962962962962963,0.4295395314693451
0.1946969696969697,0.8962962962962963,0.4289422929286957
0.1946969696969697,0.8972222222222223,0.4281911551952362
0.1962121212121212,0.8972222222222223,0.4276779890060425
0.1962121212121212,0.8981481481481481,0.42717307806015015
0.19696969696969696,0.8981481481481481,0.42667144536972046
0.19696969696969696,0.899074074074074,0.4266578257083893
0.20454545454545456,0.899074074074074,0.42259493470191956
0.20454545454545456,0.9018518518518519,0.42150259017944336
0.20606060606060606,0.9018518518518519,0.4207153618335724
0.20606060606060606,0.9037037037037037,0.419954389333725
0.2128787878787879,0.9037037037037037,0.41904839873313904
0.2128787878787879,0.9055555555555556,0.41860565543174744
0.2143939393939394,0.9055555555555556,0.41785550117492676
0.2143939393939394,0.9083333333333333,0.41741546988487244
0.21666666666666667,0.9083333333333333,0.41620951890945435
0.21666666666666667,0.9092592592592592,0.41594335436820984
0.21742424242424244,0.9092592592592592,0.41569578647613525
0.21742424242424244,0.9101851851851852,0.4156758487224579
0.21818181818181817,0.9101851851851852,0.4152650535106659
0.21818181818181817,0.912962962962963,0.4117908775806427
0.21893939393939393,0.912962962962963,0.4116296172142029
0.21893939393939393,0.9138888888888889,0.41062915325164795
0.22045454545454546,0.9138888888888889,0.40944865345954895
0.22045454545454546,0.9148148148148149,0.40911149978637695
0.22121212121212122,0.9148148148148149,0.4090370535850525
0.22121212121212122,0.9157407407407407,0.40805783867836
0.225,0.9157407407407407,0.4055723249912262
0.225,0.9166666666666666,0.4053807854652405
0.2265151515151515,0.9166666666666666,0.4048502743244171
0.2265151515151515,0.9175925925925926,0.40449392795562744
0.22727272727272727,0.9175925925925926,0.40442922711372375
0.22727272727272727,0.9185185185185185,0.4031500816345215
0.23106060606060605,0.9185185185185185,0.40164920687675476
0.23106060606060605,0.9212962962962963,0.40069612860679626
0.23257575757575757,0.9212962962962963,0.398885041475296
0.23257575757575757,0.9222222222222223,0.39861711859703064
0.23484848484848486,0.9222222222222223,0.397652804851532
0.23484848484848486,0.925,0.3962744176387787
0.23787878787878788,0.925,0.39569753408432007
0.23787878787878788,0.9268518518518518,0.3949327766895294
0.23939393939393938,0.9268518518518518,0.3946639895439148
0.23939393939393938,0.9287037037037037,0.39438825845718384
0.24166666666666667,0.9287037037037037,0.39286836981773376
0.24166666666666667,0.9296296296296296,0.3928592801094055
0.24242424242424243,0.9296296296296296,0.39278849959373474
0.24242424242424243,0.9305555555555556,0.39215487241744995
0.2446969696969697,0.9305555555555556,0.3914208710193634
0.2446969696969697,0.9333333333333333,0.39047014713287354
0.24621212121212122,0.9333333333333333,0.3893834352493286
0.24621212121212122,0.9342592592592592,0.3891758620738983
0.25606060606060604,0.9342592592592592,0.38580265641212463
0.25606060606060604,0.9351851851851852,0.38517433404922485
0.26136363636363635,0.9351851851851852,0.37823712825775146
0.26136363636363635,0.9361111111111111,0.3781353831291199
0.26212121212121214,0.9361111111111111,0.37786272168159485
0.26212121212121214,0.937037037037037,0.377739816904068
0.2628787878787879,0.937037037037037,0.37773749232292175
0.2628787878787879,0.937962962962963,0.3762776851654053
0.2643939393939394,0.937962962962963,0.37510085105895996
0.2643939393939394,0.9407407407407408,0.37445545196533203
0.26515151515151514,0.9407407407407408,0.3737551271915436
0.26515151515151514,0.9416666666666667,0.3734878897666931
0.2681818181818182,0.9416666666666667,0.37186479568481445
0.2681818181818182,0.9453703703703704,0.37075522541999817
0.2696969696969697,0.9453703703703704,0.37047189474105835
0.2696969696969697,0.9472222222222222,0.37041860818862915
0.275,0.9472222222222222,0.3684178590774536
0.275,0.9481481481481482,0.3681703209877014
0.2825757575757576,0.9481481481481482,0.36258575320243835
0.2825757575757576,0.9490740740740741,0.362514853477478
0.28939393939393937,0.9490740740740741,0.3599468767642975
0.28939393939393937,0.95,0.35984599590301514
0.29318181818181815,0.95,0.35767537355422974
0.29318181818181815,0.950925925925926,0.35754817724227905
0.2946969696969697,0.950925925925926,0.3557030260562897
0.2946969696969697,0.9518518518518518,0.355644553899765
0.2962121212121212,0.9518518518518518,0.3543517589569092
0.2962121212121212,0.9537037037037037,0.3537444472312927
0.3007575757575758,0.9537037037037037,0.34978222846984863
0.3007575757575758,0.9546296296296296,0.34812694787979126
0.3212121212121212,0.9546296296296296,0.33204934000968933
0.3212121212121212,0.9555555555555556,0.33204638957977295
0.3287878787878788,0.9555555555555556,0.3286827802658081
0.3287878787878788,0.9564814814814815,0.3284655809402466
0.3333333333333333,0.9564814814814815,0.32291078567504883
0.3333333333333333,0.9574074074074074,0.32288238406181335
0.3393939393939394,0.9574074074074074,0.3185819387435913
0.3393939393939394,0.9583333333333334,0.3179337978363037
0.34015151515151515,0.9583333333333334,0.31790891289711
0.34015151515151515,0.9592592592592593,0.31698131561279297
0.3704545454545455,0.9592592592592593,0.30298978090286255
0.3704545454545455,0.9601851851851851,0.30297839641571045
0.3840909090909091,0.9601851851851851,0.29144448041915894
0.3840909090909091,0.9611111111111111,0.291072279214859
0.4212121212121212,0.9611111111111111,0.2711332142353058
0.4212121212121212,0.962037037037037,0.2697160840034485
0.4409090909090909,0.962037037037037,0.2567513585090637
0.4409090909090909,0.9629629629629629,0.2562924325466156
0.46893939393939393,0.9629629629629629,0.23686425387859344
0.46893939393939393,0.9638888888888889,0.2363681197166443
0.48484848484848486,0.9638888888888889,0.2275366485118866
0.48484848484848486,0.9648148148148148,0.22745786607265472
0.4954545454545455,0.9648148148148148,0.21906732022762299
0.4954545454545455,0.9657407407407408,0.2187986671924591
0.49772727272727274,0.9657407407407408,0.21713164448738098
0.49772727272727274,0.9666666666666667,0.2166319191455841
0.5303030303030303,0.9666666666666667,0.20753775537014008
0.5303030303030303,0.9675925925925926,0.2071826457977295
0.5318181818181819,0.9675925925925926,0.20632442831993103
0.5318181818181819,0.9685185185185186,0.20630031824111938
0.5340909090909091,0.9685185185185186,0.20548903942108154
0.5340909090909091,0.9694444444444444,0.20538800954818726
0.5666666666666667,0.9694444444444444,0.1978091150522232
0.5666666666666667,0.9712962962962963,0.19761426746845245
0.5674242424242424,0.9712962962962963,0.1972770094871521
0.5674242424242424,0.9722222222222222,0.19722594320774078
0.5818181818181818,0.9722222222222222,0.1946013867855072
0.5818181818181818,0.9731481481481481,0.1944570541381836
0.5825757575757575,0.9731481481481481,0.19437099993228912
0.5825757575757575,0.975925925925926,0.19408294558525085
0.5840909090909091,0.975925925925926,0.19401121139526367
0.5840909090909091,0.9768518518518519,0.19398459792137146
0.5848484848484848,0.9768518518518519,0.19392971694469452
0.5848484848484848,0.9777777777777777,0.19364027678966522
0.5886363636363636,0.9777777777777777,0.1928435117006302
0.5886363636363636,0.9796296296296296,0.1927042156457901
0.6371212121212121,0.9796296296296296,0.1815565675497055
0.6371212121212121,0.9805555555555555,0.1815146952867508
0.6446969696969697,0.9805555555555555,0.18042424321174622
0.6446969696969697,0.9814814814814815,0.18014772236347198
0.728030303030303,0.9814814814814815,0.1571265012025833
0.728030303030303,0.9824074074074074,0.15647326409816742
0.7318181818181818,0.9824074074074074,0.15463784337043762
0.7318181818181818,0.9833333333333333,0.15430045127868652
0.7333333333333333,0.9833333333333333,0.15393608808517456
0.7333333333333333,0.9842592592592593,0.15306635200977325
0.7598484848484849,0.9842592592592593,0.1433972865343094
0.7598484848484849,0.9851851851851852,0.14338521659374237
0.7628787878787879,0.9851851851851852,0.14270296692848206
0.7628787878787879,0.9861111111111112,0.14219292998313904
0.7636363636363637,0.9861111111111112,0.14200849831104279
0.7636363636363637,0.9888888888888889,0.1411622166633606
0.7651515151515151,0.9888888888888889,0.13951535522937775
0.7651515151515151,0.9916666666666667,0.138856440782547
0.7734848484848484,0.9916666666666667,0.13591748476028442
0.7734848484848484,0.9925925925925926,0.13564349710941315
0.7863636363636364,0.9925925925925926,0.13104236125946045
0.7863636363636364,0.9935185185185185,0.13094130158424377
0.8,0.9935185185185185,0.1286221593618393
0.8,0.9944444444444445,0.12846188247203827
0.821969696969697,0.9944444444444445,0.1203979104757309
0.821969696969697,0.9962962962962963,0.11984654515981674
0.8265151515151515,0.9962962962962963,0.11842535436153412
0.8265151515151515,0.9972222222222222,0.11741498112678528
0.8409090909090909,0.9972222222222222,0.111551932990551
0.8409090909090909,0.9981481481481481,0.11148933321237564
0.8416666666666667,0.9981481481481481,0.11125479638576508
0.8416666666666667,0.9990740740740741,0.11089479178190231
0.8583333333333333,0.9990740740740741,0.1040843054652214
0.8583333333333333,1.0,0.10403446853160858
1.0,1.0,0.020863628014922142
