FPR,TPR,Threshold
0.0,0.0,1.962982177734375
0.0,0.0009615384615384616,0.962982177734375
0.0,0.028846153846153848,0.9245726466178894
0.0007352941176470588,0.028846153846153848,0.9237264394760132
0.0007352941176470588,0.04326923076923077,0.9161423444747925
0.0022058823529411764,0.04326923076923077,0.9146210551261902
0.0022058823529411764,0.047115384615384615,0.9121504426002502
0.0029411764705882353,0.047115384615384615,0.912024736404419
0.0029411764705882353,0.04903846153846154,0.9111248850822449
0.003676470588235294,0.04903846153846154,0.909645140171051
0.003676470588235294,0.05480769230769231,0.9083235859870911
0.004411764705882353,0.05480769230769231,0.9070179462432861
0.004411764705882353,0.05961538461538462,0.9062053561210632
0.005147058823529412,0.05961538461538462,0.9057740569114685
0.005147058823529412,0.06057692307692308,0.9053130745887756
0.006617647058823529,0.06057692307692308,0.903249979019165
0.006617647058823529,0.0625,0.9030557870864868
0.007352941176470588,0.0625,0.9030265212059021
0.007352941176470588,0.06346153846153846,0.9022329449653625
0.009558823529411765,0.06346153846153846,0.8989556431770325
0.009558823529411765,0.06442307692307692,0.8987625241279602
0.010294117647058823,0.06442307692307692,0.8984781503677368
0.010294117647058823,0.075,0.8862874507904053
0.011029411764705883,0.075,0.8860360383987427
0.011029411764705883,0.08461538461538462,0.8826248049736023
0.011764705882352941,0.08461538461538462,0.8819629549980164
0.011764705882352941,0.08846153846153847,0.8800467848777771
0.0125,0.08846153846153847,0.8797723054885864
0.0125,0.1201923076923077,0.8677535057067871
0.013235294117647059,0.1201923076923077,0.8672931790351868
0.013235294117647059,0.1326923076923077,0.8615669012069702
0.013970588235294118,0.1326923076923077,0.860459566116333
0.013970588235294118,0.13365384615384615,0.8599492311477661
0.014705882352941176,0.13365384615384615,0.8592351675033569
0.014705882352941176,0.13653846153846153,0.8580352067947388
0.016176470588235296,0.13653846153846153,0.8567375540733337
0.016176470588235296,0.1375,0.8560255765914917
0.01764705882352941,0.1375,0.8550365567207336
0.01764705882352941,0.14134615384615384,0.8519970774650574
0.01838235294117647,0.14134615384615384,0.85149747133255
0.01838235294117647,0.1423076923076923,0.8514555096626282
0.01911764705882353,0.1423076923076923,0.8512828350067139
0.01911764705882353,0.15,0.8466237783432007
0.019852941176470587,0.15,0.8463554382324219
0.019852941176470587,0.1596153846153846,0.8431578874588013
0.021323529411764706,0.1596153846153846,0.8428314924240112
0.021323529411764706,0.16346153846153846,0.8395907282829285
0.022058823529411766,0.16346153846153846,0.8389202356338501
0.022058823529411766,0.17403846153846153,0.8338890075683594
0.022794117647058822,0.17403846153846153,0.8334839940071106
0.022794117647058822,0.17596153846153847,0.8331577777862549
0.023529411764705882,0.17596153846153847,0.8319793343544006
0.023529411764705882,0.18076923076923077,0.8282164931297302
0.02426470588235294,0.18076923076923077,0.8282020092010498
0.02426470588235294,0.18461538461538463,0.8273347020149231
0.025,0.18461538461538463,0.8272944688796997
0.025,0.20288461538461539,0.8190577030181885
0.025735294117647058,0.20288461538461539,0.8188763856887817
0.025735294117647058,0.20576923076923076,0.8183450698852539
0.026470588235294117,0.20576923076923076,0.8181495070457458
0.026470588235294117,0.22596153846153846,0.8027315735816956
0.027205882352941177,0.22596153846153846,0.8027165532112122
0.027205882352941177,0.22692307692307692,0.8017076849937439
0.027941176470588237,0.22692307692307692,0.801425039768219
0.027941176470588237,0.2548076923076923,0.7859612703323364
0.028676470588235293,0.2548076923076923,0.7849726676940918
0.028676470588235293,0.25769230769230766,0.7839798927307129
0.029411764705882353,0.25769230769230766,0.7835795283317566
0.029411764705882353,0.2605769230769231,0.7821281552314758
0.030147058823529412,0.2605769230769231,0.7817469239234924
0.030147058823529412,0.26634615384615384,0.7789639234542847
0.030882352941176472,0.26634615384615384,0.7789532542228699
0.030882352941176472,0.2673076923076923,0.7788123488426208
0.03161764705882353,0.2673076923076923,0.7784940004348755
0.03161764705882353,0.2721153846153846,0.7773140072822571
0.03235294117647059,0.2721153846153846,0.7771004438400269
0.03235294117647059,0.2798076923076923,0.7732665538787842
0.03455882352941177,0.2798076923076923,0.772427499294281
0.03455882352941177,0.28365384615384615,0.7690489292144775
0.03529411764705882,0.28365384615384615,0.7689437866210938
0.03529411764705882,0.28942307692307695,0.767277717590332
0.03602941176470588,0.28942307692307695,0.7672173380851746
0.03602941176470588,0.29134615384615387,0.7661915421485901
0.03676470588235294,0.29134615384615387,0.7659878730773926
0.03676470588235294,0.29615384615384616,0.7646273970603943
0.0375,0.29615384615384616,0.7643176913261414
0.0375,0.29903846153846153,0.7632639408111572
0.03823529411764706,0.29903846153846153,0.7629876732826233
0.03823529411764706,0.30096153846153845,0.7622750997543335
0.039705882352941174,0.30096153846153845,0.7605748176574707
0.039705882352941174,0.3019230769230769,0.7605376839637756
0.04044117647058824,0.3019230769230769,0.7604376673698425
0.04044117647058824,0.30288461538461536,0.7590439915657043
0.041176470588235294,0.30288461538461536,0.7590417861938477
0.041176470588235294,0.30865384615384617,0.7571294903755188
0.04191176470588235,0.30865384615384617,0.756076991558075
0.04191176470588235,0.31346153846153846,0.7540605068206787
0.04264705882352941,0.31346153846153846,0.7538928389549255
0.04264705882352941,0.31826923076923075,0.7523126006126404
0.04338235294117647,0.31826923076923075,0.7519934177398682
0.04338235294117647,0.3211538461538462,0.7514837384223938
0.04411764705882353,0.3211538461538462,0.7512620091438293
0.04411764705882353,0.3269230769230769,0.7477737665176392
0.04485294117647059,0.3269230769230769,0.7473223209381104
0.04485294117647059,0.3298076923076923,0.7464685440063477
0.045588235294117645,0.3298076923076923,0.7462565302848816
0.045588235294117645,0.33653846153846156,0.7450045347213745
0.04632352941176471,0.33653846153846156,0.7448817491531372
0.04632352941176471,0.34615384615384615,0.7402960658073425
0.04779411764705882,0.34615384615384615,0.739666223526001
0.04779411764705882,0.35096153846153844,0.7387470602989197
0.04852941176470588,0.35096153846153844,0.7386714220046997
0.04852941176470588,0.3644230769230769,0.7360339164733887
0.04926470588235294,0.3644230769230769,0.7359960675239563
0.04926470588235294,0.36730769230769234,0.734296441078186
0.05,0.36730769230769234,0.7339789271354675
0.05,0.3682692307692308,0.7337427735328674
0.05073529411764706,0.3682692307692308,0.7337099313735962
0.05073529411764706,0.37115384615384617,0.7330157160758972
0.052941176470588235,0.37115384615384617,0.7319469451904297
0.052941176470588235,0.37403846153846154,0.7314636707305908
0.054411764705882354,0.37403846153846154,0.7304319739341736
0.054411764705882354,0.375,0.7301511168479919
0.05514705882352941,0.375,0.7298793196678162
0.05514705882352941,0.37596153846153846,0.7292985916137695
0.05588235294117647,0.37596153846153846,0.7292941212654114
0.05588235294117647,0.3769230769230769,0.7282700538635254
0.057352941176470586,0.3769230769230769,0.7278608679771423
0.057352941176470586,0.38269230769230766,0.726404070854187
0.058823529411764705,0.38269230769230766,0.7256542444229126
0.058823529411764705,0.3836538461538462,0.7253400087356567
0.05955882352941176,0.3836538461538462,0.7252843976020813
0.05955882352941176,0.38653846153846155,0.723404049873352
0.06102941176470588,0.38653846153846155,0.7233123183250427
0.06102941176470588,0.39615384615384613,0.7202762365341187
0.0625,0.39615384615384613,0.7196030020713806
0.0625,0.39807692307692305,0.7189539670944214
0.06323529411764706,0.39807692307692305,0.718691349029541
0.06323529411764706,0.39903846153846156,0.7181453108787537
0.06397058823529411,0.39903846153846156,0.7177850008010864
0.06397058823529411,0.40384615384615385,0.7160499691963196
0.06470588235294118,0.40384615384615385,0.715709388256073
0.06470588235294118,0.40576923076923077,0.7153648138046265
0.06691176470588235,0.40576923076923077,0.7150821089744568
0.06691176470588235,0.40673076923076923,0.7142114639282227
0.06838235294117648,0.40673076923076923,0.7138304114341736
0.06838235294117648,0.4076923076923077,0.7135380506515503
0.06911764705882353,0.4076923076923077,0.7134495377540588
0.06911764705882353,0.40865384615384615,0.7133301496505737
0.0713235294117647,0.40865384615384615,0.7122716307640076
0.0713235294117647,0.41057692307692306,0.7120757102966309
0.07205882352941176,0.41057692307692306,0.7119576334953308
0.07205882352941176,0.4115384615384615,0.7115775346755981
0.07279411764705883,0.4115384615384615,0.7111421227455139
0.07279411764705883,0.41346153846153844,0.7098338603973389
0.07352941176470588,0.41346153846153844,0.7093667387962341
0.07352941176470588,0.4173076923076923,0.7079147100448608
0.07426470588235294,0.4173076923076923,0.7077452540397644
0.07426470588235294,0.4182692307692308,0.7072926759719849
0.07573529411764705,0.4182692307692308,0.7067477703094482
0.07573529411764705,0.41923076923076924,0.7057693004608154
0.07647058823529412,0.41923076923076924,0.7052707672119141
0.07647058823529412,0.4201923076923077,0.7051954865455627
0.07941176470588235,0.4201923076923077,0.7047052383422852
0.07941176470588235,0.42115384615384616,0.7046377658843994
0.08014705882352942,0.42115384615384616,0.7046208381652832
0.08014705882352942,0.4221153846153846,0.7038589715957642
0.08088235294117647,0.4221153846153846,0.7038255333900452
0.08088235294117647,0.42596153846153845,0.7033748030662537
0.08161764705882353,0.42596153846153845,0.7029869556427002
0.08161764705882353,0.42788461538461536,0.7022771239280701
0.08235294117647059,0.42788461538461536,0.7020284533500671
0.08235294117647059,0.42980769230769234,0.701614499092102
0.08308823529411764,0.42980769230769234,0.7013969421386719
0.08308823529411764,0.43173076923076925,0.700610339641571
0.0838235294117647,0.43173076923076925,0.7004634141921997
0.0838235294117647,0.43365384615384617,0.7001875042915344
0.08602941176470588,0.43365384615384617,0.699588418006897
0.08602941176470588,0.4403846153846154,0.6976363658905029
0.0875,0.4403846153846154,0.6973986625671387
0.0875,0.4423076923076923,0.6966026425361633
0.08823529411764706,0.4423076923076923,0.6962224841117859
0.08823529411764706,0.44519230769230766,0.6949191093444824
0.08897058823529412,0.44519230769230766,0.6947839856147766
0.08897058823529412,0.4480769230769231,0.6940909028053284
0.08970588235294118,0.4480769230769231,0.6940666437149048
0.08970588235294118,0.45,0.693566083908081
0.09338235294117647,0.45,0.6918663382530212
0.09338235294117647,0.45096153846153847,0.6918548941612244
0.09558823529411764,0.45096153846153847,0.6899512410163879
0.09558823529411764,0.45576923076923076,0.6887400150299072
0.09632352941176471,0.45576923076923076,0.6884350180625916
0.09632352941176471,0.45865384615384613,0.6879458427429199
0.09852941176470588,0.45865384615384613,0.6870903372764587
0.09852941176470588,0.4596153846153846,0.6870481967926025
0.09926470588235294,0.4596153846153846,0.6870356798171997
0.09926470588235294,0.4625,0.6862855553627014
0.10073529411764706,0.4625,0.6858771443367004
0.10073529411764706,0.4634615384615385,0.6856722235679626
0.10220588235294117,0.4634615384615385,0.685224175453186
0.10220588235294117,0.4673076923076923,0.6847773194313049
0.1036764705882353,0.4673076923076923,0.6846064329147339
0.1036764705882353,0.4778846153846154,0.6828955411911011
0.10514705882352941,0.4778846153846154,0.6824141144752502
0.10514705882352941,0.48173076923076924,0.6808275580406189
0.10735294117647058,0.48173076923076924,0.6805007457733154
0.10735294117647058,0.4846153846153846,0.6799471974372864
0.10808823529411765,0.4846153846153846,0.6790242195129395
0.10808823529411765,0.48846153846153845,0.6785075068473816
0.11176470588235295,0.48846153846153845,0.6775712966918945
0.11176470588235295,0.4971153846153846,0.6762986183166504
0.1125,0.4971153846153846,0.6761358976364136
0.1125,0.5019230769230769,0.6745887994766235
0.11323529411764706,0.5019230769230769,0.6743473410606384
0.11323529411764706,0.5028846153846154,0.6743347644805908
0.11397058823529412,0.5028846153846154,0.6738907694816589
0.11397058823529412,0.5038461538461538,0.6735946536064148
0.11470588235294117,0.5038461538461538,0.6730079054832458
0.11470588235294117,0.5048076923076923,0.6726455092430115
0.11691176470588235,0.5048076923076923,0.6724389791488647
0.11691176470588235,0.5057692307692307,0.6722873449325562
0.11911764705882352,0.5057692307692307,0.6712561249732971
0.11911764705882352,0.5076923076923077,0.6711136102676392
0.12058823529411765,0.5076923076923077,0.6700349450111389
0.12058823529411765,0.5086538461538461,0.669556736946106
0.12279411764705882,0.5086538461538461,0.6689467430114746
0.12279411764705882,0.510576923076923,0.6682924032211304
0.12352941176470589,0.510576923076923,0.6682676672935486
0.12352941176470589,0.5125,0.6675043702125549
0.12426470588235294,0.5125,0.6674332618713379
0.12426470588235294,0.5153846153846153,0.6672831773757935
0.125,0.5153846153846153,0.6670348048210144
0.125,0.5163461538461539,0.6665249466896057
0.12720588235294117,0.5163461538461539,0.6660165190696716
0.12720588235294117,0.5182692307692308,0.6651889085769653
0.12794117647058822,0.5182692307692308,0.6649964451789856
0.12794117647058822,0.5192307692307693,0.6648238897323608
0.12867647058823528,0.5192307692307693,0.6647143363952637
0.12867647058823528,0.5201923076923077,0.6645783185958862
0.13308823529411765,0.5201923076923077,0.6622169613838196
0.13308823529411765,0.5221153846153846,0.6616998910903931
0.13455882352941176,0.5221153846153846,0.6608739495277405
0.13455882352941176,0.5230769230769231,0.6597217917442322
0.13529411764705881,0.5230769230769231,0.6594700813293457
0.13529411764705881,0.5269230769230769,0.6583648324012756
0.13602941176470587,0.5269230769230769,0.6580486297607422
0.13602941176470587,0.5326923076923077,0.6576805114746094
0.13676470588235295,0.5326923076923077,0.6569918990135193
0.13676470588235295,0.5336538461538461,0.6566982269287109
0.13970588235294118,0.5336538461538461,0.6565006971359253
0.13970588235294118,0.5355769230769231,0.6556611061096191
0.14044117647058824,0.5355769230769231,0.6555964350700378
0.14044117647058824,0.5403846153846154,0.6540236473083496
0.1426470588235294,0.5403846153846154,0.6528621912002563
0.1426470588235294,0.5423076923076923,0.6524774432182312
0.14338235294117646,0.5423076923076923,0.6524630784988403
0.14338235294117646,0.5432692307692307,0.6518858671188354
0.14411764705882352,0.5432692307692307,0.6516475081443787
0.14411764705882352,0.5451923076923076,0.6505945324897766
0.1448529411764706,0.5451923076923076,0.6499940752983093
0.1448529411764706,0.5461538461538461,0.6498377919197083
0.14705882352941177,0.5461538461538461,0.6489019393920898
0.14705882352941177,0.5471153846153847,0.6486045122146606
0.14926470588235294,0.5471153846153847,0.6469829082489014
0.14926470588235294,0.551923076923077,0.6460976004600525
0.15,0.551923076923077,0.645936131477356
0.15,0.5528846153846154,0.645212709903717
0.15073529411764705,0.5528846153846154,0.6451143622398376
0.15073529411764705,0.5576923076923077,0.6440587043762207
0.1514705882352941,0.5576923076923077,0.6440120935440063
0.1514705882352941,0.5596153846153846,0.6431006193161011
0.15441176470588236,0.5596153846153846,0.6422783136367798
0.15441176470588236,0.5615384615384615,0.6422317028045654
0.15514705882352942,0.5615384615384615,0.6416518092155457
0.15514705882352942,0.5625,0.6413431763648987
0.15588235294117647,0.5625,0.6411610245704651
0.15588235294117647,0.5634615384615385,0.6402593851089478
0.15808823529411764,0.5634615384615385,0.6397544145584106
0.15808823529411764,0.5653846153846154,0.6391052007675171
0.15955882352941175,0.5653846153846154,0.6387251019477844
0.15955882352941175,0.5692307692307692,0.6385448575019836
0.16029411764705884,0.5692307692307692,0.6382032036781311
0.16029411764705884,0.573076923076923,0.6377232670783997
0.1610294117647059,0.573076923076923,0.6371477246284485
0.1610294117647059,0.5759615384615384,0.6367900371551514
0.16176470588235295,0.5759615384615384,0.6366491913795471
0.16176470588235295,0.5769230769230769,0.6366482973098755
0.1625,0.5769230769230769,0.6362307667732239
0.1625,0.5788461538461539,0.6357384324073792
0.16397058823529412,0.5788461538461539,0.6356649398803711
0.16397058823529412,0.5798076923076924,0.6355464458465576
0.16470588235294117,0.5798076923076924,0.6354835033416748
0.16470588235294117,0.5817307692307693,0.6346552968025208
0.1661764705882353,0.5817307692307693,0.634277880191803
0.1661764705882353,0.5836538461538462,0.6329271197319031
0.1676470588235294,0.5836538461538462,0.6327108144760132
0.1676470588235294,0.5865384615384616,0.6317052841186523
0.16838235294117648,0.5865384615384616,0.6316319704055786
0.16838235294117648,0.5884615384615385,0.6313140988349915
0.16911764705882354,0.5884615384615385,0.6312183737754822
0.16911764705882354,0.5903846153846154,0.6307830214500427
0.1698529411764706,0.5903846153846154,0.6305719614028931
0.1698529411764706,0.5913461538461539,0.6303477883338928
0.17058823529411765,0.5913461538461539,0.6301893591880798
0.17058823529411765,0.5923076923076923,0.6299902200698853
0.1713235294117647,0.5923076923076923,0.6299391984939575
0.1713235294117647,0.5942307692307692,0.6297218203544617
0.17205882352941176,0.5942307692307692,0.6295971870422363
0.17205882352941176,0.5951923076923077,0.6289564371109009
0.17279411764705882,0.5951923076923077,0.6287323832511902
0.17279411764705882,0.5961538461538461,0.6286914348602295
0.175,0.5961538461538461,0.6277721524238586
0.175,0.5980769230769231,0.626654326915741
0.17573529411764705,0.5980769230769231,0.6265996098518372
0.17573529411764705,0.5990384615384615,0.6261477470397949
0.1786764705882353,0.5990384615384615,0.6241584420204163
0.1786764705882353,0.6,0.6241354942321777
0.18088235294117647,0.6,0.6238645315170288
0.18088235294117647,0.6048076923076923,0.6220107078552246
0.18161764705882352,0.6048076923076923,0.6216135621070862
0.18161764705882352,0.6105769230769231,0.620756208896637
0.18235294117647058,0.6105769230769231,0.620664119720459
0.18235294117647058,0.6163461538461539,0.6189059019088745
0.18382352941176472,0.6163461538461539,0.6183542013168335
0.18382352941176472,0.6173076923076923,0.6182999014854431
0.18529411764705883,0.6173076923076923,0.617509663105011
0.18529411764705883,0.6192307692307693,0.6171494722366333
0.18676470588235294,0.6192307692307693,0.6163735389709473
0.18676470588235294,0.6201923076923077,0.6160448789596558
0.1875,0.6201923076923077,0.6158185005187988
0.1875,0.6221153846153846,0.6156337261199951
0.18823529411764706,0.6221153846153846,0.6151719093322754
0.18823529411764706,0.625,0.6140140295028687
0.1889705882352941,0.625,0.6139265894889832
0.1889705882352941,0.6317307692307692,0.6123839616775513
0.19044117647058822,0.6317307692307692,0.6121927499771118
0.19044117647058822,0.6346153846153846,0.6115056276321411
0.19191176470588237,0.6346153846153846,0.6111400127410889
0.19191176470588237,0.635576923076923,0.6097322106361389
0.19338235294117648,0.635576923076923,0.6095777750015259
0.19338235294117648,0.6365384615384615,0.609125018119812
0.1963235294117647,0.6365384615384615,0.6071881055831909
0.1963235294117647,0.6375,0.607134222984314
0.19852941176470587,0.6375,0.6062254309654236
0.19852941176470587,0.6413461538461539,0.6047244071960449
0.2,0.6413461538461539,0.6045650839805603
0.2,0.6432692307692308,0.603948712348938
0.20073529411764707,0.6432692307692308,0.6038041710853577
0.20073529411764707,0.6442307692307693,0.6037406325340271
0.20147058823529412,0.6442307692307693,0.6034917235374451
0.20147058823529412,0.6451923076923077,0.6030640006065369
0.20220588235294118,0.6451923076923077,0.602868378162384
0.20220588235294118,0.65,0.6017361879348755
0.2036764705882353,0.65,0.6015296578407288
0.2036764705882353,0.6519230769230769,0.6003694534301758
0.20441176470588235,0.6519230769230769,0.5997645854949951
0.20441176470588235,0.6548076923076923,0.5986063480377197
0.2051470588235294,0.6548076923076923,0.5980508327484131
0.2051470588235294,0.6576923076923077,0.5974217057228088
0.20661764705882352,0.6576923076923077,0.5970741510391235
0.20661764705882352,0.6625,0.5951226949691772
0.2088235294117647,0.6625,0.5941892862319946
0.2088235294117647,0.6644230769230769,0.5932378172874451
0.20955882352941177,0.6644230769230769,0.5930431485176086
0.20955882352941177,0.6673076923076923,0.5925846695899963
0.21102941176470588,0.6673076923076923,0.5925725698471069
0.21102941176470588,0.6682692307692307,0.5918294191360474
0.2125,0.6682692307692307,0.5908507704734802
0.2125,0.6711538461538461,0.5888869166374207
0.21323529411764705,0.6711538461538461,0.5888116955757141
0.21323529411764705,0.6721153846153847,0.5885152816772461
0.21544117647058825,0.6721153846153847,0.5874367356300354
0.21544117647058825,0.6730769230769231,0.5874344110488892
0.2161764705882353,0.6730769230769231,0.5873890519142151
0.2161764705882353,0.675,0.5868244171142578
0.21691176470588236,0.675,0.5865160226821899
0.21691176470588236,0.6759615384615385,0.586329996585846
0.21838235294117647,0.6759615384615385,0.585576593875885
0.21838235294117647,0.6778846153846154,0.5842884182929993
0.22058823529411764,0.6778846153846154,0.5840075016021729
0.22058823529411764,0.6788461538461539,0.5837414860725403
0.2213235294117647,0.6788461538461539,0.58354651927948
0.2213235294117647,0.6798076923076923,0.583370566368103
0.22279411764705884,0.6798076923076923,0.5827338695526123
0.22279411764705884,0.6807692307692308,0.5825857520103455
0.22426470588235295,0.6807692307692308,0.5821826457977295
0.22426470588235295,0.6817307692307693,0.5821518898010254
0.22794117647058823,0.6817307692307693,0.5801547169685364
0.22794117647058823,0.6884615384615385,0.5779041647911072
0.2286764705882353,0.6884615384615385,0.5776426792144775
0.2286764705882353,0.6894230769230769,0.5775876641273499
0.23088235294117648,0.6894230769230769,0.5765010118484497
0.23088235294117648,0.6913461538461538,0.5759507417678833
0.2323529411764706,0.6913461538461538,0.5754202604293823
0.2323529411764706,0.6961538461538461,0.5737143158912659
0.2338235294117647,0.6961538461538461,0.5721538662910461
0.2338235294117647,0.698076923076923,0.5710315704345703
0.23529411764705882,0.698076923076923,0.5686955451965332
0.23529411764705882,0.6990384615384615,0.5686712265014648
0.23602941176470588,0.6990384615384615,0.5679285526275635
0.23602941176470588,0.7105769230769231,0.5625289082527161
0.23676470588235293,0.7105769230769231,0.5618723630905151
0.23676470588235293,0.7115384615384616,0.5616689324378967
0.2375,0.7115384615384616,0.5616126656532288
0.2375,0.7153846153846154,0.5610092878341675
0.23823529411764705,0.7153846153846154,0.5610084533691406
0.23823529411764705,0.7201923076923077,0.5591199398040771
0.23970588235294119,0.7201923076923077,0.5589792132377625
0.23970588235294119,0.7240384615384615,0.5569700598716736
0.24191176470588235,0.7240384615384615,0.555230975151062
0.24191176470588235,0.7259615384615384,0.5549390912055969
0.2426470588235294,0.7259615384615384,0.5548570156097412
0.2426470588235294,0.7278846153846154,0.5543361306190491
0.24338235294117647,0.7278846153846154,0.5538877248764038
0.24338235294117647,0.7317307692307692,0.5525431036949158
0.24411764705882352,0.7317307692307692,0.5523310899734497
0.24411764705882352,0.7336538461538461,0.5521772503852844
0.24485294117647058,0.7336538461538461,0.5519779920578003
0.24485294117647058,0.7346153846153847,0.5518796443939209
0.24632352941176472,0.7346153846153847,0.5515350699424744
0.24632352941176472,0.7375,0.5505402684211731
0.25073529411764706,0.7375,0.5495613813400269
0.25073529411764706,0.739423076923077,0.548815131187439
0.2514705882352941,0.739423076923077,0.5487812161445618
0.2514705882352941,0.7403846153846154,0.5485156774520874
0.2529411764705882,0.7403846153846154,0.5478202700614929
0.2529411764705882,0.7432692307692308,0.5456109642982483
0.2536764705882353,0.7432692307692308,0.5452189445495605
0.2536764705882353,0.7442307692307693,0.5452049970626831
0.2551470588235294,0.7442307692307693,0.5447503328323364
0.2551470588235294,0.7451923076923077,0.5446761846542358
0.25588235294117645,0.7451923076923077,0.5439527630805969
0.25588235294117645,0.7471153846153846,0.5434655547142029
0.25735294117647056,0.7471153846153846,0.5427170991897583
0.25735294117647056,0.75,0.5412226319313049
0.25882352941176473,0.75,0.540768563747406
0.25882352941176473,0.7528846153846154,0.5387265086174011
0.2595588235294118,0.7528846153846154,0.5384935140609741
0.2595588235294118,0.7557692307692307,0.5369948744773865
0.26029411764705884,0.7557692307692307,0.536519467830658
0.26029411764705884,0.7576923076923077,0.5356162190437317
0.2625,0.7576923076923077,0.5342544913291931
0.2625,0.7586538461538461,0.5337340831756592
0.2639705882352941,0.7586538461538461,0.5319027304649353
0.2639705882352941,0.7615384615384615,0.5315718650817871
0.2647058823529412,0.7615384615384615,0.5312265753746033
0.2647058823529412,0.7634615384615384,0.5310962796211243
0.2661764705882353,0.7634615384615384,0.5304780006408691
0.2661764705882353,0.7644230769230769,0.5300363302230835
0.26691176470588235,0.7644230769230769,0.5294625759124756
0.26691176470588235,0.7653846153846153,0.5292941927909851
0.2676470588235294,0.7653846153846153,0.5292562246322632
0.2676470588235294,0.7692307692307693,0.5282288789749146
0.26838235294117646,0.7692307692307693,0.5274819135665894
0.26838235294117646,0.7721153846153846,0.5247023105621338
0.2691176470588235,0.7721153846153846,0.5238116979598999
0.2691176470588235,0.7730769230769231,0.5231609344482422
0.2698529411764706,0.7730769230769231,0.5231422781944275
0.2698529411764706,0.775,0.522732675075531
0.2713235294117647,0.775,0.5221667885780334
0.2713235294117647,0.7788461538461539,0.5204766988754272
0.27205882352941174,0.7788461538461539,0.5203994512557983
0.27205882352941174,0.7798076923076923,0.5197502970695496
0.2727941176470588,0.7798076923076923,0.5197464823722839
0.2727941176470588,0.7807692307692308,0.5196935534477234
0.2757352941176471,0.7807692307692308,0.5189003944396973
0.2757352941176471,0.7836538461538461,0.5183449387550354
0.2772058823529412,0.7836538461538461,0.5174724459648132
0.2772058823529412,0.7855769230769231,0.5173211693763733
0.2801470588235294,0.7855769230769231,0.5153799653053284
0.2801470588235294,0.7865384615384615,0.5153317451477051
0.28088235294117647,0.7865384615384615,0.5150299668312073
0.28088235294117647,0.7903846153846154,0.5136228799819946
0.28161764705882353,0.7903846153846154,0.5133503675460815
0.28161764705882353,0.7923076923076923,0.5133421421051025
0.2823529411764706,0.7923076923076923,0.5128358006477356
0.2823529411764706,0.7951923076923076,0.5123047828674316
0.28308823529411764,0.7951923076923076,0.5112093091011047
0.28308823529411764,0.7961538461538461,0.5111116766929626
0.2852941176470588,0.7961538461538461,0.5108534097671509
0.2852941176470588,0.8,0.5090928673744202
0.28602941176470587,0.8,0.5089716911315918
0.28602941176470587,0.8009615384615385,0.5089119672775269
0.2889705882352941,0.8009615384615385,0.5077107548713684
0.2889705882352941,0.8067307692307693,0.5051525831222534
0.29044117647058826,0.8067307692307693,0.5043162107467651
0.29044117647058826,0.8086538461538462,0.5042176842689514
0.2926470588235294,0.8086538461538462,0.50324547290802
0.2926470588235294,0.8096153846153846,0.5032300353050232
0.2933823529411765,0.8096153846153846,0.5026450157165527
0.2933823529411765,0.8115384615384615,0.5020532011985779
0.2963235294117647,0.8115384615384615,0.5007308125495911
0.2963235294117647,0.8125,0.5006976127624512
0.2977941176470588,0.8125,0.4978756904602051
0.2977941176470588,0.8144230769230769,0.49671462178230286
0.29926470588235293,0.8144230769230769,0.4955490231513977
0.29926470588235293,0.8153846153846154,0.4952310025691986
0.30220588235294116,0.8153846153846154,0.49456968903541565
0.30220588235294116,0.8163461538461538,0.4943176507949829
0.30367647058823527,0.8163461538461538,0.494211882352829
0.30367647058823527,0.8182692307692307,0.49391970038414
0.3073529411764706,0.8182692307692307,0.4922116696834564
0.3073529411764706,0.8211538461538461,0.4913695454597473
0.30808823529411766,0.8211538461538461,0.4906523823738098
0.30808823529411766,0.8240384615384615,0.48818710446357727
0.31029411764705883,0.8240384615384615,0.4868767559528351
0.31029411764705883,0.825,0.4861006736755371
0.3125,0.825,0.485755056142807
0.3125,0.8259615384615384,0.48568442463874817
0.31323529411764706,0.8259615384615384,0.4855239689350128
0.31323529411764706,0.8269230769230769,0.4851704239845276
0.31470588235294117,0.8269230769230769,0.48438379168510437
0.31470588235294117,0.8278846153846153,0.4837033748626709
0.3154411764705882,0.8278846153846153,0.4832705855369568
0.3154411764705882,0.8288461538461539,0.4824347496032715
0.31838235294117645,0.8288461538461539,0.48144638538360596
0.31838235294117645,0.8307692307692308,0.48070862889289856
0.31985294117647056,0.8307692307692308,0.4796460270881653
0.31985294117647056,0.8317307692307693,0.4785661995410919
0.3205882352941177,0.8317307692307693,0.4773063063621521
0.3205882352941177,0.8346153846153846,0.4764290452003479
0.32132352941176473,0.8346153846153846,0.4762217402458191
0.32132352941176473,0.8355769230769231,0.4758714735507965
0.32426470588235295,0.8355769230769231,0.4740380644798279
0.32426470588235295,0.8365384615384616,0.4737234115600586
0.325,0.8365384615384616,0.4736555218696594
0.325,0.8375,0.4734940528869629
0.3264705882352941,0.8375,0.47238701581954956
0.3264705882352941,0.8384615384615385,0.4712139964103699
0.3272058823529412,0.8384615384615385,0.4709247052669525
0.3272058823529412,0.8394230769230769,0.470901221036911
0.3301470588235294,0.8394230769230769,0.46948713064193726
0.3301470588235294,0.8413461538461539,0.46913382411003113
0.33455882352941174,0.8413461538461539,0.46752414107322693
0.33455882352941174,0.8423076923076923,0.4674636125564575
0.3375,0.8423076923076923,0.46661996841430664
0.3375,0.8432692307692308,0.46653732657432556
0.3382352941176471,0.8432692307692308,0.46589723229408264
0.3382352941176471,0.8461538461538461,0.46481868624687195
0.33897058823529413,0.8461538461538461,0.4647996425628662
0.33897058823529413,0.8471153846153846,0.4644716680049896
0.3397058823529412,0.8471153846153846,0.46444156765937805
0.3397058823529412,0.8480769230769231,0.4643787741661072
0.3411764705882353,0.8480769230769231,0.46374082565307617
0.3411764705882353,0.85,0.4636152684688568
0.34411764705882353,0.85,0.46239861845970154
0.34411764705882353,0.8509615384615384,0.46225470304489136
0.3448529411764706,0.8509615384615384,0.4618237018585205
0.3448529411764706,0.8528846153846154,0.4611488878726959
0.34705882352941175,0.8528846153846154,0.46049389243125916
0.34705882352941175,0.8548076923076923,0.4597603976726532
0.3492647058823529,0.8548076923076923,0.4596160650253296
0.3492647058823529,0.8596153846153847,0.45842641592025757
0.35073529411764703,0.8596153846153847,0.4578189253807068
0.35073529411764703,0.8605769230769231,0.4575091600418091
0.3536764705882353,0.8605769230769231,0.4567066729068756
0.3536764705882353,0.8615384615384616,0.4566572308540344
0.3588235294117647,0.8615384615384616,0.45501208305358887
0.3588235294117647,0.8625,0.45496320724487305
0.35955882352941176,0.8625,0.45469194650650024
0.35955882352941176,0.864423076923077,0.4540706276893616
0.36176470588235293,0.864423076923077,0.45330268144607544
0.36176470588235293,0.8653846153846154,0.45281901955604553
0.3639705882352941,0.8653846153846154,0.4524978697299957
0.3639705882352941,0.8692307692307693,0.4513406753540039
0.37058823529411766,0.8692307692307693,0.4484140872955322
0.37058823529411766,0.8721153846153846,0.4475727081298828
0.375,0.8721153846153846,0.446140855550766
0.375,0.8730769230769231,0.44596022367477417
0.37573529411764706,0.8730769230769231,0.4455757141113281
0.37573529411764706,0.8740384615384615,0.4447072148323059
0.3779411764705882,0.8740384615384615,0.44373220205307007
0.3779411764705882,0.8769230769230769,0.4431937336921692
0.3801470588235294,0.8769230769230769,0.4425535500049591
0.3801470588235294,0.8778846153846154,0.4424448311328888
0.38088235294117645,0.8778846153846154,0.44236108660697937
0.38088235294117645,0.8788461538461538,0.441917359828949
0.3816176470588235,0.8788461538461538,0.44167110323905945
0.3816176470588235,0.8798076923076923,0.44165465235710144
0.3897058823529412,0.8798076923076923,0.43736597895622253
0.3897058823529412,0.8807692307692307,0.43714043498039246
0.39191176470588235,0.8807692307692307,0.43561607599258423
0.39191176470588235,0.8826923076923077,0.435482382774353
0.3941176470588235,0.8826923076923077,0.43425634503364563
0.3941176470588235,0.8836538461538461,0.4342154264450073
0.4,0.8836538461538461,0.43152087926864624
0.4,0.8846153846153846,0.43128907680511475
0.40955882352941175,0.8846153846153846,0.4273698627948761
0.40955882352941175,0.885576923076923,0.42724987864494324
0.4117647058823529,0.885576923076923,0.42681777477264404
0.4117647058823529,0.8865384615384615,0.42680367827415466
0.4125,0.8865384615384615,0.42667603492736816
0.4125,0.8875,0.4263615906238556
0.41323529411764703,0.8875,0.42588546872138977
0.41323529411764703,0.8884615384615384,0.4255199432373047
0.4139705882352941,0.8884615384615384,0.42504990100860596
0.4139705882352941,0.8894230769230769,0.4249913692474365
0.4183823529411765,0.8894230769230769,0.4230189621448517
0.4183823529411765,0.8923076923076924,0.4222587049007416
0.41911764705882354,0.8923076923076924,0.4219600260257721
0.41911764705882354,0.8932692307692308,0.421495646238327
0.42205882352941176,0.8932692307692308,0.42018136382102966
0.42205882352941176,0.8961538461538462,0.41972750425338745
0.425,0.8961538461538462,0.41873830556869507
0.425,0.8971153846153846,0.4181525409221649
0.42867647058823527,0.8971153846153846,0.4176563620567322
0.42867647058823527,0.9,0.41573670506477356
0.43161764705882355,0.9,0.4147990942001343
0.43161764705882355,0.9009615384615385,0.4145912230014801
0.4345588235294118,0.9009615384615385,0.41367509961128235
0.4345588235294118,0.9019230769230769,0.4132992625236511
0.43529411764705883,0.9019230769230769,0.4128090441226959
0.43529411764705883,0.9038461538461539,0.4124786853790283
0.43676470588235294,0.9038461538461539,0.411819726228714
0.43676470588235294,0.9048076923076923,0.4116519093513489
0.43970588235294117,0.9048076923076923,0.4099869430065155
0.43970588235294117,0.9067307692307692,0.40978580713272095
0.4404411764705882,0.9067307692307692,0.4086282253265381
0.4404411764705882,0.9076923076923077,0.4084337651729584
0.4470588235294118,0.9076923076923077,0.40675589442253113
0.4470588235294118,0.9086538461538461,0.4065113961696625
0.4485294117647059,0.9086538461538461,0.40622302889823914
0.4485294117647059,0.9096153846153846,0.40605950355529785
0.44926470588235295,0.9096153846153846,0.40594884753227234
0.44926470588235295,0.9115384615384615,0.40493643283843994
0.4536764705882353,0.9115384615384615,0.4030536413192749
0.4536764705882353,0.9125,0.4027984142303467
0.4573529411764706,0.9125,0.4015921652317047
0.4573529411764706,0.9134615384615384,0.4015918970108032
0.45955882352941174,0.9134615384615384,0.4010082483291626
0.45955882352941174,0.9144230769230769,0.4009982943534851
0.4610294117647059,0.9144230769230769,0.40057826042175293
0.4610294117647059,0.9153846153846154,0.40024277567863464
0.46176470588235297,0.9153846153846154,0.4000646471977234
0.46176470588235297,0.9163461538461538,0.4000392258167267
0.48455882352941176,0.9163461538461538,0.3918258845806122
0.48455882352941176,0.9173076923076923,0.3917016088962555
0.4919117647058823,0.9173076923076923,0.3897450566291809
0.4919117647058823,0.9182692307692307,0.3895428776741028
0.49264705882352944,0.9182692307692307,0.38914644718170166
0.49264705882352944,0.9201923076923076,0.3890315592288971
0.4933823529411765,0.9201923076923076,0.3888947367668152
0.4933823529411765,0.9211538461538461,0.38850855827331543
0.49779411764705883,0.9211538461538461,0.3860999643802643
0.49779411764705883,0.9221153846153847,0.385418176651001
0.5080882352941176,0.9221153846153847,0.38092055916786194
0.5080882352941176,0.9230769230769231,0.3807750940322876
0.5088235294117647,0.9230769230769231,0.38005495071411133
0.5088235294117647,0.9240384615384616,0.38000938296318054
0.5154411764705882,0.9240384615384616,0.37555888295173645
0.5154411764705882,0.925,0.3752421736717224
0.5191176470588236,0.925,0.374481201171875
0.5191176470588236,0.9259615384615385,0.37406134605407715
0.5205882352941177,0.9259615384615385,0.37369632720947266
0.5205882352941177,0.926923076923077,0.3734979033470154
0.5235294117647059,0.926923076923077,0.3732430040836334
0.5235294117647059,0.9278846153846154,0.3727380931377411
0.525,0.9278846153846154,0.37254324555397034
0.525,0.9288461538461539,0.37083902955055237
0.5316176470588235,0.9288461538461539,0.36729615926742554
0.5316176470588235,0.9307692307692308,0.3669874668121338
0.5323529411764706,0.9307692307692308,0.3669678568840027
0.5323529411764706,0.9326923076923077,0.3664531707763672
0.5367647058823529,0.9326923076923077,0.36549311876296997
0.5367647058823529,0.9375,0.3641338348388672
0.5441176470588235,0.9375,0.3587678372859955
0.5441176470588235,0.9384615384615385,0.35847070813179016
0.5448529411764705,0.9384615384615385,0.35815876722335815
0.5448529411764705,0.9394230769230769,0.35721009969711304
0.5470588235294118,0.9394230769230769,0.35700681805610657
0.5470588235294118,0.9403846153846154,0.3563198149204254
0.5551470588235294,0.9403846153846154,0.3511609137058258
0.5551470588235294,0.9413461538461538,0.35089436173439026
0.5595588235294118,0.9413461538461538,0.3482327461242676
0.5595588235294118,0.9423076923076923,0.3481192886829376
0.5720588235294117,0.9423076923076923,0.3411965072154999
0.5720588235294117,0.9432692307692307,0.34110239148139954
0.5772058823529411,0.9432692307692307,0.33898866176605225
0.5772058823529411,0.9442307692307692,0.33821678161621094
0.5933823529411765,0.9442307692307692,0.3307981789112091
0.5933823529411765,0.9451923076923077,0.3307647705078125
0.5955882352941176,0.9451923076923077,0.330301970243454
0.5955882352941176,0.9461538461538461,0.329926460981369
0.5977941176470588,0.9461538461538461,0.32797738909721375
0.5977941176470588,0.9471153846153846,0.32779061794281006
0.6014705882352941,0.9471153846153846,0.32348647713661194
0.6014705882352941,0.948076923076923,0.3233609199523926
0.6080882352941176,0.948076923076923,0.31757670640945435
0.6080882352941176,0.9490384615384615,0.317086398601532
0.6110294117647059,0.9490384615384615,0.3155025839805603
0.6110294117647059,0.9509615384615384,0.31501132249832153
0.6176470588235294,0.9509615384615384,0.30966565012931824
0.6176470588235294,0.9519230769230769,0.3093374967575073
0.6235294117647059,0.9519230769230769,0.30504003167152405
0.6235294117647059,0.9528846153846153,0.30502575635910034
0.6279411764705882,0.9528846153846153,0.30424875020980835
0.6279411764705882,0.9538461538461539,0.30252060294151306
0.6397058823529411,0.9538461538461539,0.29527923464775085
0.6397058823529411,0.9548076923076924,0.2952006161212921
0.6419117647058824,0.9548076923076924,0.2934931516647339
0.6419117647058824,0.9557692307692308,0.2926467955112457
0.6441176470588236,0.9557692307692308,0.2918466031551361
0.6441176470588236,0.9567307692307693,0.29157039523124695
0.6455882352941177,0.9567307692307693,0.29102036356925964
0.6455882352941177,0.9576923076923077,0.29087427258491516
0.6566176470588235,0.9576923076923077,0.28449147939682007
0.6566176470588235,0.9586538461538462,0.28442883491516113
0.6580882352941176,0.9586538461538462,0.2836816608905792
0.6580882352941176,0.9596153846153846,0.28327590227127075
0.6639705882352941,0.9596153846153846,0.280370831489563
0.6639705882352941,0.9605769230769231,0.2797982394695282
0.6647058823529411,0.9605769230769231,0.2796485424041748
0.6647058823529411,0.9615384615384616,0.27952665090560913
0.6669117647058823,0.9615384615384616,0.27752137184143066
0.6669117647058823,0.9634615384615385,0.27715206146240234
0.6705882352941176,0.9634615384615385,0.2751369774341583
0.6705882352941176,0.9644230769230769,0.27444812655448914
0.674264705882353,0.9644230769230769,0.2714863121509552
0.674264705882353,0.9663461538461539,0.2712320387363434
0.675,0.9663461538461539,0.2708036005496979
0.675,0.9673076923076923,0.26892417669296265
0.6860294117647059,0.9673076923076923,0.26439180970191956
0.6860294117647059,0.9682692307692308,0.26390016078948975
0.6933823529411764,0.9682692307692308,0.26068004965782166
0.6933823529411764,0.9692307692307692,0.2599693834781647
0.6955882352941176,0.9692307692307692,0.258502721786499
0.6955882352941176,0.9711538461538461,0.2583179175853729
0.6992647058823529,0.9711538461538461,0.255617618560791
0.6992647058823529,0.9721153846153846,0.2547914385795593
0.7102941176470589,0.9721153846153846,0.24643512070178986
0.7102941176470589,0.9740384615384615,0.24586081504821777
0.711764705882353,0.9740384615384615,0.2456076294183731
0.711764705882353,0.975,0.2453838586807251
0.7132352941176471,0.975,0.2447914034128189
0.7132352941176471,0.9759615384615384,0.2444669008255005
0.725735294117647,0.9759615384615384,0.24042481184005737
0.725735294117647,0.9769230769230769,0.2399010956287384
0.7308823529411764,0.9769230769230769,0.23789814114570618
0.7308823529411764,0.9778846153846154,0.23789316415786743
0.7580882352941176,0.9778846153846154,0.2284717708826065
0.7580882352941176,0.9788461538461538,0.22773104906082153
0.7764705882352941,0.9788461538461538,0.2206391841173172
0.7764705882352941,0.9798076923076923,0.2192118763923645
0.7904411764705882,0.9798076923076923,0.2141338586807251
0.7904411764705882,0.9807692307692307,0.21284058690071106
0.9257352941176471,0.9807692307692307,0.10214666277170181
0.9257352941176471,0.9817307692307692,0.10099906474351883
0.9272058823529412,0.9817307692307692,0.09407191723585129
0.9272058823529412,0.9826923076923076,0.09223997592926025
0.9279411764705883,0.9826923076923076,0.09007730334997177
0.9279411764705883,0.9836538461538461,0.08999580144882202
0.9294117647058824,0.9836538461538461,0.0843036100268364
0.9294117647058824,0.9846153846153847,0.08371083438396454
0.9323529411764706,0.9846153846153847,0.08212925493717194
0.9323529411764706,0.9855769230769231,0.07816249132156372
0.9352941176470588,0.9855769230769231,0.0761871188879013
0.9352941176470588,0.9865384615384616,0.07576896250247955
0.9375,0.9865384615384616,0.07455102354288101
0.9375,0.9884615384615385,0.07432089745998383
0.9382352941176471,0.9884615384615385,0.07366876304149628
0.9382352941176471,0.989423076923077,0.07359611243009567
0.9389705882352941,0.989423076923077,0.0730450302362442
0.9389705882352941,0.9923076923076923,0.07151295989751816
0.9411764705882353,0.9923076923076923,0.06975369900465012
0.9411764705882353,0.9932692307692308,0.06964854151010513
0.9441176470588235,0.9932692307692308,0.0683310404419899
0.9441176470588235,0.9942307692307693,0.06781259924173355
0.9463235294117647,0.9942307692307693,0.06655556708574295
0.9463235294117647,0.9951923076923077,0.06621946394443512
0.9551470588235295,0.9951923076923077,0.06214597076177597
0.9551470588235295,0.9961538461538462,0.062142159789800644
0.9566176470588236,0.9961538461538462,0.061859481036663055
0.9566176470588236,0.9971153846153846,0.06175187602639198
0.9580882352941177,0.9971153846153846,0.06119615212082863
0.9580882352941177,0.9980769230769231,0.060986798256635666
0.9595588235294118,0.9980769230769231,0.06052631884813309
0.9595588235294118,0.9990384615384615,0.06051947921514511
0.961764705882353,0.9990384615384615,0.05995350331068039
0.961764705882353,1.0,0.059885215014219284
1.0,1.0,0.042095981538295746
