FPR,TPR,Threshold
0.0,0.0,1.9828088879585266
0.0,0.000925925925925926,0.9828088879585266
0.0,0.5064814814814815,0.8301742672920227
0.0007575757575757576,0.5064814814814815,0.8293201327323914
0.0007575757575757576,0.5175925925925926,0.8263582587242126
0.0015151515151515152,0.5175925925925926,0.8261045217514038
0.0015151515151515152,0.525,0.824596107006073
0.0022727272727272726,0.525,0.8238879442214966
0.0022727272727272726,0.5268518518518519,0.8230653405189514
0.0030303030303030303,0.5268518518518519,0.8222927451133728
0.0030303030303030303,0.5296296296296297,0.8215808868408203
0.003787878787878788,0.5296296296296297,0.821453869342804
0.003787878787878788,0.5314814814814814,0.8207318186759949
0.004545454545454545,0.5314814814814814,0.8207122683525085
0.004545454545454545,0.5388888888888889,0.8191952705383301
0.005303030303030303,0.5388888888888889,0.8187191486358643
0.005303030303030303,0.5416666666666666,0.8174346089363098
0.006060606060606061,0.5416666666666666,0.8171874284744263
0.006060606060606061,0.5425925925925926,0.8170006275177002
0.006818181818181818,0.5425925925925926,0.8169732093811035
0.006818181818181818,0.5472222222222223,0.8160796165466309
0.007575757575757576,0.5472222222222223,0.8160210251808167
0.007575757575757576,0.549074074074074,0.8151153326034546
0.008333333333333333,0.549074074074074,0.8150301575660706
0.008333333333333333,0.5509259259259259,0.8143722414970398
0.009848484848484848,0.5509259259259259,0.8141288757324219
0.009848484848484848,0.5555555555555556,0.8132120966911316
0.010606060606060607,0.5555555555555556,0.8121851682662964
0.010606060606060607,0.5574074074074075,0.8115941882133484
0.011363636363636364,0.5574074074074075,0.8114073276519775
0.011363636363636364,0.5583333333333333,0.8111945390701294
0.012121212121212121,0.5583333333333333,0.8110440373420715
0.012121212121212121,0.562962962962963,0.8100802898406982
0.012878787878787878,0.562962962962963,0.8097310066223145
0.012878787878787878,0.5648148148148148,0.8091081380844116
0.013636363636363636,0.5648148148148148,0.8090158700942993
0.013636363636363636,0.5657407407407408,0.808456301689148
0.014393939393939395,0.5657407407407408,0.8076415657997131
0.014393939393939395,0.5685185185185185,0.8072551488876343
0.015909090909090907,0.5685185185185185,0.80659019947052
0.015909090909090907,0.5722222222222222,0.805651843547821
0.016666666666666666,0.5722222222222222,0.804439127445221
0.016666666666666666,0.5814814814814815,0.7976206541061401
0.01818181818181818,0.5814814814814815,0.7967157959938049
0.01818181818181818,0.587037037037037,0.7933574914932251
0.01893939393939394,0.587037037037037,0.7933017611503601
0.01893939393939394,0.5898148148148148,0.7925934195518494
0.019696969696969695,0.5898148148148148,0.7923527359962463
0.019696969696969695,0.5916666666666667,0.791071891784668
0.021212121212121213,0.5916666666666667,0.7900353074073792
0.021212121212121213,0.5962962962962963,0.7891784310340881
0.02196969696969697,0.5962962962962963,0.7881958484649658
0.02196969696969697,0.6018518518518519,0.7834884524345398
0.022727272727272728,0.6018518518518519,0.7812926769256592
0.022727272727272728,0.6046296296296296,0.7803224325180054
0.023484848484848483,0.6046296296296296,0.7795715928077698
0.023484848484848483,0.6055555555555555,0.7795703411102295
0.024242424242424242,0.6055555555555555,0.7778034210205078
0.024242424242424242,0.6157407407407407,0.7730531096458435
0.025757575757575757,0.6157407407407407,0.7729952335357666
0.025757575757575757,0.6175925925925926,0.7727850675582886
0.026515151515151516,0.6175925925925926,0.7717249989509583
0.026515151515151516,0.6203703703703703,0.7709336280822754
0.02727272727272727,0.6203703703703703,0.7709160447120667
0.02727272727272727,0.6240740740740741,0.7699289321899414
0.02878787878787879,0.6240740740740741,0.7692052721977234
0.02878787878787879,0.6296296296296297,0.7660141587257385
0.029545454545454545,0.6296296296296297,0.7655728459358215
0.029545454545454545,0.6407407407407407,0.7609292268753052
0.030303030303030304,0.6407407407407407,0.7600045800209045
0.030303030303030304,0.649074074074074,0.7544823884963989
0.03106060606060606,0.649074074074074,0.7534665465354919
0.03106060606060606,0.65,0.7521236538887024
0.031818181818181815,0.65,0.7517867088317871
0.031818181818181815,0.6518518518518519,0.7505143284797668
0.03333333333333333,0.6518518518518519,0.7502202391624451
0.03333333333333333,0.6555555555555556,0.7470729947090149
0.03409090909090909,0.6555555555555556,0.7463458776473999
0.03409090909090909,0.6601851851851852,0.7440551519393921
0.03484848484848485,0.6601851851851852,0.7432319521903992
0.03484848484848485,0.6611111111111111,0.7425451278686523
0.035606060606060606,0.6611111111111111,0.7420057654380798
0.035606060606060606,0.6666666666666666,0.7399576306343079
0.037121212121212124,0.6666666666666666,0.739804744720459
0.037121212121212124,0.6731481481481482,0.7372400760650635
0.03787878787878788,0.6731481481481482,0.7367782592773438
0.03787878787878788,0.6759259259259259,0.7355160117149353
0.038636363636363635,0.6759259259259259,0.7343529462814331
0.038636363636363635,0.6824074074074075,0.732594907283783
0.03939393939393939,0.6824074074074075,0.732160210609436
0.03939393939393939,0.6916666666666667,0.7281213998794556
0.04015151515151515,0.6916666666666667,0.7278361320495605
0.04015151515151515,0.6962962962962963,0.7244417071342468
0.04090909090909091,0.6962962962962963,0.7242616415023804
0.04090909090909091,0.7037037037037037,0.7187798023223877
0.041666666666666664,0.7037037037037037,0.7186589241027832
0.041666666666666664,0.7092592592592593,0.7153865098953247
0.04242424242424243,0.7092592592592593,0.7153324484825134
0.04242424242424243,0.712037037037037,0.7146415710449219
0.04318181818181818,0.712037037037037,0.7143155932426453
0.04318181818181818,0.7129629629629629,0.7137705087661743
0.04393939393939394,0.7129629629629629,0.7130743861198425
0.04393939393939394,0.7166666666666667,0.7108782529830933
0.0446969696969697,0.7166666666666667,0.7108730673789978
0.0446969696969697,0.7185185185185186,0.7106939554214478
0.04621212121212121,0.7185185185185186,0.7105556130409241
0.04621212121212121,0.7194444444444444,0.7102729082107544
0.04696969696969697,0.7194444444444444,0.7094441652297974
0.04696969696969697,0.7305555555555555,0.7046942114830017
0.04772727272727273,0.7305555555555555,0.7035037279129028
0.04772727272727273,0.7333333333333333,0.7005631327629089
0.048484848484848485,0.7333333333333333,0.6993798017501831
0.048484848484848485,0.7342592592592593,0.6973602175712585
0.04924242424242424,0.7342592592592593,0.6968097686767578
0.04924242424242424,0.7361111111111112,0.693763017654419
0.05,0.7361111111111112,0.692423939704895
0.05,0.7462962962962963,0.6860414147377014
0.05075757575757576,0.7462962962962963,0.6842541694641113
0.05075757575757576,0.7481481481481481,0.6838580965995789
0.051515151515151514,0.7481481481481481,0.6838424801826477
0.051515151515151514,0.75,0.6830282211303711
0.05227272727272727,0.75,0.682511031627655
0.05227272727272727,0.7537037037037037,0.6792407035827637
0.05378787878787879,0.7537037037037037,0.6788992285728455
0.05378787878787879,0.7555555555555555,0.6766902208328247
0.058333333333333334,0.7555555555555555,0.6737503409385681
0.058333333333333334,0.7592592592592593,0.6718761920928955
0.059848484848484845,0.7592592592592593,0.6712772846221924
0.059848484848484845,0.7601851851851852,0.6709316968917847
0.06136363636363636,0.7601851851851852,0.6695781946182251
0.06136363636363636,0.7620370370370371,0.6691821813583374
0.06363636363636363,0.7620370370370371,0.6679480075836182
0.06363636363636363,0.7638888888888888,0.6659997701644897
0.06439393939393939,0.7638888888888888,0.6648409366607666
0.06439393939393939,0.7648148148148148,0.6643998026847839
0.06666666666666667,0.7648148148148148,0.6626277565956116
0.06666666666666667,0.7666666666666667,0.6607076525688171
0.0696969696969697,0.7666666666666667,0.6584442853927612
0.0696969696969697,0.7675925925925926,0.6583313941955566
0.07045454545454545,0.7675925925925926,0.6574744582176208
0.07045454545454545,0.7685185185185185,0.6568130850791931
0.07196969696969698,0.7685185185185185,0.6564159393310547
0.07196969696969698,0.7777777777777778,0.641726016998291
0.07272727272727272,0.7777777777777778,0.6414605379104614
0.07272727272727272,0.7824074074074074,0.6375752687454224
0.07424242424242425,0.7824074074074074,0.6345531940460205
0.07424242424242425,0.7888888888888889,0.6262990832328796
0.075,0.7888888888888889,0.6258789896965027
0.075,0.7953703703703704,0.6220643520355225
0.07575757575757576,0.7953703703703704,0.6208785772323608
0.07575757575757576,0.7962962962962963,0.6181411147117615
0.07651515151515151,0.7962962962962963,0.616807222366333
0.07651515151515151,0.7981481481481482,0.6120395064353943
0.07954545454545454,0.7981481481481482,0.6081864833831787
0.07954545454545454,0.799074074074074,0.6075888872146606
0.08712121212121213,0.799074074074074,0.5978698134422302
0.08712121212121213,0.8,0.5976182222366333
0.09015151515151515,0.8,0.5957185626029968
0.09015151515151515,0.8009259259259259,0.5941323041915894
0.09393939393939393,0.8009259259259259,0.5913282036781311
0.09393939393939393,0.8018518518518518,0.5900967717170715
0.0946969696969697,0.8018518518518518,0.5892336368560791
0.0946969696969697,0.8027777777777778,0.5887841582298279
0.09772727272727273,0.8027777777777778,0.5861899256706238
0.09772727272727273,0.8037037037037037,0.585017740726471
0.10378787878787879,0.8037037037037037,0.5791446566581726
0.10378787878787879,0.8055555555555556,0.5761886239051819
0.10454545454545454,0.8055555555555556,0.5745728015899658
0.10454545454545454,0.8083333333333333,0.5707321763038635
0.1053030303030303,0.8083333333333333,0.5707120895385742
0.1053030303030303,0.8111111111111111,0.5691459774971008
0.10757575757575757,0.8111111111111111,0.5662257075309753
0.10757575757575757,0.812037037037037,0.5654382705688477
0.10909090909090909,0.812037037037037,0.5592111945152283
0.10909090909090909,0.812962962962963,0.5547779202461243
0.11136363636363636,0.812962962962963,0.5498571395874023
0.11136363636363636,0.8138888888888889,0.549728274345398
0.11287878787878788,0.8138888888888889,0.5452669858932495
0.11287878787878788,0.8157407407407408,0.5404014587402344
0.1143939393939394,0.8157407407407408,0.5400595664978027
0.1143939393939394,0.8166666666666667,0.5383501648902893
0.11515151515151516,0.8166666666666667,0.5381201505661011
0.11515151515151516,0.8175925925925925,0.5370602607727051
0.1159090909090909,0.8175925925925925,0.5366288423538208
0.1159090909090909,0.8194444444444444,0.5363531708717346
0.11742424242424243,0.8194444444444444,0.5337510704994202
0.11742424242424243,0.8212962962962963,0.5335394740104675
0.11893939393939394,0.8212962962962963,0.5312048196792603
0.11893939393939394,0.8231481481481482,0.5303443074226379
0.12348484848484849,0.8231481481481482,0.5262854099273682
0.12348484848484849,0.8240740740740741,0.5262354612350464
0.12878787878787878,0.8240740740740741,0.5207850337028503
0.12878787878787878,0.825,0.5177203416824341
0.12954545454545455,0.825,0.5174419283866882
0.12954545454545455,0.8268518518518518,0.5163995027542114
0.1303030303030303,0.8268518518518518,0.5156869292259216
0.1303030303030303,0.8277777777777777,0.5152440667152405
0.13560606060606062,0.8277777777777777,0.5111351013183594
0.13560606060606062,0.8305555555555556,0.5093224048614502
0.13636363636363635,0.8305555555555556,0.5088908672332764
0.13636363636363635,0.8314814814814815,0.5081389546394348
0.13712121212121212,0.8314814814814815,0.5079209208488464
0.13712121212121212,0.8324074074074074,0.5075682401657104
0.13787878787878788,0.8324074074074074,0.5074229836463928
0.13787878787878788,0.8333333333333334,0.5073598623275757
0.13863636363636364,0.8333333333333334,0.5062899589538574
0.13863636363636364,0.8342592592592593,0.505749523639679
0.1393939393939394,0.8342592592592593,0.5054727792739868
0.1393939393939394,0.837037037037037,0.5029996633529663
0.1409090909090909,0.837037037037037,0.5005248188972473
0.1409090909090909,0.8379629629629629,0.5000103116035461
0.14393939393939395,0.8379629629629629,0.4986550807952881
0.14393939393939395,0.8398148148148148,0.4960552155971527
0.14545454545454545,0.8398148148148148,0.49518370628356934
0.14545454545454545,0.8407407407407408,0.4946865737438202
0.1462121212121212,0.8407407407407408,0.4937628507614136
0.1462121212121212,0.8444444444444444,0.4895617961883545
0.15151515151515152,0.8444444444444444,0.482563853263855
0.15151515151515152,0.8453703703703703,0.48095548152923584
0.15454545454545454,0.8453703703703703,0.47796210646629333
0.15454545454545454,0.8462962962962963,0.4767906963825226
0.1553030303030303,0.8462962962962963,0.4762358069419861
0.1553030303030303,0.8472222222222222,0.47549352049827576
0.1606060606060606,0.8472222222222222,0.471435546875
0.1606060606060606,0.8481481481481481,0.47049659490585327
0.16136363636363638,0.8481481481481481,0.46965956687927246
0.16136363636363638,0.8490740740740741,0.46838486194610596
0.16287878787878787,0.8490740740740741,0.4657565951347351
0.16287878787878787,0.85,0.46542003750801086
0.16363636363636364,0.85,0.4651586711406708
0.16363636363636364,0.850925925925926,0.4646126925945282
0.16515151515151516,0.850925925925926,0.46365872025489807
0.16515151515151516,0.8518518518518519,0.46317189931869507
0.16590909090909092,0.8518518518518519,0.46302759647369385
0.16590909090909092,0.8527777777777777,0.4622266888618469
0.16666666666666666,0.8527777777777777,0.46205371618270874
0.16666666666666666,0.8546296296296296,0.4617960751056671
0.16742424242424242,0.8546296296296296,0.4613327085971832
0.16742424242424242,0.8564814814814815,0.46102115511894226
0.16818181818181818,0.8564814814814815,0.4605674743652344
0.16818181818181818,0.8574074074074074,0.46052098274230957
0.17272727272727273,0.8574074074074074,0.4579788148403168
0.17272727272727273,0.8583333333333333,0.45678386092185974
0.1765151515151515,0.8583333333333333,0.4544156789779663
0.1765151515151515,0.862037037037037,0.45248857140541077
0.17727272727272728,0.862037037037037,0.4515596926212311
0.17727272727272728,0.8629629629629629,0.4505869448184967
0.18106060606060606,0.8629629629629629,0.44701623916625977
0.18106060606060606,0.8657407407407407,0.44668084383010864
0.18181818181818182,0.8657407407407407,0.44620850682258606
0.18181818181818182,0.8703703703703703,0.4426116645336151
0.1856060606060606,0.8703703703703703,0.44222384691238403
0.1856060606060606,0.8722222222222222,0.4404188096523285
0.18636363636363637,0.8722222222222222,0.43986961245536804
0.18636363636363637,0.8731481481481481,0.4392634928226471
0.18787878787878787,0.8731481481481481,0.4380125403404236
0.18787878787878787,0.875,0.4369884133338928
0.18863636363636363,0.875,0.4365999698638916
0.18863636363636363,0.8777777777777778,0.43417736887931824
0.1893939393939394,0.8777777777777778,0.4308718144893646
0.1893939393939394,0.8796296296296297,0.42646050453186035
0.19090909090909092,0.8796296296296297,0.4253298044204712
0.19090909090909092,0.8805555555555555,0.4241282045841217
0.19166666666666668,0.8805555555555555,0.42306751012802124
0.19166666666666668,0.8814814814814815,0.4211955666542053
0.19242424242424241,0.8814814814814815,0.42089492082595825
0.19242424242424241,0.8824074074074074,0.42063239216804504
0.19318181818181818,0.8824074074074074,0.42036935687065125
0.19318181818181818,0.8842592592592593,0.4195530116558075
0.19545454545454546,0.8842592592592593,0.4168550670146942
0.19545454545454546,0.8851851851851852,0.4165613651275635
0.2,0.8851851851851852,0.412442147731781
0.2,0.8861111111111111,0.412252277135849
0.20227272727272727,0.8861111111111111,0.4109439253807068
0.20227272727272727,0.8870370370370371,0.41092297434806824
0.20606060606060606,0.8870370370370371,0.4076376259326935
0.20606060606060606,0.8888888888888888,0.4062243103981018
0.20681818181818182,0.8888888888888888,0.4058324098587036
0.20681818181818182,0.8898148148148148,0.4053148925304413
0.20909090909090908,0.8898148148148148,0.40356969833374023
0.20909090909090908,0.8907407407407407,0.40327417850494385
0.2106060606060606,0.8907407407407407,0.4022425711154938
0.2106060606060606,0.8916666666666667,0.4017888903617859
0.21666666666666667,0.8916666666666667,0.3971138000488281
0.21666666666666667,0.8925925925925926,0.3966047763824463
0.21742424242424244,0.8925925925925926,0.3963100016117096
0.21742424242424244,0.8935185185185185,0.39511752128601074
0.21818181818181817,0.8935185185185185,0.39492112398147583
0.21818181818181817,0.8953703703703704,0.3925224542617798
0.2196969696969697,0.8953703703703704,0.3920327425003052
0.2196969696969697,0.8962962962962963,0.3919234275817871
0.22045454545454546,0.8962962962962963,0.39117544889450073
0.22045454545454546,0.9,0.3884243667125702
0.22121212121212122,0.9,0.38823622465133667
0.22196969696969698,0.9009259259259259,0.3869434893131256
0.22196969696969698,0.9027777777777778,0.38584235310554504
0.225,0.9027777777777778,0.38463297486305237
0.225,0.9074074074074074,0.3839520215988159
0.22803030303030303,0.9074074074074074,0.382286936044693
0.22803030303030303,0.9092592592592592,0.3818577527999878
0.2287878787878788,0.9092592592592592,0.3818075358867645
0.2287878787878788,0.9111111111111111,0.3808986246585846
0.22954545454545455,0.9111111111111111,0.38078930974006653
0.22954545454545455,0.9120370370370371,0.38061830401420593
0.23030303030303031,0.9120370370370371,0.3794507682323456
0.23030303030303031,0.912962962962963,0.37896251678466797
0.2318181818181818,0.912962962962963,0.3786645233631134
0.2318181818181818,0.9166666666666666,0.3766176104545593
0.23257575757575757,0.9166666666666666,0.3762224614620209
0.23257575757575757,0.9185185185185185,0.3759501278400421
0.23484848484848486,0.9185185185185185,0.3731131851673126
0.23484848484848486,0.9194444444444444,0.3728463053703308
0.23939393939393938,0.9194444444444444,0.3686278164386749
0.23939393939393938,0.9212962962962963,0.36757370829582214
0.24015151515151514,0.9212962962962963,0.3667850196361542
0.24015151515151514,0.924074074074074,0.3655857443809509
0.24166666666666667,0.924074074074074,0.3638012111186981
0.24166666666666667,0.925,0.3633575141429901
0.2431818181818182,0.925,0.3623802959918976
0.2431818181818182,0.9259259259259259,0.36183738708496094
0.24545454545454545,0.9259259259259259,0.36075782775878906
0.24545454545454545,0.9268518518518518,0.36004945635795593
0.24848484848484848,0.9268518518518518,0.35711681842803955
0.24848484848484848,0.9296296296296296,0.3564850389957428
0.25303030303030305,0.9296296296296296,0.34970083832740784
0.25303030303030305,0.9305555555555556,0.3492554724216461
0.2537878787878788,0.9305555555555556,0.34921854734420776
0.2537878787878788,0.9314814814814815,0.3489212989807129
0.2590909090909091,0.9314814814814815,0.34555625915527344
0.2590909090909091,0.9324074074074075,0.34532618522644043
0.2628787878787879,0.9324074074074075,0.3426661193370819
0.2628787878787879,0.9333333333333333,0.34186220169067383
0.2643939393939394,0.9333333333333333,0.3414601981639862
0.2643939393939394,0.9342592592592592,0.3401827812194824
0.26666666666666666,0.9342592592592592,0.33906885981559753
0.26666666666666666,0.9351851851851852,0.33807092905044556
0.2689393939393939,0.9351851851851852,0.33729150891304016
0.2689393939393939,0.9361111111111111,0.3367132842540741
0.2696969696969697,0.9361111111111111,0.33651748299598694
0.2696969696969697,0.937962962962963,0.3362923562526703
0.27045454545454545,0.937962962962963,0.3349359631538391
0.27045454545454545,0.9388888888888889,0.3344009518623352
0.27424242424242423,0.9388888888888889,0.3325405716896057
0.27424242424242423,0.9416666666666667,0.33043399453163147
0.275,0.9416666666666667,0.3301643133163452
0.275,0.9425925925925925,0.3300594091415405
0.27575757575757576,0.9425925925925925,0.3298781216144562
0.27575757575757576,0.9435185185185185,0.32933032512664795
0.2765151515151515,0.9435185185185185,0.3291873037815094
0.2765151515151515,0.9444444444444444,0.3283403515815735
0.2772727272727273,0.9444444444444444,0.3276009261608124
0.2772727272727273,0.9453703703703704,0.32712504267692566
0.2818181818181818,0.9453703703703704,0.32494229078292847
0.2818181818181818,0.9462962962962963,0.3232325613498688
0.28484848484848485,0.9462962962962963,0.32143881916999817
0.28484848484848485,0.9490740740740741,0.32032907009124756
0.29015151515151516,0.9490740740740741,0.3162478506565094
0.29015151515151516,0.950925925925926,0.315466970205307
0.2924242424242424,0.950925925925926,0.31392207741737366
0.2924242424242424,0.9527777777777777,0.31354522705078125
0.29318181818181815,0.9527777777777777,0.3134487271308899
0.29318181818181815,0.9564814814814815,0.31176671385765076
0.29545454545454547,0.9564814814814815,0.3105930685997009
0.29545454545454547,0.9574074074074074,0.3089534640312195
0.29848484848484846,0.9574074074074074,0.30609744787216187
0.29848484848484846,0.9583333333333334,0.30490919947624207
0.3007575757575758,0.9583333333333334,0.3006860911846161
0.3007575757575758,0.9592592592592593,0.3005256950855255
0.3015151515151515,0.9592592592592593,0.3003082573413849
0.3015151515151515,0.9601851851851851,0.30025723576545715
0.30454545454545456,0.9601851851851851,0.29781031608581543
0.30454545454545456,0.9611111111111111,0.29537829756736755
0.30606060606060603,0.9611111111111111,0.29435333609580994
0.30606060606060603,0.962037037037037,0.29420310258865356
0.31136363636363634,0.962037037037037,0.29182595014572144
0.31136363636363634,0.9629629629629629,0.2915356457233429
0.3477272727272727,0.9629629629629629,0.27139759063720703
0.3477272727272727,0.9638888888888889,0.2710168659687042
0.3515151515151515,0.9638888888888889,0.2699367105960846
0.3515151515151515,0.9648148148148148,0.2698739469051361
0.3522727272727273,0.9648148148148148,0.2692486643791199
0.3522727272727273,0.9657407407407408,0.2683699429035187
0.35984848484848486,0.9657407407407408,0.26379844546318054
0.35984848484848486,0.9666666666666667,0.26368480920791626
0.3606060606060606,0.9666666666666667,0.2632468640804291
0.3606060606060606,0.9675925925925926,0.26290905475616455
0.3643939393939394,0.9675925925925926,0.26044929027557373
0.3643939393939394,0.9685185185185186,0.2601819336414337
0.3696969696969697,0.9685185185185186,0.2588348090648651
0.3696969696969697,0.9694444444444444,0.25877881050109863
0.37196969696969695,0.9694444444444444,0.25746437907218933
0.37196969696969695,0.9703703703703703,0.25670334696769714
0.37727272727272726,0.9703703703703703,0.2541796863079071
0.37727272727272726,0.9722222222222222,0.25356197357177734
0.4015151515151515,0.9722222222222222,0.2421119064092636
0.4015151515151515,0.9731481481481481,0.24208305776119232
0.4022727272727273,0.9731481481481481,0.24200300872325897
0.4022727272727273,0.9740740740740741,0.24175095558166504
0.4037878787878788,0.9740740740740741,0.24014893174171448
0.4037878787878788,0.975,0.23952433466911316
0.4053030303030303,0.975,0.2384040206670761
0.4053030303030303,0.975925925925926,0.23827597498893738
0.4068181818181818,0.975925925925926,0.23445461690425873
0.4068181818181818,0.9768518518518519,0.23277083039283752
0.4075757575757576,0.9768518518518519,0.23276415467262268
0.4075757575757576,0.9777777777777777,0.23250527679920197
0.4106060606060606,0.9777777777777777,0.23029015958309174
0.4106060606060606,0.9787037037037037,0.22896821796894073
0.4113636363636364,0.9787037037037037,0.22895532846450806
0.4113636363636364,0.9796296296296296,0.2282436043024063
0.42348484848484846,0.9796296296296296,0.22041623294353485
0.42348484848484846,0.9805555555555555,0.2194277048110962
0.44393939393939397,0.9805555555555555,0.20881906151771545
0.44393939393939397,0.9814814814814815,0.2086925208568573
0.4659090909090909,0.9814814814814815,0.20089054107666016
0.4659090909090909,0.9824074074074074,0.20045970380306244
0.4666666666666667,0.9824074074074074,0.20027519762516022
0.4666666666666667,0.9833333333333333,0.20015940070152283
0.47045454545454546,0.9833333333333333,0.19838760793209076
0.47045454545454546,0.9842592592592593,0.19821509718894958
0.48787878787878786,0.9842592592592593,0.1911850869655609
0.48787878787878786,0.9851851851851852,0.19117985665798187
0.4909090909090909,0.9851851851851852,0.19078496098518372
0.4909090909090909,0.9861111111111112,0.19056172668933868
0.5113636363636364,0.9861111111111112,0.18485739827156067
0.5113636363636364,0.9879629629629629,0.18470977246761322
0.5181818181818182,0.9879629629629629,0.18349595367908478
0.5181818181818182,0.9888888888888889,0.18287654221057892
0.5257575757575758,0.9888888888888889,0.18066558241844177
0.5257575757575758,0.9907407407407407,0.17977499961853027
0.5303030303030303,0.9907407407407407,0.17742681503295898
0.5303030303030303,0.9916666666666667,0.1772313266992569
0.531060606060606,0.9916666666666667,0.17680096626281738
0.531060606060606,0.9925925925925926,0.17660142481327057
0.5318181818181819,0.9925925925925926,0.17659230530261993
0.5318181818181819,0.9935185185185185,0.17649155855178833
0.5356060606060606,0.9935185185185185,0.17481200397014618
0.5356060606060606,0.9944444444444445,0.1746387928724289
0.5371212121212121,0.9944444444444445,0.17420406639575958
0.5371212121212121,0.9953703703703703,0.17410396039485931
0.5424242424242425,0.9953703703703703,0.1724867820739746
0.5424242424242425,0.9962962962962963,0.172450989484787
0.5492424242424242,0.9962962962962963,0.16986295580863953
0.5492424242424242,0.9972222222222222,0.16894733905792236
0.5507575757575758,0.9972222222222222,0.16843590140342712
0.5507575757575758,0.9981481481481481,0.16838379204273224
0.5727272727272728,0.9981481481481481,0.15946459770202637
0.5727272727272728,0.9990740740740741,0.15876275300979614
0.575,0.9990740740740741,0.1557074785232544
0.575,1.0,0.15561726689338684
1.0,1.0,0.02129172906279564
