FPR,TPR,Threshold
0.0,0.0,1.999349296092987
0.0,0.0002631578947368421,0.9993492960929871
0.0,0.052894736842105265,0.9976734519004822
0.0,0.053421052631578946,0.9976728558540344
0.0,0.07763157894736843,0.9963645339012146
0.0,0.0781578947368421,0.9963076114654541
0.0,0.09736842105263158,0.9948528409004211
0.0,0.09789473684210526,0.9948398470878601
0.0,0.2507894736842105,0.979349672794342
0.0,0.2513157894736842,0.9793410897254944
0.0,0.525,0.8991338610649109
0.001,0.525,0.8990475535392761
0.001,0.5276315789473685,0.8974998593330383
0.002,0.5276315789473685,0.8974912166595459
0.002,0.5278947368421053,0.8974636793136597
0.003,0.5278947368421053,0.8974164128303528
0.003,0.5489473684210526,0.8900182843208313
0.004,0.5489473684210526,0.889805018901825
0.004,0.5647368421052632,0.8817395567893982
0.005,0.5647368421052632,0.8816144466400146
0.005,0.5763157894736842,0.8776100873947144
0.006,0.5763157894736842,0.8775288462638855
0.006,0.5773684210526315,0.8771793246269226
0.006,0.5778947368421052,0.8770791888237
0.006,0.5876315789473684,0.8723532557487488
0.007,0.5876315789473684,0.8723229169845581
0.007,0.5965789473684211,0.8688889145851135
0.008,0.5965789473684211,0.868818998336792
0.008,0.5994736842105263,0.8677240014076233
0.009,0.5994736842105263,0.8675420880317688
0.009,0.6015789473684211,0.8664350509643555
0.01,0.6015789473684211,0.8664340972900391
0.01,0.6026315789473684,0.8661209940910339
0.011,0.6026315789473684,0.8658891320228577
0.011,0.603421052631579,0.8657532930374146
0.012,0.603421052631579,0.8655565977096558
0.012,0.6068421052631578,0.8632580637931824
0.013,0.6068421052631578,0.8630263209342957
0.013,0.6105263157894737,0.8610270023345947
0.015,0.6105263157894737,0.8608212471008301
0.015,0.611578947368421,0.8603598475456238
0.016,0.611578947368421,0.8603535890579224
0.016,0.6202631578947368,0.8558527231216431
0.017,0.6202631578947368,0.8557952642440796
0.017,0.6223684210526316,0.8546016812324524
0.018,0.6223684210526316,0.8545910120010376
0.018,0.6226315789473684,0.8545494675636292
0.019,0.6226315789473684,0.854421079158783
0.019,0.6236842105263158,0.8536054491996765
0.02,0.6236842105263158,0.8534032106399536
0.02,0.6247368421052631,0.8530175685882568
0.021,0.6247368421052631,0.8528084754943848
0.021,0.6263157894736842,0.8520990014076233
0.022,0.6263157894736842,0.8518837094306946
0.022,0.63,0.8500919342041016
0.023,0.63,0.8500914573669434
0.023,0.638421052631579,0.8460748791694641
0.024,0.638421052631579,0.8455175757408142
0.024,0.6386842105263157,0.8454805612564087
0.025,0.6386842105263157,0.8454707860946655
0.025,0.6457894736842106,0.8424990773200989
0.026,0.6457894736842106,0.8422430753707886
0.026,0.6486842105263158,0.8405478596687317
0.027,0.6486842105263158,0.8405084609985352
0.027,0.6536842105263158,0.8381290435791016
0.028,0.6536842105263158,0.8380059003829956
0.028,0.6623684210526316,0.8336510062217712
0.029,0.6623684210526316,0.8335747718811035
0.029,0.6636842105263158,0.8332327604293823
0.03,0.6636842105263158,0.8331653475761414
0.03,0.6705263157894736,0.8295548558235168
0.033,0.6705263157894736,0.829244077205658
0.033,0.6707894736842105,0.8291293978691101
0.034,0.6707894736842105,0.8289591670036316
0.034,0.6786842105263158,0.8242545127868652
0.035,0.6786842105263158,0.824138343334198
0.035,0.6818421052631579,0.8228708505630493
0.036,0.6818421052631579,0.8227155804634094
0.036,0.6876315789473684,0.8190345168113708
0.037,0.6876315789473684,0.8189691305160522
0.037,0.6923684210526316,0.8164371848106384
0.038,0.6923684210526316,0.8161922097206116
0.038,0.7118421052631579,0.8065367341041565
0.04,0.7118421052631579,0.8061395287513733
0.04,0.7126315789473684,0.8057648539543152
0.041,0.7126315789473684,0.80548095703125
0.041,0.7142105263157895,0.8046259880065918
0.042,0.7142105263157895,0.8045684099197388
0.042,0.7210526315789474,0.8006996512413025
0.043,0.7210526315789474,0.8005574941635132
0.043,0.7278947368421053,0.796251654624939
0.044,0.7278947368421053,0.7961388826370239
0.044,0.7413157894736843,0.7871149182319641
0.045,0.7413157894736843,0.78706955909729
0.045,0.7421052631578947,0.7863394618034363
0.046,0.7421052631578947,0.7862889766693115
0.046,0.7621052631578947,0.7687530517578125
0.047,0.7621052631578947,0.7686582803726196
0.047,0.7636842105263157,0.7678092122077942
0.048,0.7636842105263157,0.767547070980072
0.048,0.7639473684210526,0.7674863934516907
0.049,0.7639473684210526,0.7672898173332214
0.049,0.7647368421052632,0.7665975093841553
0.05,0.7647368421052632,0.7663769125938416
0.05,0.7694736842105263,0.762427568435669
0.051,0.7694736842105263,0.7621346116065979
0.051,0.7707894736842106,0.7610085010528564
0.052,0.7707894736842106,0.7607237696647644
0.052,0.7757894736842105,0.7551145553588867
0.053,0.7757894736842105,0.7542547583580017
0.053,0.7786842105263158,0.751051664352417
0.054,0.7786842105263158,0.7505730390548706
0.054,0.7792105263157895,0.7504976391792297
0.055,0.7792105263157895,0.7502387762069702
0.055,0.78,0.7489727139472961
0.056,0.78,0.7488418817520142
0.056,0.783157894736842,0.7442998886108398
0.057,0.783157894736842,0.7434526681900024
0.057,0.7847368421052632,0.7425975799560547
0.058,0.7847368421052632,0.7418867349624634
0.058,0.7855263157894737,0.7415097951889038
0.059,0.7855263157894737,0.7414485812187195
0.059,0.7863157894736842,0.740910530090332
0.06,0.7863157894736842,0.7409025430679321
0.06,0.7868421052631579,0.7400863766670227
0.061,0.7868421052631579,0.7400292158126831
0.061,0.7886842105263158,0.7385377287864685
0.062,0.7886842105263158,0.7384940981864929
0.062,0.7913157894736842,0.7347313761711121
0.064,0.7913157894736842,0.7333863377571106
0.064,0.7955263157894736,0.7292090654373169
0.065,0.7955263157894736,0.7288828492164612
0.065,0.7971052631578948,0.7275556921958923
0.067,0.7971052631578948,0.7270702719688416
0.067,0.7989473684210526,0.725717306137085
0.068,0.7989473684210526,0.7254399061203003
0.068,0.8015789473684211,0.7233781814575195
0.069,0.8015789473684211,0.7232042551040649
0.069,0.8055263157894736,0.716582715511322
0.07,0.8055263157894736,0.716272234916687
0.07,0.8089473684210526,0.7134822607040405
0.071,0.8089473684210526,0.7134450674057007
0.071,0.8115789473684211,0.7102643251419067
0.072,0.8115789473684211,0.7099775075912476
0.072,0.8123684210526316,0.709036111831665
0.074,0.8123684210526316,0.7083845734596252
0.074,0.8186842105263158,0.700532853603363
0.075,0.8186842105263158,0.7000153660774231
0.075,0.8210526315789474,0.698092520236969
0.076,0.8210526315789474,0.6972411274909973
0.076,0.8223684210526315,0.6963546276092529
0.077,0.8223684210526315,0.6963247656822205
0.077,0.8247368421052632,0.6946039795875549
0.078,0.8247368421052632,0.6945837736129761
0.078,0.8271052631578948,0.6914841532707214
0.079,0.8271052631578948,0.6914567947387695
0.079,0.8278947368421052,0.6911280155181885
0.08,0.8278947368421052,0.6910665035247803
0.08,0.83,0.6893728375434875
0.081,0.83,0.6892764568328857
0.081,0.8371052631578947,0.6824824810028076
0.081,0.8376315789473684,0.6824482679367065
0.081,0.8531578947368421,0.6619543433189392
0.082,0.8531578947368421,0.6616787314414978
0.082,0.8605263157894737,0.6544244289398193
0.083,0.8605263157894737,0.6541857719421387
0.083,0.873421052631579,0.6360131502151489
0.084,0.873421052631579,0.6356188654899597
0.084,0.8747368421052631,0.6333968043327332
0.085,0.8747368421052631,0.63298499584198
0.085,0.8752631578947369,0.6324684023857117
0.086,0.8752631578947369,0.6323933601379395
0.086,0.8776315789473684,0.6296128034591675
0.088,0.8776315789473684,0.6294021010398865
0.088,0.8786842105263157,0.6275510191917419
0.089,0.8786842105263157,0.6274421215057373
0.089,0.88,0.6254429221153259
0.09,0.88,0.624700665473938
0.09,0.885,0.6181773543357849
0.091,0.885,0.6176050901412964
0.091,0.8863157894736842,0.6152801513671875
0.092,0.8863157894736842,0.6150025129318237
0.092,0.886578947368421,0.6146324276924133
0.093,0.886578947368421,0.6135378479957581
0.093,0.8947368421052632,0.6002298593521118
0.094,0.8947368421052632,0.6000315546989441
0.094,0.8952631578947369,0.598810076713562
0.096,0.8952631578947369,0.5981950759887695
0.096,0.8963157894736842,0.5958546996116638
0.097,0.8963157894736842,0.5954426527023315
0.097,0.8971052631578947,0.5924320816993713
0.1,0.8971052631578947,0.5921114087104797
0.1,0.8973684210526316,0.5909925103187561
0.102,0.8973684210526316,0.5893911123275757
0.102,0.8981578947368422,0.5873005390167236
0.103,0.8981578947368422,0.5848039388656616
0.103,0.9007894736842105,0.5815113186836243
0.104,0.9007894736842105,0.5805535912513733
0.104,0.9013157894736842,0.5795881152153015
0.105,0.9013157894736842,0.5753500461578369
0.105,0.9021052631578947,0.5740970373153687
0.107,0.9021052631578947,0.5729642510414124
0.107,0.9028947368421053,0.5708330273628235
0.108,0.9028947368421053,0.5695076584815979
0.108,0.9034210526315789,0.5685588717460632
0.11,0.9034210526315789,0.5671164989471436
0.11,0.905,0.5625976324081421
0.111,0.905,0.562425971031189
0.111,0.9052631578947369,0.5617074370384216
0.112,0.9052631578947369,0.5603832006454468
0.112,0.9071052631578947,0.5552188158035278
0.114,0.9071052631578947,0.5545302629470825
0.114,0.9073684210526316,0.5543033480644226
0.115,0.9073684210526316,0.5535284876823425
0.115,0.9078947368421053,0.5531029105186462
0.116,0.9078947368421053,0.5530917644500732
0.116,0.908157894736842,0.552842378616333
0.117,0.908157894736842,0.5524414777755737
0.117,0.9089473684210526,0.5488600730895996
0.118,0.9089473684210526,0.5486664175987244
0.118,0.91,0.546820878982544
0.122,0.91,0.543124258518219
0.122,0.9102631578947369,0.5429590344429016
0.123,0.9102631578947369,0.5425798892974854
0.123,0.9105263157894737,0.5423092842102051
0.124,0.9105263157894737,0.5422731041908264
0.124,0.911578947368421,0.5410224795341492
0.128,0.911578947368421,0.5390418767929077
0.128,0.9121052631578948,0.5369718074798584
0.129,0.9121052631578948,0.5362942218780518
0.129,0.9123684210526316,0.5360503196716309
0.131,0.9123684210526316,0.5309824347496033
0.131,0.9126315789473685,0.5301157236099243
0.132,0.9126315789473685,0.5297858119010925
0.132,0.9128947368421053,0.5290152430534363
0.134,0.9128947368421053,0.5280101895332336
0.134,0.9134210526315789,0.5275272130966187
0.135,0.9134210526315789,0.5272724032402039
0.135,0.9136842105263158,0.5266557335853577
0.136,0.9136842105263158,0.5263981223106384
0.136,0.9144736842105263,0.5242539644241333
0.14,0.9144736842105263,0.5231142640113831
0.14,0.9155263157894736,0.5181825160980225
0.142,0.9155263157894736,0.5168094635009766
0.142,0.9157894736842105,0.5154682993888855
0.144,0.9157894736842105,0.5145137310028076
0.144,0.9168421052631579,0.5113600492477417
0.145,0.9168421052631579,0.5111249089241028
0.145,0.9176315789473685,0.5104535818099976
0.146,0.9176315789473685,0.5089355111122131
0.146,0.9178947368421052,0.508868932723999
0.147,0.9178947368421052,0.5072361826896667
0.147,0.9189473684210526,0.5037822723388672
0.148,0.9189473684210526,0.5029160380363464
0.148,0.9192105263157895,0.5012089014053345
0.149,0.9192105263157895,0.500761866569519
0.149,0.9197368421052632,0.49960067868232727
0.15,0.9197368421052632,0.49848729372024536
0.15,0.92,0.4979309141635895
0.152,0.92,0.49648919701576233
0.152,0.9205263157894736,0.4955090880393982
0.153,0.9205263157894736,0.49540355801582336
0.153,0.9207894736842105,0.49514827132225037
0.154,0.9207894736842105,0.4947078227996826
0.154,0.9210526315789473,0.4944238066673279
0.155,0.9210526315789473,0.49406853318214417
0.155,0.9221052631578948,0.48817557096481323
0.157,0.9221052631578948,0.4858463704586029
0.157,0.9234210526315789,0.4779309630393982
0.161,0.9234210526315789,0.4731951057910919
0.161,0.9239473684210526,0.4723506271839142
0.162,0.9239473684210526,0.4720941185951233
0.162,0.9242105263157895,0.4707868993282318
0.164,0.9242105263157895,0.4697909653186798
0.164,0.9247368421052632,0.46640917658805847
0.165,0.9247368421052632,0.46563953161239624
0.165,0.925,0.4640313386917114
0.166,0.925,0.46383437514305115
0.166,0.9252631578947368,0.4604252278804779
0.167,0.9252631578947368,0.4603940546512604
0.167,0.9255263157894736,0.4586264491081238
0.171,0.9255263157894736,0.453157901763916
0.171,0.9260526315789473,0.4520493745803833
0.175,0.9260526315789473,0.44690248370170593
0.175,0.9268421052631579,0.4435306191444397
0.177,0.9268421052631579,0.44208580255508423
0.177,0.9273684210526316,0.4388308525085449
0.186,0.9273684210526316,0.4303279519081116
0.186,0.9276315789473685,0.4238678812980652
0.194,0.9276315789473685,0.41307276487350464
0.194,0.9281578947368421,0.4064696431159973
0.196,0.9281578947368421,0.4029863178730011
0.196,0.9284210526315789,0.4028564989566803
0.2,0.9284210526315789,0.399262398481369
0.2,0.9292105263157895,0.39557933807373047
0.203,0.9292105263157895,0.3898821771144867
0.203,0.9294736842105263,0.3880288898944855
0.204,0.9294736842105263,0.3865194320678711
0.204,0.9297368421052632,0.38611921668052673
0.205,0.9297368421052632,0.3859125077724457
0.205,0.93,0.38574230670928955
0.21,0.93,0.3810780346393585
0.21,0.9302631578947368,0.38044050335884094
0.212,0.9302631578947368,0.3784480392932892
0.212,0.9310526315789474,0.3749657869338989
0.216,0.9310526315789474,0.3715217709541321
0.216,0.9313157894736842,0.3707835376262665
0.217,0.9313157894736842,0.3700205981731415
0.217,0.9323684210526316,0.368184894323349
0.218,0.9323684210526316,0.36737266182899475
0.218,0.9331578947368421,0.3664071261882782
0.219,0.9331578947368421,0.3658578097820282
0.219,0.9336842105263158,0.36560991406440735
0.22,0.9336842105263158,0.3635454773902893
0.22,0.9339473684210526,0.36334434151649475
0.224,0.9339473684210526,0.3613823652267456
0.224,0.9342105263157895,0.3612535893917084
0.227,0.9342105263157895,0.3594686985015869
0.227,0.9344736842105263,0.35944733023643494
0.229,0.9344736842105263,0.35891538858413696
0.229,0.935,0.3585250973701477
0.235,0.935,0.3538230061531067
0.235,0.9352631578947368,0.3530595898628235
0.238,0.9352631578947368,0.3502829968929291
0.238,0.9355263157894737,0.34902364015579224
0.24,0.9355263157894737,0.34702789783477783
0.24,0.9357894736842105,0.34672674536705017
0.241,0.9357894736842105,0.34666135907173157
0.241,0.9363157894736842,0.3452012240886688
0.243,0.9363157894736842,0.3431597054004669
0.243,0.9365789473684211,0.34247761964797974
0.249,0.9365789473684211,0.33786898851394653
0.249,0.9371052631578948,0.3377259373664856
0.251,0.9371052631578948,0.33693668246269226
0.251,0.9373684210526316,0.33659836649894714
0.252,0.9373684210526316,0.33606740832328796
0.252,0.9376315789473684,0.33562371134757996
0.253,0.9376315789473684,0.33510348200798035
0.253,0.9378947368421052,0.33460578322410583
0.254,0.9378947368421052,0.33427178859710693
0.254,0.9381578947368421,0.3322332799434662
0.255,0.9381578947368421,0.33213603496551514
0.255,0.9386842105263158,0.3297378122806549
0.262,0.9386842105263158,0.3243631422519684
0.262,0.9394736842105263,0.3234061300754547
0.263,0.9394736842105263,0.3230413794517517
0.263,0.9397368421052632,0.3223150968551636
0.269,0.9397368421052632,0.31838181614875793
0.269,0.94,0.31740885972976685
0.275,0.94,0.3119446337223053
0.275,0.9402631578947368,0.3106660544872284
0.278,0.9402631578947368,0.3084506094455719
0.278,0.9407894736842105,0.30634167790412903
0.279,0.9407894736842105,0.3060055375099182
0.279,0.9421052631578948,0.3013571798801422
0.284,0.9421052631578948,0.299620658159256
0.284,0.9426315789473684,0.2983313202857971
0.285,0.9426315789473684,0.29695379734039307
0.285,0.9428947368421052,0.29493746161460876
0.287,0.9428947368421052,0.2935817837715149
0.287,0.9431578947368421,0.2933593988418579
0.29,0.9431578947368421,0.2904311716556549
0.29,0.9434210526315789,0.28951337933540344
0.291,0.9434210526315789,0.2894715964794159
0.291,0.945,0.28452983498573303
0.293,0.945,0.28300169110298157
0.293,0.9452631578947368,0.2810697853565216
0.294,0.9452631578947368,0.28083860874176025
0.294,0.9460526315789474,0.2796403169631958
0.296,0.9460526315789474,0.27762871980667114
0.296,0.9468421052631579,0.2765231430530548
0.297,0.9468421052631579,0.27553361654281616
0.297,0.9484210526315789,0.268916517496109
0.299,0.9484210526315789,0.268428236246109
0.299,0.9486842105263158,0.26841941475868225
0.3,0.9486842105263158,0.2684151828289032
0.3,0.9489473684210527,0.26819029450416565
0.301,0.9489473684210527,0.2681211531162262
0.301,0.9494736842105264,0.26632463932037354
0.302,0.9494736842105264,0.26626908779144287
0.302,0.9497368421052632,0.26625072956085205
0.303,0.9497368421052632,0.26614826917648315
0.303,0.9502631578947368,0.2654161751270294
0.306,0.9502631578947368,0.2626112401485443
0.306,0.9510526315789474,0.26026299595832825
0.307,0.9510526315789474,0.25992196798324585
0.307,0.9523684210526315,0.2560174763202667
0.308,0.9523684210526315,0.2558880150318146
0.308,0.9528947368421052,0.25468841195106506
0.311,0.9528947368421052,0.2535223662853241
0.311,0.953421052631579,0.2531336843967438
0.313,0.953421052631579,0.2515847980976105
0.313,0.9539473684210527,0.25046977400779724
0.314,0.9539473684210527,0.25033754110336304
0.314,0.9544736842105264,0.24999591708183289
0.317,0.9544736842105264,0.24953559041023254
0.317,0.955,0.24938523769378662
0.319,0.955,0.24930180609226227
0.319,0.9557894736842105,0.24821780622005463
0.32,0.9557894736842105,0.2475326955318451
0.32,0.9560526315789474,0.2465796172618866
0.322,0.9560526315789474,0.24578526616096497
0.322,0.9563157894736842,0.24554991722106934
0.323,0.9563157894736842,0.24534408748149872
0.323,0.9565789473684211,0.2448561191558838
0.324,0.9565789473684211,0.24459686875343323
0.324,0.9568421052631579,0.24429433047771454
0.325,0.9568421052631579,0.2441372573375702
0.325,0.9571052631578948,0.24384444952011108
0.326,0.9571052631578948,0.24333855509757996
0.326,0.9576315789473684,0.24143525958061218
0.327,0.9576315789473684,0.2414330542087555
0.327,0.9581578947368421,0.2406935691833496
0.33,0.9581578947368421,0.23982246220111847
0.33,0.958421052631579,0.23934446275234222
0.334,0.958421052631579,0.23848307132720947
0.334,0.9589473684210527,0.2376900315284729
0.336,0.9589473684210527,0.23677437007427216
0.336,0.9592105263157895,0.23632869124412537
0.34,0.9592105263157895,0.2352731078863144
0.34,0.9594736842105264,0.23526033759117126
0.341,0.9594736842105264,0.23439010977745056
0.341,0.9597368421052631,0.23324695229530334
0.343,0.9597368421052631,0.23260001838207245
0.343,0.96,0.23221422731876373
0.346,0.96,0.2309514731168747
0.346,0.9602631578947368,0.2309226244688034
0.347,0.9602631578947368,0.23042254149913788
0.347,0.9605263157894737,0.23021575808525085
0.348,0.9605263157894737,0.230089008808136
0.348,0.9607894736842105,0.2294558882713318
0.351,0.9607894736842105,0.22771881520748138
0.351,0.9610526315789474,0.22762808203697205
0.354,0.9610526315789474,0.2268044650554657
0.354,0.9613157894736842,0.22659844160079956
0.355,0.9613157894736842,0.22647303342819214
0.355,0.9615789473684211,0.22584648430347443
0.356,0.9615789473684211,0.22540782392024994
0.356,0.9618421052631579,0.2246321737766266
0.359,0.9618421052631579,0.22410790622234344
0.359,0.9623684210526315,0.2237098217010498
0.365,0.9623684210526315,0.22241100668907166
0.365,0.9628947368421052,0.2215479016304016
0.366,0.9628947368421052,0.22154328227043152
0.366,0.9631578947368421,0.22045010328292847
0.368,0.9631578947368421,0.2201421856880188
0.368,0.9636842105263158,0.21910350024700165
0.369,0.9636842105263158,0.21899570524692535
0.369,0.9639473684210527,0.21875302493572235
0.373,0.9639473684210527,0.21647346019744873
0.373,0.9642105263157895,0.21595360338687897
0.374,0.9642105263157895,0.2155878096818924
0.374,0.9644736842105263,0.21556356549263
0.377,0.9644736842105263,0.21531936526298523
0.377,0.965,0.21478423476219177
0.378,0.965,0.21470166742801666
0.378,0.9655263157894737,0.2128227800130844
0.382,0.9655263157894737,0.2120274007320404
0.382,0.9657894736842105,0.21192704141139984
0.383,0.9657894736842105,0.21020084619522095
0.383,0.9660526315789474,0.21012558043003082
0.387,0.9660526315789474,0.20907628536224365
0.387,0.9663157894736842,0.20904158055782318
0.389,0.9663157894736842,0.208743155002594
0.389,0.966842105263158,0.20822282135486603
0.39,0.966842105263158,0.20810957252979279
0.39,0.9671052631578947,0.2076820582151413
0.396,0.9671052631578947,0.20579282939434052
0.396,0.9673684210526315,0.20569045841693878
0.398,0.9673684210526315,0.20449694991111755
0.398,0.9678947368421053,0.2039983570575714
0.4,0.9678947368421053,0.20247870683670044
0.4,0.9681578947368421,0.20238706469535828
0.401,0.9681578947368421,0.20194873213768005
0.401,0.9686842105263158,0.20164722204208374
0.405,0.9686842105263158,0.20007510483264923
0.405,0.9689473684210527,0.19961711764335632
0.41,0.9689473684210527,0.19753050804138184
0.41,0.9694736842105263,0.19732776284217834
0.412,0.9694736842105263,0.1968671977519989
0.412,0.9697368421052631,0.19681844115257263
0.413,0.9697368421052631,0.1960943341255188
0.413,0.97,0.195669487118721
0.414,0.97,0.19553548097610474
0.414,0.9705263157894737,0.19470255076885223
0.418,0.9705263157894737,0.19278977811336517
0.418,0.9710526315789474,0.19231463968753815
0.42,0.9710526315789474,0.19186437129974365
0.42,0.9718421052631578,0.1905554234981537
0.423,0.9718421052631578,0.18818403780460358
0.423,0.9721052631578947,0.1880943477153778
0.425,0.9721052631578947,0.1876806616783142
0.425,0.9723684210526315,0.18765097856521606
0.428,0.9723684210526315,0.18714530766010284
0.428,0.9728947368421053,0.18705354630947113
0.432,0.9728947368421053,0.1857249140739441
0.432,0.9731578947368421,0.18433068692684174
0.433,0.9731578947368421,0.18421441316604614
0.433,0.973421052631579,0.18383127450942993
0.434,0.973421052631579,0.18344196677207947
0.434,0.9736842105263158,0.1832377314567566
0.436,0.9736842105263158,0.18264034390449524
0.436,0.9742105263157895,0.1825236976146698
0.442,0.9742105263157895,0.18033850193023682
0.442,0.9747368421052631,0.17997989058494568
0.445,0.9747368421052631,0.17920717597007751
0.445,0.975,0.17912417650222778
0.446,0.975,0.1781766265630722
0.446,0.9757894736842105,0.17777472734451294
0.448,0.9757894736842105,0.17742952704429626
0.448,0.9768421052631578,0.17677101492881775
0.453,0.9768421052631578,0.17515911161899567
0.453,0.9771052631578947,0.1749962866306305
0.457,0.9771052631578947,0.17411495745182037
0.457,0.9773684210526316,0.17377729713916779
0.458,0.9773684210526316,0.1736481487751007
0.458,0.9776315789473684,0.17348191142082214
0.459,0.9776315789473684,0.17337848246097565
0.459,0.978421052631579,0.17227140069007874
0.463,0.978421052631579,0.17180773615837097
0.463,0.9786842105263158,0.17164281010627747
0.466,0.9786842105263158,0.17130404710769653
0.466,0.9789473684210527,0.17128872871398926
0.471,0.9789473684210527,0.17005790770053864
0.471,0.9792105263157894,0.17001107335090637
0.476,0.9792105263157894,0.1694766730070114
0.476,0.9797368421052631,0.16891518235206604
0.478,0.9797368421052631,0.16782668232917786
0.478,0.9805263157894737,0.1674136519432068
0.479,0.9805263157894737,0.16658920049667358
0.479,0.9807894736842105,0.1657422035932541
0.487,0.9807894736842105,0.16290497779846191
0.487,0.9810526315789474,0.1626010537147522
0.488,0.9810526315789474,0.16259437799453735
0.488,0.9813157894736843,0.16198760271072388
0.492,0.9813157894736843,0.16137264668941498
0.492,0.9815789473684211,0.16120058298110962
0.496,0.9815789473684211,0.1602594554424286
0.496,0.9818421052631578,0.1602211892604828
0.498,0.9818421052631578,0.15984508395195007
0.498,0.9828947368421053,0.15890856087207794
0.506,0.9828947368421053,0.15700732171535492
0.506,0.983421052631579,0.15645648539066315
0.513,0.983421052631579,0.1548023521900177
0.513,0.9836842105263158,0.15470075607299805
0.517,0.9836842105263158,0.15365053713321686
0.517,0.9842105263157894,0.15309014916419983
0.518,0.9842105263157894,0.15288046002388
0.518,0.9847368421052631,0.1525643914937973
0.519,0.9847368421052631,0.15244440734386444
0.519,0.985,0.15229251980781555
0.529,0.985,0.15021753311157227
0.529,0.9857894736842105,0.1493855118751526
0.533,0.9857894736842105,0.14866243302822113
0.533,0.9860526315789474,0.14861713349819183
0.534,0.9860526315789474,0.14857220649719238
0.534,0.9863157894736843,0.14851753413677216
0.535,0.9863157894736843,0.14803822338581085
0.535,0.9868421052631579,0.14750142395496368
0.537,0.9868421052631579,0.14705798029899597
0.537,0.9871052631578947,0.1469823718070984
0.538,0.9871052631578947,0.1468002200126648
0.538,0.9873684210526316,0.1465892791748047
0.54,0.9873684210526316,0.14608439803123474
0.54,0.9878947368421053,0.14525681734085083
0.541,0.9878947368421053,0.1448674350976944
0.541,0.9881578947368421,0.1448351889848709
0.543,0.9881578947368421,0.14438755810260773
0.543,0.988421052631579,0.14437083899974823
0.546,0.988421052631579,0.14362408220767975
0.546,0.9886842105263158,0.14303404092788696
0.549,0.9886842105263158,0.14262773096561432
0.549,0.9892105263157894,0.14218565821647644
0.551,0.9892105263157894,0.14130541682243347
0.551,0.9894736842105263,0.1412525624036789
0.555,0.9894736842105263,0.14049981534481049
0.555,0.99,0.13999488949775696
0.557,0.99,0.13952204585075378
0.557,0.9905263157894737,0.13923552632331848
0.558,0.9905263157894737,0.13923054933547974
0.558,0.9907894736842106,0.13891597092151642
0.562,0.9907894736842106,0.13833031058311462
0.562,0.9910526315789474,0.13826006650924683
0.564,0.9910526315789474,0.13775724172592163
0.564,0.9913157894736843,0.13717441260814667
0.57,0.9913157894736843,0.1364632397890091
0.57,0.991578947368421,0.13626308739185333
0.574,0.991578947368421,0.13455525040626526
0.574,0.9921052631578947,0.13416482508182526
0.575,0.9921052631578947,0.13399723172187805
0.575,0.9923684210526316,0.1335892677307129
0.58,0.9923684210526316,0.1328183114528656
0.58,0.9926315789473684,0.1328146755695343
0.581,0.9926315789473684,0.132747620344162
0.581,0.9928947368421053,0.13261066377162933
0.582,0.9928947368421053,0.1325375884771347
0.582,0.9931578947368421,0.13248401880264282
0.584,0.9931578947368421,0.13242577016353607
0.584,0.993421052631579,0.13188587129116058
0.587,0.993421052631579,0.1314343363046646
0.587,0.9936842105263158,0.13138851523399353
0.596,0.9936842105263158,0.12923657894134521
0.596,0.9939473684210526,0.1290939748287201
0.598,0.9939473684210526,0.12874460220336914
0.598,0.9947368421052631,0.12740780413150787
0.605,0.9947368421052631,0.12483476102352142
0.605,0.9952631578947368,0.12471265345811844
0.608,0.9952631578947368,0.12401377409696579
0.608,0.9955263157894737,0.12395050376653671
0.61,0.9955263157894737,0.12162988632917404
0.61,0.9957894736842106,0.1214081272482872
0.614,0.9957894736842106,0.1194596141576767
0.614,0.9960526315789474,0.11914290487766266
0.616,0.9960526315789474,0.11821749061346054
0.616,0.9968421052631579,0.11786459386348724
0.619,0.9968421052631579,0.11750670522451401
0.619,0.9973684210526316,0.11691533774137497
0.628,0.9973684210526316,0.1143619492650032
0.628,0.9976315789473684,0.11409031599760056
0.637,0.9976315789473684,0.110892154276371
0.637,0.9981578947368421,0.11042377352714539
0.641,0.9981578947368421,0.11020331084728241
0.641,0.998421052631579,0.11005109548568726
0.643,0.998421052631579,0.1085549145936966
0.643,0.9986842105263158,0.10835035145282745
0.648,0.9986842105263158,0.10688279569149017
0.648,0.9989473684210526,0.10670854151248932
0.652,0.9989473684210526,0.10627235472202301
0.652,0.9994736842105263,0.10585416853427887
0.668,0.9994736842105263,0.10186811536550522
0.668,0.9997368421052631,0.10111673921346664
0.67,0.9997368421052631,0.10073499381542206
0.67,1.0,0.10057703405618668
1.0,1.0,0.0056775761768221855
